-1.684000000000000000e+03 1.888000000000000000e+03 1.411200000000000000e+04 -4.736000000000000000e+03 -2.440000000000000000e+02 2.030000000000000000e+02
-2.032000000000000000e+03 1.816000000000000000e+03 1.444400000000000000e+04 -4.720000000000000000e+03 -2.290000000000000000e+02 1.630000000000000000e+02
-2.044000000000000000e+03 1.868000000000000000e+03 1.454400000000000000e+04 -4.720000000000000000e+03 -2.750000000000000000e+02 1.310000000000000000e+02
-2.132000000000000000e+03 1.768000000000000000e+03 1.454400000000000000e+04 -4.736000000000000000e+03 -2.700000000000000000e+02 2.170000000000000000e+02
-1.900000000000000000e+03 1.868000000000000000e+03 1.455600000000000000e+04 -4.720000000000000000e+03 -3.010000000000000000e+02 2.120000000000000000e+02
-2.020000000000000000e+03 1.996000000000000000e+03 1.447600000000000000e+04 -4.720000000000000000e+03 -3.270000000000000000e+02 1.060000000000000000e+02
-1.984000000000000000e+03 1.880000000000000000e+03 1.461200000000000000e+04 -4.704000000000000000e+03 -3.310000000000000000e+02 9.400000000000000000e+01
-2.100000000000000000e+03 1.924000000000000000e+03 1.451600000000000000e+04 -4.736000000000000000e+03 -3.540000000000000000e+02 1.120000000000000000e+02
-2.052000000000000000e+03 1.916000000000000000e+03 1.440000000000000000e+04 -4.720000000000000000e+03 -3.240000000000000000e+02 1.300000000000000000e+02
-1.828000000000000000e+03 1.740000000000000000e+03 1.430800000000000000e+04 -4.720000000000000000e+03 -3.140000000000000000e+02 2.670000000000000000e+02
-2.056000000000000000e+03 1.764000000000000000e+03 1.420000000000000000e+04 -4.736000000000000000e+03 -2.930000000000000000e+02 2.660000000000000000e+02
-2.128000000000000000e+03 1.788000000000000000e+03 1.426000000000000000e+04 -4.704000000000000000e+03 -2.680000000000000000e+02 2.510000000000000000e+02
-1.944000000000000000e+03 1.820000000000000000e+03 1.404800000000000000e+04 -4.720000000000000000e+03 -2.670000000000000000e+02 2.500000000000000000e+02
-2.172000000000000000e+03 1.800000000000000000e+03 1.439200000000000000e+04 -4.672000000000000000e+03 -2.230000000000000000e+02 2.850000000000000000e+02
-1.964000000000000000e+03 1.844000000000000000e+03 1.440000000000000000e+04 -4.704000000000000000e+03 -2.280000000000000000e+02 3.700000000000000000e+01
-2.104000000000000000e+03 1.964000000000000000e+03 1.462800000000000000e+04 -4.704000000000000000e+03 -2.480000000000000000e+02 -1.000000000000000000e+01
-2.092000000000000000e+03 2.068000000000000000e+03 1.474000000000000000e+04 -4.720000000000000000e+03 -2.850000000000000000e+02 -6.800000000000000000e+01
-2.004000000000000000e+03 2.056000000000000000e+03 1.456400000000000000e+04 -4.704000000000000000e+03 -2.880000000000000000e+02 -1.440000000000000000e+02
-1.916000000000000000e+03 1.808000000000000000e+03 1.422800000000000000e+04 -4.720000000000000000e+03 -3.440000000000000000e+02 -1.690000000000000000e+02
-2.096000000000000000e+03 1.908000000000000000e+03 1.432400000000000000e+04 -4.704000000000000000e+03 -3.070000000000000000e+02 -2.250000000000000000e+02
-2.228000000000000000e+03 1.912000000000000000e+03 1.454000000000000000e+04 -4.720000000000000000e+03 -3.590000000000000000e+02 -2.990000000000000000e+02
-2.068000000000000000e+03 1.812000000000000000e+03 1.450400000000000000e+04 -4.688000000000000000e+03 -3.690000000000000000e+02 -2.210000000000000000e+02
-1.972000000000000000e+03 1.844000000000000000e+03 1.442800000000000000e+04 -4.720000000000000000e+03 -3.810000000000000000e+02 -2.040000000000000000e+02
-1.860000000000000000e+03 1.832000000000000000e+03 1.417200000000000000e+04 -4.720000000000000000e+03 -3.760000000000000000e+02 -2.980000000000000000e+02
-1.948000000000000000e+03 1.864000000000000000e+03 1.467200000000000000e+04 -4.688000000000000000e+03 -3.320000000000000000e+02 -2.090000000000000000e+02
-1.912000000000000000e+03 1.820000000000000000e+03 1.422000000000000000e+04 -4.720000000000000000e+03 -3.070000000000000000e+02 -2.750000000000000000e+02
-1.980000000000000000e+03 1.820000000000000000e+03 1.427200000000000000e+04 -4.688000000000000000e+03 -3.030000000000000000e+02 -3.200000000000000000e+02
-1.692000000000000000e+03 1.852000000000000000e+03 1.448000000000000000e+04 -4.720000000000000000e+03 -2.350000000000000000e+02 -3.130000000000000000e+02
-2.044000000000000000e+03 1.920000000000000000e+03 1.507200000000000000e+04 -4.752000000000000000e+03 -2.560000000000000000e+02 -1.180000000000000000e+02
-1.732000000000000000e+03 1.856000000000000000e+03 1.510000000000000000e+04 -4.720000000000000000e+03 -3.110000000000000000e+02 3.600000000000000000e+01
-1.224000000000000000e+03 2.064000000000000000e+03 1.459200000000000000e+04 -4.752000000000000000e+03 -3.150000000000000000e+02 9.800000000000000000e+01
-1.592000000000000000e+03 1.932000000000000000e+03 1.431600000000000000e+04 -4.720000000000000000e+03 -2.800000000000000000e+02 8.000000000000000000e+01
-1.824000000000000000e+03 1.624000000000000000e+03 1.342000000000000000e+04 -4.704000000000000000e+03 -2.790000000000000000e+02 -1.940000000000000000e+02
-1.944000000000000000e+03 1.288000000000000000e+03 1.258000000000000000e+04 -4.704000000000000000e+03 -2.900000000000000000e+02 8.400000000000000000e+01
-1.632000000000000000e+03 8.560000000000000000e+02 1.098000000000000000e+04 -4.720000000000000000e+03 1.350000000000000000e+02 -4.000000000000000000e+01
-2.196000000000000000e+03 8.640000000000000000e+02 1.138000000000000000e+04 -4.688000000000000000e+03 5.500000000000000000e+01 -6.990000000000000000e+02
-3.856000000000000000e+03 1.628000000000000000e+03 1.591600000000000000e+04 -4.720000000000000000e+03 6.000000000000000000e+01 -1.355000000000000000e+03
-2.764000000000000000e+03 2.324000000000000000e+03 1.846800000000000000e+04 -4.704000000000000000e+03 -1.570000000000000000e+02 -9.060000000000000000e+02
3.240000000000000000e+02 2.948000000000000000e+03 1.985200000000000000e+04 -4.688000000000000000e+03 -3.080000000000000000e+02 -1.586000000000000000e+03
2.240000000000000000e+02 3.412000000000000000e+03 2.098400000000000000e+04 -4.736000000000000000e+03 -7.500000000000000000e+01 -1.275000000000000000e+03
-2.596000000000000000e+03 3.132000000000000000e+03 2.310400000000000000e+04 -4.704000000000000000e+03 -2.560000000000000000e+02 -2.464000000000000000e+03
-1.848000000000000000e+03 2.440000000000000000e+03 2.134400000000000000e+04 -4.720000000000000000e+03 -4.340000000000000000e+02 -2.287000000000000000e+03
4.400000000000000000e+02 2.468000000000000000e+03 2.020000000000000000e+04 -4.736000000000000000e+03 -4.430000000000000000e+02 -1.800000000000000000e+03
1.644000000000000000e+03 3.180000000000000000e+03 1.782000000000000000e+04 -4.704000000000000000e+03 -4.300000000000000000e+02 -1.243000000000000000e+03
1.868000000000000000e+03 2.492000000000000000e+03 1.582800000000000000e+04 -4.720000000000000000e+03 -6.090000000000000000e+02 -8.300000000000000000e+02
2.476000000000000000e+03 2.480000000000000000e+03 1.438800000000000000e+04 -4.768000000000000000e+03 -5.220000000000000000e+02 -5.430000000000000000e+02
1.760000000000000000e+03 2.024000000000000000e+03 1.383200000000000000e+04 -4.720000000000000000e+03 -4.890000000000000000e+02 -1.873000000000000000e+03
1.336000000000000000e+03 1.948000000000000000e+03 1.445200000000000000e+04 -4.704000000000000000e+03 -5.410000000000000000e+02 -1.348000000000000000e+03
4.440000000000000000e+02 1.648000000000000000e+03 1.535200000000000000e+04 -4.720000000000000000e+03 -7.500000000000000000e+02 -3.000000000000000000e+00
2.440000000000000000e+02 1.676000000000000000e+03 1.578000000000000000e+04 -4.752000000000000000e+03 -7.750000000000000000e+02 1.330000000000000000e+02
8.000000000000000000e+00 1.332000000000000000e+03 1.486400000000000000e+04 -4.720000000000000000e+03 -7.880000000000000000e+02 -4.180000000000000000e+02
2.400000000000000000e+01 1.416000000000000000e+03 1.407600000000000000e+04 -4.720000000000000000e+03 -8.840000000000000000e+02 3.600000000000000000e+01
2.040000000000000000e+02 1.540000000000000000e+03 1.372000000000000000e+04 -4.704000000000000000e+03 -8.550000000000000000e+02 8.180000000000000000e+02
-1.280000000000000000e+03 1.768000000000000000e+03 1.301600000000000000e+04 -4.720000000000000000e+03 -7.260000000000000000e+02 5.600000000000000000e+01
-2.188000000000000000e+03 1.396000000000000000e+03 8.536000000000000000e+03 -4.720000000000000000e+03 -4.150000000000000000e+02 -1.383000000000000000e+03
-8.760000000000000000e+02 6.200000000000000000e+02 3.424000000000000000e+03 -4.752000000000000000e+03 -2.890000000000000000e+02 4.500000000000000000e+01
-1.080000000000000000e+03 -1.000000000000000000e+02 -4.360000000000000000e+02 -4.720000000000000000e+03 -3.080000000000000000e+02 1.030000000000000000e+03
-5.840000000000000000e+02 -1.444000000000000000e+03 -1.140000000000000000e+03 -4.720000000000000000e+03 1.405000000000000000e+03 -1.404000000000000000e+03
2.520000000000000000e+02 -3.452000000000000000e+03 2.408000000000000000e+03 -4.736000000000000000e+03 6.030000000000000000e+02 4.500000000000000000e+02
-5.400000000000000000e+02 5.840000000000000000e+02 7.172000000000000000e+03 -4.704000000000000000e+03 2.490000000000000000e+02 -3.480000000000000000e+02
-9.080000000000000000e+02 9.200000000000000000e+01 8.500000000000000000e+03 -4.688000000000000000e+03 2.300000000000000000e+02 -4.570000000000000000e+02
9.720000000000000000e+02 1.112000000000000000e+03 1.129600000000000000e+04 -4.704000000000000000e+03 2.380000000000000000e+02 1.310000000000000000e+02
1.424000000000000000e+03 1.280000000000000000e+03 1.192400000000000000e+04 -4.736000000000000000e+03 4.830000000000000000e+02 7.610000000000000000e+02
1.448000000000000000e+03 1.864000000000000000e+03 1.418400000000000000e+04 -4.704000000000000000e+03 6.400000000000000000e+02 1.615000000000000000e+03
9.880000000000000000e+02 1.744000000000000000e+03 1.465600000000000000e+04 -4.736000000000000000e+03 5.780000000000000000e+02 1.476000000000000000e+03
7.360000000000000000e+02 2.092000000000000000e+03 1.652400000000000000e+04 -4.736000000000000000e+03 5.360000000000000000e+02 1.420000000000000000e+03
3.360000000000000000e+02 2.936000000000000000e+03 1.682400000000000000e+04 -4.704000000000000000e+03 9.580000000000000000e+02 2.711000000000000000e+03
-2.360000000000000000e+02 2.528000000000000000e+03 1.522000000000000000e+04 -4.752000000000000000e+03 9.560000000000000000e+02 2.299000000000000000e+03
1.656000000000000000e+03 1.896000000000000000e+03 9.820000000000000000e+03 -4.720000000000000000e+03 6.440000000000000000e+02 1.619000000000000000e+03
1.684000000000000000e+03 2.876000000000000000e+03 1.346400000000000000e+04 -4.736000000000000000e+03 5.720000000000000000e+02 2.635000000000000000e+03
1.144000000000000000e+03 3.748000000000000000e+03 1.489200000000000000e+04 -4.720000000000000000e+03 7.650000000000000000e+02 1.743000000000000000e+03
-1.316000000000000000e+03 2.572000000000000000e+03 1.735200000000000000e+04 -4.720000000000000000e+03 8.580000000000000000e+02 2.616000000000000000e+03
-3.880000000000000000e+02 3.292000000000000000e+03 2.017200000000000000e+04 -4.720000000000000000e+03 8.050000000000000000e+02 2.320000000000000000e+03
-9.400000000000000000e+02 3.460000000000000000e+03 2.163600000000000000e+04 -4.704000000000000000e+03 -1.080000000000000000e+02 1.772000000000000000e+03
-1.320000000000000000e+02 3.340000000000000000e+03 2.184000000000000000e+04 -4.720000000000000000e+03 7.890000000000000000e+02 1.990000000000000000e+03
-1.176800000000000000e+04 5.232000000000000000e+03 3.276700000000000000e+04 -4.720000000000000000e+03 -1.206000000000000000e+03 4.800000000000000000e+01
-3.556000000000000000e+03 3.828000000000000000e+03 2.466400000000000000e+04 -4.720000000000000000e+03 -8.490000000000000000e+02 -7.500000000000000000e+01
1.196000000000000000e+03 3.580000000000000000e+03 1.467200000000000000e+04 -4.720000000000000000e+03 -7.760000000000000000e+02 1.821000000000000000e+03
4.600000000000000000e+02 2.752000000000000000e+03 1.051200000000000000e+04 -4.736000000000000000e+03 -5.140000000000000000e+02 3.800000000000000000e+01
-3.092000000000000000e+03 1.828000000000000000e+03 1.095200000000000000e+04 -4.720000000000000000e+03 -7.150000000000000000e+02 9.670000000000000000e+02
-4.108000000000000000e+03 2.404000000000000000e+03 1.508800000000000000e+04 -4.736000000000000000e+03 -8.350000000000000000e+02 5.650000000000000000e+02
-2.572000000000000000e+03 2.996000000000000000e+03 1.617600000000000000e+04 -4.720000000000000000e+03 -9.980000000000000000e+02 8.210000000000000000e+02
-1.460000000000000000e+03 2.884000000000000000e+03 1.531200000000000000e+04 -4.736000000000000000e+03 -8.910000000000000000e+02 7.990000000000000000e+02
-1.560000000000000000e+03 2.368000000000000000e+03 1.376000000000000000e+04 -4.720000000000000000e+03 -8.510000000000000000e+02 4.090000000000000000e+02
