1.141200000000000000e+04 2.332000000000000000e+03 1.072400000000000000e+04 -4.384000000000000000e+03 -3.400000000000000000e+02 -1.826000000000000000e+03
1.122000000000000000e+04 2.136000000000000000e+03 1.025600000000000000e+04 -4.384000000000000000e+03 -3.680000000000000000e+02 -2.235000000000000000e+03
1.200800000000000000e+04 2.040000000000000000e+03 9.668000000000000000e+03 -4.400000000000000000e+03 -3.190000000000000000e+02 -1.780000000000000000e+03
1.202400000000000000e+04 2.116000000000000000e+03 9.992000000000000000e+03 -4.368000000000000000e+03 -3.260000000000000000e+02 -1.470000000000000000e+03
1.165200000000000000e+04 2.220000000000000000e+03 1.083200000000000000e+04 -4.352000000000000000e+03 -3.690000000000000000e+02 -1.833000000000000000e+03
1.171200000000000000e+04 1.948000000000000000e+03 9.568000000000000000e+03 -4.368000000000000000e+03 -3.950000000000000000e+02 -1.649000000000000000e+03
1.174400000000000000e+04 1.948000000000000000e+03 9.548000000000000000e+03 -4.368000000000000000e+03 -3.480000000000000000e+02 -1.373000000000000000e+03
1.189200000000000000e+04 2.140000000000000000e+03 9.428000000000000000e+03 -4.400000000000000000e+03 -3.370000000000000000e+02 -1.118000000000000000e+03
1.192000000000000000e+04 2.228000000000000000e+03 9.816000000000000000e+03 -4.384000000000000000e+03 -3.080000000000000000e+02 -1.041000000000000000e+03
1.221600000000000000e+04 2.056000000000000000e+03 9.588000000000000000e+03 -4.400000000000000000e+03 -2.620000000000000000e+02 -1.588000000000000000e+03
1.204400000000000000e+04 1.968000000000000000e+03 1.006000000000000000e+04 -4.400000000000000000e+03 -2.560000000000000000e+02 -1.035000000000000000e+03
1.191600000000000000e+04 1.352000000000000000e+03 1.004000000000000000e+04 -4.384000000000000000e+03 -2.550000000000000000e+02 -1.366000000000000000e+03
1.209200000000000000e+04 5.960000000000000000e+02 9.432000000000000000e+03 -4.400000000000000000e+03 -2.550000000000000000e+02 -1.571000000000000000e+03
1.137600000000000000e+04 8.640000000000000000e+02 9.932000000000000000e+03 -4.400000000000000000e+03 -2.160000000000000000e+02 -1.789000000000000000e+03
1.254400000000000000e+04 1.720000000000000000e+02 9.868000000000000000e+03 -4.368000000000000000e+03 -1.510000000000000000e+02 -2.145000000000000000e+03
1.361200000000000000e+04 7.400000000000000000e+02 1.032000000000000000e+04 -4.416000000000000000e+03 -2.850000000000000000e+02 -2.166000000000000000e+03
1.313600000000000000e+04 1.044000000000000000e+03 1.002800000000000000e+04 -4.384000000000000000e+03 -3.520000000000000000e+02 -2.428000000000000000e+03
1.364400000000000000e+04 1.712000000000000000e+03 9.392000000000000000e+03 -4.384000000000000000e+03 -4.120000000000000000e+02 -2.704000000000000000e+03
1.332800000000000000e+04 1.908000000000000000e+03 8.240000000000000000e+03 -4.384000000000000000e+03 -4.490000000000000000e+02 -2.559000000000000000e+03
1.298000000000000000e+04 1.848000000000000000e+03 7.600000000000000000e+03 -4.368000000000000000e+03 -3.280000000000000000e+02 -2.812000000000000000e+03
1.330800000000000000e+04 2.004000000000000000e+03 8.180000000000000000e+03 -4.368000000000000000e+03 -2.590000000000000000e+02 -3.112000000000000000e+03
1.298400000000000000e+04 1.664000000000000000e+03 7.992000000000000000e+03 -4.368000000000000000e+03 -3.290000000000000000e+02 -3.585000000000000000e+03
1.408800000000000000e+04 1.992000000000000000e+03 7.432000000000000000e+03 -4.416000000000000000e+03 -2.510000000000000000e+02 -3.999000000000000000e+03
1.396400000000000000e+04 1.944000000000000000e+03 7.164000000000000000e+03 -4.384000000000000000e+03 -1.710000000000000000e+02 -4.314000000000000000e+03
1.423200000000000000e+04 1.740000000000000000e+03 7.112000000000000000e+03 -4.384000000000000000e+03 -2.530000000000000000e+02 -4.707000000000000000e+03
1.506000000000000000e+04 1.620000000000000000e+03 6.172000000000000000e+03 -4.416000000000000000e+03 -2.330000000000000000e+02 -5.028000000000000000e+03
1.516400000000000000e+04 1.460000000000000000e+03 6.644000000000000000e+03 -4.368000000000000000e+03 -2.530000000000000000e+02 -5.363000000000000000e+03
1.423600000000000000e+04 1.272000000000000000e+03 5.960000000000000000e+03 -4.400000000000000000e+03 -1.850000000000000000e+02 -5.691000000000000000e+03
1.345200000000000000e+04 1.252000000000000000e+03 5.476000000000000000e+03 -4.400000000000000000e+03 -2.440000000000000000e+02 -5.983000000000000000e+03
1.270000000000000000e+04 1.052000000000000000e+03 3.676000000000000000e+03 -4.400000000000000000e+03 -3.210000000000000000e+02 -6.329000000000000000e+03
9.656000000000000000e+03 4.680000000000000000e+02 5.800000000000000000e+02 -4.416000000000000000e+03 -3.510000000000000000e+02 -6.598000000000000000e+03
8.464000000000000000e+03 3.400000000000000000e+02 -6.600000000000000000e+02 -4.384000000000000000e+03 -1.920000000000000000e+02 -6.593000000000000000e+03
1.088400000000000000e+04 5.720000000000000000e+02 -9.000000000000000000e+02 -4.384000000000000000e+03 -1.080000000000000000e+02 -6.488000000000000000e+03
1.738000000000000000e+04 1.604000000000000000e+03 4.052000000000000000e+03 -4.368000000000000000e+03 8.400000000000000000e+01 -6.181000000000000000e+03
2.274000000000000000e+04 2.024000000000000000e+03 5.148000000000000000e+03 -4.416000000000000000e+03 -2.970000000000000000e+02 -6.077000000000000000e+03
2.296400000000000000e+04 4.200000000000000000e+02 9.400000000000000000e+02 -4.400000000000000000e+03 -2.040000000000000000e+02 -5.823000000000000000e+03
2.508800000000000000e+04 5.760000000000000000e+02 6.600000000000000000e+02 -4.368000000000000000e+03 9.800000000000000000e+01 -4.802000000000000000e+03
3.157200000000000000e+04 1.100000000000000000e+03 3.216000000000000000e+03 -4.384000000000000000e+03 2.820000000000000000e+02 -5.111000000000000000e+03
3.276700000000000000e+04 2.216000000000000000e+03 4.204000000000000000e+03 -4.416000000000000000e+03 -2.090000000000000000e+02 -4.627000000000000000e+03
3.276700000000000000e+04 7.240000000000000000e+02 -2.972000000000000000e+03 -4.400000000000000000e+03 -1.940000000000000000e+02 -4.215000000000000000e+03
3.094000000000000000e+04 1.400000000000000000e+02 -5.504000000000000000e+03 -4.368000000000000000e+03 5.450000000000000000e+02 -2.806000000000000000e+03
2.338000000000000000e+04 4.508000000000000000e+03 -7.624000000000000000e+03 -4.384000000000000000e+03 6.050000000000000000e+02 -2.382000000000000000e+03
1.423600000000000000e+04 1.096000000000000000e+03 -4.320000000000000000e+03 -4.400000000000000000e+03 4.600000000000000000e+02 -2.137000000000000000e+03
1.115200000000000000e+04 1.124000000000000000e+03 -3.204000000000000000e+03 -4.400000000000000000e+03 4.350000000000000000e+02 -2.617000000000000000e+03
7.060000000000000000e+03 6.400000000000000000e+02 -1.560000000000000000e+03 -4.400000000000000000e+03 6.760000000000000000e+02 -4.135000000000000000e+03
4.152000000000000000e+03 -2.880000000000000000e+02 -1.852000000000000000e+03 -4.384000000000000000e+03 6.240000000000000000e+02 -3.206000000000000000e+03
2.292000000000000000e+03 -2.680000000000000000e+02 -1.520000000000000000e+03 -4.400000000000000000e+03 3.460000000000000000e+02 -2.849000000000000000e+03
1.512000000000000000e+03 -2.440000000000000000e+02 -1.192000000000000000e+03 -4.416000000000000000e+03 3.220000000000000000e+02 -2.838000000000000000e+03
3.496000000000000000e+03 -1.920000000000000000e+02 -3.720000000000000000e+02 -4.400000000000000000e+03 2.490000000000000000e+02 -2.632000000000000000e+03
8.312000000000000000e+03 1.660000000000000000e+03 7.720000000000000000e+02 -4.384000000000000000e+03 6.820000000000000000e+02 -3.641000000000000000e+03
1.466400000000000000e+04 3.760000000000000000e+02 -2.764000000000000000e+03 -4.400000000000000000e+03 5.280000000000000000e+02 -9.070000000000000000e+02
1.740400000000000000e+04 2.640000000000000000e+02 -3.528000000000000000e+03 -4.416000000000000000e+03 2.970000000000000000e+02 -3.730000000000000000e+03
1.612000000000000000e+04 8.160000000000000000e+02 -1.268000000000000000e+03 -4.384000000000000000e+03 -1.500000000000000000e+01 -3.349000000000000000e+03
1.748000000000000000e+04 1.488000000000000000e+03 -2.104000000000000000e+03 -4.400000000000000000e+03 9.000000000000000000e+01 -2.377000000000000000e+03
1.766000000000000000e+04 1.596000000000000000e+03 -1.440000000000000000e+03 -4.416000000000000000e+03 1.640000000000000000e+02 -2.032000000000000000e+03
1.536000000000000000e+04 2.112000000000000000e+03 -3.076000000000000000e+03 -4.384000000000000000e+03 1.160000000000000000e+02 -1.706000000000000000e+03
8.360000000000000000e+03 9.840000000000000000e+02 -1.060000000000000000e+03 -4.368000000000000000e+03 -6.500000000000000000e+01 -1.981000000000000000e+03
8.060000000000000000e+03 4.440000000000000000e+02 -2.896000000000000000e+03 -4.400000000000000000e+03 2.800000000000000000e+01 -2.105000000000000000e+03
7.516000000000000000e+03 1.224000000000000000e+03 -2.588000000000000000e+03 -4.368000000000000000e+03 -2.440000000000000000e+02 -1.613000000000000000e+03
7.832000000000000000e+03 9.320000000000000000e+02 -2.432000000000000000e+03 -4.400000000000000000e+03 -1.930000000000000000e+02 -1.238000000000000000e+03
1.174400000000000000e+04 1.316000000000000000e+03 -3.580000000000000000e+03 -4.384000000000000000e+03 -2.780000000000000000e+02 -1.727000000000000000e+03
1.826400000000000000e+04 1.280000000000000000e+03 -5.748000000000000000e+03 -4.400000000000000000e+03 -2.670000000000000000e+02 -7.260000000000000000e+02
1.659200000000000000e+04 4.560000000000000000e+02 -5.372000000000000000e+03 -4.400000000000000000e+03 -3.150000000000000000e+02 4.420000000000000000e+02
1.528000000000000000e+04 5.960000000000000000e+02 -7.096000000000000000e+03 -4.400000000000000000e+03 -2.340000000000000000e+02 -1.903000000000000000e+03
1.671200000000000000e+04 1.600000000000000000e+03 -8.516000000000000000e+03 -4.400000000000000000e+03 -6.510000000000000000e+02 1.717000000000000000e+03
1.779600000000000000e+04 2.164000000000000000e+03 -6.452000000000000000e+03 -4.368000000000000000e+03 -8.000000000000000000e+02 1.156000000000000000e+03
1.852400000000000000e+04 1.636000000000000000e+03 -7.384000000000000000e+03 -4.384000000000000000e+03 -4.200000000000000000e+01 1.053000000000000000e+03
2.131600000000000000e+04 1.792000000000000000e+03 -8.308000000000000000e+03 -4.400000000000000000e+03 -5.340000000000000000e+02 1.642000000000000000e+03
2.266800000000000000e+04 1.852000000000000000e+03 -9.224000000000000000e+03 -4.384000000000000000e+03 -5.990000000000000000e+02 2.820000000000000000e+03
2.463600000000000000e+04 1.272000000000000000e+03 -8.516000000000000000e+03 -4.384000000000000000e+03 -1.037000000000000000e+03 1.532000000000000000e+03
2.340000000000000000e+04 1.948000000000000000e+03 -3.876000000000000000e+03 -4.384000000000000000e+03 -5.870000000000000000e+02 2.271000000000000000e+03
2.399600000000000000e+04 2.664000000000000000e+03 -4.180000000000000000e+03 -4.352000000000000000e+03 -4.020000000000000000e+02 4.122000000000000000e+03
2.422400000000000000e+04 2.924000000000000000e+03 -2.320000000000000000e+03 -4.384000000000000000e+03 -6.530000000000000000e+02 3.302000000000000000e+03
1.879200000000000000e+04 1.420000000000000000e+03 -3.948000000000000000e+03 -4.400000000000000000e+03 -8.850000000000000000e+02 1.988000000000000000e+03
1.550800000000000000e+04 1.352000000000000000e+03 -3.600000000000000000e+03 -4.400000000000000000e+03 -8.000000000000000000e+02 1.208000000000000000e+03
1.575600000000000000e+04 2.288000000000000000e+03 -3.416000000000000000e+03 -4.400000000000000000e+03 -9.830000000000000000e+02 -8.400000000000000000e+01
1.514400000000000000e+04 3.044000000000000000e+03 -1.880000000000000000e+03 -4.400000000000000000e+03 -9.280000000000000000e+02 8.490000000000000000e+02
1.684000000000000000e+04 2.660000000000000000e+03 -3.428000000000000000e+03 -4.384000000000000000e+03 -8.460000000000000000e+02 7.630000000000000000e+02
1.796000000000000000e+04 1.980000000000000000e+03 -4.064000000000000000e+03 -4.416000000000000000e+03 -9.230000000000000000e+02 1.456000000000000000e+03
1.712800000000000000e+04 9.320000000000000000e+02 -3.912000000000000000e+03 -4.416000000000000000e+03 -9.710000000000000000e+02 7.280000000000000000e+02
1.598400000000000000e+04 4.040000000000000000e+02 -3.656000000000000000e+03 -4.400000000000000000e+03 -1.076000000000000000e+03 7.510000000000000000e+02
1.530800000000000000e+04 -1.560000000000000000e+02 -3.740000000000000000e+03 -4.416000000000000000e+03 -1.113000000000000000e+03 2.680000000000000000e+02
1.589200000000000000e+04 -3.880000000000000000e+02 -3.936000000000000000e+03 -4.416000000000000000e+03 -1.005000000000000000e+03 1.610000000000000000e+02
1.678400000000000000e+04 -1.400000000000000000e+02 -3.540000000000000000e+03 -4.384000000000000000e+03 -9.760000000000000000e+02 6.900000000000000000e+01
