1.366400000000000000e+04 2.592000000000000000e+03 7.220000000000000000e+03 -4.640000000000000000e+03 -1.820000000000000000e+02 -5.640000000000000000e+02
1.361600000000000000e+04 2.548000000000000000e+03 7.192000000000000000e+03 -4.608000000000000000e+03 -1.630000000000000000e+02 -5.950000000000000000e+02
1.379600000000000000e+04 2.464000000000000000e+03 7.424000000000000000e+03 -4.592000000000000000e+03 -1.580000000000000000e+02 -6.330000000000000000e+02
1.417200000000000000e+04 2.440000000000000000e+03 7.248000000000000000e+03 -4.576000000000000000e+03 -1.780000000000000000e+02 -5.880000000000000000e+02
1.463200000000000000e+04 2.488000000000000000e+03 7.364000000000000000e+03 -4.560000000000000000e+03 -1.540000000000000000e+02 -4.630000000000000000e+02
1.452400000000000000e+04 2.568000000000000000e+03 7.132000000000000000e+03 -4.592000000000000000e+03 -2.290000000000000000e+02 -1.960000000000000000e+02
1.409600000000000000e+04 2.572000000000000000e+03 6.752000000000000000e+03 -4.608000000000000000e+03 -2.180000000000000000e+02 2.990000000000000000e+02
1.406800000000000000e+04 2.700000000000000000e+03 7.040000000000000000e+03 -4.624000000000000000e+03 -2.500000000000000000e+02 1.650000000000000000e+02
1.377600000000000000e+04 2.632000000000000000e+03 7.432000000000000000e+03 -4.608000000000000000e+03 -2.320000000000000000e+02 7.310000000000000000e+02
1.400000000000000000e+04 2.532000000000000000e+03 6.968000000000000000e+03 -4.624000000000000000e+03 -3.060000000000000000e+02 8.160000000000000000e+02
1.401600000000000000e+04 2.484000000000000000e+03 7.304000000000000000e+03 -4.624000000000000000e+03 -3.330000000000000000e+02 9.030000000000000000e+02
1.400800000000000000e+04 2.304000000000000000e+03 7.064000000000000000e+03 -4.608000000000000000e+03 -3.160000000000000000e+02 1.007000000000000000e+03
1.395600000000000000e+04 2.436000000000000000e+03 7.364000000000000000e+03 -4.624000000000000000e+03 -3.080000000000000000e+02 1.174000000000000000e+03
1.394400000000000000e+04 2.440000000000000000e+03 7.444000000000000000e+03 -4.576000000000000000e+03 -3.460000000000000000e+02 1.111000000000000000e+03
1.395200000000000000e+04 2.436000000000000000e+03 7.560000000000000000e+03 -4.608000000000000000e+03 -3.050000000000000000e+02 1.035000000000000000e+03
1.372000000000000000e+04 2.596000000000000000e+03 7.852000000000000000e+03 -4.592000000000000000e+03 -3.120000000000000000e+02 7.870000000000000000e+02
1.373600000000000000e+04 2.564000000000000000e+03 7.528000000000000000e+03 -4.592000000000000000e+03 -2.990000000000000000e+02 5.830000000000000000e+02
1.348800000000000000e+04 2.452000000000000000e+03 7.556000000000000000e+03 -4.592000000000000000e+03 -2.770000000000000000e+02 3.190000000000000000e+02
1.368000000000000000e+04 2.460000000000000000e+03 7.644000000000000000e+03 -4.608000000000000000e+03 -2.470000000000000000e+02 8.000000000000000000e+01
1.385200000000000000e+04 2.560000000000000000e+03 7.656000000000000000e+03 -4.592000000000000000e+03 -2.490000000000000000e+02 -1.040000000000000000e+02
1.416000000000000000e+04 2.692000000000000000e+03 7.932000000000000000e+03 -4.592000000000000000e+03 -2.800000000000000000e+02 -2.670000000000000000e+02
1.432400000000000000e+04 2.744000000000000000e+03 7.960000000000000000e+03 -4.608000000000000000e+03 -3.150000000000000000e+02 -3.280000000000000000e+02
1.430400000000000000e+04 2.768000000000000000e+03 7.732000000000000000e+03 -4.576000000000000000e+03 -3.510000000000000000e+02 -3.920000000000000000e+02
1.376400000000000000e+04 2.416000000000000000e+03 7.692000000000000000e+03 -4.624000000000000000e+03 -3.390000000000000000e+02 -4.470000000000000000e+02
1.363600000000000000e+04 2.364000000000000000e+03 7.120000000000000000e+03 -4.576000000000000000e+03 -3.660000000000000000e+02 -3.090000000000000000e+02
1.353600000000000000e+04 2.284000000000000000e+03 7.068000000000000000e+03 -4.592000000000000000e+03 -3.110000000000000000e+02 -2.040000000000000000e+02
1.370000000000000000e+04 2.412000000000000000e+03 7.428000000000000000e+03 -4.624000000000000000e+03 -3.490000000000000000e+02 4.000000000000000000e+01
1.380400000000000000e+04 2.496000000000000000e+03 7.424000000000000000e+03 -4.608000000000000000e+03 -3.720000000000000000e+02 2.090000000000000000e+02
1.329200000000000000e+04 2.572000000000000000e+03 7.464000000000000000e+03 -4.592000000000000000e+03 -3.670000000000000000e+02 3.560000000000000000e+02
1.210000000000000000e+04 2.140000000000000000e+03 6.548000000000000000e+03 -4.576000000000000000e+03 -5.230000000000000000e+02 1.790000000000000000e+02
8.540000000000000000e+03 1.016000000000000000e+03 3.480000000000000000e+03 -4.592000000000000000e+03 -5.900000000000000000e+02 -3.140000000000000000e+02
7.228000000000000000e+03 2.320000000000000000e+02 1.028000000000000000e+03 -4.592000000000000000e+03 -2.250000000000000000e+02 1.987000000000000000e+03
9.520000000000000000e+03 1.004000000000000000e+03 3.492000000000000000e+03 -4.640000000000000000e+03 -1.220000000000000000e+02 5.380000000000000000e+02
1.469200000000000000e+04 2.812000000000000000e+03 8.668000000000000000e+03 -4.624000000000000000e+03 -9.200000000000000000e+01 4.420000000000000000e+02
1.778000000000000000e+04 4.116000000000000000e+03 1.103200000000000000e+04 -4.592000000000000000e+03 -2.380000000000000000e+02 1.227000000000000000e+03
2.000800000000000000e+04 4.280000000000000000e+03 1.040000000000000000e+04 -4.608000000000000000e+03 -1.570000000000000000e+02 5.590000000000000000e+02
2.171200000000000000e+04 4.908000000000000000e+03 1.322000000000000000e+04 -4.592000000000000000e+03 6.200000000000000000e+01 8.400000000000000000e+01
2.477600000000000000e+04 5.380000000000000000e+03 1.674800000000000000e+04 -4.592000000000000000e+03 1.740000000000000000e+02 -8.400000000000000000e+02
2.755600000000000000e+04 6.368000000000000000e+03 1.916400000000000000e+04 -4.592000000000000000e+03 -7.600000000000000000e+01 -2.247000000000000000e+03
2.602000000000000000e+04 5.344000000000000000e+03 1.384400000000000000e+04 -4.608000000000000000e+03 -4.280000000000000000e+02 -1.310000000000000000e+03
2.189600000000000000e+04 4.628000000000000000e+03 1.211600000000000000e+04 -4.592000000000000000e+03 -4.000000000000000000e+01 -8.730000000000000000e+02
2.086400000000000000e+04 3.768000000000000000e+03 1.099200000000000000e+04 -4.608000000000000000e+03 -1.340000000000000000e+02 -1.278000000000000000e+03
1.587600000000000000e+04 2.668000000000000000e+03 7.676000000000000000e+03 -4.576000000000000000e+03 -4.200000000000000000e+02 -9.630000000000000000e+02
1.293200000000000000e+04 2.072000000000000000e+03 4.532000000000000000e+03 -4.608000000000000000e+03 -6.330000000000000000e+02 -1.367000000000000000e+03
1.090000000000000000e+04 1.976000000000000000e+03 3.528000000000000000e+03 -4.592000000000000000e+03 -6.350000000000000000e+02 -6.750000000000000000e+02
9.100000000000000000e+03 1.688000000000000000e+03 4.044000000000000000e+03 -4.592000000000000000e+03 -5.170000000000000000e+02 -1.904000000000000000e+03
9.104000000000000000e+03 1.164000000000000000e+03 2.648000000000000000e+03 -4.592000000000000000e+03 -4.620000000000000000e+02 -1.394000000000000000e+03
9.092000000000000000e+03 1.244000000000000000e+03 2.724000000000000000e+03 -4.592000000000000000e+03 -7.350000000000000000e+02 -1.704000000000000000e+03
9.308000000000000000e+03 1.456000000000000000e+03 4.136000000000000000e+03 -4.608000000000000000e+03 -8.560000000000000000e+02 -1.898000000000000000e+03
8.996000000000000000e+03 1.196000000000000000e+03 4.276000000000000000e+03 -4.608000000000000000e+03 -8.900000000000000000e+02 -2.059000000000000000e+03
6.356000000000000000e+03 8.680000000000000000e+02 3.076000000000000000e+03 -4.624000000000000000e+03 -7.760000000000000000e+02 -2.324000000000000000e+03
4.016000000000000000e+03 6.200000000000000000e+02 7.320000000000000000e+02 -4.592000000000000000e+03 -7.560000000000000000e+02 -8.930000000000000000e+02
2.148000000000000000e+03 5.840000000000000000e+02 -1.036000000000000000e+03 -4.624000000000000000e+03 -8.530000000000000000e+02 -2.371000000000000000e+03
3.692000000000000000e+03 5.960000000000000000e+02 -1.204000000000000000e+03 -4.592000000000000000e+03 -4.710000000000000000e+02 -2.223000000000000000e+03
8.908000000000000000e+03 2.240000000000000000e+03 3.752000000000000000e+03 -4.576000000000000000e+03 -2.690000000000000000e+02 -3.484000000000000000e+03
1.119200000000000000e+04 1.588000000000000000e+03 4.736000000000000000e+03 -4.592000000000000000e+03 -1.460000000000000000e+02 -2.837000000000000000e+03
1.138800000000000000e+04 2.568000000000000000e+03 5.328000000000000000e+03 -4.592000000000000000e+03 -3.090000000000000000e+02 -2.439000000000000000e+03
1.007200000000000000e+04 1.788000000000000000e+03 4.560000000000000000e+03 -4.608000000000000000e+03 -3.900000000000000000e+01 -2.199000000000000000e+03
1.036800000000000000e+04 6.800000000000000000e+02 1.972000000000000000e+03 -4.592000000000000000e+03 -1.900000000000000000e+01 -1.275000000000000000e+03
1.345200000000000000e+04 1.600000000000000000e+03 2.780000000000000000e+03 -4.624000000000000000e+03 5.200000000000000000e+01 -2.705000000000000000e+03
1.506400000000000000e+04 1.212000000000000000e+03 6.560000000000000000e+02 -4.608000000000000000e+03 2.370000000000000000e+02 -2.862000000000000000e+03
1.253600000000000000e+04 1.500000000000000000e+03 2.652000000000000000e+03 -4.592000000000000000e+03 -6.200000000000000000e+01 -1.110000000000000000e+03
1.464000000000000000e+04 1.360000000000000000e+03 1.284000000000000000e+03 -4.592000000000000000e+03 1.300000000000000000e+02 -2.164000000000000000e+03
1.918000000000000000e+04 2.120000000000000000e+03 2.196000000000000000e+03 -4.592000000000000000e+03 2.800000000000000000e+01 -1.025000000000000000e+03
2.129200000000000000e+04 2.000000000000000000e+03 3.412000000000000000e+03 -4.576000000000000000e+03 2.020000000000000000e+02 -1.370000000000000000e+03
2.342000000000000000e+04 2.616000000000000000e+03 5.752000000000000000e+03 -4.576000000000000000e+03 -2.200000000000000000e+01 -4.270000000000000000e+02
2.565600000000000000e+04 3.252000000000000000e+03 6.420000000000000000e+03 -4.592000000000000000e+03 -1.270000000000000000e+02 -3.710000000000000000e+02
2.736800000000000000e+04 3.792000000000000000e+03 8.000000000000000000e+03 -4.576000000000000000e+03 -3.320000000000000000e+02 -2.100000000000000000e+02
2.913600000000000000e+04 4.096000000000000000e+03 7.924000000000000000e+03 -4.592000000000000000e+03 -4.490000000000000000e+02 9.450000000000000000e+02
2.782000000000000000e+04 4.576000000000000000e+03 1.122000000000000000e+04 -4.624000000000000000e+03 3.990000000000000000e+02 3.840000000000000000e+02
2.312800000000000000e+04 3.992000000000000000e+03 7.192000000000000000e+03 -4.608000000000000000e+03 -1.110000000000000000e+03 1.288000000000000000e+03
1.570800000000000000e+04 2.328000000000000000e+03 1.848000000000000000e+03 -4.592000000000000000e+03 -6.840000000000000000e+02 1.640000000000000000e+03
1.309200000000000000e+04 1.856000000000000000e+03 9.640000000000000000e+02 -4.592000000000000000e+03 -7.630000000000000000e+02 1.763000000000000000e+03
1.007200000000000000e+04 1.512000000000000000e+03 4.680000000000000000e+02 -4.640000000000000000e+03 -5.160000000000000000e+02 2.789000000000000000e+03
9.524000000000000000e+03 1.304000000000000000e+03 5.920000000000000000e+02 -4.608000000000000000e+03 -4.730000000000000000e+02 2.666000000000000000e+03
1.012800000000000000e+04 1.332000000000000000e+03 2.164000000000000000e+03 -4.640000000000000000e+03 -3.080000000000000000e+02 2.395000000000000000e+03
1.441200000000000000e+04 2.272000000000000000e+03 6.044000000000000000e+03 -4.608000000000000000e+03 -3.890000000000000000e+02 2.433000000000000000e+03
1.627600000000000000e+04 2.408000000000000000e+03 7.556000000000000000e+03 -4.592000000000000000e+03 -4.910000000000000000e+02 2.362000000000000000e+03
1.706000000000000000e+04 2.348000000000000000e+03 6.592000000000000000e+03 -4.560000000000000000e+03 -5.450000000000000000e+02 2.115000000000000000e+03
1.626000000000000000e+04 2.720000000000000000e+03 5.912000000000000000e+03 -4.592000000000000000e+03 -5.030000000000000000e+02 1.950000000000000000e+03
1.492800000000000000e+04 2.832000000000000000e+03 5.636000000000000000e+03 -4.592000000000000000e+03 -5.680000000000000000e+02 1.989000000000000000e+03
1.509200000000000000e+04 2.676000000000000000e+03 4.788000000000000000e+03 -4.576000000000000000e+03 -6.860000000000000000e+02 1.444000000000000000e+03
1.329600000000000000e+04 1.932000000000000000e+03 3.908000000000000000e+03 -4.608000000000000000e+03 -5.590000000000000000e+02 1.706000000000000000e+03
1.295600000000000000e+04 1.076000000000000000e+03 3.204000000000000000e+03 -4.592000000000000000e+03 -5.340000000000000000e+02 1.605000000000000000e+03
