-1.413600000000000000e+04 -1.920000000000000000e+02 5.196000000000000000e+03 -4.800000000000000000e+03 -6.340000000000000000e+02 2.316000000000000000e+03
-1.349600000000000000e+04 -1.480000000000000000e+02 5.568000000000000000e+03 -4.800000000000000000e+03 -5.860000000000000000e+02 1.704000000000000000e+03
-1.358000000000000000e+04 -2.680000000000000000e+02 5.508000000000000000e+03 -4.784000000000000000e+03 -5.290000000000000000e+02 1.220000000000000000e+03
-1.318000000000000000e+04 -6.400000000000000000e+02 4.528000000000000000e+03 -4.768000000000000000e+03 -5.180000000000000000e+02 8.810000000000000000e+02
-1.298000000000000000e+04 -1.196000000000000000e+03 5.212000000000000000e+03 -4.784000000000000000e+03 -3.460000000000000000e+02 7.220000000000000000e+02
-1.406800000000000000e+04 -1.072000000000000000e+03 4.288000000000000000e+03 -4.784000000000000000e+03 -3.250000000000000000e+02 3.380000000000000000e+02
-1.392000000000000000e+04 -8.520000000000000000e+02 4.084000000000000000e+03 -4.784000000000000000e+03 -2.470000000000000000e+02 -5.000000000000000000e+00
-1.448800000000000000e+04 -7.640000000000000000e+02 4.508000000000000000e+03 -4.800000000000000000e+03 -1.660000000000000000e+02 -2.830000000000000000e+02
-1.484800000000000000e+04 -8.480000000000000000e+02 4.696000000000000000e+03 -4.816000000000000000e+03 -1.340000000000000000e+02 -5.150000000000000000e+02
-1.502400000000000000e+04 -8.080000000000000000e+02 5.080000000000000000e+03 -4.768000000000000000e+03 -1.190000000000000000e+02 -7.050000000000000000e+02
-1.490800000000000000e+04 -8.640000000000000000e+02 5.240000000000000000e+03 -4.816000000000000000e+03 -1.070000000000000000e+02 -7.090000000000000000e+02
-1.539600000000000000e+04 -9.680000000000000000e+02 4.900000000000000000e+03 -4.784000000000000000e+03 -1.110000000000000000e+02 -5.320000000000000000e+02
-1.482400000000000000e+04 -9.160000000000000000e+02 4.948000000000000000e+03 -4.768000000000000000e+03 -1.140000000000000000e+02 -3.870000000000000000e+02
-1.435200000000000000e+04 -6.600000000000000000e+02 5.072000000000000000e+03 -4.768000000000000000e+03 -1.100000000000000000e+02 -1.480000000000000000e+02
-1.470000000000000000e+04 -5.840000000000000000e+02 5.108000000000000000e+03 -4.800000000000000000e+03 -1.900000000000000000e+02 -1.740000000000000000e+02
-1.466000000000000000e+04 -4.680000000000000000e+02 5.436000000000000000e+03 -4.784000000000000000e+03 -2.330000000000000000e+02 -8.000000000000000000e+00
-1.468400000000000000e+04 -4.160000000000000000e+02 5.220000000000000000e+03 -4.784000000000000000e+03 -2.630000000000000000e+02 1.750000000000000000e+02
-1.447200000000000000e+04 -3.640000000000000000e+02 5.040000000000000000e+03 -4.800000000000000000e+03 -2.670000000000000000e+02 1.870000000000000000e+02
-1.441200000000000000e+04 -5.200000000000000000e+02 5.128000000000000000e+03 -4.784000000000000000e+03 -2.050000000000000000e+02 7.200000000000000000e+01
-1.453200000000000000e+04 -7.000000000000000000e+02 4.832000000000000000e+03 -4.784000000000000000e+03 -2.200000000000000000e+02 -1.440000000000000000e+02
-1.429600000000000000e+04 -6.080000000000000000e+02 4.740000000000000000e+03 -4.816000000000000000e+03 -1.840000000000000000e+02 -1.380000000000000000e+02
-1.402000000000000000e+04 -4.080000000000000000e+02 4.544000000000000000e+03 -4.832000000000000000e+03 -2.190000000000000000e+02 -3.840000000000000000e+02
-1.406800000000000000e+04 -4.960000000000000000e+02 5.176000000000000000e+03 -4.784000000000000000e+03 -1.950000000000000000e+02 -7.920000000000000000e+02
-1.453600000000000000e+04 -6.000000000000000000e+02 5.180000000000000000e+03 -4.752000000000000000e+03 -1.630000000000000000e+02 -5.420000000000000000e+02
-1.439200000000000000e+04 -5.240000000000000000e+02 4.860000000000000000e+03 -4.816000000000000000e+03 -1.620000000000000000e+02 -7.360000000000000000e+02
-1.434000000000000000e+04 -5.680000000000000000e+02 5.120000000000000000e+03 -4.768000000000000000e+03 -1.420000000000000000e+02 -5.630000000000000000e+02
-1.372800000000000000e+04 -5.280000000000000000e+02 5.368000000000000000e+03 -4.816000000000000000e+03 -1.650000000000000000e+02 -9.010000000000000000e+02
-1.422800000000000000e+04 -6.400000000000000000e+02 5.320000000000000000e+03 -4.784000000000000000e+03 -1.940000000000000000e+02 -1.051000000000000000e+03
-1.401600000000000000e+04 -5.560000000000000000e+02 5.400000000000000000e+03 -4.784000000000000000e+03 -2.190000000000000000e+02 -1.021000000000000000e+03
-1.436800000000000000e+04 -6.000000000000000000e+02 6.136000000000000000e+03 -4.768000000000000000e+03 -2.760000000000000000e+02 -6.240000000000000000e+02
-1.498400000000000000e+04 -6.280000000000000000e+02 5.896000000000000000e+03 -4.800000000000000000e+03 -2.650000000000000000e+02 -1.709000000000000000e+03
-1.524800000000000000e+04 -7.320000000000000000e+02 5.504000000000000000e+03 -4.800000000000000000e+03 -2.530000000000000000e+02 -2.009000000000000000e+03
-1.485200000000000000e+04 -7.800000000000000000e+02 4.832000000000000000e+03 -4.800000000000000000e+03 -2.530000000000000000e+02 -1.264000000000000000e+03
-1.326800000000000000e+04 -7.640000000000000000e+02 4.652000000000000000e+03 -4.800000000000000000e+03 -2.030000000000000000e+02 3.800000000000000000e+02
-1.165200000000000000e+04 -6.120000000000000000e+02 5.648000000000000000e+03 -4.768000000000000000e+03 -2.420000000000000000e+02 -1.312000000000000000e+03
-1.318000000000000000e+04 -8.240000000000000000e+02 5.220000000000000000e+03 -4.784000000000000000e+03 -2.850000000000000000e+02 -1.125000000000000000e+03
-1.280000000000000000e+04 -8.080000000000000000e+02 5.164000000000000000e+03 -4.784000000000000000e+03 -3.170000000000000000e+02 -9.720000000000000000e+02
-1.034000000000000000e+04 -6.840000000000000000e+02 3.064000000000000000e+03 -4.816000000000000000e+03 -1.000000000000000000e+02 -1.038000000000000000e+03
-6.124000000000000000e+03 -1.840000000000000000e+02 1.796000000000000000e+03 -4.784000000000000000e+03 1.750000000000000000e+02 -7.340000000000000000e+02
-6.108000000000000000e+03 -5.360000000000000000e+02 8.440000000000000000e+02 -4.768000000000000000e+03 1.140000000000000000e+02 -2.227000000000000000e+03
-9.028000000000000000e+03 -1.000000000000000000e+03 6.832000000000000000e+03 -4.768000000000000000e+03 -1.500000000000000000e+01 -2.522000000000000000e+03
-1.651600000000000000e+04 -9.120000000000000000e+02 8.160000000000000000e+03 -4.784000000000000000e+03 3.800000000000000000e+01 -1.648000000000000000e+03
-1.689200000000000000e+04 -6.760000000000000000e+02 1.100400000000000000e+04 -4.768000000000000000e+03 -1.900000000000000000e+01 -2.418000000000000000e+03
-1.970000000000000000e+04 -5.760000000000000000e+02 1.457600000000000000e+04 -4.784000000000000000e+03 6.800000000000000000e+01 -1.301000000000000000e+03
-2.660800000000000000e+04 -7.920000000000000000e+02 1.454400000000000000e+04 -4.752000000000000000e+03 -1.690000000000000000e+02 -1.597000000000000000e+03
-2.909200000000000000e+04 -8.000000000000000000e+02 1.656800000000000000e+04 -4.752000000000000000e+03 -2.880000000000000000e+02 0.000000000000000000e+00
-2.597600000000000000e+04 1.040000000000000000e+02 1.586000000000000000e+04 -4.768000000000000000e+03 -2.400000000000000000e+02 1.374000000000000000e+03
-2.263600000000000000e+04 4.760000000000000000e+02 1.579200000000000000e+04 -4.768000000000000000e+03 -2.930000000000000000e+02 -5.360000000000000000e+02
-2.063200000000000000e+04 4.640000000000000000e+02 1.465600000000000000e+04 -4.784000000000000000e+03 -4.960000000000000000e+02 -1.193000000000000000e+03
-1.984000000000000000e+04 2.000000000000000000e+02 8.720000000000000000e+03 -4.768000000000000000e+03 -5.760000000000000000e+02 1.611000000000000000e+03
-1.311600000000000000e+04 7.200000000000000000e+01 6.204000000000000000e+03 -4.768000000000000000e+03 -4.060000000000000000e+02 -1.627000000000000000e+03
-8.764000000000000000e+03 3.880000000000000000e+02 4.732000000000000000e+03 -4.768000000000000000e+03 -4.320000000000000000e+02 5.930000000000000000e+02
-6.140000000000000000e+03 2.840000000000000000e+02 4.156000000000000000e+03 -4.784000000000000000e+03 -7.720000000000000000e+02 -7.210000000000000000e+02
-6.416000000000000000e+03 -2.200000000000000000e+02 2.460000000000000000e+03 -4.784000000000000000e+03 -6.280000000000000000e+02 2.141000000000000000e+03
-6.272000000000000000e+03 -6.720000000000000000e+02 2.872000000000000000e+03 -4.736000000000000000e+03 -6.160000000000000000e+02 -4.160000000000000000e+02
-8.136000000000000000e+03 -7.040000000000000000e+02 1.312000000000000000e+03 -4.784000000000000000e+03 -4.390000000000000000e+02 -2.447000000000000000e+03
-6.704000000000000000e+03 -3.840000000000000000e+02 3.796000000000000000e+03 -4.784000000000000000e+03 -6.020000000000000000e+02 3.690000000000000000e+02
-8.464000000000000000e+03 -6.400000000000000000e+01 1.280000000000000000e+02 -4.784000000000000000e+03 -2.660000000000000000e+02 1.770000000000000000e+02
-4.916000000000000000e+03 5.200000000000000000e+01 -3.160000000000000000e+02 -4.800000000000000000e+03 2.920000000000000000e+02 1.830000000000000000e+02
-4.896000000000000000e+03 -4.040000000000000000e+02 -5.360000000000000000e+02 -4.752000000000000000e+03 1.800000000000000000e+01 1.164000000000000000e+03
-4.984000000000000000e+03 -1.472000000000000000e+03 2.540000000000000000e+03 -4.800000000000000000e+03 3.820000000000000000e+02 -1.280000000000000000e+02
-7.176000000000000000e+03 -3.720000000000000000e+02 2.688000000000000000e+03 -4.800000000000000000e+03 4.400000000000000000e+02 4.190000000000000000e+02
-7.776000000000000000e+03 -6.480000000000000000e+02 2.996000000000000000e+03 -4.752000000000000000e+03 4.880000000000000000e+02 9.440000000000000000e+02
-7.992000000000000000e+03 -1.384000000000000000e+03 5.200000000000000000e+03 -4.816000000000000000e+03 7.200000000000000000e+02 2.620000000000000000e+02
-9.928000000000000000e+03 -1.268000000000000000e+03 6.240000000000000000e+03 -4.800000000000000000e+03 7.150000000000000000e+02 1.238000000000000000e+03
-1.143200000000000000e+04 -7.440000000000000000e+02 4.876000000000000000e+03 -4.784000000000000000e+03 8.280000000000000000e+02 1.490000000000000000e+02
-1.014800000000000000e+04 -7.840000000000000000e+02 7.116000000000000000e+03 -4.752000000000000000e+03 1.043000000000000000e+03 2.628000000000000000e+03
-1.069200000000000000e+04 1.880000000000000000e+02 4.328000000000000000e+03 -4.816000000000000000e+03 1.158000000000000000e+03 9.130000000000000000e+02
-8.632000000000000000e+03 2.040000000000000000e+02 8.836000000000000000e+03 -4.768000000000000000e+03 1.045000000000000000e+03 5.090000000000000000e+02
-1.242000000000000000e+04 9.480000000000000000e+02 6.124000000000000000e+03 -4.768000000000000000e+03 8.740000000000000000e+02 -2.090000000000000000e+02
-1.025200000000000000e+04 5.280000000000000000e+02 9.616000000000000000e+03 -4.816000000000000000e+03 8.920000000000000000e+02 6.610000000000000000e+02
-1.247200000000000000e+04 5.640000000000000000e+02 9.472000000000000000e+03 -4.784000000000000000e+03 8.410000000000000000e+02 1.366000000000000000e+03
-1.260800000000000000e+04 3.600000000000000000e+02 9.076000000000000000e+03 -4.768000000000000000e+03 6.710000000000000000e+02 7.810000000000000000e+02
-1.355600000000000000e+04 -5.320000000000000000e+02 1.108400000000000000e+04 -4.784000000000000000e+03 1.610000000000000000e+02 -1.052000000000000000e+03
-1.618000000000000000e+04 -4.120000000000000000e+02 1.161200000000000000e+04 -4.768000000000000000e+03 2.070000000000000000e+02 5.000000000000000000e+02
-1.654800000000000000e+04 7.320000000000000000e+02 1.115600000000000000e+04 -4.800000000000000000e+03 2.250000000000000000e+02 2.063000000000000000e+03
-1.632000000000000000e+04 1.036000000000000000e+03 1.274800000000000000e+04 -4.768000000000000000e+03 -6.610000000000000000e+02 1.435000000000000000e+03
-1.844400000000000000e+04 1.636000000000000000e+03 1.292400000000000000e+04 -4.800000000000000000e+03 -5.930000000000000000e+02 2.529000000000000000e+03
-3.162000000000000000e+04 -1.228000000000000000e+03 1.237200000000000000e+04 -4.784000000000000000e+03 -4.970000000000000000e+02 1.970000000000000000e+02
