8.292000000000000000e+03 2.724000000000000000e+03 1.231200000000000000e+04 -4.560000000000000000e+03 -2.020000000000000000e+02 -6.700000000000000000e+01
8.648000000000000000e+03 3.012000000000000000e+03 1.375200000000000000e+04 -4.544000000000000000e+03 -1.910000000000000000e+02 -3.660000000000000000e+02
8.940000000000000000e+03 3.124000000000000000e+03 1.324400000000000000e+04 -4.576000000000000000e+03 -1.900000000000000000e+02 3.430000000000000000e+02
8.540000000000000000e+03 2.864000000000000000e+03 1.209600000000000000e+04 -4.544000000000000000e+03 -1.990000000000000000e+02 2.490000000000000000e+02
8.464000000000000000e+03 2.728000000000000000e+03 1.166800000000000000e+04 -4.544000000000000000e+03 -2.090000000000000000e+02 3.730000000000000000e+02
8.668000000000000000e+03 2.732000000000000000e+03 1.230000000000000000e+04 -4.592000000000000000e+03 -2.050000000000000000e+02 -1.860000000000000000e+02
9.140000000000000000e+03 2.744000000000000000e+03 1.223600000000000000e+04 -4.576000000000000000e+03 -1.070000000000000000e+02 -7.120000000000000000e+02
8.784000000000000000e+03 2.712000000000000000e+03 1.217200000000000000e+04 -4.560000000000000000e+03 -1.820000000000000000e+02 -9.850000000000000000e+02
8.936000000000000000e+03 2.644000000000000000e+03 1.270400000000000000e+04 -4.544000000000000000e+03 -1.900000000000000000e+02 -7.460000000000000000e+02
8.888000000000000000e+03 2.724000000000000000e+03 1.226400000000000000e+04 -4.592000000000000000e+03 -2.120000000000000000e+02 -9.010000000000000000e+02
8.896000000000000000e+03 2.512000000000000000e+03 1.224800000000000000e+04 -4.592000000000000000e+03 -2.160000000000000000e+02 -1.260000000000000000e+03
8.800000000000000000e+03 2.680000000000000000e+03 1.175200000000000000e+04 -4.576000000000000000e+03 -2.050000000000000000e+02 -1.393000000000000000e+03
9.144000000000000000e+03 2.680000000000000000e+03 1.184400000000000000e+04 -4.544000000000000000e+03 -1.810000000000000000e+02 -1.372000000000000000e+03
9.332000000000000000e+03 2.836000000000000000e+03 1.143600000000000000e+04 -4.576000000000000000e+03 -1.590000000000000000e+02 -1.311000000000000000e+03
9.100000000000000000e+03 2.804000000000000000e+03 1.134000000000000000e+04 -4.576000000000000000e+03 -1.420000000000000000e+02 -1.311000000000000000e+03
8.996000000000000000e+03 2.744000000000000000e+03 1.154000000000000000e+04 -4.560000000000000000e+03 -1.360000000000000000e+02 -1.143000000000000000e+03
9.480000000000000000e+03 2.652000000000000000e+03 1.163600000000000000e+04 -4.560000000000000000e+03 -1.920000000000000000e+02 -1.127000000000000000e+03
9.700000000000000000e+03 2.604000000000000000e+03 1.170800000000000000e+04 -4.576000000000000000e+03 -1.910000000000000000e+02 -9.640000000000000000e+02
1.022800000000000000e+04 2.812000000000000000e+03 1.119600000000000000e+04 -4.560000000000000000e+03 -1.680000000000000000e+02 -7.160000000000000000e+02
1.034800000000000000e+04 2.704000000000000000e+03 1.118000000000000000e+04 -4.560000000000000000e+03 -2.090000000000000000e+02 -5.070000000000000000e+02
1.020000000000000000e+04 2.768000000000000000e+03 1.113200000000000000e+04 -4.560000000000000000e+03 -1.940000000000000000e+02 -2.300000000000000000e+02
1.026800000000000000e+04 2.704000000000000000e+03 1.124800000000000000e+04 -4.592000000000000000e+03 -2.250000000000000000e+02 -3.600000000000000000e+01
1.030400000000000000e+04 2.816000000000000000e+03 1.127200000000000000e+04 -4.576000000000000000e+03 -2.920000000000000000e+02 2.950000000000000000e+02
1.053600000000000000e+04 2.812000000000000000e+03 1.176800000000000000e+04 -4.560000000000000000e+03 -3.490000000000000000e+02 7.330000000000000000e+02
1.072400000000000000e+04 2.876000000000000000e+03 1.137600000000000000e+04 -4.560000000000000000e+03 -3.530000000000000000e+02 1.102000000000000000e+03
1.063200000000000000e+04 2.624000000000000000e+03 1.144000000000000000e+04 -4.576000000000000000e+03 -4.430000000000000000e+02 1.523000000000000000e+03
1.057600000000000000e+04 2.580000000000000000e+03 1.117600000000000000e+04 -4.560000000000000000e+03 -4.170000000000000000e+02 1.730000000000000000e+03
1.038000000000000000e+04 2.748000000000000000e+03 1.066000000000000000e+04 -4.560000000000000000e+03 -4.080000000000000000e+02 1.742000000000000000e+03
9.788000000000000000e+03 2.744000000000000000e+03 1.085600000000000000e+04 -4.576000000000000000e+03 -4.420000000000000000e+02 2.015000000000000000e+03
9.408000000000000000e+03 2.660000000000000000e+03 1.064800000000000000e+04 -4.576000000000000000e+03 -6.360000000000000000e+02 2.306000000000000000e+03
9.000000000000000000e+03 2.644000000000000000e+03 8.612000000000000000e+03 -4.592000000000000000e+03 -3.690000000000000000e+02 2.033000000000000000e+03
8.888000000000000000e+03 2.028000000000000000e+03 6.208000000000000000e+03 -4.560000000000000000e+03 -2.050000000000000000e+02 2.926000000000000000e+03
8.176000000000000000e+03 1.092000000000000000e+03 7.092000000000000000e+03 -4.560000000000000000e+03 -1.850000000000000000e+02 2.117000000000000000e+03
6.048000000000000000e+03 1.148000000000000000e+03 1.182800000000000000e+04 -4.544000000000000000e+03 -2.270000000000000000e+02 1.605000000000000000e+03
6.436000000000000000e+03 2.020000000000000000e+03 1.477600000000000000e+04 -4.576000000000000000e+03 -2.260000000000000000e+02 1.168000000000000000e+03
7.196000000000000000e+03 3.236000000000000000e+03 1.628000000000000000e+04 -4.608000000000000000e+03 -1.560000000000000000e+02 1.285000000000000000e+03
1.018400000000000000e+04 3.952000000000000000e+03 1.820400000000000000e+04 -4.592000000000000000e+03 3.800000000000000000e+01 6.520000000000000000e+02
1.095200000000000000e+04 4.632000000000000000e+03 2.203200000000000000e+04 -4.544000000000000000e+03 1.600000000000000000e+01 -1.500000000000000000e+02
1.164400000000000000e+04 5.440000000000000000e+03 2.484800000000000000e+04 -4.576000000000000000e+03 -1.960000000000000000e+02 -1.401000000000000000e+03
1.248000000000000000e+04 5.752000000000000000e+03 2.663600000000000000e+04 -4.560000000000000000e+03 -7.400000000000000000e+02 -3.960000000000000000e+02
1.372800000000000000e+04 6.084000000000000000e+03 2.184400000000000000e+04 -4.576000000000000000e+03 -8.520000000000000000e+02 -3.910000000000000000e+02
1.588800000000000000e+04 5.292000000000000000e+03 2.158800000000000000e+04 -4.576000000000000000e+03 -7.370000000000000000e+02 -9.970000000000000000e+02
1.893200000000000000e+04 5.464000000000000000e+03 1.684000000000000000e+04 -4.544000000000000000e+03 -6.450000000000000000e+02 -1.064000000000000000e+03
1.710800000000000000e+04 4.128000000000000000e+03 8.712000000000000000e+03 -4.544000000000000000e+03 -6.390000000000000000e+02 -8.690000000000000000e+02
1.214400000000000000e+04 2.948000000000000000e+03 6.252000000000000000e+03 -4.560000000000000000e+03 -1.001000000000000000e+03 -6.190000000000000000e+02
1.079200000000000000e+04 2.328000000000000000e+03 5.276000000000000000e+03 -4.560000000000000000e+03 -9.670000000000000000e+02 -1.003000000000000000e+03
8.296000000000000000e+03 1.472000000000000000e+03 5.404000000000000000e+03 -4.608000000000000000e+03 -6.940000000000000000e+02 -1.686000000000000000e+03
6.328000000000000000e+03 1.332000000000000000e+03 6.704000000000000000e+03 -4.576000000000000000e+03 -6.460000000000000000e+02 -8.010000000000000000e+02
5.912000000000000000e+03 1.588000000000000000e+03 6.756000000000000000e+03 -4.560000000000000000e+03 -7.110000000000000000e+02 -1.742000000000000000e+03
4.860000000000000000e+03 1.736000000000000000e+03 6.528000000000000000e+03 -4.576000000000000000e+03 -9.340000000000000000e+02 -2.313000000000000000e+03
5.788000000000000000e+03 1.580000000000000000e+03 7.236000000000000000e+03 -4.592000000000000000e+03 -7.080000000000000000e+02 -2.536000000000000000e+03
6.460000000000000000e+03 1.672000000000000000e+03 4.560000000000000000e+03 -4.544000000000000000e+03 -6.160000000000000000e+02 3.910000000000000000e+02
4.088000000000000000e+03 1.788000000000000000e+03 2.760000000000000000e+03 -4.576000000000000000e+03 -2.240000000000000000e+02 -2.174000000000000000e+03
4.128000000000000000e+03 1.172000000000000000e+03 8.640000000000000000e+02 -4.560000000000000000e+03 -1.170000000000000000e+02 -2.677000000000000000e+03
3.584000000000000000e+03 9.120000000000000000e+02 4.728000000000000000e+03 -4.560000000000000000e+03 1.260000000000000000e+02 -2.200000000000000000e+03
4.188000000000000000e+03 1.120000000000000000e+02 6.080000000000000000e+03 -4.592000000000000000e+03 1.540000000000000000e+02 -2.768000000000000000e+03
3.696000000000000000e+03 1.036000000000000000e+03 8.360000000000000000e+03 -4.544000000000000000e+03 1.120000000000000000e+02 -6.790000000000000000e+02
6.120000000000000000e+03 1.328000000000000000e+03 9.696000000000000000e+03 -4.560000000000000000e+03 5.400000000000000000e+01 -1.121000000000000000e+03
7.428000000000000000e+03 1.552000000000000000e+03 6.704000000000000000e+03 -4.592000000000000000e+03 1.690000000000000000e+02 -1.450000000000000000e+03
8.780000000000000000e+03 4.880000000000000000e+02 1.110400000000000000e+04 -4.608000000000000000e+03 4.080000000000000000e+02 -8.450000000000000000e+02
8.220000000000000000e+03 2.564000000000000000e+03 8.896000000000000000e+03 -4.560000000000000000e+03 5.110000000000000000e+02 -1.785000000000000000e+03
9.708000000000000000e+03 2.616000000000000000e+03 9.444000000000000000e+03 -4.592000000000000000e+03 8.390000000000000000e+02 5.080000000000000000e+02
9.308000000000000000e+03 3.288000000000000000e+03 9.440000000000000000e+03 -4.544000000000000000e+03 5.180000000000000000e+02 -6.550000000000000000e+02
9.860000000000000000e+03 2.180000000000000000e+03 7.076000000000000000e+03 -4.560000000000000000e+03 2.060000000000000000e+02 -4.900000000000000000e+01
9.980000000000000000e+03 1.900000000000000000e+03 1.160400000000000000e+04 -4.544000000000000000e+03 4.900000000000000000e+02 6.310000000000000000e+02
1.175600000000000000e+04 3.564000000000000000e+03 1.001600000000000000e+04 -4.592000000000000000e+03 8.690000000000000000e+02 6.510000000000000000e+02
1.184400000000000000e+04 4.324000000000000000e+03 1.332800000000000000e+04 -4.576000000000000000e+03 5.810000000000000000e+02 1.329000000000000000e+03
1.492000000000000000e+04 3.840000000000000000e+03 1.420800000000000000e+04 -4.560000000000000000e+03 2.860000000000000000e+02 1.600000000000000000e+03
1.471200000000000000e+04 3.404000000000000000e+03 1.721200000000000000e+04 -4.592000000000000000e+03 6.600000000000000000e+01 6.500000000000000000e+02
1.590400000000000000e+04 4.740000000000000000e+03 1.633600000000000000e+04 -4.560000000000000000e+03 -1.040000000000000000e+02 7.270000000000000000e+02
1.446000000000000000e+04 4.732000000000000000e+03 1.684000000000000000e+04 -4.592000000000000000e+03 -4.210000000000000000e+02 5.610000000000000000e+02
1.280800000000000000e+04 4.380000000000000000e+03 1.534400000000000000e+04 -4.560000000000000000e+03 -5.260000000000000000e+02 2.050000000000000000e+02
1.325200000000000000e+04 3.764000000000000000e+03 1.436800000000000000e+04 -4.560000000000000000e+03 -7.190000000000000000e+02 4.240000000000000000e+02
1.413200000000000000e+04 3.400000000000000000e+03 1.224400000000000000e+04 -4.544000000000000000e+03 -6.530000000000000000e+02 1.038000000000000000e+03
1.522800000000000000e+04 2.608000000000000000e+03 1.384400000000000000e+04 -4.576000000000000000e+03 -9.440000000000000000e+02 6.750000000000000000e+02
1.302000000000000000e+04 2.912000000000000000e+03 1.262400000000000000e+04 -4.576000000000000000e+03 -7.770000000000000000e+02 1.143000000000000000e+03
1.142800000000000000e+04 3.200000000000000000e+03 1.100000000000000000e+04 -4.576000000000000000e+03 -6.670000000000000000e+02 1.176000000000000000e+03
1.114000000000000000e+04 2.872000000000000000e+03 1.157200000000000000e+04 -4.560000000000000000e+03 -5.750000000000000000e+02 1.464000000000000000e+03
1.101200000000000000e+04 2.532000000000000000e+03 1.098000000000000000e+04 -4.592000000000000000e+03 -6.100000000000000000e+02 1.690000000000000000e+03
1.122800000000000000e+04 2.512000000000000000e+03 1.006000000000000000e+04 -4.576000000000000000e+03 -4.200000000000000000e+02 1.585000000000000000e+03
1.034000000000000000e+04 2.848000000000000000e+03 7.828000000000000000e+03 -4.544000000000000000e+03 -2.840000000000000000e+02 2.296000000000000000e+03
9.376000000000000000e+03 3.224000000000000000e+03 6.724000000000000000e+03 -4.576000000000000000e+03 -4.400000000000000000e+01 2.427000000000000000e+03
