1.270000000000000000e+04 -5.400000000000000000e+02 -1.264000000000000000e+04 -4.640000000000000000e+03 -3.530000000000000000e+02 -6.940000000000000000e+02
1.195600000000000000e+04 -7.160000000000000000e+02 -1.279600000000000000e+04 -4.592000000000000000e+03 -3.310000000000000000e+02 -7.910000000000000000e+02
1.166000000000000000e+04 -7.400000000000000000e+02 -1.254800000000000000e+04 -4.624000000000000000e+03 -2.890000000000000000e+02 -6.050000000000000000e+02
1.151200000000000000e+04 -8.600000000000000000e+02 -1.221200000000000000e+04 -4.624000000000000000e+03 -2.800000000000000000e+02 -3.730000000000000000e+02
1.281600000000000000e+04 -1.160000000000000000e+03 -1.263600000000000000e+04 -4.640000000000000000e+03 -2.680000000000000000e+02 -2.340000000000000000e+02
1.476000000000000000e+04 -1.060000000000000000e+03 -1.372800000000000000e+04 -4.640000000000000000e+03 -2.500000000000000000e+02 -3.570000000000000000e+02
1.374800000000000000e+04 -9.360000000000000000e+02 -1.406000000000000000e+04 -4.592000000000000000e+03 -1.460000000000000000e+02 -6.170000000000000000e+02
1.243200000000000000e+04 -5.960000000000000000e+02 -1.367200000000000000e+04 -4.624000000000000000e+03 -6.500000000000000000e+01 -3.000000000000000000e+00
1.210400000000000000e+04 -2.400000000000000000e+02 -1.316400000000000000e+04 -4.624000000000000000e+03 -1.120000000000000000e+02 3.560000000000000000e+02
1.264800000000000000e+04 4.000000000000000000e+00 -1.310800000000000000e+04 -4.640000000000000000e+03 -1.430000000000000000e+02 3.880000000000000000e+02
1.300000000000000000e+04 3.200000000000000000e+01 -1.271600000000000000e+04 -4.624000000000000000e+03 -1.740000000000000000e+02 5.890000000000000000e+02
1.265200000000000000e+04 6.000000000000000000e+01 -1.234000000000000000e+04 -4.624000000000000000e+03 -2.260000000000000000e+02 8.340000000000000000e+02
1.251600000000000000e+04 -6.000000000000000000e+01 -1.230400000000000000e+04 -4.624000000000000000e+03 -3.080000000000000000e+02 9.940000000000000000e+02
1.271200000000000000e+04 -2.800000000000000000e+02 -1.253600000000000000e+04 -4.624000000000000000e+03 -3.490000000000000000e+02 1.119000000000000000e+03
1.311200000000000000e+04 1.200000000000000000e+01 -1.280000000000000000e+04 -4.656000000000000000e+03 -4.020000000000000000e+02 1.137000000000000000e+03
1.332000000000000000e+04 -3.880000000000000000e+02 -1.269600000000000000e+04 -4.608000000000000000e+03 -3.940000000000000000e+02 1.162000000000000000e+03
1.340000000000000000e+04 -3.280000000000000000e+02 -1.240000000000000000e+04 -4.624000000000000000e+03 -4.180000000000000000e+02 1.199000000000000000e+03
1.273200000000000000e+04 -2.480000000000000000e+02 -1.206000000000000000e+04 -4.624000000000000000e+03 -4.130000000000000000e+02 1.139000000000000000e+03
1.246400000000000000e+04 -4.000000000000000000e+00 -1.170400000000000000e+04 -4.672000000000000000e+03 -5.560000000000000000e+02 1.094000000000000000e+03
1.319200000000000000e+04 1.920000000000000000e+02 -1.202800000000000000e+04 -4.656000000000000000e+03 -5.550000000000000000e+02 8.220000000000000000e+02
1.256400000000000000e+04 4.800000000000000000e+01 -1.225600000000000000e+04 -4.656000000000000000e+03 -5.800000000000000000e+02 9.340000000000000000e+02
1.263200000000000000e+04 -1.720000000000000000e+02 -1.240800000000000000e+04 -4.608000000000000000e+03 -6.020000000000000000e+02 1.094000000000000000e+03
1.387200000000000000e+04 -3.280000000000000000e+02 -1.274400000000000000e+04 -4.640000000000000000e+03 -5.880000000000000000e+02 1.161000000000000000e+03
1.423200000000000000e+04 -2.920000000000000000e+02 -1.259200000000000000e+04 -4.608000000000000000e+03 -5.070000000000000000e+02 1.314000000000000000e+03
1.374800000000000000e+04 -3.480000000000000000e+02 -1.256000000000000000e+04 -4.624000000000000000e+03 -4.550000000000000000e+02 1.516000000000000000e+03
1.353200000000000000e+04 -3.080000000000000000e+02 -1.216400000000000000e+04 -4.608000000000000000e+03 -4.230000000000000000e+02 1.584000000000000000e+03
1.386000000000000000e+04 -1.040000000000000000e+02 -1.214400000000000000e+04 -4.624000000000000000e+03 -3.670000000000000000e+02 1.600000000000000000e+03
1.393600000000000000e+04 1.600000000000000000e+01 -1.193200000000000000e+04 -4.624000000000000000e+03 -3.090000000000000000e+02 1.443000000000000000e+03
1.384800000000000000e+04 1.200000000000000000e+01 -1.151200000000000000e+04 -4.624000000000000000e+03 -2.790000000000000000e+02 1.239000000000000000e+03
1.407200000000000000e+04 9.600000000000000000e+01 -1.177600000000000000e+04 -4.608000000000000000e+03 -2.380000000000000000e+02 9.670000000000000000e+02
1.404000000000000000e+04 8.000000000000000000e+01 -1.164800000000000000e+04 -4.624000000000000000e+03 -1.910000000000000000e+02 6.190000000000000000e+02
1.410400000000000000e+04 -1.000000000000000000e+02 -1.185200000000000000e+04 -4.640000000000000000e+03 -1.720000000000000000e+02 3.370000000000000000e+02
1.348000000000000000e+04 2.000000000000000000e+01 -1.140800000000000000e+04 -4.624000000000000000e+03 -1.240000000000000000e+02 2.230000000000000000e+02
1.370400000000000000e+04 1.080000000000000000e+02 -1.137200000000000000e+04 -4.656000000000000000e+03 -1.340000000000000000e+02 1.610000000000000000e+02
1.381600000000000000e+04 2.160000000000000000e+02 -1.136400000000000000e+04 -4.656000000000000000e+03 -1.270000000000000000e+02 1.200000000000000000e+02
1.364800000000000000e+04 2.480000000000000000e+02 -1.131200000000000000e+04 -4.608000000000000000e+03 -1.150000000000000000e+02 1.930000000000000000e+02
1.329600000000000000e+04 1.720000000000000000e+02 -1.082000000000000000e+04 -4.608000000000000000e+03 -1.250000000000000000e+02 2.700000000000000000e+02
1.250800000000000000e+04 1.840000000000000000e+02 -1.008000000000000000e+04 -4.656000000000000000e+03 -1.220000000000000000e+02 3.410000000000000000e+02
9.408000000000000000e+03 1.480000000000000000e+02 -8.148000000000000000e+03 -4.640000000000000000e+03 -1.180000000000000000e+02 5.640000000000000000e+02
6.908000000000000000e+03 1.800000000000000000e+02 -6.620000000000000000e+03 -4.640000000000000000e+03 -1.930000000000000000e+02 5.260000000000000000e+02
6.564000000000000000e+03 2.640000000000000000e+02 -6.056000000000000000e+03 -4.624000000000000000e+03 -3.270000000000000000e+02 4.200000000000000000e+02
1.245600000000000000e+04 4.560000000000000000e+02 -8.504000000000000000e+03 -4.592000000000000000e+03 -4.790000000000000000e+02 -7.000000000000000000e+01
1.982800000000000000e+04 -1.760000000000000000e+02 -1.391200000000000000e+04 -4.624000000000000000e+03 -5.190000000000000000e+02 -2.570000000000000000e+02
2.184800000000000000e+04 -8.920000000000000000e+02 -1.860000000000000000e+04 -4.624000000000000000e+03 -2.620000000000000000e+02 -5.550000000000000000e+02
2.358800000000000000e+04 -9.480000000000000000e+02 -2.038400000000000000e+04 -4.624000000000000000e+03 -2.220000000000000000e+02 7.010000000000000000e+02
3.136800000000000000e+04 -3.920000000000000000e+02 -2.202000000000000000e+04 -4.608000000000000000e+03 -3.500000000000000000e+01 -3.160000000000000000e+02
3.276700000000000000e+04 -6.160000000000000000e+02 -2.674000000000000000e+04 -4.624000000000000000e+03 4.800000000000000000e+01 -1.180000000000000000e+02
2.855600000000000000e+04 -2.084000000000000000e+03 -2.644400000000000000e+04 -4.640000000000000000e+03 4.520000000000000000e+02 -4.860000000000000000e+02
2.392800000000000000e+04 -1.452000000000000000e+03 -2.418400000000000000e+04 -4.624000000000000000e+03 4.670000000000000000e+02 -1.900000000000000000e+01
1.185600000000000000e+04 -1.012000000000000000e+03 -1.634400000000000000e+04 -4.624000000000000000e+03 6.660000000000000000e+02 5.020000000000000000e+02
8.060000000000000000e+03 -1.488000000000000000e+03 -1.307600000000000000e+04 -4.624000000000000000e+03 6.800000000000000000e+02 1.179000000000000000e+03
2.888000000000000000e+03 -1.016000000000000000e+03 -8.212000000000000000e+03 -4.656000000000000000e+03 5.100000000000000000e+02 1.305000000000000000e+03
3.460000000000000000e+03 -3.200000000000000000e+02 -5.576000000000000000e+03 -4.640000000000000000e+03 2.420000000000000000e+02 -6.060000000000000000e+02
2.692000000000000000e+03 5.680000000000000000e+02 -2.216000000000000000e+03 -4.640000000000000000e+03 1.006000000000000000e+03 -9.950000000000000000e+02
1.524000000000000000e+03 9.200000000000000000e+02 -2.320000000000000000e+02 -4.624000000000000000e+03 4.800000000000000000e+01 -2.760000000000000000e+02
1.948000000000000000e+03 3.440000000000000000e+02 -1.264000000000000000e+03 -4.624000000000000000e+03 -6.900000000000000000e+01 -1.300000000000000000e+02
1.596000000000000000e+03 7.200000000000000000e+02 -1.208000000000000000e+03 -4.640000000000000000e+03 -4.380000000000000000e+02 1.114000000000000000e+03
1.012000000000000000e+04 1.152000000000000000e+03 -9.232000000000000000e+03 -4.640000000000000000e+03 2.500000000000000000e+01 6.760000000000000000e+02
1.417600000000000000e+04 1.640000000000000000e+03 -6.836000000000000000e+03 -4.640000000000000000e+03 -1.357000000000000000e+03 2.720000000000000000e+02
1.778400000000000000e+04 2.144000000000000000e+03 -8.336000000000000000e+03 -4.624000000000000000e+03 -1.260000000000000000e+03 2.050000000000000000e+02
1.933600000000000000e+04 2.568000000000000000e+03 -9.908000000000000000e+03 -4.656000000000000000e+03 -1.104000000000000000e+03 1.077000000000000000e+03
1.409600000000000000e+04 8.840000000000000000e+02 -9.160000000000000000e+03 -4.624000000000000000e+03 -7.340000000000000000e+02 1.173000000000000000e+03
9.128000000000000000e+03 -5.840000000000000000e+02 -7.408000000000000000e+03 -4.640000000000000000e+03 -7.140000000000000000e+02 1.107000000000000000e+03
6.796000000000000000e+03 -5.400000000000000000e+02 -4.484000000000000000e+03 -4.624000000000000000e+03 -8.750000000000000000e+02 8.030000000000000000e+02
4.508000000000000000e+03 7.200000000000000000e+01 -2.936000000000000000e+03 -4.640000000000000000e+03 -4.800000000000000000e+02 6.890000000000000000e+02
4.496000000000000000e+03 -6.160000000000000000e+02 -5.140000000000000000e+03 -4.624000000000000000e+03 -3.830000000000000000e+02 1.375000000000000000e+03
5.588000000000000000e+03 -1.360000000000000000e+02 -5.700000000000000000e+03 -4.624000000000000000e+03 -9.510000000000000000e+02 1.769000000000000000e+03
1.080400000000000000e+04 2.280000000000000000e+02 -1.016800000000000000e+04 -4.640000000000000000e+03 -8.450000000000000000e+02 2.382000000000000000e+03
1.464800000000000000e+04 2.960000000000000000e+02 -1.074000000000000000e+04 -4.624000000000000000e+03 -8.790000000000000000e+02 2.468000000000000000e+03
1.830400000000000000e+04 1.640000000000000000e+02 -1.398400000000000000e+04 -4.640000000000000000e+03 -1.073000000000000000e+03 2.684000000000000000e+03
1.640400000000000000e+04 -9.600000000000000000e+01 -1.269600000000000000e+04 -4.624000000000000000e+03 -1.199000000000000000e+03 4.078000000000000000e+03
1.667200000000000000e+04 -1.440000000000000000e+02 -1.436400000000000000e+04 -4.640000000000000000e+03 -9.620000000000000000e+02 3.552000000000000000e+03
2.091200000000000000e+04 -5.200000000000000000e+02 -1.731200000000000000e+04 -4.640000000000000000e+03 -6.970000000000000000e+02 3.616000000000000000e+03
2.479600000000000000e+04 1.112000000000000000e+03 -1.481600000000000000e+04 -4.592000000000000000e+03 -1.112000000000000000e+03 3.029000000000000000e+03
2.323200000000000000e+04 1.152000000000000000e+03 -1.308400000000000000e+04 -4.624000000000000000e+03 -9.000000000000000000e+02 2.372000000000000000e+03
2.183200000000000000e+04 1.948000000000000000e+03 -1.284800000000000000e+04 -4.672000000000000000e+03 -5.530000000000000000e+02 1.450000000000000000e+03
2.956400000000000000e+04 4.488000000000000000e+03 -6.352000000000000000e+03 -4.592000000000000000e+03 -3.200000000000000000e+01 -9.300000000000000000e+01
1.870800000000000000e+04 4.960000000000000000e+02 -1.211200000000000000e+04 -4.624000000000000000e+03 1.280000000000000000e+02 4.400000000000000000e+02
1.316400000000000000e+04 -3.360000000000000000e+02 -1.111600000000000000e+04 -4.624000000000000000e+03 -6.230000000000000000e+02 1.154000000000000000e+03
1.258400000000000000e+04 1.280000000000000000e+02 -8.884000000000000000e+03 -4.624000000000000000e+03 -7.160000000000000000e+02 1.516000000000000000e+03
1.342400000000000000e+04 8.840000000000000000e+02 -7.188000000000000000e+03 -4.640000000000000000e+03 -4.790000000000000000e+02 1.337000000000000000e+03
1.572800000000000000e+04 1.000000000000000000e+03 -7.372000000000000000e+03 -4.624000000000000000e+03 -3.650000000000000000e+02 3.150000000000000000e+02
1.483200000000000000e+04 6.400000000000000000e+02 -7.960000000000000000e+03 -4.608000000000000000e+03 -3.250000000000000000e+02 1.185000000000000000e+03
1.411200000000000000e+04 3.120000000000000000e+02 -8.712000000000000000e+03 -4.640000000000000000e+03 -5.230000000000000000e+02 3.880000000000000000e+02
