-4.200000000000000000e+01 -1.807000000000000000e+03 3.056000000000000000e+03 -4.848000000000000000e+03 -7.200000000000000000e+01 -2.310000000000000000e+03
1.660400000000000000e+04 3.180000000000000000e+03 2.356000000000000000e+03 -4.864000000000000000e+03 -7.200000000000000000e+01 -2.116000000000000000e+03
1.672000000000000000e+04 3.192000000000000000e+03 2.536000000000000000e+03 -4.848000000000000000e+03 -5.200000000000000000e+01 -2.492000000000000000e+03
1.670400000000000000e+04 3.260000000000000000e+03 3.384000000000000000e+03 -4.864000000000000000e+03 -1.310000000000000000e+02 -2.005000000000000000e+03
1.575200000000000000e+04 2.980000000000000000e+03 3.232000000000000000e+03 -4.832000000000000000e+03 -1.660000000000000000e+02 -1.528000000000000000e+03
1.550000000000000000e+04 2.704000000000000000e+03 2.680000000000000000e+03 -4.832000000000000000e+03 -1.700000000000000000e+02 -1.142000000000000000e+03
1.565200000000000000e+04 2.512000000000000000e+03 2.652000000000000000e+03 -4.864000000000000000e+03 -1.930000000000000000e+02 -7.370000000000000000e+02
1.592800000000000000e+04 2.356000000000000000e+03 2.848000000000000000e+03 -4.848000000000000000e+03 -2.310000000000000000e+02 -3.790000000000000000e+02
1.592400000000000000e+04 2.336000000000000000e+03 2.732000000000000000e+03 -4.896000000000000000e+03 -2.720000000000000000e+02 -4.500000000000000000e+01
1.604800000000000000e+04 2.308000000000000000e+03 2.524000000000000000e+03 -4.848000000000000000e+03 -2.400000000000000000e+02 4.110000000000000000e+02
1.621600000000000000e+04 2.360000000000000000e+03 2.532000000000000000e+03 -4.848000000000000000e+03 -2.960000000000000000e+02 6.690000000000000000e+02
1.663600000000000000e+04 2.324000000000000000e+03 2.768000000000000000e+03 -4.832000000000000000e+03 -2.930000000000000000e+02 7.230000000000000000e+02
1.651600000000000000e+04 2.428000000000000000e+03 2.584000000000000000e+03 -4.832000000000000000e+03 -2.750000000000000000e+02 1.181000000000000000e+03
1.568800000000000000e+04 2.320000000000000000e+03 2.172000000000000000e+03 -4.880000000000000000e+03 -2.350000000000000000e+02 9.900000000000000000e+02
1.528800000000000000e+04 2.148000000000000000e+03 2.648000000000000000e+03 -4.864000000000000000e+03 -3.190000000000000000e+02 6.870000000000000000e+02
1.596000000000000000e+04 2.280000000000000000e+03 3.464000000000000000e+03 -4.816000000000000000e+03 -3.850000000000000000e+02 4.330000000000000000e+02
1.702800000000000000e+04 2.708000000000000000e+03 2.500000000000000000e+03 -4.848000000000000000e+03 -4.190000000000000000e+02 1.098000000000000000e+03
1.628800000000000000e+04 2.212000000000000000e+03 1.812000000000000000e+03 -4.816000000000000000e+03 -3.480000000000000000e+02 6.210000000000000000e+02
1.558800000000000000e+04 1.892000000000000000e+03 1.752000000000000000e+03 -4.832000000000000000e+03 -4.260000000000000000e+02 8.440000000000000000e+02
1.603200000000000000e+04 1.852000000000000000e+03 3.504000000000000000e+03 -4.896000000000000000e+03 -5.510000000000000000e+02 9.970000000000000000e+02
1.707600000000000000e+04 2.552000000000000000e+03 3.248000000000000000e+03 -4.816000000000000000e+03 -5.690000000000000000e+02 1.252000000000000000e+03
1.662000000000000000e+04 2.792000000000000000e+03 2.924000000000000000e+03 -4.864000000000000000e+03 -5.610000000000000000e+02 1.373000000000000000e+03
1.616800000000000000e+04 2.852000000000000000e+03 3.148000000000000000e+03 -4.832000000000000000e+03 -6.150000000000000000e+02 1.568000000000000000e+03
1.613200000000000000e+04 2.900000000000000000e+03 3.856000000000000000e+03 -4.816000000000000000e+03 -6.490000000000000000e+02 1.405000000000000000e+03
1.569600000000000000e+04 3.188000000000000000e+03 4.484000000000000000e+03 -4.880000000000000000e+03 -7.270000000000000000e+02 1.197000000000000000e+03
1.561200000000000000e+04 3.256000000000000000e+03 4.076000000000000000e+03 -4.864000000000000000e+03 -7.010000000000000000e+02 4.050000000000000000e+02
1.523200000000000000e+04 2.952000000000000000e+03 3.636000000000000000e+03 -4.848000000000000000e+03 -8.310000000000000000e+02 5.790000000000000000e+02
1.434400000000000000e+04 2.808000000000000000e+03 2.660000000000000000e+03 -4.848000000000000000e+03 -7.740000000000000000e+02 5.570000000000000000e+02
1.211200000000000000e+04 2.512000000000000000e+03 7.320000000000000000e+02 -4.832000000000000000e+03 -7.740000000000000000e+02 5.190000000000000000e+02
9.036000000000000000e+03 1.784000000000000000e+03 5.960000000000000000e+02 -4.816000000000000000e+03 -7.490000000000000000e+02 1.392000000000000000e+03
9.220000000000000000e+03 1.588000000000000000e+03 1.264000000000000000e+03 -4.848000000000000000e+03 -5.390000000000000000e+02 6.120000000000000000e+02
1.035200000000000000e+04 1.740000000000000000e+03 5.836000000000000000e+03 -4.816000000000000000e+03 -8.080000000000000000e+02 -2.530000000000000000e+02
1.474000000000000000e+04 3.268000000000000000e+03 6.716000000000000000e+03 -4.864000000000000000e+03 -8.920000000000000000e+02 -4.560000000000000000e+02
1.822000000000000000e+04 3.748000000000000000e+03 4.072000000000000000e+03 -4.816000000000000000e+03 -8.120000000000000000e+02 6.950000000000000000e+02
1.860800000000000000e+04 3.060000000000000000e+03 3.780000000000000000e+03 -4.864000000000000000e+03 -7.080000000000000000e+02 6.720000000000000000e+02
1.972400000000000000e+04 2.796000000000000000e+03 6.876000000000000000e+03 -4.816000000000000000e+03 -7.120000000000000000e+02 -1.447000000000000000e+03
2.258800000000000000e+04 3.392000000000000000e+03 9.328000000000000000e+03 -4.816000000000000000e+03 -7.670000000000000000e+02 -1.331000000000000000e+03
2.784800000000000000e+04 4.572000000000000000e+03 8.464000000000000000e+03 -4.848000000000000000e+03 -4.180000000000000000e+02 -1.996000000000000000e+03
3.011200000000000000e+04 4.448000000000000000e+03 8.752000000000000000e+03 -4.848000000000000000e+03 -3.510000000000000000e+02 -2.972000000000000000e+03
3.028400000000000000e+04 4.228000000000000000e+03 8.868000000000000000e+03 -4.880000000000000000e+03 -3.530000000000000000e+02 -3.053000000000000000e+03
3.221600000000000000e+04 4.408000000000000000e+03 4.696000000000000000e+03 -4.848000000000000000e+03 -4.000000000000000000e+01 -3.756000000000000000e+03
3.145600000000000000e+04 4.316000000000000000e+03 4.452000000000000000e+03 -4.832000000000000000e+03 -2.050000000000000000e+02 -3.044000000000000000e+03
2.656800000000000000e+04 3.880000000000000000e+03 7.600000000000000000e+02 -4.848000000000000000e+03 -5.200000000000000000e+01 -2.070000000000000000e+03
2.174000000000000000e+04 3.036000000000000000e+03 -2.372000000000000000e+03 -4.816000000000000000e+03 2.000000000000000000e+01 -2.162000000000000000e+03
1.442400000000000000e+04 2.220000000000000000e+03 -3.440000000000000000e+03 -4.848000000000000000e+03 1.230000000000000000e+02 -2.250000000000000000e+03
9.620000000000000000e+03 1.276000000000000000e+03 -2.520000000000000000e+03 -4.816000000000000000e+03 1.840000000000000000e+02 -1.898000000000000000e+03
5.760000000000000000e+03 6.800000000000000000e+02 -2.196000000000000000e+03 -4.832000000000000000e+03 2.370000000000000000e+02 -3.425000000000000000e+03
3.488000000000000000e+03 3.560000000000000000e+02 -1.600000000000000000e+03 -4.816000000000000000e+03 3.060000000000000000e+02 -4.573000000000000000e+03
1.640000000000000000e+03 -5.200000000000000000e+01 -6.720000000000000000e+02 -4.880000000000000000e+03 3.850000000000000000e+02 -2.940000000000000000e+03
1.236000000000000000e+03 -2.800000000000000000e+02 -9.480000000000000000e+02 -4.848000000000000000e+03 2.500000000000000000e+01 -4.030000000000000000e+02
3.260000000000000000e+03 -2.160000000000000000e+02 -1.856000000000000000e+03 -4.832000000000000000e+03 3.370000000000000000e+02 -1.399000000000000000e+03
9.528000000000000000e+03 1.720000000000000000e+03 3.856000000000000000e+03 -4.816000000000000000e+03 1.470000000000000000e+02 -9.800000000000000000e+02
8.660000000000000000e+03 2.304000000000000000e+03 2.720000000000000000e+03 -4.848000000000000000e+03 2.150000000000000000e+02 -1.834000000000000000e+03
1.524800000000000000e+04 3.380000000000000000e+03 2.804000000000000000e+03 -4.848000000000000000e+03 1.460000000000000000e+02 -5.920000000000000000e+02
1.630400000000000000e+04 4.076000000000000000e+03 1.784000000000000000e+03 -4.848000000000000000e+03 3.030000000000000000e+02 -2.309000000000000000e+03
1.626000000000000000e+04 4.080000000000000000e+03 7.400000000000000000e+02 -4.832000000000000000e+03 -8.300000000000000000e+01 4.330000000000000000e+02
1.947200000000000000e+04 3.368000000000000000e+03 2.144000000000000000e+03 -4.816000000000000000e+03 -1.000000000000000000e+00 1.460000000000000000e+02
1.888800000000000000e+04 3.708000000000000000e+03 6.160000000000000000e+02 -4.848000000000000000e+03 -6.000000000000000000e+00 1.200000000000000000e+01
1.936400000000000000e+04 3.548000000000000000e+03 7.480000000000000000e+02 -4.848000000000000000e+03 -5.400000000000000000e+01 3.200000000000000000e+02
1.841600000000000000e+04 3.024000000000000000e+03 2.360000000000000000e+02 -4.848000000000000000e+03 -1.890000000000000000e+02 8.000000000000000000e+02
1.355200000000000000e+04 1.876000000000000000e+03 -5.520000000000000000e+02 -4.816000000000000000e+03 -1.560000000000000000e+02 -1.700000000000000000e+01
9.428000000000000000e+03 1.816000000000000000e+03 -6.840000000000000000e+02 -4.832000000000000000e+03 -1.050000000000000000e+02 6.700000000000000000e+02
6.676000000000000000e+03 2.172000000000000000e+03 -2.524000000000000000e+03 -4.896000000000000000e+03 -1.020000000000000000e+02 1.105000000000000000e+03
8.188000000000000000e+03 2.476000000000000000e+03 -1.056000000000000000e+03 -4.832000000000000000e+03 -6.100000000000000000e+01 1.479000000000000000e+03
1.112800000000000000e+04 3.076000000000000000e+03 -8.360000000000000000e+02 -4.832000000000000000e+03 -2.170000000000000000e+02 1.561000000000000000e+03
1.057600000000000000e+04 1.648000000000000000e+03 -3.300000000000000000e+03 -4.864000000000000000e+03 -4.420000000000000000e+02 1.226000000000000000e+03
1.507200000000000000e+04 1.380000000000000000e+03 -5.560000000000000000e+02 -4.848000000000000000e+03 -1.340000000000000000e+02 2.104000000000000000e+03
1.778400000000000000e+04 2.504000000000000000e+03 1.620000000000000000e+03 -4.848000000000000000e+03 7.200000000000000000e+01 2.080000000000000000e+03
1.750800000000000000e+04 2.424000000000000000e+03 -4.000000000000000000e+00 -4.848000000000000000e+03 -2.850000000000000000e+02 3.036000000000000000e+03
1.738800000000000000e+04 1.236000000000000000e+03 -3.040000000000000000e+02 -4.848000000000000000e+03 -5.520000000000000000e+02 3.547000000000000000e+03
1.808800000000000000e+04 1.432000000000000000e+03 -1.444000000000000000e+03 -4.848000000000000000e+03 -9.530000000000000000e+02 2.459000000000000000e+03
1.860800000000000000e+04 6.360000000000000000e+02 1.144000000000000000e+03 -4.864000000000000000e+03 -3.390000000000000000e+02 2.412000000000000000e+03
2.078000000000000000e+04 2.388000000000000000e+03 2.968000000000000000e+03 -4.832000000000000000e+03 -1.510000000000000000e+02 1.504000000000000000e+03
2.065600000000000000e+04 3.552000000000000000e+03 1.664000000000000000e+03 -4.848000000000000000e+03 -2.850000000000000000e+02 1.823000000000000000e+03
2.221600000000000000e+04 2.832000000000000000e+03 1.276000000000000000e+03 -4.832000000000000000e+03 -8.430000000000000000e+02 1.501000000000000000e+03
2.062000000000000000e+04 1.788000000000000000e+03 2.872000000000000000e+03 -4.832000000000000000e+03 -1.560000000000000000e+02 1.693000000000000000e+03
2.066400000000000000e+04 2.844000000000000000e+03 1.042800000000000000e+04 -4.864000000000000000e+03 -5.060000000000000000e+02 7.500000000000000000e+01
2.400000000000000000e+04 5.664000000000000000e+03 5.804000000000000000e+03 -4.896000000000000000e+03 -4.650000000000000000e+02 -5.750000000000000000e+02
1.966400000000000000e+04 2.868000000000000000e+03 4.240000000000000000e+02 -4.864000000000000000e+03 -3.470000000000000000e+02 -7.360000000000000000e+02
1.536800000000000000e+04 1.384000000000000000e+03 1.432000000000000000e+03 -4.848000000000000000e+03 -9.600000000000000000e+01 -1.440000000000000000e+02
1.382400000000000000e+04 1.324000000000000000e+03 1.688000000000000000e+03 -4.816000000000000000e+03 -1.010000000000000000e+02 -8.480000000000000000e+02
1.583600000000000000e+04 1.580000000000000000e+03 4.920000000000000000e+03 -4.848000000000000000e+03 -3.310000000000000000e+02 -1.918000000000000000e+03
