-1.976000000000000000e+03 1.360000000000000000e+03 1.457200000000000000e+04 -4.592000000000000000e+03 2.300000000000000000e+02 9.260000000000000000e+02
-1.868000000000000000e+03 1.608000000000000000e+03 1.457200000000000000e+04 -4.624000000000000000e+03 1.850000000000000000e+02 7.010000000000000000e+02
-2.172000000000000000e+03 1.600000000000000000e+03 1.492000000000000000e+04 -4.640000000000000000e+03 1.090000000000000000e+02 5.240000000000000000e+02
-2.152000000000000000e+03 1.684000000000000000e+03 1.512400000000000000e+04 -4.656000000000000000e+03 5.200000000000000000e+01 -1.130000000000000000e+02
-2.624000000000000000e+03 1.584000000000000000e+03 1.534800000000000000e+04 -4.624000000000000000e+03 3.000000000000000000e+00 -3.850000000000000000e+02
-2.476000000000000000e+03 1.876000000000000000e+03 1.472800000000000000e+04 -4.624000000000000000e+03 -6.500000000000000000e+01 -4.960000000000000000e+02
-2.296000000000000000e+03 1.760000000000000000e+03 1.421600000000000000e+04 -4.608000000000000000e+03 -3.300000000000000000e+01 -7.180000000000000000e+02
-2.044000000000000000e+03 1.772000000000000000e+03 1.421600000000000000e+04 -4.592000000000000000e+03 5.100000000000000000e+01 -8.620000000000000000e+02
-1.856000000000000000e+03 1.912000000000000000e+03 1.499200000000000000e+04 -4.592000000000000000e+03 -1.800000000000000000e+01 -8.610000000000000000e+02
-2.044000000000000000e+03 2.248000000000000000e+03 1.467200000000000000e+04 -4.640000000000000000e+03 -5.400000000000000000e+01 -9.700000000000000000e+02
-1.248000000000000000e+03 2.284000000000000000e+03 1.433200000000000000e+04 -4.640000000000000000e+03 -2.500000000000000000e+01 -9.480000000000000000e+02
-1.292000000000000000e+03 2.084000000000000000e+03 1.419600000000000000e+04 -4.592000000000000000e+03 -9.500000000000000000e+01 -7.260000000000000000e+02
-1.164000000000000000e+03 1.980000000000000000e+03 1.413200000000000000e+04 -4.624000000000000000e+03 -4.500000000000000000e+01 -6.740000000000000000e+02
-1.056000000000000000e+03 1.788000000000000000e+03 1.496400000000000000e+04 -4.592000000000000000e+03 -1.620000000000000000e+02 -1.270000000000000000e+02
-1.492000000000000000e+03 1.932000000000000000e+03 1.494400000000000000e+04 -4.592000000000000000e+03 -2.390000000000000000e+02 1.160000000000000000e+02
-1.152000000000000000e+03 2.048000000000000000e+03 1.468400000000000000e+04 -4.640000000000000000e+03 -3.690000000000000000e+02 5.150000000000000000e+02
-1.356000000000000000e+03 1.948000000000000000e+03 1.449200000000000000e+04 -4.624000000000000000e+03 -4.830000000000000000e+02 8.560000000000000000e+02
-1.180000000000000000e+03 1.992000000000000000e+03 1.463200000000000000e+04 -4.624000000000000000e+03 -6.110000000000000000e+02 1.313000000000000000e+03
-1.488000000000000000e+03 2.036000000000000000e+03 1.438400000000000000e+04 -4.592000000000000000e+03 -6.370000000000000000e+02 1.465000000000000000e+03
-1.664000000000000000e+03 1.728000000000000000e+03 1.480400000000000000e+04 -4.592000000000000000e+03 -7.320000000000000000e+02 1.725000000000000000e+03
-2.068000000000000000e+03 1.748000000000000000e+03 1.448000000000000000e+04 -4.608000000000000000e+03 -7.310000000000000000e+02 1.830000000000000000e+03
-2.060000000000000000e+03 1.740000000000000000e+03 1.455200000000000000e+04 -4.608000000000000000e+03 -7.500000000000000000e+02 1.878000000000000000e+03
-2.052000000000000000e+03 1.708000000000000000e+03 1.438400000000000000e+04 -4.608000000000000000e+03 -6.730000000000000000e+02 2.000000000000000000e+03
-2.024000000000000000e+03 1.740000000000000000e+03 1.435600000000000000e+04 -4.544000000000000000e+03 -6.320000000000000000e+02 1.703000000000000000e+03
-2.032000000000000000e+03 1.692000000000000000e+03 1.441200000000000000e+04 -4.560000000000000000e+03 -6.220000000000000000e+02 1.518000000000000000e+03
-1.928000000000000000e+03 1.660000000000000000e+03 1.368800000000000000e+04 -4.624000000000000000e+03 -5.600000000000000000e+02 1.408000000000000000e+03
-1.908000000000000000e+03 1.680000000000000000e+03 1.366800000000000000e+04 -4.624000000000000000e+03 -4.640000000000000000e+02 1.092000000000000000e+03
-2.400000000000000000e+03 1.584000000000000000e+03 1.386000000000000000e+04 -4.576000000000000000e+03 -3.270000000000000000e+02 8.200000000000000000e+02
-2.624000000000000000e+03 1.380000000000000000e+03 1.365200000000000000e+04 -4.624000000000000000e+03 -2.550000000000000000e+02 4.780000000000000000e+02
-2.960000000000000000e+03 1.356000000000000000e+03 1.359200000000000000e+04 -4.608000000000000000e+03 -1.790000000000000000e+02 2.110000000000000000e+02
-2.788000000000000000e+03 1.448000000000000000e+03 1.335200000000000000e+04 -4.608000000000000000e+03 -2.720000000000000000e+02 -2.070000000000000000e+02
-2.996000000000000000e+03 1.376000000000000000e+03 9.380000000000000000e+03 -4.624000000000000000e+03 -4.170000000000000000e+02 -5.430000000000000000e+02
-1.156000000000000000e+03 7.400000000000000000e+02 6.272000000000000000e+03 -4.608000000000000000e+03 -2.300000000000000000e+02 -2.870000000000000000e+02
6.200000000000000000e+02 2.840000000000000000e+02 6.732000000000000000e+03 -4.608000000000000000e+03 -2.030000000000000000e+02 1.525000000000000000e+03
-4.360000000000000000e+02 3.320000000000000000e+02 1.052000000000000000e+04 -4.640000000000000000e+03 1.370000000000000000e+02 -7.490000000000000000e+02
-3.504000000000000000e+03 6.120000000000000000e+02 1.534800000000000000e+04 -4.640000000000000000e+03 2.130000000000000000e+02 -1.485000000000000000e+03
-4.332000000000000000e+03 1.540000000000000000e+03 2.202800000000000000e+04 -4.640000000000000000e+03 1.630000000000000000e+02 -6.390000000000000000e+02
-3.752000000000000000e+03 2.892000000000000000e+03 2.538800000000000000e+04 -4.592000000000000000e+03 8.000000000000000000e+01 -7.570000000000000000e+02
-4.596000000000000000e+03 3.252000000000000000e+03 2.845600000000000000e+04 -4.576000000000000000e+03 1.160000000000000000e+02 -1.227000000000000000e+03
-6.256000000000000000e+03 3.368000000000000000e+03 3.258400000000000000e+04 -4.608000000000000000e+03 1.610000000000000000e+02 -2.136000000000000000e+03
-6.664000000000000000e+03 3.952000000000000000e+03 3.145200000000000000e+04 -4.592000000000000000e+03 -1.420000000000000000e+02 -2.776000000000000000e+03
-4.244000000000000000e+03 3.796000000000000000e+03 2.784800000000000000e+04 -4.592000000000000000e+03 -4.790000000000000000e+02 -2.599000000000000000e+03
3.880000000000000000e+02 4.504000000000000000e+03 2.667200000000000000e+04 -4.592000000000000000e+03 5.300000000000000000e+01 -2.287000000000000000e+03
-2.844000000000000000e+03 2.980000000000000000e+03 2.034400000000000000e+04 -4.608000000000000000e+03 -6.070000000000000000e+02 -2.065000000000000000e+03
5.360000000000000000e+02 2.560000000000000000e+03 1.383200000000000000e+04 -4.624000000000000000e+03 -7.210000000000000000e+02 -2.465000000000000000e+03
2.016000000000000000e+03 2.416000000000000000e+03 9.056000000000000000e+03 -4.608000000000000000e+03 -7.740000000000000000e+02 -1.536000000000000000e+03
2.228000000000000000e+03 1.820000000000000000e+03 7.620000000000000000e+03 -4.592000000000000000e+03 -7.250000000000000000e+02 -1.602000000000000000e+03
1.360000000000000000e+02 1.060000000000000000e+03 6.888000000000000000e+03 -4.624000000000000000e+03 -6.580000000000000000e+02 -1.832000000000000000e+03
-5.680000000000000000e+02 5.240000000000000000e+02 5.736000000000000000e+03 -4.592000000000000000e+03 -6.470000000000000000e+02 -1.505000000000000000e+03
2.080000000000000000e+02 6.200000000000000000e+02 6.136000000000000000e+03 -4.624000000000000000e+03 -7.030000000000000000e+02 -1.919000000000000000e+03
-4.160000000000000000e+02 5.680000000000000000e+02 4.048000000000000000e+03 -4.624000000000000000e+03 -8.760000000000000000e+02 -1.599000000000000000e+03
-1.512000000000000000e+03 9.600000000000000000e+01 3.044000000000000000e+03 -4.624000000000000000e+03 -7.350000000000000000e+02 -2.662000000000000000e+03
-2.196000000000000000e+03 4.800000000000000000e+01 5.200000000000000000e+02 -4.624000000000000000e+03 -5.700000000000000000e+02 -3.428000000000000000e+03
-1.560000000000000000e+02 -8.400000000000000000e+01 -1.604000000000000000e+03 -4.640000000000000000e+03 -4.920000000000000000e+02 4.550000000000000000e+02
7.080000000000000000e+02 -2.600000000000000000e+02 2.928000000000000000e+03 -4.592000000000000000e+03 -1.320000000000000000e+02 -1.218000000000000000e+03
-2.040000000000000000e+03 -3.920000000000000000e+02 6.136000000000000000e+03 -4.624000000000000000e+03 3.100000000000000000e+01 -2.101000000000000000e+03
2.176000000000000000e+03 1.248000000000000000e+03 1.121600000000000000e+04 -4.640000000000000000e+03 3.090000000000000000e+02 -1.853000000000000000e+03
-2.572000000000000000e+03 5.560000000000000000e+02 7.504000000000000000e+03 -4.656000000000000000e+03 -4.900000000000000000e+01 -4.450000000000000000e+02
2.552000000000000000e+03 3.200000000000000000e+02 1.334800000000000000e+04 -4.640000000000000000e+03 -1.340000000000000000e+02 -2.553000000000000000e+03
4.200000000000000000e+02 1.884000000000000000e+03 1.202000000000000000e+04 -4.624000000000000000e+03 7.200000000000000000e+01 -9.460000000000000000e+02
1.692000000000000000e+03 1.520000000000000000e+03 1.184400000000000000e+04 -4.592000000000000000e+03 3.420000000000000000e+02 -1.505000000000000000e+03
2.196000000000000000e+03 1.720000000000000000e+03 1.120400000000000000e+04 -4.592000000000000000e+03 3.410000000000000000e+02 -9.050000000000000000e+02
2.800000000000000000e+03 5.280000000000000000e+02 1.288400000000000000e+04 -4.624000000000000000e+03 1.330000000000000000e+02 -7.880000000000000000e+02
2.864000000000000000e+03 1.664000000000000000e+03 1.508000000000000000e+04 -4.624000000000000000e+03 5.460000000000000000e+02 -1.138000000000000000e+03
3.056000000000000000e+03 2.576000000000000000e+03 1.620800000000000000e+04 -4.624000000000000000e+03 7.310000000000000000e+02 -1.967000000000000000e+03
4.096000000000000000e+03 2.672000000000000000e+03 1.875200000000000000e+04 -4.624000000000000000e+03 9.780000000000000000e+02 -1.210000000000000000e+03
4.040000000000000000e+03 2.636000000000000000e+03 2.065600000000000000e+04 -4.640000000000000000e+03 6.740000000000000000e+02 -1.252000000000000000e+03
4.808000000000000000e+03 2.816000000000000000e+03 2.381200000000000000e+04 -4.640000000000000000e+03 8.010000000000000000e+02 -1.010000000000000000e+03
5.148000000000000000e+03 3.548000000000000000e+03 2.473200000000000000e+04 -4.624000000000000000e+03 5.090000000000000000e+02 -1.041000000000000000e+03
4.140000000000000000e+03 3.456000000000000000e+03 2.962000000000000000e+04 -4.624000000000000000e+03 1.291000000000000000e+03 -1.458000000000000000e+03
-4.240000000000000000e+02 4.204000000000000000e+03 1.917600000000000000e+04 -4.624000000000000000e+03 3.210000000000000000e+02 -2.683000000000000000e+03
4.148000000000000000e+03 3.160000000000000000e+03 1.689600000000000000e+04 -4.624000000000000000e+03 5.210000000000000000e+02 -8.600000000000000000e+01
4.404000000000000000e+03 3.340000000000000000e+03 1.774000000000000000e+04 -4.624000000000000000e+03 4.470000000000000000e+02 3.620000000000000000e+02
1.472000000000000000e+03 2.556000000000000000e+03 1.603600000000000000e+04 -4.624000000000000000e+03 2.290000000000000000e+02 6.350000000000000000e+02
3.360000000000000000e+02 1.820000000000000000e+03 1.398000000000000000e+04 -4.608000000000000000e+03 3.640000000000000000e+02 4.400000000000000000e+02
2.368000000000000000e+03 2.120000000000000000e+03 1.353600000000000000e+04 -4.608000000000000000e+03 -2.000000000000000000e+00 8.620000000000000000e+02
1.844000000000000000e+03 2.072000000000000000e+03 1.098400000000000000e+04 -4.592000000000000000e+03 -1.290000000000000000e+02 1.330000000000000000e+03
6.240000000000000000e+02 1.604000000000000000e+03 8.888000000000000000e+03 -4.640000000000000000e+03 -1.600000000000000000e+01 6.140000000000000000e+02
2.416000000000000000e+03 1.840000000000000000e+03 9.244000000000000000e+03 -4.624000000000000000e+03 8.800000000000000000e+01 1.151000000000000000e+03
2.760000000000000000e+03 1.952000000000000000e+03 1.069200000000000000e+04 -4.624000000000000000e+03 -4.100000000000000000e+01 1.487000000000000000e+03
3.556000000000000000e+03 2.264000000000000000e+03 1.379200000000000000e+04 -4.576000000000000000e+03 4.000000000000000000e+01 2.967000000000000000e+03
2.528000000000000000e+03 2.152000000000000000e+03 1.856400000000000000e+04 -4.624000000000000000e+03 -1.900000000000000000e+02 1.964000000000000000e+03
9.560000000000000000e+02 2.800000000000000000e+03 2.417600000000000000e+04 -4.592000000000000000e+03 -7.470000000000000000e+02 1.265000000000000000e+03
3.248000000000000000e+03 4.532000000000000000e+03 1.682000000000000000e+04 -4.624000000000000000e+03 -8.900000000000000000e+02 1.222000000000000000e+03
