-5.080000000000000000e+02 2.124000000000000000e+03 1.345200000000000000e+04 -4.640000000000000000e+03 -1.360000000000000000e+02 5.990000000000000000e+02
-1.876000000000000000e+03 2.116000000000000000e+03 1.494400000000000000e+04 -4.608000000000000000e+03 -3.800000000000000000e+01 4.340000000000000000e+02
-1.032000000000000000e+03 2.128000000000000000e+03 1.444000000000000000e+04 -4.624000000000000000e+03 -2.000000000000000000e+00 4.970000000000000000e+02
-1.148000000000000000e+03 1.980000000000000000e+03 1.452800000000000000e+04 -4.608000000000000000e+03 -5.700000000000000000e+01 9.130000000000000000e+02
-1.200000000000000000e+03 1.804000000000000000e+03 1.434800000000000000e+04 -4.608000000000000000e+03 -1.180000000000000000e+02 8.010000000000000000e+02
-1.156000000000000000e+03 1.616000000000000000e+03 1.435600000000000000e+04 -4.608000000000000000e+03 -1.600000000000000000e+02 8.950000000000000000e+02
-1.400000000000000000e+03 1.820000000000000000e+03 1.464000000000000000e+04 -4.624000000000000000e+03 -2.100000000000000000e+02 9.560000000000000000e+02
-1.616000000000000000e+03 2.080000000000000000e+03 1.488000000000000000e+04 -4.640000000000000000e+03 -2.950000000000000000e+02 9.340000000000000000e+02
-1.428000000000000000e+03 2.028000000000000000e+03 1.477600000000000000e+04 -4.592000000000000000e+03 -2.990000000000000000e+02 7.350000000000000000e+02
-1.412000000000000000e+03 1.808000000000000000e+03 1.472400000000000000e+04 -4.624000000000000000e+03 -3.340000000000000000e+02 8.980000000000000000e+02
-1.484000000000000000e+03 1.712000000000000000e+03 1.440400000000000000e+04 -4.608000000000000000e+03 -2.690000000000000000e+02 6.770000000000000000e+02
-1.596000000000000000e+03 1.904000000000000000e+03 1.430400000000000000e+04 -4.624000000000000000e+03 -2.390000000000000000e+02 6.310000000000000000e+02
-1.756000000000000000e+03 2.000000000000000000e+03 1.439600000000000000e+04 -4.592000000000000000e+03 -2.330000000000000000e+02 4.740000000000000000e+02
-1.776000000000000000e+03 1.840000000000000000e+03 1.436000000000000000e+04 -4.640000000000000000e+03 -1.960000000000000000e+02 3.780000000000000000e+02
-1.556000000000000000e+03 1.840000000000000000e+03 1.457600000000000000e+04 -4.624000000000000000e+03 -1.730000000000000000e+02 2.410000000000000000e+02
-1.568000000000000000e+03 1.752000000000000000e+03 1.476000000000000000e+04 -4.624000000000000000e+03 -2.140000000000000000e+02 1.700000000000000000e+02
-1.588000000000000000e+03 1.724000000000000000e+03 1.490800000000000000e+04 -4.608000000000000000e+03 -2.410000000000000000e+02 1.620000000000000000e+02
-1.608000000000000000e+03 1.568000000000000000e+03 1.471600000000000000e+04 -4.624000000000000000e+03 -3.460000000000000000e+02 2.730000000000000000e+02
-1.608000000000000000e+03 1.636000000000000000e+03 1.420000000000000000e+04 -4.640000000000000000e+03 -3.340000000000000000e+02 2.140000000000000000e+02
-1.948000000000000000e+03 1.716000000000000000e+03 1.460000000000000000e+04 -4.640000000000000000e+03 -2.850000000000000000e+02 4.700000000000000000e+02
-2.200000000000000000e+03 1.612000000000000000e+03 1.465200000000000000e+04 -4.624000000000000000e+03 -2.730000000000000000e+02 6.640000000000000000e+02
-2.328000000000000000e+03 1.568000000000000000e+03 1.464800000000000000e+04 -4.608000000000000000e+03 -3.490000000000000000e+02 8.700000000000000000e+02
-2.068000000000000000e+03 1.592000000000000000e+03 1.399600000000000000e+04 -4.624000000000000000e+03 -3.640000000000000000e+02 9.800000000000000000e+02
-1.652000000000000000e+03 1.008000000000000000e+03 1.176800000000000000e+04 -4.624000000000000000e+03 -4.770000000000000000e+02 1.140000000000000000e+03
-6.040000000000000000e+02 6.880000000000000000e+02 8.756000000000000000e+03 -4.656000000000000000e+03 -4.560000000000000000e+02 1.353000000000000000e+03
-6.360000000000000000e+02 6.640000000000000000e+02 7.060000000000000000e+03 -4.592000000000000000e+03 -2.200000000000000000e+02 1.647000000000000000e+03
-1.644000000000000000e+03 1.132000000000000000e+03 8.652000000000000000e+03 -4.640000000000000000e+03 -1.900000000000000000e+01 1.893000000000000000e+03
-2.644000000000000000e+03 1.244000000000000000e+03 1.133200000000000000e+04 -4.608000000000000000e+03 1.230000000000000000e+02 1.955000000000000000e+03
-2.920000000000000000e+03 1.796000000000000000e+03 1.598800000000000000e+04 -4.608000000000000000e+03 1.600000000000000000e+02 1.594000000000000000e+03
-2.456000000000000000e+03 1.876000000000000000e+03 1.638800000000000000e+04 -4.608000000000000000e+03 1.610000000000000000e+02 1.859000000000000000e+03
-5.312000000000000000e+03 2.472000000000000000e+03 1.993200000000000000e+04 -4.592000000000000000e+03 2.340000000000000000e+02 1.087000000000000000e+03
-5.624000000000000000e+03 2.920000000000000000e+03 2.275200000000000000e+04 -4.592000000000000000e+03 3.140000000000000000e+02 7.770000000000000000e+02
-6.424000000000000000e+03 3.340000000000000000e+03 2.704400000000000000e+04 -4.608000000000000000e+03 4.120000000000000000e+02 1.480000000000000000e+02
-7.188000000000000000e+03 3.876000000000000000e+03 3.181600000000000000e+04 -4.640000000000000000e+03 1.610000000000000000e+02 -8.630000000000000000e+02
-5.568000000000000000e+03 4.604000000000000000e+03 3.276700000000000000e+04 -4.608000000000000000e+03 -2.210000000000000000e+02 -1.446000000000000000e+03
-2.292000000000000000e+03 4.592000000000000000e+03 2.806000000000000000e+04 -4.608000000000000000e+03 -8.310000000000000000e+02 -1.379000000000000000e+03
-4.820000000000000000e+03 3.140000000000000000e+03 2.537600000000000000e+04 -4.592000000000000000e+03 -5.340000000000000000e+02 -1.645000000000000000e+03
-2.856000000000000000e+03 2.332000000000000000e+03 1.924400000000000000e+04 -4.640000000000000000e+03 -1.099000000000000000e+03 -2.704000000000000000e+03
4.120000000000000000e+02 1.664000000000000000e+03 1.285600000000000000e+04 -4.576000000000000000e+03 -1.339000000000000000e+03 8.000000000000000000e+00
1.556000000000000000e+03 1.400000000000000000e+03 1.035600000000000000e+04 -4.592000000000000000e+03 -1.295000000000000000e+03 -1.558000000000000000e+03
1.732000000000000000e+03 7.880000000000000000e+02 6.500000000000000000e+03 -4.608000000000000000e+03 -1.499000000000000000e+03 -3.520000000000000000e+02
-8.520000000000000000e+02 1.680000000000000000e+02 8.768000000000000000e+03 -4.640000000000000000e+03 -1.306000000000000000e+03 -2.057000000000000000e+03
-7.360000000000000000e+02 1.280000000000000000e+02 7.304000000000000000e+03 -4.592000000000000000e+03 -1.265000000000000000e+03 -1.899000000000000000e+03
-8.280000000000000000e+02 -4.520000000000000000e+02 7.436000000000000000e+03 -4.608000000000000000e+03 -1.073000000000000000e+03 -2.009000000000000000e+03
-1.168000000000000000e+03 6.240000000000000000e+02 4.840000000000000000e+03 -4.624000000000000000e+03 -1.239000000000000000e+03 -1.941000000000000000e+03
-9.640000000000000000e+02 -8.252000000000000000e+03 4.484000000000000000e+03 -4.608000000000000000e+03 -1.289000000000000000e+03 -2.295000000000000000e+03
-1.304000000000000000e+03 5.520000000000000000e+02 -1.072000000000000000e+03 -4.608000000000000000e+03 -3.640000000000000000e+02 -1.828000000000000000e+03
-1.808000000000000000e+03 -7.080000000000000000e+02 1.196000000000000000e+03 -4.640000000000000000e+03 -2.600000000000000000e+01 -7.840000000000000000e+02
-8.760000000000000000e+02 9.680000000000000000e+02 6.828000000000000000e+03 -4.656000000000000000e+03 4.080000000000000000e+02 -1.441000000000000000e+03
-1.400000000000000000e+03 -1.256000000000000000e+03 8.872000000000000000e+03 -4.624000000000000000e+03 4.000000000000000000e+01 -1.895000000000000000e+03
-1.952000000000000000e+03 3.160000000000000000e+02 1.086800000000000000e+04 -4.640000000000000000e+03 4.750000000000000000e+02 -1.412000000000000000e+03
-2.464000000000000000e+03 1.136000000000000000e+03 1.190000000000000000e+04 -4.624000000000000000e+03 4.460000000000000000e+02 -1.897000000000000000e+03
1.880000000000000000e+02 1.572000000000000000e+03 9.384000000000000000e+03 -4.656000000000000000e+03 8.070000000000000000e+02 -6.680000000000000000e+02
6.600000000000000000e+02 2.212000000000000000e+03 1.108400000000000000e+04 -4.576000000000000000e+03 1.121000000000000000e+03 -1.271000000000000000e+03
1.632000000000000000e+03 2.256000000000000000e+03 1.298800000000000000e+04 -4.608000000000000000e+03 1.194000000000000000e+03 -5.920000000000000000e+02
2.216000000000000000e+03 2.132000000000000000e+03 1.343200000000000000e+04 -4.656000000000000000e+03 1.198000000000000000e+03 -8.630000000000000000e+02
2.248000000000000000e+03 1.768000000000000000e+03 1.437200000000000000e+04 -4.624000000000000000e+03 1.006000000000000000e+03 -9.200000000000000000e+01
3.192000000000000000e+03 2.176000000000000000e+03 1.522800000000000000e+04 -4.624000000000000000e+03 7.560000000000000000e+02 -1.196000000000000000e+03
1.096000000000000000e+03 2.864000000000000000e+03 1.885200000000000000e+04 -4.624000000000000000e+03 8.340000000000000000e+02 -3.390000000000000000e+02
5.360000000000000000e+02 2.060000000000000000e+03 1.557200000000000000e+04 -4.640000000000000000e+03 7.300000000000000000e+02 1.021000000000000000e+03
-1.092000000000000000e+03 1.940000000000000000e+03 1.705200000000000000e+04 -4.608000000000000000e+03 5.600000000000000000e+02 1.090000000000000000e+03
8.400000000000000000e+02 1.968000000000000000e+03 1.472800000000000000e+04 -4.608000000000000000e+03 6.420000000000000000e+02 1.398000000000000000e+03
8.760000000000000000e+02 3.180000000000000000e+03 1.840000000000000000e+04 -4.640000000000000000e+03 4.410000000000000000e+02 8.900000000000000000e+02
2.480000000000000000e+02 3.636000000000000000e+03 1.936400000000000000e+04 -4.592000000000000000e+03 4.820000000000000000e+02 2.676000000000000000e+03
-6.360000000000000000e+02 4.104000000000000000e+03 2.266400000000000000e+04 -4.608000000000000000e+03 1.830000000000000000e+02 1.588000000000000000e+03
-5.680000000000000000e+02 3.716000000000000000e+03 2.177200000000000000e+04 -4.608000000000000000e+03 6.400000000000000000e+01 2.785000000000000000e+03
-1.200000000000000000e+03 3.292000000000000000e+03 2.256800000000000000e+04 -4.608000000000000000e+03 -2.780000000000000000e+02 3.223000000000000000e+03
-1.824000000000000000e+03 2.868000000000000000e+03 2.130400000000000000e+04 -4.624000000000000000e+03 -5.300000000000000000e+02 3.664000000000000000e+03
-1.876000000000000000e+03 2.752000000000000000e+03 1.932000000000000000e+04 -4.624000000000000000e+03 -7.080000000000000000e+02 4.237000000000000000e+03
-1.968000000000000000e+03 3.012000000000000000e+03 1.768800000000000000e+04 -4.624000000000000000e+03 -1.257000000000000000e+03 3.348000000000000000e+03
1.960000000000000000e+02 2.388000000000000000e+03 1.119200000000000000e+04 -4.640000000000000000e+03 -1.038000000000000000e+03 3.934000000000000000e+03
-1.176000000000000000e+03 2.120000000000000000e+03 1.068800000000000000e+04 -4.608000000000000000e+03 -9.280000000000000000e+02 3.982000000000000000e+03
-2.944000000000000000e+03 1.924000000000000000e+03 1.114800000000000000e+04 -4.640000000000000000e+03 -8.110000000000000000e+02 4.706000000000000000e+03
-3.372000000000000000e+03 1.968000000000000000e+03 1.220800000000000000e+04 -4.608000000000000000e+03 -7.710000000000000000e+02 3.905000000000000000e+03
-3.416000000000000000e+03 2.068000000000000000e+03 1.321200000000000000e+04 -4.608000000000000000e+03 -7.490000000000000000e+02 3.660000000000000000e+03
-3.176000000000000000e+03 2.268000000000000000e+03 1.327200000000000000e+04 -4.624000000000000000e+03 -6.440000000000000000e+02 4.231000000000000000e+03
-5.032000000000000000e+03 2.140000000000000000e+03 1.464400000000000000e+04 -4.624000000000000000e+03 -6.030000000000000000e+02 3.182000000000000000e+03
-5.020000000000000000e+03 2.152000000000000000e+03 1.408800000000000000e+04 -4.592000000000000000e+03 -5.800000000000000000e+02 2.518000000000000000e+03
-4.444000000000000000e+03 1.680000000000000000e+03 1.341200000000000000e+04 -4.624000000000000000e+03 -4.690000000000000000e+02 2.528000000000000000e+03
-4.524000000000000000e+03 1.612000000000000000e+03 1.326800000000000000e+04 -4.592000000000000000e+03 -4.510000000000000000e+02 2.131000000000000000e+03
-4.792000000000000000e+03 1.844000000000000000e+03 1.382800000000000000e+04 -4.640000000000000000e+03 -4.430000000000000000e+02 2.066000000000000000e+03
-5.188000000000000000e+03 2.052000000000000000e+03 1.457600000000000000e+04 -4.608000000000000000e+03 -4.250000000000000000e+02 1.662000000000000000e+03
-5.296000000000000000e+03 2.004000000000000000e+03 1.420000000000000000e+04 -4.608000000000000000e+03 -3.770000000000000000e+02 1.281000000000000000e+03
-4.736000000000000000e+03 1.960000000000000000e+03 1.345200000000000000e+04 -4.640000000000000000e+03 -3.670000000000000000e+02 3.940000000000000000e+02
-5.268000000000000000e+03 1.860000000000000000e+03 1.380400000000000000e+04 -4.608000000000000000e+03 -3.560000000000000000e+02 6.930000000000000000e+02
