6.764000000000000000e+03 2.448000000000000000e+03 1.433600000000000000e+04 -4.832000000000000000e+03 -2.870000000000000000e+02 -1.145000000000000000e+03
5.644000000000000000e+03 2.716000000000000000e+03 1.514400000000000000e+04 -4.816000000000000000e+03 -2.830000000000000000e+02 -8.820000000000000000e+02
4.484000000000000000e+03 2.588000000000000000e+03 1.393200000000000000e+04 -4.848000000000000000e+03 -2.540000000000000000e+02 -6.230000000000000000e+02
5.160000000000000000e+03 2.368000000000000000e+03 1.326000000000000000e+04 -4.816000000000000000e+03 -2.740000000000000000e+02 -8.930000000000000000e+02
5.444000000000000000e+03 2.160000000000000000e+03 -3.750000000000000000e+02 -4.864000000000000000e+03 -2.900000000000000000e+02 -8.010000000000000000e+02
-4.864000000000000000e+03 -2.820000000000000000e+02 1.378000000000000000e+04 -4.848000000000000000e+03 -2.960000000000000000e+02 -4.350000000000000000e+02
5.108000000000000000e+03 2.556000000000000000e+03 1.409200000000000000e+04 -4.848000000000000000e+03 -3.160000000000000000e+02 -6.260000000000000000e+02
5.220000000000000000e+03 2.748000000000000000e+03 1.376800000000000000e+04 -4.832000000000000000e+03 -3.040000000000000000e+02 -6.260000000000000000e+02
5.580000000000000000e+03 2.712000000000000000e+03 1.410800000000000000e+04 -4.816000000000000000e+03 -2.970000000000000000e+02 -5.310000000000000000e+02
5.896000000000000000e+03 2.616000000000000000e+03 1.386000000000000000e+04 -4.832000000000000000e+03 -2.820000000000000000e+02 -4.900000000000000000e+02
5.772000000000000000e+03 2.640000000000000000e+03 1.386400000000000000e+04 -4.848000000000000000e+03 -2.670000000000000000e+02 -3.170000000000000000e+02
5.756000000000000000e+03 2.688000000000000000e+03 1.331200000000000000e+04 -4.848000000000000000e+03 -1.740000000000000000e+02 -4.110000000000000000e+02
5.572000000000000000e+03 2.552000000000000000e+03 1.320800000000000000e+04 -4.832000000000000000e+03 -2.240000000000000000e+02 -1.176000000000000000e+03
5.872000000000000000e+03 2.508000000000000000e+03 1.356000000000000000e+04 -4.848000000000000000e+03 -2.180000000000000000e+02 -6.960000000000000000e+02
5.804000000000000000e+03 2.512000000000000000e+03 1.433200000000000000e+04 -4.816000000000000000e+03 -1.140000000000000000e+02 -6.710000000000000000e+02
6.132000000000000000e+03 2.588000000000000000e+03 1.430800000000000000e+04 -4.832000000000000000e+03 -2.010000000000000000e+02 -1.340000000000000000e+02
6.264000000000000000e+03 2.556000000000000000e+03 1.280400000000000000e+04 -4.848000000000000000e+03 -1.430000000000000000e+02 -8.090000000000000000e+02
6.248000000000000000e+03 2.096000000000000000e+03 1.313200000000000000e+04 -4.816000000000000000e+03 -1.260000000000000000e+02 -1.272000000000000000e+03
5.680000000000000000e+03 2.180000000000000000e+03 1.362400000000000000e+04 -4.832000000000000000e+03 -1.850000000000000000e+02 -3.760000000000000000e+02
5.716000000000000000e+03 2.260000000000000000e+03 1.343200000000000000e+04 -4.832000000000000000e+03 -2.120000000000000000e+02 -2.230000000000000000e+02
6.380000000000000000e+03 2.348000000000000000e+03 1.351600000000000000e+04 -4.816000000000000000e+03 -2.620000000000000000e+02 -1.400000000000000000e+02
6.356000000000000000e+03 2.324000000000000000e+03 1.391200000000000000e+04 -4.832000000000000000e+03 -2.500000000000000000e+02 7.300000000000000000e+01
6.796000000000000000e+03 2.532000000000000000e+03 1.320400000000000000e+04 -4.832000000000000000e+03 -2.840000000000000000e+02 3.890000000000000000e+02
6.880000000000000000e+03 2.284000000000000000e+03 1.326000000000000000e+04 -4.816000000000000000e+03 -3.590000000000000000e+02 7.320000000000000000e+02
6.976000000000000000e+03 2.516000000000000000e+03 1.319600000000000000e+04 -4.864000000000000000e+03 -4.120000000000000000e+02 8.300000000000000000e+02
6.664000000000000000e+03 2.580000000000000000e+03 1.312800000000000000e+04 -4.816000000000000000e+03 -5.310000000000000000e+02 9.090000000000000000e+02
6.508000000000000000e+03 2.452000000000000000e+03 1.366000000000000000e+04 -4.832000000000000000e+03 -5.950000000000000000e+02 1.297000000000000000e+03
6.460000000000000000e+03 2.656000000000000000e+03 1.406400000000000000e+04 -4.864000000000000000e+03 -7.020000000000000000e+02 1.294000000000000000e+03
6.352000000000000000e+03 2.568000000000000000e+03 1.337600000000000000e+04 -4.832000000000000000e+03 -6.970000000000000000e+02 1.241000000000000000e+03
6.632000000000000000e+03 2.496000000000000000e+03 1.238400000000000000e+04 -4.816000000000000000e+03 -6.880000000000000000e+02 8.020000000000000000e+02
5.972000000000000000e+03 2.388000000000000000e+03 1.090400000000000000e+04 -4.832000000000000000e+03 -5.930000000000000000e+02 1.503000000000000000e+03
5.352000000000000000e+03 2.104000000000000000e+03 9.700000000000000000e+03 -4.864000000000000000e+03 -2.480000000000000000e+02 1.426000000000000000e+03
4.636000000000000000e+03 1.884000000000000000e+03 7.516000000000000000e+03 -4.800000000000000000e+03 -9.000000000000000000e+00 9.100000000000000000e+02
4.116000000000000000e+03 1.572000000000000000e+03 7.380000000000000000e+03 -4.832000000000000000e+03 -1.280000000000000000e+02 1.070000000000000000e+02
4.104000000000000000e+03 1.432000000000000000e+03 1.018800000000000000e+04 -4.816000000000000000e+03 7.700000000000000000e+01 -3.180000000000000000e+02
4.840000000000000000e+03 1.976000000000000000e+03 1.763600000000000000e+04 -4.848000000000000000e+03 3.730000000000000000e+02 1.048000000000000000e+03
5.720000000000000000e+03 3.328000000000000000e+03 2.290800000000000000e+04 -4.848000000000000000e+03 1.650000000000000000e+02 -3.330000000000000000e+02
8.032000000000000000e+03 4.384000000000000000e+03 2.370000000000000000e+04 -4.816000000000000000e+03 2.950000000000000000e+02 4.800000000000000000e+02
9.968000000000000000e+03 4.116000000000000000e+03 2.757200000000000000e+04 -4.832000000000000000e+03 -2.840000000000000000e+02 9.780000000000000000e+02
1.225200000000000000e+04 4.380000000000000000e+03 3.276700000000000000e+04 -4.848000000000000000e+03 -2.960000000000000000e+02 1.561000000000000000e+03
1.345600000000000000e+04 5.364000000000000000e+03 3.191200000000000000e+04 -4.848000000000000000e+03 -2.350000000000000000e+02 2.538000000000000000e+03
1.381600000000000000e+04 4.584000000000000000e+03 2.573200000000000000e+04 -4.816000000000000000e+03 2.130000000000000000e+02 1.275000000000000000e+03
1.397200000000000000e+04 4.052000000000000000e+03 1.906000000000000000e+04 -4.848000000000000000e+03 6.080000000000000000e+02 3.185000000000000000e+03
1.165200000000000000e+04 4.212000000000000000e+03 1.224400000000000000e+04 -4.848000000000000000e+03 4.970000000000000000e+02 2.989000000000000000e+03
9.584000000000000000e+03 3.484000000000000000e+03 7.960000000000000000e+03 -4.816000000000000000e+03 5.530000000000000000e+02 2.244000000000000000e+03
6.936000000000000000e+03 2.696000000000000000e+03 3.640000000000000000e+03 -4.848000000000000000e+03 4.570000000000000000e+02 3.066000000000000000e+03
6.212000000000000000e+03 1.940000000000000000e+03 1.892000000000000000e+03 -4.864000000000000000e+03 2.940000000000000000e+02 2.211000000000000000e+03
3.636000000000000000e+03 1.268000000000000000e+03 3.596000000000000000e+03 -4.816000000000000000e+03 4.120000000000000000e+02 1.422000000000000000e+03
3.156000000000000000e+03 5.640000000000000000e+02 4.100000000000000000e+03 -4.816000000000000000e+03 2.560000000000000000e+02 3.621000000000000000e+03
1.076000000000000000e+03 4.160000000000000000e+02 1.216000000000000000e+03 -4.864000000000000000e+03 -2.225000000000000000e+03 1.050000000000000000e+03
1.804000000000000000e+03 2.392000000000000000e+03 2.512000000000000000e+03 -4.848000000000000000e+03 1.550000000000000000e+02 2.629000000000000000e+03
2.216000000000000000e+03 2.000000000000000000e+02 8.320000000000000000e+02 -4.816000000000000000e+03 5.620000000000000000e+02 1.315000000000000000e+03
2.964000000000000000e+03 1.356000000000000000e+03 1.014800000000000000e+04 -4.832000000000000000e+03 1.200000000000000000e+02 2.169000000000000000e+03
-5.936000000000000000e+03 -3.620000000000000000e+03 1.055200000000000000e+04 -4.864000000000000000e+03 -7.270000000000000000e+02 1.980000000000000000e+03
-1.972000000000000000e+03 2.208000000000000000e+03 1.632800000000000000e+04 -4.848000000000000000e+03 -9.280000000000000000e+02 1.995000000000000000e+03
-3.200000000000000000e+01 4.524000000000000000e+03 2.126400000000000000e+04 -4.832000000000000000e+03 -1.140000000000000000e+03 1.409000000000000000e+03
2.236000000000000000e+03 5.176000000000000000e+03 2.243600000000000000e+04 -4.816000000000000000e+03 -1.189000000000000000e+03 1.081000000000000000e+03
1.800000000000000000e+03 5.312000000000000000e+03 2.044000000000000000e+04 -4.832000000000000000e+03 -1.291000000000000000e+03 1.542000000000000000e+03
7.920000000000000000e+02 5.244000000000000000e+03 1.574400000000000000e+04 -4.800000000000000000e+03 -1.008000000000000000e+03 6.640000000000000000e+02
9.040000000000000000e+02 4.852000000000000000e+03 1.210800000000000000e+04 -4.848000000000000000e+03 -1.090000000000000000e+03 6.450000000000000000e+02
6.360000000000000000e+02 4.404000000000000000e+03 6.712000000000000000e+03 -4.848000000000000000e+03 -9.210000000000000000e+02 1.352000000000000000e+03
-5.200000000000000000e+02 2.460000000000000000e+03 5.616000000000000000e+03 -4.832000000000000000e+03 -8.070000000000000000e+02 4.420000000000000000e+02
7.160000000000000000e+02 2.460000000000000000e+03 3.764000000000000000e+03 -4.816000000000000000e+03 -1.124000000000000000e+03 2.360000000000000000e+02
-3.280000000000000000e+02 8.960000000000000000e+02 2.232000000000000000e+03 -4.832000000000000000e+03 -1.248000000000000000e+03 1.822000000000000000e+03
8.760000000000000000e+02 4.400000000000000000e+02 6.844000000000000000e+03 -4.848000000000000000e+03 -1.297000000000000000e+03 2.490000000000000000e+03
3.208000000000000000e+03 8.920000000000000000e+02 1.142400000000000000e+04 -4.832000000000000000e+03 -1.817000000000000000e+03 1.367000000000000000e+03
2.544000000000000000e+03 1.668000000000000000e+03 1.451600000000000000e+04 -4.832000000000000000e+03 -1.627000000000000000e+03 2.132000000000000000e+03
1.620000000000000000e+03 1.892000000000000000e+03 1.240800000000000000e+04 -4.848000000000000000e+03 -1.249000000000000000e+03 2.340000000000000000e+03
4.904000000000000000e+03 2.428000000000000000e+03 1.588400000000000000e+04 -4.832000000000000000e+03 -1.289000000000000000e+03 2.208000000000000000e+03
3.644000000000000000e+03 2.836000000000000000e+03 1.894800000000000000e+04 -4.848000000000000000e+03 -1.164000000000000000e+03 2.273000000000000000e+03
6.720000000000000000e+02 2.656000000000000000e+03 1.582000000000000000e+04 -4.848000000000000000e+03 -7.240000000000000000e+02 1.972000000000000000e+03
2.868000000000000000e+03 2.372000000000000000e+03 1.918000000000000000e+04 -4.848000000000000000e+03 -8.260000000000000000e+02 1.405000000000000000e+03
2.380000000000000000e+03 2.440000000000000000e+03 2.112400000000000000e+04 -4.816000000000000000e+03 1.360000000000000000e+02 3.538000000000000000e+03
3.548000000000000000e+03 3.608000000000000000e+03 2.268800000000000000e+04 -4.832000000000000000e+03 -5.850000000000000000e+02 -1.119000000000000000e+03
2.876000000000000000e+03 4.224000000000000000e+03 2.232800000000000000e+04 -4.816000000000000000e+03 -3.010000000000000000e+02 1.633000000000000000e+03
2.116000000000000000e+03 4.784000000000000000e+03 3.276700000000000000e+04 -4.848000000000000000e+03 -2.720000000000000000e+02 1.555000000000000000e+03
-1.031200000000000000e+04 5.168000000000000000e+03 1.943200000000000000e+04 -4.832000000000000000e+03 -2.700000000000000000e+01 9.040000000000000000e+02
1.464000000000000000e+03 2.948000000000000000e+03 1.373600000000000000e+04 -4.832000000000000000e+03 -2.910000000000000000e+02 -3.250000000000000000e+02
3.040000000000000000e+03 2.288000000000000000e+03 9.648000000000000000e+03 -4.832000000000000000e+03 -3.700000000000000000e+02 -7.100000000000000000e+02
2.952000000000000000e+03 8.960000000000000000e+02 1.393200000000000000e+04 -4.816000000000000000e+03 -4.280000000000000000e+02 2.870000000000000000e+02
-1.048000000000000000e+03 6.000000000000000000e+02 1.757200000000000000e+04 -4.832000000000000000e+03 -3.760000000000000000e+02 -2.220000000000000000e+02
