2.265600000000000000e+04 3.020000000000000000e+03 -2.940000000000000000e+02 -4.848000000000000000e+03 -1.090000000000000000e+03 1.323000000000000000e+03
9.600000000000000000e+01 -4.864000000000000000e+03 -2.004000000000000000e+03 -4.816000000000000000e+03 -5.590000000000000000e+02 1.889000000000000000e+03
2.128000000000000000e+04 -4.320000000000000000e+02 5.188000000000000000e+03 -4.832000000000000000e+03 -3.240000000000000000e+02 2.652000000000000000e+03
1.860800000000000000e+04 1.892000000000000000e+03 1.320000000000000000e+02 -4.880000000000000000e+03 -5.570000000000000000e+02 2.220000000000000000e+03
1.550800000000000000e+04 1.028000000000000000e+03 1.336000000000000000e+03 -4.848000000000000000e+03 -9.410000000000000000e+02 2.632000000000000000e+03
1.295600000000000000e+04 1.256000000000000000e+03 -1.160000000000000000e+02 -4.848000000000000000e+03 -6.980000000000000000e+02 2.879000000000000000e+03
1.381200000000000000e+04 9.360000000000000000e+02 2.800000000000000000e+01 -4.832000000000000000e+03 -5.370000000000000000e+02 3.058000000000000000e+03
1.671200000000000000e+04 1.192000000000000000e+03 2.240000000000000000e+03 -4.864000000000000000e+03 -8.190000000000000000e+02 3.457000000000000000e+03
1.807200000000000000e+04 1.976000000000000000e+03 2.492000000000000000e+03 -4.848000000000000000e+03 -7.480000000000000000e+02 3.850000000000000000e+03
1.667200000000000000e+04 1.724000000000000000e+03 4.396000000000000000e+03 -4.816000000000000000e+03 -6.680000000000000000e+02 4.299000000000000000e+03
1.788800000000000000e+04 2.124000000000000000e+03 3.916000000000000000e+03 -4.832000000000000000e+03 -5.200000000000000000e+02 3.995000000000000000e+03
1.977200000000000000e+04 2.480000000000000000e+03 2.684000000000000000e+03 -4.864000000000000000e+03 -6.280000000000000000e+02 4.221000000000000000e+03
1.744800000000000000e+04 2.432000000000000000e+03 2.116000000000000000e+03 -4.848000000000000000e+03 -6.090000000000000000e+02 4.238000000000000000e+03
1.475200000000000000e+04 1.828000000000000000e+03 4.344000000000000000e+03 -4.880000000000000000e+03 -7.400000000000000000e+02 4.387000000000000000e+03
1.450400000000000000e+04 2.364000000000000000e+03 6.076000000000000000e+03 -4.864000000000000000e+03 -7.820000000000000000e+02 3.722000000000000000e+03
1.426000000000000000e+04 2.376000000000000000e+03 5.420000000000000000e+03 -4.864000000000000000e+03 -7.370000000000000000e+02 2.951000000000000000e+03
1.434000000000000000e+04 1.884000000000000000e+03 6.748000000000000000e+03 -4.848000000000000000e+03 -7.670000000000000000e+02 2.383000000000000000e+03
1.480800000000000000e+04 2.160000000000000000e+03 5.960000000000000000e+03 -4.816000000000000000e+03 -7.430000000000000000e+02 1.838000000000000000e+03
1.608400000000000000e+04 2.144000000000000000e+03 6.396000000000000000e+03 -4.864000000000000000e+03 -7.500000000000000000e+02 1.224000000000000000e+03
1.638800000000000000e+04 2.496000000000000000e+03 6.636000000000000000e+03 -4.864000000000000000e+03 -7.050000000000000000e+02 6.400000000000000000e+02
1.524800000000000000e+04 2.496000000000000000e+03 6.772000000000000000e+03 -4.848000000000000000e+03 -7.800000000000000000e+02 -6.200000000000000000e+01
1.493600000000000000e+04 2.868000000000000000e+03 6.456000000000000000e+03 -4.848000000000000000e+03 -7.310000000000000000e+02 -3.330000000000000000e+02
1.424800000000000000e+04 2.872000000000000000e+03 6.728000000000000000e+03 -4.832000000000000000e+03 -5.300000000000000000e+02 -5.800000000000000000e+02
1.429200000000000000e+04 3.236000000000000000e+03 6.440000000000000000e+03 -4.816000000000000000e+03 2.000000000000000000e+00 -2.340000000000000000e+02
1.391200000000000000e+04 3.504000000000000000e+03 6.340000000000000000e+03 -4.848000000000000000e+03 -8.440000000000000000e+02 -1.539000000000000000e+03
1.448400000000000000e+04 3.984000000000000000e+03 4.680000000000000000e+03 -4.864000000000000000e+03 -3.890000000000000000e+02 -5.620000000000000000e+02
1.363600000000000000e+04 3.732000000000000000e+03 7.196000000000000000e+03 -4.848000000000000000e+03 -5.200000000000000000e+01 9.520000000000000000e+02
1.493600000000000000e+04 3.200000000000000000e+03 1.109200000000000000e+04 -4.848000000000000000e+03 -3.240000000000000000e+02 -2.214000000000000000e+03
1.625600000000000000e+04 5.584000000000000000e+03 2.756000000000000000e+03 -4.880000000000000000e+03 -2.180000000000000000e+02 -3.388000000000000000e+03
1.285200000000000000e+04 1.488000000000000000e+03 5.288000000000000000e+03 -4.848000000000000000e+03 -3.770000000000000000e+02 -9.400000000000000000e+02
1.081200000000000000e+04 1.600000000000000000e+03 6.460000000000000000e+03 -4.832000000000000000e+03 -5.390000000000000000e+02 -1.933000000000000000e+03
1.313200000000000000e+04 1.968000000000000000e+03 5.948000000000000000e+03 -4.848000000000000000e+03 2.880000000000000000e+02 -1.784000000000000000e+03
1.593200000000000000e+04 2.008000000000000000e+03 5.868000000000000000e+03 -4.864000000000000000e+03 -4.320000000000000000e+02 -2.834000000000000000e+03
1.241200000000000000e+04 1.376000000000000000e+03 3.316000000000000000e+03 -4.848000000000000000e+03 -2.340000000000000000e+02 -3.301000000000000000e+03
8.076000000000000000e+03 8.200000000000000000e+02 2.740000000000000000e+03 -4.864000000000000000e+03 -2.800000000000000000e+02 -3.759000000000000000e+03
7.540000000000000000e+03 -1.384000000000000000e+03 3.556000000000000000e+03 -4.848000000000000000e+03 -1.850000000000000000e+02 -3.791000000000000000e+03
9.792000000000000000e+03 1.140000000000000000e+03 4.960000000000000000e+03 -4.848000000000000000e+03 -2.550000000000000000e+02 -3.821000000000000000e+03
1.306000000000000000e+04 1.696000000000000000e+03 6.456000000000000000e+03 -4.912000000000000000e+03 -1.470000000000000000e+02 -3.541000000000000000e+03
1.606400000000000000e+04 2.176000000000000000e+03 6.780000000000000000e+03 -4.848000000000000000e+03 -7.500000000000000000e+01 -3.496000000000000000e+03
1.975200000000000000e+04 2.724000000000000000e+03 7.456000000000000000e+03 -4.832000000000000000e+03 -9.400000000000000000e+01 -4.473000000000000000e+03
2.198400000000000000e+04 3.460000000000000000e+03 6.612000000000000000e+03 -4.848000000000000000e+03 1.530000000000000000e+02 -4.666000000000000000e+03
2.542400000000000000e+04 3.336000000000000000e+03 8.496000000000000000e+03 -4.816000000000000000e+03 1.400000000000000000e+02 -5.237000000000000000e+03
2.726000000000000000e+04 3.792000000000000000e+03 8.892000000000000000e+03 -4.832000000000000000e+03 -1.180000000000000000e+02 -5.085000000000000000e+03
3.082400000000000000e+04 4.580000000000000000e+03 8.556000000000000000e+03 -4.816000000000000000e+03 1.213000000000000000e+03 -5.398000000000000000e+03
3.200400000000000000e+04 4.584000000000000000e+03 8.140000000000000000e+03 -4.848000000000000000e+03 1.346000000000000000e+03 -5.990000000000000000e+03
3.276700000000000000e+04 4.996000000000000000e+03 1.932000000000000000e+03 -4.848000000000000000e+03 1.029000000000000000e+03 -7.053000000000000000e+03
3.144400000000000000e+04 4.160000000000000000e+03 1.436000000000000000e+03 -4.848000000000000000e+03 5.860000000000000000e+02 -6.258000000000000000e+03
2.698000000000000000e+04 4.252000000000000000e+03 -3.748000000000000000e+03 -4.864000000000000000e+03 1.014000000000000000e+03 -8.741000000000000000e+03
1.666800000000000000e+04 1.092000000000000000e+03 -5.252000000000000000e+03 -4.864000000000000000e+03 1.346000000000000000e+03 -3.182000000000000000e+03
9.192000000000000000e+03 -1.120000000000000000e+02 -2.520000000000000000e+03 -4.864000000000000000e+03 9.740000000000000000e+02 -7.110000000000000000e+03
4.304000000000000000e+03 6.360000000000000000e+02 6.040000000000000000e+02 -4.848000000000000000e+03 1.026000000000000000e+03 -6.359000000000000000e+03
2.256000000000000000e+03 1.252000000000000000e+03 -4.920000000000000000e+02 -4.880000000000000000e+03 -7.840000000000000000e+02 4.258000000000000000e+03
1.600000000000000000e+01 5.200000000000000000e+02 -8.264000000000000000e+03 -4.864000000000000000e+03 1.601000000000000000e+03 -1.293000000000000000e+03
2.960000000000000000e+03 -1.400000000000000000e+02 3.644000000000000000e+03 -4.880000000000000000e+03 1.368000000000000000e+03 -4.766000000000000000e+03
-7.728000000000000000e+03 -1.824000000000000000e+03 -2.624000000000000000e+03 -4.848000000000000000e+03 5.500000000000000000e+02 -5.162000000000000000e+03
-3.468000000000000000e+03 -1.100800000000000000e+04 1.792000000000000000e+03 -4.864000000000000000e+03 1.258000000000000000e+03 -3.989000000000000000e+03
9.840000000000000000e+03 -3.260000000000000000e+03 -1.151600000000000000e+04 -4.864000000000000000e+03 7.460000000000000000e+02 -3.641000000000000000e+03
3.276700000000000000e+04 1.564000000000000000e+03 -3.228000000000000000e+03 -4.864000000000000000e+03 5.850000000000000000e+02 -3.256000000000000000e+03
2.770400000000000000e+04 4.244000000000000000e+03 -6.576000000000000000e+03 -4.848000000000000000e+03 4.260000000000000000e+02 -3.141000000000000000e+03
2.292000000000000000e+04 2.728000000000000000e+03 -7.320000000000000000e+03 -4.848000000000000000e+03 7.280000000000000000e+02 -3.784000000000000000e+03
1.828400000000000000e+04 2.376000000000000000e+03 -1.412000000000000000e+03 -4.848000000000000000e+03 8.640000000000000000e+02 -2.826000000000000000e+03
1.314800000000000000e+04 2.788000000000000000e+03 -3.524000000000000000e+03 -4.848000000000000000e+03 6.670000000000000000e+02 -2.490000000000000000e+03
1.715200000000000000e+04 3.188000000000000000e+03 -1.024000000000000000e+03 -4.848000000000000000e+03 4.280000000000000000e+02 -3.222000000000000000e+03
1.271200000000000000e+04 2.900000000000000000e+03 -2.544000000000000000e+03 -4.832000000000000000e+03 4.100000000000000000e+02 -2.450000000000000000e+03
8.464000000000000000e+03 1.948000000000000000e+03 -2.976000000000000000e+03 -4.880000000000000000e+03 7.530000000000000000e+02 -1.847000000000000000e+03
5.004000000000000000e+03 8.000000000000000000e+02 -3.008000000000000000e+03 -4.848000000000000000e+03 1.073000000000000000e+03 -1.742000000000000000e+03
4.080000000000000000e+03 5.560000000000000000e+02 -3.532000000000000000e+03 -4.848000000000000000e+03 4.070000000000000000e+02 -1.867000000000000000e+03
7.148000000000000000e+03 6.040000000000000000e+02 -6.632000000000000000e+03 -4.864000000000000000e+03 9.000000000000000000e+01 -2.590000000000000000e+02
1.266400000000000000e+04 9.000000000000000000e+02 -7.724000000000000000e+03 -4.848000000000000000e+03 3.600000000000000000e+02 -9.210000000000000000e+02
1.702400000000000000e+04 1.292000000000000000e+03 -7.684000000000000000e+03 -4.880000000000000000e+03 4.600000000000000000e+02 -1.770000000000000000e+02
1.576000000000000000e+04 5.120000000000000000e+02 -7.176000000000000000e+03 -4.864000000000000000e+03 7.300000000000000000e+01 -3.370000000000000000e+02
1.505600000000000000e+04 1.472000000000000000e+03 -6.848000000000000000e+03 -4.832000000000000000e+03 2.700000000000000000e+02 1.000000000000000000e+01
1.358000000000000000e+04 6.800000000000000000e+02 -1.247200000000000000e+04 -4.832000000000000000e+03 4.680000000000000000e+02 -2.700000000000000000e+01
1.582400000000000000e+04 -5.480000000000000000e+02 -1.050800000000000000e+04 -4.864000000000000000e+03 1.770000000000000000e+02 2.160000000000000000e+02
1.774800000000000000e+04 7.960000000000000000e+02 -1.034000000000000000e+04 -4.848000000000000000e+03 -1.100000000000000000e+02 4.650000000000000000e+02
2.174400000000000000e+04 2.276000000000000000e+03 -8.560000000000000000e+03 -4.864000000000000000e+03 -3.180000000000000000e+02 6.580000000000000000e+02
2.191200000000000000e+04 2.560000000000000000e+03 -9.820000000000000000e+03 -4.848000000000000000e+03 1.600000000000000000e+01 3.560000000000000000e+02
2.042800000000000000e+04 5.000000000000000000e+02 -1.031200000000000000e+04 -4.832000000000000000e+03 -9.700000000000000000e+01 1.371000000000000000e+03
2.085200000000000000e+04 8.120000000000000000e+02 -1.016800000000000000e+04 -4.848000000000000000e+03 2.200000000000000000e+01 2.144000000000000000e+03
