-1.051600000000000000e+04 6.160000000000000000e+02 1.024000000000000000e+04 -4.768000000000000000e+03 -4.040000000000000000e+02 1.574000000000000000e+03
-1.234400000000000000e+04 3.480000000000000000e+02 1.008000000000000000e+04 -4.768000000000000000e+03 -5.040000000000000000e+02 1.184000000000000000e+03
-1.200400000000000000e+04 2.760000000000000000e+02 9.536000000000000000e+03 -4.784000000000000000e+03 -5.540000000000000000e+02 8.200000000000000000e+02
-1.153200000000000000e+04 2.280000000000000000e+02 9.764000000000000000e+03 -4.784000000000000000e+03 -5.540000000000000000e+02 3.620000000000000000e+02
-1.128800000000000000e+04 2.120000000000000000e+02 9.464000000000000000e+03 -4.768000000000000000e+03 -5.280000000000000000e+02 1.680000000000000000e+02
-1.140800000000000000e+04 2.960000000000000000e+02 9.116000000000000000e+03 -4.784000000000000000e+03 -5.510000000000000000e+02 -1.080000000000000000e+02
-1.129600000000000000e+04 4.480000000000000000e+02 9.556000000000000000e+03 -4.752000000000000000e+03 -5.640000000000000000e+02 -5.740000000000000000e+02
-1.218800000000000000e+04 5.880000000000000000e+02 9.532000000000000000e+03 -4.768000000000000000e+03 -6.020000000000000000e+02 -8.850000000000000000e+02
-1.185200000000000000e+04 6.000000000000000000e+02 9.652000000000000000e+03 -4.768000000000000000e+03 -5.300000000000000000e+02 -1.062000000000000000e+03
-1.129200000000000000e+04 5.640000000000000000e+02 9.528000000000000000e+03 -4.784000000000000000e+03 -5.160000000000000000e+02 -1.283000000000000000e+03
-1.169200000000000000e+04 3.560000000000000000e+02 9.644000000000000000e+03 -4.768000000000000000e+03 -5.410000000000000000e+02 -1.392000000000000000e+03
-1.192000000000000000e+04 1.840000000000000000e+02 9.868000000000000000e+03 -4.752000000000000000e+03 -4.380000000000000000e+02 -1.380000000000000000e+03
-1.194400000000000000e+04 1.040000000000000000e+02 9.512000000000000000e+03 -4.768000000000000000e+03 -4.270000000000000000e+02 -1.506000000000000000e+03
-1.161200000000000000e+04 2.360000000000000000e+02 9.280000000000000000e+03 -4.736000000000000000e+03 -3.130000000000000000e+02 -1.342000000000000000e+03
-1.114800000000000000e+04 2.320000000000000000e+02 8.896000000000000000e+03 -4.768000000000000000e+03 -3.320000000000000000e+02 -1.014000000000000000e+03
-1.062400000000000000e+04 3.680000000000000000e+02 9.312000000000000000e+03 -4.752000000000000000e+03 -2.610000000000000000e+02 -5.420000000000000000e+02
-1.101200000000000000e+04 4.480000000000000000e+02 9.584000000000000000e+03 -4.768000000000000000e+03 -2.760000000000000000e+02 -1.730000000000000000e+02
-1.123600000000000000e+04 3.960000000000000000e+02 9.708000000000000000e+03 -4.784000000000000000e+03 -2.670000000000000000e+02 2.660000000000000000e+02
-1.096000000000000000e+04 5.600000000000000000e+02 9.708000000000000000e+03 -4.752000000000000000e+03 -2.860000000000000000e+02 5.800000000000000000e+02
-1.057200000000000000e+04 4.360000000000000000e+02 9.840000000000000000e+03 -4.800000000000000000e+03 -2.990000000000000000e+02 8.720000000000000000e+02
-1.061200000000000000e+04 3.840000000000000000e+02 1.001200000000000000e+04 -4.768000000000000000e+03 -2.940000000000000000e+02 8.320000000000000000e+02
-1.096400000000000000e+04 2.600000000000000000e+02 1.000400000000000000e+04 -4.784000000000000000e+03 -2.840000000000000000e+02 9.460000000000000000e+02
-1.102800000000000000e+04 3.320000000000000000e+02 9.628000000000000000e+03 -4.784000000000000000e+03 -2.880000000000000000e+02 1.280000000000000000e+03
-1.058400000000000000e+04 3.200000000000000000e+02 9.756000000000000000e+03 -4.800000000000000000e+03 -3.130000000000000000e+02 1.249000000000000000e+03
-1.038800000000000000e+04 2.760000000000000000e+02 9.852000000000000000e+03 -4.800000000000000000e+03 -3.970000000000000000e+02 1.122000000000000000e+03
-1.066800000000000000e+04 3.520000000000000000e+02 1.032000000000000000e+04 -4.784000000000000000e+03 -4.310000000000000000e+02 1.134000000000000000e+03
-1.094400000000000000e+04 5.520000000000000000e+02 1.014800000000000000e+04 -4.768000000000000000e+03 -4.870000000000000000e+02 1.063000000000000000e+03
-1.111200000000000000e+04 4.920000000000000000e+02 9.888000000000000000e+03 -4.752000000000000000e+03 -4.350000000000000000e+02 1.279000000000000000e+03
-1.124000000000000000e+04 4.840000000000000000e+02 9.744000000000000000e+03 -4.768000000000000000e+03 -4.850000000000000000e+02 9.900000000000000000e+02
-1.115200000000000000e+04 5.120000000000000000e+02 9.548000000000000000e+03 -4.752000000000000000e+03 -4.830000000000000000e+02 6.800000000000000000e+02
-1.139200000000000000e+04 3.840000000000000000e+02 9.448000000000000000e+03 -4.752000000000000000e+03 -4.840000000000000000e+02 4.600000000000000000e+02
-1.188000000000000000e+04 3.280000000000000000e+02 9.744000000000000000e+03 -4.736000000000000000e+03 -4.400000000000000000e+02 -1.900000000000000000e+02
-1.198800000000000000e+04 5.080000000000000000e+02 9.064000000000000000e+03 -4.768000000000000000e+03 -3.830000000000000000e+02 4.920000000000000000e+02
-1.189600000000000000e+04 3.520000000000000000e+02 8.912000000000000000e+03 -4.768000000000000000e+03 -3.740000000000000000e+02 -1.270000000000000000e+02
-1.118000000000000000e+04 6.880000000000000000e+02 7.108000000000000000e+03 -4.768000000000000000e+03 -4.310000000000000000e+02 2.212000000000000000e+03
-9.592000000000000000e+03 5.000000000000000000e+02 7.620000000000000000e+03 -4.768000000000000000e+03 -2.730000000000000000e+02 4.880000000000000000e+02
-9.732000000000000000e+03 4.440000000000000000e+02 5.268000000000000000e+03 -4.800000000000000000e+03 -1.060000000000000000e+02 -1.200000000000000000e+01
-6.776000000000000000e+03 8.800000000000000000e+01 3.144000000000000000e+03 -4.768000000000000000e+03 4.400000000000000000e+01 5.380000000000000000e+02
-3.812000000000000000e+03 -8.800000000000000000e+01 5.664000000000000000e+03 -4.752000000000000000e+03 8.900000000000000000e+01 -2.320000000000000000e+02
-8.540000000000000000e+03 -3.280000000000000000e+02 7.560000000000000000e+03 -4.736000000000000000e+03 -4.800000000000000000e+01 -2.770000000000000000e+02
-1.231200000000000000e+04 -3.800000000000000000e+02 1.002800000000000000e+04 -4.768000000000000000e+03 5.400000000000000000e+01 -9.470000000000000000e+02
-1.392800000000000000e+04 1.960000000000000000e+02 1.133600000000000000e+04 -4.768000000000000000e+03 6.200000000000000000e+01 -1.971000000000000000e+03
-1.410000000000000000e+04 7.160000000000000000e+02 1.347200000000000000e+04 -4.768000000000000000e+03 2.430000000000000000e+02 -2.767000000000000000e+03
-1.731600000000000000e+04 9.200000000000000000e+02 1.602000000000000000e+04 -4.768000000000000000e+03 1.610000000000000000e+02 -1.079000000000000000e+03
-1.988000000000000000e+04 1.628000000000000000e+03 1.784000000000000000e+04 -4.752000000000000000e+03 1.400000000000000000e+01 -1.093000000000000000e+03
-2.346800000000000000e+04 1.332000000000000000e+03 1.986400000000000000e+04 -4.784000000000000000e+03 -7.000000000000000000e+02 -1.014000000000000000e+03
-2.416400000000000000e+04 1.552000000000000000e+03 2.251200000000000000e+04 -4.784000000000000000e+03 -7.230000000000000000e+02 -6.080000000000000000e+02
-2.196000000000000000e+04 2.296000000000000000e+03 1.988000000000000000e+04 -4.784000000000000000e+03 -1.006000000000000000e+03 3.790000000000000000e+02
-1.567200000000000000e+04 2.616000000000000000e+03 1.774000000000000000e+04 -4.784000000000000000e+03 -1.110000000000000000e+03 4.090000000000000000e+02
-1.687600000000000000e+04 7.640000000000000000e+02 1.277200000000000000e+04 -4.784000000000000000e+03 -1.140000000000000000e+03 -1.134000000000000000e+03
-1.264400000000000000e+04 3.760000000000000000e+02 8.440000000000000000e+03 -4.800000000000000000e+03 -1.018000000000000000e+03 1.262000000000000000e+03
-7.148000000000000000e+03 9.320000000000000000e+02 6.856000000000000000e+03 -4.768000000000000000e+03 -1.110000000000000000e+03 -7.560000000000000000e+02
-4.876000000000000000e+03 9.520000000000000000e+02 6.668000000000000000e+03 -4.768000000000000000e+03 -1.436000000000000000e+03 1.357000000000000000e+03
-5.860000000000000000e+03 5.720000000000000000e+02 3.956000000000000000e+03 -4.784000000000000000e+03 -1.282000000000000000e+03 -4.430000000000000000e+02
-5.924000000000000000e+03 -3.800000000000000000e+02 3.148000000000000000e+03 -4.784000000000000000e+03 -1.212000000000000000e+03 1.078000000000000000e+03
-5.820000000000000000e+03 -3.840000000000000000e+02 3.784000000000000000e+03 -4.768000000000000000e+03 -1.053000000000000000e+03 -1.400000000000000000e+02
-6.492000000000000000e+03 2.960000000000000000e+02 1.964000000000000000e+03 -4.752000000000000000e+03 -1.001000000000000000e+03 3.560000000000000000e+02
-4.864000000000000000e+03 6.560000000000000000e+02 1.000000000000000000e+03 -4.784000000000000000e+03 -4.170000000000000000e+02 -7.000000000000000000e+00
-3.176000000000000000e+03 1.044000000000000000e+03 -2.412000000000000000e+03 -4.768000000000000000e+03 -2.620000000000000000e+02 9.300000000000000000e+02
-2.224000000000000000e+03 8.000000000000000000e+01 4.840000000000000000e+02 -4.752000000000000000e+03 -2.300000000000000000e+02 1.209000000000000000e+03
-4.536000000000000000e+03 -2.560000000000000000e+02 6.196000000000000000e+03 -4.784000000000000000e+03 -1.060000000000000000e+02 1.212000000000000000e+03
-9.260000000000000000e+03 -6.080000000000000000e+02 6.196000000000000000e+03 -4.768000000000000000e+03 -6.200000000000000000e+01 1.281000000000000000e+03
-8.612000000000000000e+03 -5.880000000000000000e+02 8.000000000000000000e+03 -4.784000000000000000e+03 -8.200000000000000000e+01 7.950000000000000000e+02
-1.039600000000000000e+04 -7.480000000000000000e+02 5.048000000000000000e+03 -4.768000000000000000e+03 1.530000000000000000e+02 1.587000000000000000e+03
-8.512000000000000000e+03 -1.088000000000000000e+03 5.648000000000000000e+03 -4.736000000000000000e+03 3.070000000000000000e+02 7.420000000000000000e+02
-8.184000000000000000e+03 -1.040000000000000000e+02 8.132000000000000000e+03 -4.784000000000000000e+03 2.210000000000000000e+02 1.802000000000000000e+03
-9.676000000000000000e+03 -8.000000000000000000e+01 7.596000000000000000e+03 -4.768000000000000000e+03 5.200000000000000000e+01 9.770000000000000000e+02
-1.003200000000000000e+04 -2.160000000000000000e+02 6.640000000000000000e+03 -4.800000000000000000e+03 2.660000000000000000e+02 8.000000000000000000e+02
-9.012000000000000000e+03 -1.520000000000000000e+02 6.724000000000000000e+03 -4.752000000000000000e+03 2.910000000000000000e+02 9.730000000000000000e+02
-6.608000000000000000e+03 2.760000000000000000e+02 9.472000000000000000e+03 -4.736000000000000000e+03 8.800000000000000000e+01 7.270000000000000000e+02
-8.996000000000000000e+03 -1.000000000000000000e+02 8.872000000000000000e+03 -4.768000000000000000e+03 6.600000000000000000e+01 7.990000000000000000e+02
-9.276000000000000000e+03 -4.600000000000000000e+02 9.904000000000000000e+03 -4.752000000000000000e+03 2.150000000000000000e+02 1.085000000000000000e+03
-1.022000000000000000e+04 -1.560000000000000000e+02 1.120400000000000000e+04 -4.784000000000000000e+03 1.240000000000000000e+02 1.213000000000000000e+03
-1.073200000000000000e+04 2.840000000000000000e+02 1.236800000000000000e+04 -4.784000000000000000e+03 -1.820000000000000000e+02 2.617000000000000000e+03
-1.355600000000000000e+04 5.760000000000000000e+02 1.398800000000000000e+04 -4.800000000000000000e+03 3.370000000000000000e+02 2.990000000000000000e+03
-1.612400000000000000e+04 5.840000000000000000e+02 1.527600000000000000e+04 -4.784000000000000000e+03 -1.249000000000000000e+03 3.301000000000000000e+03
-1.557200000000000000e+04 1.560000000000000000e+03 2.608400000000000000e+04 -4.800000000000000000e+03 -9.600000000000000000e+02 2.087000000000000000e+03
-3.276800000000000000e+04 -2.064000000000000000e+03 9.736000000000000000e+03 -4.784000000000000000e+03 -5.030000000000000000e+02 3.023000000000000000e+03
-1.626800000000000000e+04 -6.920000000000000000e+02 8.668000000000000000e+03 -4.768000000000000000e+03 -9.520000000000000000e+02 4.095000000000000000e+03
-1.220800000000000000e+04 5.520000000000000000e+02 9.888000000000000000e+03 -4.784000000000000000e+03 -7.570000000000000000e+02 4.745000000000000000e+03
