-5.760000000000000000e+02 1.816000000000000000e+03 1.418000000000000000e+04 -4.624000000000000000e+03 -3.390000000000000000e+02 -1.840000000000000000e+02
-5.800000000000000000e+02 1.920000000000000000e+03 1.423200000000000000e+04 -4.608000000000000000e+03 -3.520000000000000000e+02 2.460000000000000000e+02
-4.440000000000000000e+02 2.012000000000000000e+03 1.423600000000000000e+04 -4.624000000000000000e+03 -3.160000000000000000e+02 1.800000000000000000e+01
-5.480000000000000000e+02 1.996000000000000000e+03 1.484400000000000000e+04 -4.608000000000000000e+03 -3.270000000000000000e+02 1.600000000000000000e+01
-6.480000000000000000e+02 2.136000000000000000e+03 1.414000000000000000e+04 -4.608000000000000000e+03 -2.500000000000000000e+02 2.300000000000000000e+01
-7.000000000000000000e+02 1.972000000000000000e+03 1.391200000000000000e+04 -4.624000000000000000e+03 -2.720000000000000000e+02 3.700000000000000000e+01
-3.640000000000000000e+02 1.748000000000000000e+03 1.419200000000000000e+04 -4.592000000000000000e+03 -1.090000000000000000e+02 -1.130000000000000000e+02
-5.200000000000000000e+02 1.900000000000000000e+03 1.396800000000000000e+04 -4.608000000000000000e+03 -9.100000000000000000e+01 -2.350000000000000000e+02
-1.920000000000000000e+02 2.068000000000000000e+03 1.423200000000000000e+04 -4.608000000000000000e+03 -5.000000000000000000e+00 -2.570000000000000000e+02
-3.520000000000000000e+02 2.132000000000000000e+03 1.406400000000000000e+04 -4.624000000000000000e+03 3.500000000000000000e+01 -1.440000000000000000e+02
-1.600000000000000000e+02 1.992000000000000000e+03 1.491600000000000000e+04 -4.576000000000000000e+03 1.300000000000000000e+01 -1.130000000000000000e+02
-5.240000000000000000e+02 2.012000000000000000e+03 1.467200000000000000e+04 -4.608000000000000000e+03 -3.000000000000000000e+00 -1.600000000000000000e+01
-6.200000000000000000e+02 1.976000000000000000e+03 1.457200000000000000e+04 -4.640000000000000000e+03 -5.300000000000000000e+01 4.300000000000000000e+01
-2.680000000000000000e+02 1.964000000000000000e+03 1.459600000000000000e+04 -4.624000000000000000e+03 -7.100000000000000000e+01 1.920000000000000000e+02
-4.040000000000000000e+02 1.856000000000000000e+03 1.513600000000000000e+04 -4.608000000000000000e+03 -1.460000000000000000e+02 3.180000000000000000e+02
-6.600000000000000000e+02 1.968000000000000000e+03 1.460800000000000000e+04 -4.608000000000000000e+03 -1.820000000000000000e+02 3.370000000000000000e+02
-3.840000000000000000e+02 1.952000000000000000e+03 1.467600000000000000e+04 -4.592000000000000000e+03 -2.210000000000000000e+02 3.330000000000000000e+02
-3.960000000000000000e+02 2.032000000000000000e+03 1.487600000000000000e+04 -4.656000000000000000e+03 -2.840000000000000000e+02 2.760000000000000000e+02
-4.480000000000000000e+02 2.128000000000000000e+03 1.495600000000000000e+04 -4.608000000000000000e+03 -2.790000000000000000e+02 2.500000000000000000e+01
-4.960000000000000000e+02 2.136000000000000000e+03 1.466400000000000000e+04 -4.624000000000000000e+03 -2.530000000000000000e+02 -1.280000000000000000e+02
-5.800000000000000000e+02 2.172000000000000000e+03 1.466800000000000000e+04 -4.608000000000000000e+03 -2.690000000000000000e+02 -9.000000000000000000e+01
-4.200000000000000000e+02 2.072000000000000000e+03 1.466000000000000000e+04 -4.576000000000000000e+03 -2.890000000000000000e+02 -4.420000000000000000e+02
-4.480000000000000000e+02 2.144000000000000000e+03 1.472400000000000000e+04 -4.592000000000000000e+03 -2.830000000000000000e+02 -6.240000000000000000e+02
-2.680000000000000000e+02 2.036000000000000000e+03 1.462800000000000000e+04 -4.608000000000000000e+03 -2.890000000000000000e+02 -7.020000000000000000e+02
-2.440000000000000000e+02 1.976000000000000000e+03 1.500000000000000000e+04 -4.624000000000000000e+03 -3.080000000000000000e+02 -7.820000000000000000e+02
-2.080000000000000000e+02 2.148000000000000000e+03 1.480800000000000000e+04 -4.608000000000000000e+03 -3.640000000000000000e+02 -6.990000000000000000e+02
-4.280000000000000000e+02 1.868000000000000000e+03 1.429600000000000000e+04 -4.624000000000000000e+03 -3.500000000000000000e+02 -7.370000000000000000e+02
-2.000000000000000000e+02 1.896000000000000000e+03 1.360800000000000000e+04 -4.640000000000000000e+03 -3.130000000000000000e+02 -6.930000000000000000e+02
-2.440000000000000000e+02 1.732000000000000000e+03 1.300800000000000000e+04 -4.624000000000000000e+03 -2.760000000000000000e+02 -7.810000000000000000e+02
-3.400000000000000000e+02 1.744000000000000000e+03 1.107200000000000000e+04 -4.608000000000000000e+03 -4.790000000000000000e+02 -8.860000000000000000e+02
1.360000000000000000e+02 1.392000000000000000e+03 7.040000000000000000e+03 -4.608000000000000000e+03 -3.910000000000000000e+02 -7.670000000000000000e+02
1.876000000000000000e+03 5.800000000000000000e+02 5.340000000000000000e+03 -4.608000000000000000e+03 -3.180000000000000000e+02 -4.580000000000000000e+02
1.696000000000000000e+03 1.920000000000000000e+02 7.544000000000000000e+03 -4.592000000000000000e+03 -3.400000000000000000e+01 1.890000000000000000e+02
1.788000000000000000e+03 7.440000000000000000e+02 1.510800000000000000e+04 -4.592000000000000000e+03 2.770000000000000000e+02 1.440000000000000000e+02
-9.680000000000000000e+02 1.848000000000000000e+03 2.077200000000000000e+04 -4.624000000000000000e+03 4.900000000000000000e+01 -5.350000000000000000e+02
-5.560000000000000000e+02 3.184000000000000000e+03 2.163600000000000000e+04 -4.608000000000000000e+03 -8.700000000000000000e+01 -6.350000000000000000e+02
1.024000000000000000e+03 3.648000000000000000e+03 2.583600000000000000e+04 -4.576000000000000000e+03 1.270000000000000000e+02 -1.770000000000000000e+02
6.520000000000000000e+02 4.496000000000000000e+03 2.936000000000000000e+04 -4.576000000000000000e+03 2.100000000000000000e+01 -1.260000000000000000e+03
-3.760000000000000000e+02 5.096000000000000000e+03 3.132400000000000000e+04 -4.640000000000000000e+03 -4.100000000000000000e+01 -1.578000000000000000e+03
5.360000000000000000e+02 4.784000000000000000e+03 3.059600000000000000e+04 -4.592000000000000000e+03 1.300000000000000000e+01 -2.319000000000000000e+03
2.172000000000000000e+03 4.632000000000000000e+03 2.813600000000000000e+04 -4.608000000000000000e+03 -3.300000000000000000e+02 -1.604000000000000000e+03
4.656000000000000000e+03 4.604000000000000000e+03 2.389200000000000000e+04 -4.608000000000000000e+03 -1.850000000000000000e+02 -1.859000000000000000e+03
5.680000000000000000e+03 3.736000000000000000e+03 2.054400000000000000e+04 -4.608000000000000000e+03 -7.160000000000000000e+02 -1.145000000000000000e+03
4.492000000000000000e+03 3.476000000000000000e+03 1.489200000000000000e+04 -4.640000000000000000e+03 -7.230000000000000000e+02 -6.650000000000000000e+02
2.980000000000000000e+03 2.416000000000000000e+03 1.012000000000000000e+04 -4.624000000000000000e+03 -6.390000000000000000e+02 -1.854000000000000000e+03
2.116000000000000000e+03 1.832000000000000000e+03 7.688000000000000000e+03 -4.592000000000000000e+03 -6.310000000000000000e+02 -1.087000000000000000e+03
1.992000000000000000e+03 1.348000000000000000e+03 6.540000000000000000e+03 -4.624000000000000000e+03 -6.020000000000000000e+02 -9.760000000000000000e+02
2.280000000000000000e+03 1.292000000000000000e+03 5.016000000000000000e+03 -4.624000000000000000e+03 -6.820000000000000000e+02 -8.460000000000000000e+02
1.948000000000000000e+03 8.640000000000000000e+02 5.340000000000000000e+03 -4.608000000000000000e+03 -6.900000000000000000e+02 -9.280000000000000000e+02
3.680000000000000000e+02 1.104000000000000000e+03 4.272000000000000000e+03 -4.608000000000000000e+03 -5.900000000000000000e+02 -1.476000000000000000e+03
-2.400000000000000000e+01 1.200000000000000000e+03 2.384000000000000000e+03 -4.608000000000000000e+03 -6.130000000000000000e+02 -7.950000000000000000e+02
4.400000000000000000e+02 1.128000000000000000e+03 -5.680000000000000000e+02 -4.624000000000000000e+03 -5.570000000000000000e+02 -7.560000000000000000e+02
1.048000000000000000e+03 3.680000000000000000e+02 8.040000000000000000e+02 -4.608000000000000000e+03 -5.170000000000000000e+02 1.856000000000000000e+03
-1.300000000000000000e+03 8.400000000000000000e+01 2.748000000000000000e+03 -4.624000000000000000e+03 1.800000000000000000e+02 -1.399000000000000000e+03
-1.248000000000000000e+03 -6.480000000000000000e+02 7.828000000000000000e+03 -4.608000000000000000e+03 -3.000000000000000000e+00 -3.943000000000000000e+03
2.636000000000000000e+03 1.428000000000000000e+03 1.288800000000000000e+04 -4.624000000000000000e+03 3.100000000000000000e+01 5.140000000000000000e+02
-5.480000000000000000e+02 1.644000000000000000e+03 5.392000000000000000e+03 -4.640000000000000000e+03 2.710000000000000000e+02 -1.383000000000000000e+03
2.436000000000000000e+03 3.440000000000000000e+02 1.246400000000000000e+04 -4.608000000000000000e+03 -2.140000000000000000e+02 -1.179000000000000000e+03
2.560000000000000000e+03 1.592000000000000000e+03 1.301200000000000000e+04 -4.608000000000000000e+03 -3.960000000000000000e+02 1.253000000000000000e+03
4.100000000000000000e+03 1.604000000000000000e+03 1.207600000000000000e+04 -4.624000000000000000e+03 -2.700000000000000000e+01 4.790000000000000000e+02
3.816000000000000000e+03 9.680000000000000000e+02 1.177600000000000000e+04 -4.608000000000000000e+03 -4.420000000000000000e+02 -5.330000000000000000e+02
3.356000000000000000e+03 1.060000000000000000e+03 1.229600000000000000e+04 -4.608000000000000000e+03 -5.310000000000000000e+02 1.488000000000000000e+03
2.220000000000000000e+03 1.540000000000000000e+03 9.952000000000000000e+03 -4.624000000000000000e+03 -3.740000000000000000e+02 1.842000000000000000e+03
5.532000000000000000e+03 2.148000000000000000e+03 1.655600000000000000e+04 -4.608000000000000000e+03 2.260000000000000000e+02 1.063000000000000000e+03
4.324000000000000000e+03 2.824000000000000000e+03 2.930000000000000000e+04 -4.624000000000000000e+03 1.930000000000000000e+02 1.782000000000000000e+03
-9.264000000000000000e+03 4.000000000000000000e+00 2.108800000000000000e+04 -4.608000000000000000e+03 8.330000000000000000e+02 1.919000000000000000e+03
7.684000000000000000e+03 3.124000000000000000e+03 2.433600000000000000e+04 -4.592000000000000000e+03 -1.170000000000000000e+02 9.110000000000000000e+02
1.034000000000000000e+04 5.316000000000000000e+03 2.281600000000000000e+04 -4.608000000000000000e+03 -9.060000000000000000e+02 2.256000000000000000e+03
3.696000000000000000e+03 3.376000000000000000e+03 2.457600000000000000e+04 -4.608000000000000000e+03 -8.790000000000000000e+02 3.028000000000000000e+03
-1.904000000000000000e+03 1.736000000000000000e+03 3.276700000000000000e+04 -4.608000000000000000e+03 -6.580000000000000000e+02 5.900000000000000000e+02
-9.944000000000000000e+03 3.580000000000000000e+03 1.959200000000000000e+04 -4.608000000000000000e+03 -2.085000000000000000e+03 -2.730000000000000000e+02
7.828000000000000000e+03 5.504000000000000000e+03 1.242400000000000000e+04 -4.608000000000000000e+03 -8.830000000000000000e+02 2.880000000000000000e+02
9.672000000000000000e+03 4.220000000000000000e+03 1.214000000000000000e+04 -4.608000000000000000e+03 -1.126000000000000000e+03 4.884000000000000000e+03
1.416000000000000000e+03 1.676000000000000000e+03 9.608000000000000000e+03 -4.624000000000000000e+03 -1.279000000000000000e+03 2.589000000000000000e+03
-1.108000000000000000e+03 -3.640000000000000000e+02 8.016000000000000000e+03 -4.624000000000000000e+03 -1.193000000000000000e+03 2.670000000000000000e+03
-1.568000000000000000e+03 -3.320000000000000000e+02 1.024800000000000000e+04 -4.624000000000000000e+03 -9.800000000000000000e+02 2.830000000000000000e+03
-1.144000000000000000e+03 5.760000000000000000e+02 1.221600000000000000e+04 -4.608000000000000000e+03 -9.300000000000000000e+02 3.353000000000000000e+03
7.880000000000000000e+02 1.484000000000000000e+03 1.381200000000000000e+04 -4.592000000000000000e+03 -6.740000000000000000e+02 3.290000000000000000e+03
1.492000000000000000e+03 1.672000000000000000e+03 1.540400000000000000e+04 -4.576000000000000000e+03 -5.780000000000000000e+02 2.284000000000000000e+03
1.760000000000000000e+02 1.588000000000000000e+03 1.496400000000000000e+04 -4.624000000000000000e+03 -5.870000000000000000e+02 2.076000000000000000e+03
-5.640000000000000000e+02 1.224000000000000000e+03 1.538400000000000000e+04 -4.608000000000000000e+03 -6.280000000000000000e+02 2.317000000000000000e+03
-6.880000000000000000e+02 1.124000000000000000e+03 1.440000000000000000e+04 -4.608000000000000000e+03 -4.790000000000000000e+02 2.042000000000000000e+03
-7.280000000000000000e+02 9.120000000000000000e+02 1.351200000000000000e+04 -4.608000000000000000e+03 -3.620000000000000000e+02 2.144000000000000000e+03
-5.440000000000000000e+02 1.012000000000000000e+03 1.306800000000000000e+04 -4.592000000000000000e+03 -1.720000000000000000e+02 2.057000000000000000e+03
