2.472000000000000000e+03 2.176000000000000000e+03 1.447200000000000000e+04 -4.448000000000000000e+03 -2.290000000000000000e+02 5.340000000000000000e+02
2.304000000000000000e+03 2.076000000000000000e+03 1.451600000000000000e+04 -4.432000000000000000e+03 -2.280000000000000000e+02 5.240000000000000000e+02
2.040000000000000000e+03 2.032000000000000000e+03 1.470400000000000000e+04 -4.432000000000000000e+03 -2.410000000000000000e+02 4.910000000000000000e+02
1.960000000000000000e+03 2.088000000000000000e+03 1.463200000000000000e+04 -4.432000000000000000e+03 -1.510000000000000000e+02 3.990000000000000000e+02
2.140000000000000000e+03 2.084000000000000000e+03 1.409600000000000000e+04 -4.432000000000000000e+03 -1.720000000000000000e+02 2.690000000000000000e+02
2.080000000000000000e+03 2.348000000000000000e+03 1.414400000000000000e+04 -4.448000000000000000e+03 -1.820000000000000000e+02 -4.000000000000000000e+00
1.936000000000000000e+03 2.328000000000000000e+03 1.399200000000000000e+04 -4.432000000000000000e+03 -1.750000000000000000e+02 -1.830000000000000000e+02
1.832000000000000000e+03 2.208000000000000000e+03 1.437600000000000000e+04 -4.448000000000000000e+03 -2.160000000000000000e+02 -4.470000000000000000e+02
1.736000000000000000e+03 2.144000000000000000e+03 1.445600000000000000e+04 -4.432000000000000000e+03 -2.430000000000000000e+02 -7.810000000000000000e+02
1.608000000000000000e+03 2.200000000000000000e+03 1.501600000000000000e+04 -4.432000000000000000e+03 -2.550000000000000000e+02 -9.940000000000000000e+02
1.704000000000000000e+03 2.096000000000000000e+03 1.494400000000000000e+04 -4.432000000000000000e+03 -2.300000000000000000e+02 -1.112000000000000000e+03
1.828000000000000000e+03 1.964000000000000000e+03 1.466000000000000000e+04 -4.448000000000000000e+03 -2.540000000000000000e+02 -1.075000000000000000e+03
1.912000000000000000e+03 2.148000000000000000e+03 1.442000000000000000e+04 -4.448000000000000000e+03 -2.720000000000000000e+02 -1.011000000000000000e+03
1.928000000000000000e+03 2.156000000000000000e+03 1.448400000000000000e+04 -4.416000000000000000e+03 -2.880000000000000000e+02 -1.072000000000000000e+03
2.200000000000000000e+03 2.172000000000000000e+03 1.424400000000000000e+04 -4.416000000000000000e+03 -3.130000000000000000e+02 -1.122000000000000000e+03
2.152000000000000000e+03 2.200000000000000000e+03 1.437600000000000000e+04 -4.432000000000000000e+03 -3.340000000000000000e+02 -1.041000000000000000e+03
2.260000000000000000e+03 2.224000000000000000e+03 1.442400000000000000e+04 -4.432000000000000000e+03 -3.500000000000000000e+02 -7.360000000000000000e+02
2.364000000000000000e+03 2.312000000000000000e+03 1.455200000000000000e+04 -4.416000000000000000e+03 -3.790000000000000000e+02 -3.960000000000000000e+02
2.408000000000000000e+03 2.096000000000000000e+03 1.451200000000000000e+04 -4.416000000000000000e+03 -4.050000000000000000e+02 -1.770000000000000000e+02
2.512000000000000000e+03 2.092000000000000000e+03 1.459200000000000000e+04 -4.400000000000000000e+03 -4.120000000000000000e+02 -6.400000000000000000e+01
2.652000000000000000e+03 2.148000000000000000e+03 1.459600000000000000e+04 -4.400000000000000000e+03 -3.990000000000000000e+02 5.100000000000000000e+01
2.980000000000000000e+03 2.148000000000000000e+03 1.432400000000000000e+04 -4.448000000000000000e+03 -3.730000000000000000e+02 2.470000000000000000e+02
3.068000000000000000e+03 2.156000000000000000e+03 1.416000000000000000e+04 -4.432000000000000000e+03 -3.930000000000000000e+02 2.710000000000000000e+02
3.196000000000000000e+03 2.156000000000000000e+03 1.398800000000000000e+04 -4.432000000000000000e+03 -3.910000000000000000e+02 1.300000000000000000e+02
3.220000000000000000e+03 2.088000000000000000e+03 1.418800000000000000e+04 -4.416000000000000000e+03 -3.790000000000000000e+02 -1.170000000000000000e+02
3.044000000000000000e+03 1.976000000000000000e+03 1.429600000000000000e+04 -4.432000000000000000e+03 -4.410000000000000000e+02 -4.550000000000000000e+02
3.088000000000000000e+03 2.164000000000000000e+03 1.454400000000000000e+04 -4.432000000000000000e+03 -5.250000000000000000e+02 -5.860000000000000000e+02
3.052000000000000000e+03 2.000000000000000000e+03 1.458400000000000000e+04 -4.432000000000000000e+03 -7.000000000000000000e+02 -8.540000000000000000e+02
2.872000000000000000e+03 1.912000000000000000e+03 1.350000000000000000e+04 -4.416000000000000000e+03 -6.550000000000000000e+02 -6.610000000000000000e+02
2.976000000000000000e+03 1.956000000000000000e+03 1.047200000000000000e+04 -4.416000000000000000e+03 -3.660000000000000000e+02 -5.050000000000000000e+02
2.728000000000000000e+03 1.932000000000000000e+03 5.660000000000000000e+03 -4.416000000000000000e+03 -7.200000000000000000e+01 5.020000000000000000e+02
2.436000000000000000e+03 1.976000000000000000e+03 4.020000000000000000e+03 -4.432000000000000000e+03 3.810000000000000000e+02 -7.000000000000000000e+01
1.872000000000000000e+03 1.332000000000000000e+03 6.416000000000000000e+03 -4.416000000000000000e+03 2.520000000000000000e+02 -2.480000000000000000e+02
1.688000000000000000e+03 5.680000000000000000e+02 1.256000000000000000e+04 -4.416000000000000000e+03 -4.230000000000000000e+02 -1.070000000000000000e+02
1.660000000000000000e+03 4.840000000000000000e+02 2.394000000000000000e+04 -4.416000000000000000e+03 -1.200000000000000000e+01 4.360000000000000000e+02
2.616000000000000000e+03 9.840000000000000000e+02 2.471600000000000000e+04 -4.432000000000000000e+03 3.390000000000000000e+02 3.270000000000000000e+02
3.800000000000000000e+03 2.168000000000000000e+03 2.439200000000000000e+04 -4.416000000000000000e+03 9.700000000000000000e+01 -5.260000000000000000e+02
2.896000000000000000e+03 4.296000000000000000e+03 2.952400000000000000e+04 -4.448000000000000000e+03 -4.260000000000000000e+02 -1.292000000000000000e+03
4.764000000000000000e+03 3.720000000000000000e+03 3.276700000000000000e+04 -4.416000000000000000e+03 6.300000000000000000e+01 -1.361000000000000000e+03
7.948000000000000000e+03 3.280000000000000000e+03 3.276700000000000000e+04 -4.432000000000000000e+03 -4.710000000000000000e+02 -2.354000000000000000e+03
6.512000000000000000e+03 3.328000000000000000e+03 3.005200000000000000e+04 -4.448000000000000000e+03 -4.240000000000000000e+02 -1.796000000000000000e+03
4.536000000000000000e+03 4.356000000000000000e+03 2.776800000000000000e+04 -4.432000000000000000e+03 5.000000000000000000e+00 -2.712000000000000000e+03
6.396000000000000000e+03 4.248000000000000000e+03 1.222000000000000000e+04 -4.432000000000000000e+03 2.350000000000000000e+02 -1.707000000000000000e+03
6.924000000000000000e+03 3.244000000000000000e+03 7.656000000000000000e+03 -4.448000000000000000e+03 1.800000000000000000e+02 -3.135000000000000000e+03
1.017200000000000000e+04 4.212000000000000000e+03 3.028000000000000000e+03 -4.416000000000000000e+03 1.950000000000000000e+02 -4.021000000000000000e+03
1.238000000000000000e+04 2.696000000000000000e+03 2.172000000000000000e+03 -4.448000000000000000e+03 3.600000000000000000e+02 -5.903000000000000000e+03
5.348000000000000000e+03 1.668000000000000000e+03 -6.800000000000000000e+02 -4.448000000000000000e+03 5.340000000000000000e+02 -2.722000000000000000e+03
4.556000000000000000e+03 6.800000000000000000e+02 -1.280000000000000000e+02 -4.432000000000000000e+03 6.700000000000000000e+02 -1.844000000000000000e+03
2.148000000000000000e+03 3.680000000000000000e+02 -3.640000000000000000e+02 -4.432000000000000000e+03 8.380000000000000000e+02 -2.275000000000000000e+03
2.576000000000000000e+03 3.280000000000000000e+02 -1.116000000000000000e+03 -4.432000000000000000e+03 3.580000000000000000e+02 -4.048000000000000000e+03
3.600000000000000000e+01 -8.800000000000000000e+01 4.716000000000000000e+03 -4.448000000000000000e+03 1.143000000000000000e+03 -2.608000000000000000e+03
6.880000000000000000e+02 -5.440000000000000000e+02 7.240000000000000000e+03 -4.464000000000000000e+03 8.440000000000000000e+02 -1.444000000000000000e+03
2.404000000000000000e+03 -1.640000000000000000e+02 2.093200000000000000e+04 -4.448000000000000000e+03 1.078000000000000000e+03 -1.568000000000000000e+03
2.292000000000000000e+03 7.040000000000000000e+02 2.114400000000000000e+04 -4.448000000000000000e+03 7.600000000000000000e+02 -8.510000000000000000e+02
3.016000000000000000e+03 2.736000000000000000e+03 1.873200000000000000e+04 -4.432000000000000000e+03 4.790000000000000000e+02 -7.620000000000000000e+02
-1.048000000000000000e+03 3.784000000000000000e+03 1.633200000000000000e+04 -4.432000000000000000e+03 5.290000000000000000e+02 -5.400000000000000000e+02
6.612000000000000000e+03 5.112000000000000000e+03 1.534400000000000000e+04 -4.432000000000000000e+03 2.070000000000000000e+02 -5.300000000000000000e+02
4.704000000000000000e+03 3.316000000000000000e+03 1.495600000000000000e+04 -4.448000000000000000e+03 -2.500000000000000000e+01 -8.110000000000000000e+02
7.196000000000000000e+03 2.828000000000000000e+03 1.331200000000000000e+04 -4.400000000000000000e+03 -3.150000000000000000e+02 1.570000000000000000e+02
6.360000000000000000e+03 2.936000000000000000e+03 1.271200000000000000e+04 -4.416000000000000000e+03 -1.410000000000000000e+02 -4.530000000000000000e+02
4.616000000000000000e+03 2.668000000000000000e+03 8.308000000000000000e+03 -4.432000000000000000e+03 -4.620000000000000000e+02 -6.580000000000000000e+02
5.588000000000000000e+03 3.184000000000000000e+03 5.608000000000000000e+03 -4.432000000000000000e+03 -4.480000000000000000e+02 -1.940000000000000000e+02
3.424000000000000000e+03 3.212000000000000000e+03 7.260000000000000000e+03 -4.432000000000000000e+03 -5.640000000000000000e+02 -2.300000000000000000e+02
2.636000000000000000e+03 2.136000000000000000e+03 2.884000000000000000e+03 -4.480000000000000000e+03 -2.640000000000000000e+02 -1.480000000000000000e+02
1.588000000000000000e+03 1.808000000000000000e+03 3.972000000000000000e+03 -4.416000000000000000e+03 -4.050000000000000000e+02 4.050000000000000000e+02
3.168000000000000000e+03 1.964000000000000000e+03 9.220000000000000000e+03 -4.464000000000000000e+03 -8.700000000000000000e+02 8.500000000000000000e+02
2.684000000000000000e+03 1.248000000000000000e+03 1.342800000000000000e+04 -4.448000000000000000e+03 -1.164000000000000000e+03 -3.750000000000000000e+02
1.728000000000000000e+03 1.308000000000000000e+03 1.592000000000000000e+04 -4.432000000000000000e+03 -8.300000000000000000e+02 -4.230000000000000000e+02
4.952000000000000000e+03 2.920000000000000000e+03 1.277200000000000000e+04 -4.432000000000000000e+03 -8.120000000000000000e+02 -4.000000000000000000e+01
6.624000000000000000e+03 3.084000000000000000e+03 1.632800000000000000e+04 -4.464000000000000000e+03 -1.071000000000000000e+03 1.138000000000000000e+03
7.976000000000000000e+03 2.460000000000000000e+03 1.081200000000000000e+04 -4.416000000000000000e+03 -1.055000000000000000e+03 4.610000000000000000e+02
7.564000000000000000e+03 2.312000000000000000e+03 1.289600000000000000e+04 -4.432000000000000000e+03 -9.510000000000000000e+02 1.050000000000000000e+02
7.496000000000000000e+03 3.540000000000000000e+03 1.125600000000000000e+04 -4.432000000000000000e+03 -6.860000000000000000e+02 -2.940000000000000000e+02
8.712000000000000000e+03 2.704000000000000000e+03 1.766400000000000000e+04 -4.432000000000000000e+03 -6.110000000000000000e+02 -1.218000000000000000e+03
9.908000000000000000e+03 2.760000000000000000e+03 1.885600000000000000e+04 -4.448000000000000000e+03 -3.320000000000000000e+02 -1.684000000000000000e+03
1.165600000000000000e+04 3.364000000000000000e+03 2.048000000000000000e+04 -4.432000000000000000e+03 -4.910000000000000000e+02 -2.294000000000000000e+03
1.071600000000000000e+04 5.072000000000000000e+03 1.809200000000000000e+04 -4.448000000000000000e+03 -4.350000000000000000e+02 -2.719000000000000000e+03
7.512000000000000000e+03 3.732000000000000000e+03 1.710000000000000000e+04 -4.448000000000000000e+03 -3.220000000000000000e+02 -3.130000000000000000e+03
