8.192000000000000000e+03 -4.720000000000000000e+03 -1.048000000000000000e+03 -4.720000000000000000e+03 -6.740000000000000000e+02 3.200000000000000000e+03
2.368000000000000000e+03 1.496000000000000000e+03 1.177200000000000000e+04 -4.704000000000000000e+03 -3.090000000000000000e+02 1.523000000000000000e+03
1.400000000000000000e+02 1.180000000000000000e+03 1.051600000000000000e+04 -4.720000000000000000e+03 -3.830000000000000000e+02 2.643000000000000000e+03
-9.840000000000000000e+02 1.384000000000000000e+03 1.320800000000000000e+04 -4.672000000000000000e+03 -4.470000000000000000e+02 1.365000000000000000e+03
9.320000000000000000e+02 2.176000000000000000e+03 1.528800000000000000e+04 -4.688000000000000000e+03 -5.550000000000000000e+02 2.169000000000000000e+03
1.484000000000000000e+03 2.512000000000000000e+03 1.657600000000000000e+04 -4.720000000000000000e+03 -4.960000000000000000e+02 2.063000000000000000e+03
1.224000000000000000e+03 2.676000000000000000e+03 1.545600000000000000e+04 -4.736000000000000000e+03 -3.520000000000000000e+02 1.623000000000000000e+03
9.960000000000000000e+02 2.252000000000000000e+03 1.398000000000000000e+04 -4.688000000000000000e+03 -1.980000000000000000e+02 1.277000000000000000e+03
7.440000000000000000e+02 2.036000000000000000e+03 1.296000000000000000e+04 -4.736000000000000000e+03 -2.160000000000000000e+02 1.112000000000000000e+03
3.080000000000000000e+02 2.440000000000000000e+03 1.439600000000000000e+04 -4.736000000000000000e+03 -3.360000000000000000e+02 7.920000000000000000e+02
3.520000000000000000e+02 2.620000000000000000e+03 1.550800000000000000e+04 -4.688000000000000000e+03 -2.580000000000000000e+02 6.700000000000000000e+02
6.960000000000000000e+02 2.424000000000000000e+03 1.558800000000000000e+04 -4.752000000000000000e+03 -3.480000000000000000e+02 9.560000000000000000e+02
8.760000000000000000e+02 2.020000000000000000e+03 1.457200000000000000e+04 -4.720000000000000000e+03 -2.890000000000000000e+02 6.640000000000000000e+02
1.084000000000000000e+03 1.940000000000000000e+03 1.442800000000000000e+04 -4.720000000000000000e+03 -3.420000000000000000e+02 9.030000000000000000e+02
5.800000000000000000e+02 1.912000000000000000e+03 1.440400000000000000e+04 -4.688000000000000000e+03 -2.780000000000000000e+02 1.014000000000000000e+03
7.600000000000000000e+01 1.900000000000000000e+03 1.495600000000000000e+04 -4.704000000000000000e+03 -3.760000000000000000e+02 7.160000000000000000e+02
-2.080000000000000000e+02 1.912000000000000000e+03 1.521600000000000000e+04 -4.720000000000000000e+03 -3.620000000000000000e+02 3.210000000000000000e+02
-5.640000000000000000e+02 2.000000000000000000e+03 1.586000000000000000e+04 -4.704000000000000000e+03 -2.740000000000000000e+02 7.710000000000000000e+02
9.200000000000000000e+01 2.104000000000000000e+03 1.431200000000000000e+04 -4.688000000000000000e+03 -1.540000000000000000e+02 2.270000000000000000e+02
4.400000000000000000e+02 2.120000000000000000e+03 1.360800000000000000e+04 -4.704000000000000000e+03 -7.700000000000000000e+01 -1.210000000000000000e+02
3.920000000000000000e+02 2.232000000000000000e+03 1.396000000000000000e+04 -4.736000000000000000e+03 -1.000000000000000000e+02 -4.510000000000000000e+02
1.320000000000000000e+02 2.212000000000000000e+03 1.460400000000000000e+04 -4.720000000000000000e+03 -6.700000000000000000e+01 -1.078000000000000000e+03
-3.520000000000000000e+02 2.228000000000000000e+03 1.523200000000000000e+04 -4.752000000000000000e+03 -1.050000000000000000e+02 -1.045000000000000000e+03
-1.880000000000000000e+02 2.212000000000000000e+03 1.502800000000000000e+04 -4.720000000000000000e+03 -9.400000000000000000e+01 -9.950000000000000000e+02
-1.680000000000000000e+02 2.248000000000000000e+03 1.525200000000000000e+04 -4.720000000000000000e+03 -9.200000000000000000e+01 -1.158000000000000000e+03
2.920000000000000000e+02 2.168000000000000000e+03 1.463200000000000000e+04 -4.720000000000000000e+03 -1.040000000000000000e+02 -1.339000000000000000e+03
4.480000000000000000e+02 2.072000000000000000e+03 1.422400000000000000e+04 -4.720000000000000000e+03 -1.190000000000000000e+02 -1.396000000000000000e+03
-6.400000000000000000e+01 2.276000000000000000e+03 1.521200000000000000e+04 -4.704000000000000000e+03 -7.100000000000000000e+01 -1.584000000000000000e+03
8.520000000000000000e+02 2.140000000000000000e+03 1.411600000000000000e+04 -4.752000000000000000e+03 -9.700000000000000000e+01 -8.490000000000000000e+02
5.760000000000000000e+02 2.112000000000000000e+03 1.465600000000000000e+04 -4.704000000000000000e+03 -9.200000000000000000e+01 -9.460000000000000000e+02
7.440000000000000000e+02 2.124000000000000000e+03 1.471200000000000000e+04 -4.720000000000000000e+03 -8.200000000000000000e+01 -9.260000000000000000e+02
9.480000000000000000e+02 2.168000000000000000e+03 1.431200000000000000e+04 -4.720000000000000000e+03 -4.600000000000000000e+01 -1.073000000000000000e+03
1.000000000000000000e+03 2.272000000000000000e+03 1.464400000000000000e+04 -4.720000000000000000e+03 -3.100000000000000000e+01 -1.119000000000000000e+03
1.120000000000000000e+03 2.376000000000000000e+03 1.431600000000000000e+04 -4.736000000000000000e+03 -8.100000000000000000e+01 -1.111000000000000000e+03
1.060000000000000000e+03 2.560000000000000000e+03 1.513600000000000000e+04 -4.736000000000000000e+03 -1.350000000000000000e+02 -1.339000000000000000e+03
1.628000000000000000e+03 2.544000000000000000e+03 1.457600000000000000e+04 -4.720000000000000000e+03 -1.630000000000000000e+02 -1.850000000000000000e+03
1.344000000000000000e+03 2.652000000000000000e+03 1.484000000000000000e+04 -4.752000000000000000e+03 -1.340000000000000000e+02 -2.238000000000000000e+03
1.172000000000000000e+03 2.464000000000000000e+03 1.414000000000000000e+04 -4.704000000000000000e+03 -1.640000000000000000e+02 -2.591000000000000000e+03
1.492000000000000000e+03 2.424000000000000000e+03 1.336400000000000000e+04 -4.736000000000000000e+03 -2.700000000000000000e+02 -2.759000000000000000e+03
1.796000000000000000e+03 2.136000000000000000e+03 1.233200000000000000e+04 -4.736000000000000000e+03 -6.900000000000000000e+01 -2.697000000000000000e+03
2.148000000000000000e+03 1.660000000000000000e+03 1.004800000000000000e+04 -4.704000000000000000e+03 2.670000000000000000e+02 -2.553000000000000000e+03
2.072000000000000000e+03 1.044000000000000000e+03 7.552000000000000000e+03 -4.720000000000000000e+03 3.780000000000000000e+02 -3.597000000000000000e+03
1.844000000000000000e+03 1.244000000000000000e+03 1.044800000000000000e+04 -4.704000000000000000e+03 1.380000000000000000e+02 -3.740000000000000000e+03
2.996000000000000000e+03 3.048000000000000000e+03 1.846800000000000000e+04 -4.704000000000000000e+03 -1.900000000000000000e+01 -3.642000000000000000e+03
3.192000000000000000e+03 4.032000000000000000e+03 2.396000000000000000e+04 -4.688000000000000000e+03 8.400000000000000000e+01 -3.569000000000000000e+03
6.020000000000000000e+03 4.716000000000000000e+03 2.568400000000000000e+04 -4.688000000000000000e+03 -7.800000000000000000e+02 -4.119000000000000000e+03
7.736000000000000000e+03 5.336000000000000000e+03 2.974000000000000000e+04 -4.720000000000000000e+03 -2.520000000000000000e+02 -3.718000000000000000e+03
8.516000000000000000e+03 5.396000000000000000e+03 3.085200000000000000e+04 -4.736000000000000000e+03 -7.120000000000000000e+02 -4.709000000000000000e+03
7.928000000000000000e+03 4.764000000000000000e+03 2.733600000000000000e+04 -4.704000000000000000e+03 -1.043000000000000000e+03 -3.669000000000000000e+03
8.672000000000000000e+03 4.072000000000000000e+03 2.120400000000000000e+04 -4.704000000000000000e+03 -1.092000000000000000e+03 -2.459000000000000000e+03
1.039600000000000000e+04 3.724000000000000000e+03 1.482400000000000000e+04 -4.704000000000000000e+03 -1.060000000000000000e+03 -3.141000000000000000e+03
8.764000000000000000e+03 2.472000000000000000e+03 9.892000000000000000e+03 -4.704000000000000000e+03 -9.140000000000000000e+02 -2.224000000000000000e+03
6.512000000000000000e+03 1.640000000000000000e+03 9.432000000000000000e+03 -4.736000000000000000e+03 -8.050000000000000000e+02 -2.304000000000000000e+03
4.632000000000000000e+03 9.880000000000000000e+02 9.236000000000000000e+03 -4.720000000000000000e+03 -8.150000000000000000e+02 -1.627000000000000000e+03
5.456000000000000000e+03 1.584000000000000000e+03 9.216000000000000000e+03 -4.736000000000000000e+03 -9.450000000000000000e+02 -2.230000000000000000e+03
4.836000000000000000e+03 1.160000000000000000e+03 8.160000000000000000e+03 -4.704000000000000000e+03 -8.930000000000000000e+02 -1.935000000000000000e+03
3.632000000000000000e+03 1.260000000000000000e+03 7.868000000000000000e+03 -4.720000000000000000e+03 -5.000000000000000000e+02 -2.399000000000000000e+03
2.272000000000000000e+03 1.592000000000000000e+03 6.504000000000000000e+03 -4.704000000000000000e+03 -1.250000000000000000e+02 -2.552000000000000000e+03
5.040000000000000000e+02 1.772000000000000000e+03 3.792000000000000000e+03 -4.720000000000000000e+03 -1.900000000000000000e+02 7.040000000000000000e+02
1.252000000000000000e+03 2.080000000000000000e+02 7.720000000000000000e+02 -4.736000000000000000e+03 3.550000000000000000e+02 -2.355000000000000000e+03
8.800000000000000000e+02 -2.600000000000000000e+02 -1.208000000000000000e+03 -4.720000000000000000e+03 8.540000000000000000e+02 -6.435000000000000000e+03
-6.120000000000000000e+02 -3.440000000000000000e+02 3.196000000000000000e+03 -4.720000000000000000e+03 2.240000000000000000e+02 2.899000000000000000e+03
4.148000000000000000e+03 1.968000000000000000e+03 1.060800000000000000e+04 -4.752000000000000000e+03 7.410000000000000000e+02 -3.519000000000000000e+03
3.404000000000000000e+03 2.160000000000000000e+02 9.420000000000000000e+03 -4.736000000000000000e+03 2.000000000000000000e+01 -1.834000000000000000e+03
8.792000000000000000e+03 2.960000000000000000e+02 5.784000000000000000e+03 -4.768000000000000000e+03 1.360000000000000000e+02 -3.050000000000000000e+02
5.684000000000000000e+03 2.324000000000000000e+03 1.303600000000000000e+04 -4.752000000000000000e+03 8.870000000000000000e+02 -1.103000000000000000e+03
8.116000000000000000e+03 1.804000000000000000e+03 1.141600000000000000e+04 -4.720000000000000000e+03 6.390000000000000000e+02 -6.980000000000000000e+02
5.140000000000000000e+03 8.360000000000000000e+02 1.062800000000000000e+04 -4.736000000000000000e+03 4.820000000000000000e+02 2.380000000000000000e+02
7.120000000000000000e+03 7.920000000000000000e+02 8.624000000000000000e+03 -4.752000000000000000e+03 2.860000000000000000e+02 -6.740000000000000000e+02
9.160000000000000000e+03 1.984000000000000000e+03 9.912000000000000000e+03 -4.736000000000000000e+03 6.460000000000000000e+02 -8.600000000000000000e+01
9.604000000000000000e+03 1.896000000000000000e+03 9.676000000000000000e+03 -4.704000000000000000e+03 7.250000000000000000e+02 -5.670000000000000000e+02
1.028000000000000000e+04 2.376000000000000000e+03 1.203600000000000000e+04 -4.720000000000000000e+03 6.320000000000000000e+02 2.100000000000000000e+01
1.376000000000000000e+04 2.712000000000000000e+03 1.121200000000000000e+04 -4.720000000000000000e+03 3.990000000000000000e+02 5.770000000000000000e+02
1.499200000000000000e+04 4.056000000000000000e+03 1.542400000000000000e+04 -4.720000000000000000e+03 3.600000000000000000e+02 7.500000000000000000e+01
1.287200000000000000e+04 3.480000000000000000e+03 1.764400000000000000e+04 -4.704000000000000000e+03 -2.800000000000000000e+01 1.478000000000000000e+03
1.369200000000000000e+04 3.660000000000000000e+03 2.022000000000000000e+04 -4.736000000000000000e+03 6.320000000000000000e+02 -2.670000000000000000e+02
1.504800000000000000e+04 3.592000000000000000e+03 2.000400000000000000e+04 -4.736000000000000000e+03 -1.122000000000000000e+03 -8.680000000000000000e+02
9.616000000000000000e+03 7.708000000000000000e+03 3.276700000000000000e+04 -4.736000000000000000e+03 -6.770000000000000000e+02 1.743000000000000000e+03
1.311600000000000000e+04 5.008000000000000000e+03 1.840800000000000000e+04 -4.736000000000000000e+03 -9.090000000000000000e+02 2.746000000000000000e+03
9.860000000000000000e+03 2.908000000000000000e+03 1.024400000000000000e+04 -4.720000000000000000e+03 -8.830000000000000000e+02 1.812000000000000000e+03
6.468000000000000000e+03 2.124000000000000000e+03 9.900000000000000000e+03 -4.736000000000000000e+03 -6.210000000000000000e+02 7.600000000000000000e+02
4.180000000000000000e+03 1.680000000000000000e+03 1.102000000000000000e+04 -4.736000000000000000e+03 -8.870000000000000000e+02 1.475000000000000000e+03
5.892000000000000000e+03 2.496000000000000000e+03 1.375600000000000000e+04 -4.720000000000000000e+03 -1.216000000000000000e+03 1.548000000000000000e+03
