1.578400000000000000e+04 1.432000000000000000e+03 -8.000000000000000000e+01 -4.752000000000000000e+03 1.080000000000000000e+03 1.000000000000000000e+01
1.962000000000000000e+04 1.388000000000000000e+03 -2.088000000000000000e+03 -4.752000000000000000e+03 -2.510000000000000000e+02 6.000000000000000000e+01
1.720800000000000000e+04 1.500000000000000000e+03 -1.140000000000000000e+03 -2.450000000000000000e+02 -2.890000000000000000e+02 -7.140000000000000000e+02
5.440000000000000000e+02 -1.000000000000000000e+02 -4.768000000000000000e+03 -4.752000000000000000e+03 -2.310000000000000000e+02 -5.640000000000000000e+02
1.740800000000000000e+04 2.008000000000000000e+03 7.120000000000000000e+02 -4.752000000000000000e+03 -2.360000000000000000e+02 7.300000000000000000e+01
1.628800000000000000e+04 1.568000000000000000e+03 -3.280000000000000000e+02 -4.784000000000000000e+03 -2.130000000000000000e+02 -9.500000000000000000e+02
1.566800000000000000e+04 1.444000000000000000e+03 -6.360000000000000000e+02 -4.752000000000000000e+03 -2.430000000000000000e+02 -4.650000000000000000e+02
1.646800000000000000e+04 1.468000000000000000e+03 -9.320000000000000000e+02 -4.736000000000000000e+03 -2.430000000000000000e+02 -3.830000000000000000e+02
1.674800000000000000e+04 1.532000000000000000e+03 -3.120000000000000000e+02 -4.752000000000000000e+03 -9.300000000000000000e+01 -6.840000000000000000e+02
1.804000000000000000e+04 1.528000000000000000e+03 -1.508000000000000000e+03 -4.752000000000000000e+03 -2.320000000000000000e+02 -2.530000000000000000e+02
1.746000000000000000e+04 1.504000000000000000e+03 -1.912000000000000000e+03 -4.752000000000000000e+03 -2.840000000000000000e+02 6.100000000000000000e+02
1.637600000000000000e+04 1.296000000000000000e+03 -1.728000000000000000e+03 -4.736000000000000000e+03 -2.750000000000000000e+02 -5.400000000000000000e+02
1.659200000000000000e+04 1.656000000000000000e+03 -9.080000000000000000e+02 -4.784000000000000000e+03 -3.030000000000000000e+02 -6.950000000000000000e+02
1.684000000000000000e+04 1.616000000000000000e+03 -8.480000000000000000e+02 -4.752000000000000000e+03 -3.810000000000000000e+02 -4.330000000000000000e+02
1.794800000000000000e+04 1.476000000000000000e+03 -1.224000000000000000e+03 -4.768000000000000000e+03 -3.350000000000000000e+02 -8.870000000000000000e+02
1.871600000000000000e+04 1.740000000000000000e+03 -1.104000000000000000e+03 -4.720000000000000000e+03 -3.320000000000000000e+02 -1.176000000000000000e+03
1.788000000000000000e+04 1.724000000000000000e+03 -1.300000000000000000e+03 -4.736000000000000000e+03 -4.150000000000000000e+02 -9.070000000000000000e+02
1.652800000000000000e+04 1.656000000000000000e+03 -1.324000000000000000e+03 -4.768000000000000000e+03 -3.310000000000000000e+02 -6.960000000000000000e+02
1.673200000000000000e+04 1.804000000000000000e+03 -1.268000000000000000e+03 -4.768000000000000000e+03 -3.060000000000000000e+02 -1.250000000000000000e+03
1.674000000000000000e+04 1.804000000000000000e+03 -8.360000000000000000e+02 -4.752000000000000000e+03 -3.870000000000000000e+02 -1.005000000000000000e+03
1.694800000000000000e+04 1.696000000000000000e+03 -1.260000000000000000e+03 -4.752000000000000000e+03 -4.050000000000000000e+02 -7.070000000000000000e+02
1.612800000000000000e+04 1.520000000000000000e+03 -8.840000000000000000e+02 -4.736000000000000000e+03 -4.100000000000000000e+02 -6.350000000000000000e+02
1.678400000000000000e+04 1.280000000000000000e+03 -1.952000000000000000e+03 -4.736000000000000000e+03 -4.010000000000000000e+02 -4.430000000000000000e+02
1.634000000000000000e+04 1.376000000000000000e+03 -2.008000000000000000e+03 -4.736000000000000000e+03 -4.260000000000000000e+02 -5.130000000000000000e+02
1.696800000000000000e+04 1.536000000000000000e+03 -1.724000000000000000e+03 -4.752000000000000000e+03 -4.120000000000000000e+02 -5.050000000000000000e+02
1.743200000000000000e+04 1.452000000000000000e+03 -2.028000000000000000e+03 -4.752000000000000000e+03 -3.930000000000000000e+02 -6.060000000000000000e+02
1.675600000000000000e+04 1.284000000000000000e+03 -1.688000000000000000e+03 -4.752000000000000000e+03 -3.940000000000000000e+02 -1.187000000000000000e+03
1.682800000000000000e+04 1.184000000000000000e+03 -2.108000000000000000e+03 -4.752000000000000000e+03 -3.390000000000000000e+02 -2.933000000000000000e+03
1.655600000000000000e+04 1.052000000000000000e+03 -2.152000000000000000e+03 -4.752000000000000000e+03 -2.920000000000000000e+02 -5.220000000000000000e+02
1.676800000000000000e+04 1.232000000000000000e+03 -2.112000000000000000e+03 -4.752000000000000000e+03 -2.070000000000000000e+02 -2.127000000000000000e+03
1.687600000000000000e+04 1.376000000000000000e+03 -2.220000000000000000e+03 -4.752000000000000000e+03 -3.200000000000000000e+01 -1.490000000000000000e+03
1.684400000000000000e+04 1.648000000000000000e+03 -2.312000000000000000e+03 -4.736000000000000000e+03 -1.110000000000000000e+02 -2.282000000000000000e+03
1.666400000000000000e+04 1.456000000000000000e+03 -2.324000000000000000e+03 -4.720000000000000000e+03 1.030000000000000000e+02 -2.023000000000000000e+03
1.679200000000000000e+04 1.288000000000000000e+03 -2.640000000000000000e+03 -4.720000000000000000e+03 8.900000000000000000e+01 -1.696000000000000000e+03
1.761600000000000000e+04 8.480000000000000000e+02 -3.672000000000000000e+03 -4.752000000000000000e+03 1.640000000000000000e+02 -1.478000000000000000e+03
1.818400000000000000e+04 9.920000000000000000e+02 -3.880000000000000000e+03 -4.752000000000000000e+03 1.790000000000000000e+02 -2.008000000000000000e+03
1.768800000000000000e+04 1.004000000000000000e+03 -3.456000000000000000e+03 -4.736000000000000000e+03 2.280000000000000000e+02 -3.563000000000000000e+03
1.669600000000000000e+04 6.880000000000000000e+02 -3.116000000000000000e+03 -4.752000000000000000e+03 2.330000000000000000e+02 -2.559000000000000000e+03
1.697200000000000000e+04 9.200000000000000000e+02 -3.592000000000000000e+03 -4.784000000000000000e+03 2.930000000000000000e+02 -2.569000000000000000e+03
1.681600000000000000e+04 1.152000000000000000e+03 -3.400000000000000000e+03 -4.752000000000000000e+03 3.630000000000000000e+02 -2.601000000000000000e+03
1.648400000000000000e+04 1.176000000000000000e+03 -3.328000000000000000e+03 -4.752000000000000000e+03 4.000000000000000000e+02 -2.659000000000000000e+03
1.629600000000000000e+04 1.124000000000000000e+03 -3.028000000000000000e+03 -4.752000000000000000e+03 3.660000000000000000e+02 -2.247000000000000000e+03
1.636400000000000000e+04 1.024000000000000000e+03 -3.676000000000000000e+03 -4.752000000000000000e+03 3.120000000000000000e+02 -1.768000000000000000e+03
1.682000000000000000e+04 9.480000000000000000e+02 -5.108000000000000000e+03 -4.736000000000000000e+03 3.550000000000000000e+02 -4.129000000000000000e+03
1.409600000000000000e+04 6.440000000000000000e+02 -4.324000000000000000e+03 -4.752000000000000000e+03 3.680000000000000000e+02 -2.768000000000000000e+03
9.552000000000000000e+03 8.800000000000000000e+01 -4.268000000000000000e+03 -4.752000000000000000e+03 1.430000000000000000e+02 -3.496000000000000000e+03
6.472000000000000000e+03 -5.160000000000000000e+02 -4.904000000000000000e+03 -4.784000000000000000e+03 8.100000000000000000e+01 -3.793000000000000000e+03
9.396000000000000000e+03 -4.520000000000000000e+02 -5.212000000000000000e+03 -4.752000000000000000e+03 -1.880000000000000000e+02 -4.274000000000000000e+03
1.430000000000000000e+04 1.312000000000000000e+03 -1.240000000000000000e+02 -4.736000000000000000e+03 4.200000000000000000e+01 -2.262000000000000000e+03
2.372000000000000000e+04 1.684000000000000000e+03 -5.376000000000000000e+03 -4.752000000000000000e+03 -5.800000000000000000e+01 -4.138000000000000000e+03
2.522800000000000000e+04 1.096000000000000000e+03 -8.720000000000000000e+03 -4.800000000000000000e+03 -5.700000000000000000e+01 -3.114000000000000000e+03
2.933600000000000000e+04 1.632000000000000000e+03 -8.180000000000000000e+03 -4.752000000000000000e+03 1.830000000000000000e+02 -3.123000000000000000e+03
3.274000000000000000e+04 1.812000000000000000e+03 -1.012000000000000000e+04 -4.736000000000000000e+03 1.400000000000000000e+02 -2.561000000000000000e+03
3.169600000000000000e+04 6.160000000000000000e+02 -1.522400000000000000e+04 -4.720000000000000000e+03 3.850000000000000000e+02 -2.631000000000000000e+03
2.866000000000000000e+04 -9.600000000000000000e+01 -1.677600000000000000e+04 -4.784000000000000000e+03 4.420000000000000000e+02 -2.888000000000000000e+03
2.288800000000000000e+04 6.640000000000000000e+02 -1.343200000000000000e+04 -4.752000000000000000e+03 2.910000000000000000e+02 -2.587000000000000000e+03
1.888800000000000000e+04 6.200000000000000000e+02 -1.140800000000000000e+04 -4.752000000000000000e+03 4.800000000000000000e+02 -2.709000000000000000e+03
1.274000000000000000e+04 5.880000000000000000e+02 -8.880000000000000000e+03 -4.752000000000000000e+03 4.810000000000000000e+02 -2.936000000000000000e+03
1.158400000000000000e+04 8.000000000000000000e+01 -8.572000000000000000e+03 -4.752000000000000000e+03 5.520000000000000000e+02 -2.891000000000000000e+03
8.868000000000000000e+03 6.400000000000000000e+01 -6.384000000000000000e+03 -4.736000000000000000e+03 4.850000000000000000e+02 -2.792000000000000000e+03
8.336000000000000000e+03 -1.520000000000000000e+02 -6.328000000000000000e+03 -4.752000000000000000e+03 5.280000000000000000e+02 1.930000000000000000e+02
8.032000000000000000e+03 -6.320000000000000000e+02 -6.072000000000000000e+03 -4.736000000000000000e+03 4.420000000000000000e+02 -3.183000000000000000e+03
8.372000000000000000e+03 -2.760000000000000000e+02 -5.120000000000000000e+03 -4.752000000000000000e+03 4.140000000000000000e+02 -2.968000000000000000e+03
9.524000000000000000e+03 3.360000000000000000e+02 -5.196000000000000000e+03 -4.752000000000000000e+03 -6.300000000000000000e+01 -2.494000000000000000e+03
9.184000000000000000e+03 7.000000000000000000e+02 -4.628000000000000000e+03 -4.736000000000000000e+03 7.500000000000000000e+01 -2.343000000000000000e+03
6.288000000000000000e+03 5.400000000000000000e+02 -3.892000000000000000e+03 -4.736000000000000000e+03 -1.000000000000000000e+02 -2.149000000000000000e+03
5.596000000000000000e+03 2.080000000000000000e+02 -2.736000000000000000e+03 -4.768000000000000000e+03 -3.900000000000000000e+02 -1.338000000000000000e+03
1.896000000000000000e+03 1.000000000000000000e+02 -1.136000000000000000e+03 -4.768000000000000000e+03 -3.850000000000000000e+02 -2.616000000000000000e+03
1.039200000000000000e+04 -3.520000000000000000e+02 -7.548000000000000000e+03 -4.768000000000000000e+03 -8.720000000000000000e+02 2.430000000000000000e+02
1.024800000000000000e+04 -3.080000000000000000e+02 -6.404000000000000000e+03 -4.752000000000000000e+03 -9.700000000000000000e+02 -1.709000000000000000e+03
1.282800000000000000e+04 -9.480000000000000000e+02 -9.400000000000000000e+03 -4.784000000000000000e+03 -6.260000000000000000e+02 -2.285000000000000000e+03
1.299600000000000000e+04 -1.088000000000000000e+03 -9.912000000000000000e+03 -4.752000000000000000e+03 -1.138000000000000000e+03 -2.430000000000000000e+03
1.127600000000000000e+04 -8.480000000000000000e+02 -9.188000000000000000e+03 -4.752000000000000000e+03 -1.072000000000000000e+03 -3.070000000000000000e+02
9.216000000000000000e+03 -1.504000000000000000e+03 -9.104000000000000000e+03 -4.736000000000000000e+03 -7.170000000000000000e+02 -6.150000000000000000e+02
1.325600000000000000e+04 -1.140000000000000000e+03 -1.248000000000000000e+04 -4.752000000000000000e+03 -7.680000000000000000e+02 -1.218000000000000000e+03
1.343600000000000000e+04 -7.200000000000000000e+02 -1.182800000000000000e+04 -4.752000000000000000e+03 -1.166000000000000000e+03 7.900000000000000000e+02
1.299200000000000000e+04 -3.480000000000000000e+02 -1.162800000000000000e+04 -4.752000000000000000e+03 -1.037000000000000000e+03 1.312000000000000000e+03
1.192800000000000000e+04 -4.640000000000000000e+02 -1.237200000000000000e+04 -4.768000000000000000e+03 -9.490000000000000000e+02 8.230000000000000000e+02
1.298800000000000000e+04 -7.840000000000000000e+02 -1.537600000000000000e+04 -4.752000000000000000e+03 -9.570000000000000000e+02 3.320000000000000000e+02
