-1.780000000000000000e+03 2.352000000000000000e+03 1.467200000000000000e+04 -4.448000000000000000e+03 -3.690000000000000000e+02 -1.083000000000000000e+03
-1.504000000000000000e+03 2.288000000000000000e+03 1.434400000000000000e+04 -4.448000000000000000e+03 -3.600000000000000000e+02 -1.209000000000000000e+03
-1.304000000000000000e+03 2.208000000000000000e+03 1.423200000000000000e+04 -4.480000000000000000e+03 -3.950000000000000000e+02 -1.289000000000000000e+03
-1.296000000000000000e+03 2.176000000000000000e+03 1.464800000000000000e+04 -4.448000000000000000e+03 -3.990000000000000000e+02 -1.258000000000000000e+03
-1.340000000000000000e+03 2.264000000000000000e+03 1.478400000000000000e+04 -4.448000000000000000e+03 -4.020000000000000000e+02 -1.131000000000000000e+03
-1.236000000000000000e+03 2.144000000000000000e+03 1.484400000000000000e+04 -4.464000000000000000e+03 -4.540000000000000000e+02 -1.036000000000000000e+03
-1.140000000000000000e+03 2.228000000000000000e+03 1.494400000000000000e+04 -4.448000000000000000e+03 -4.600000000000000000e+02 -8.850000000000000000e+02
-8.440000000000000000e+02 2.200000000000000000e+03 1.477200000000000000e+04 -4.480000000000000000e+03 -4.550000000000000000e+02 -7.170000000000000000e+02
-6.600000000000000000e+02 2.080000000000000000e+03 1.423600000000000000e+04 -4.496000000000000000e+03 -4.330000000000000000e+02 -5.640000000000000000e+02
-4.000000000000000000e+02 1.872000000000000000e+03 1.384000000000000000e+04 -4.448000000000000000e+03 -4.460000000000000000e+02 -4.300000000000000000e+02
-8.120000000000000000e+02 1.868000000000000000e+03 1.433200000000000000e+04 -4.432000000000000000e+03 -4.420000000000000000e+02 -3.160000000000000000e+02
-5.000000000000000000e+02 2.072000000000000000e+03 1.461600000000000000e+04 -4.464000000000000000e+03 -4.220000000000000000e+02 -2.510000000000000000e+02
-2.640000000000000000e+02 1.980000000000000000e+03 1.437600000000000000e+04 -4.448000000000000000e+03 -3.710000000000000000e+02 -1.480000000000000000e+02
-2.360000000000000000e+02 1.924000000000000000e+03 1.411200000000000000e+04 -4.432000000000000000e+03 -3.300000000000000000e+02 -7.900000000000000000e+01
-2.800000000000000000e+01 1.944000000000000000e+03 1.434000000000000000e+04 -4.432000000000000000e+03 -3.320000000000000000e+02 3.800000000000000000e+01
-9.200000000000000000e+01 2.024000000000000000e+03 1.445600000000000000e+04 -4.448000000000000000e+03 -2.870000000000000000e+02 1.480000000000000000e+02
-2.120000000000000000e+02 1.980000000000000000e+03 1.430800000000000000e+04 -4.496000000000000000e+03 -2.110000000000000000e+02 2.660000000000000000e+02
7.200000000000000000e+01 2.064000000000000000e+03 1.415200000000000000e+04 -4.480000000000000000e+03 -2.200000000000000000e+02 4.090000000000000000e+02
1.920000000000000000e+02 1.924000000000000000e+03 1.408800000000000000e+04 -4.448000000000000000e+03 -1.980000000000000000e+02 5.110000000000000000e+02
1.560000000000000000e+02 2.036000000000000000e+03 1.415600000000000000e+04 -4.432000000000000000e+03 -1.960000000000000000e+02 6.150000000000000000e+02
2.400000000000000000e+02 1.904000000000000000e+03 1.442400000000000000e+04 -4.432000000000000000e+03 -1.880000000000000000e+02 7.130000000000000000e+02
7.200000000000000000e+01 1.844000000000000000e+03 1.428400000000000000e+04 -4.448000000000000000e+03 -2.030000000000000000e+02 7.140000000000000000e+02
-9.600000000000000000e+01 1.776000000000000000e+03 1.454400000000000000e+04 -4.480000000000000000e+03 -1.810000000000000000e+02 7.410000000000000000e+02
-1.480000000000000000e+02 1.828000000000000000e+03 1.425200000000000000e+04 -4.448000000000000000e+03 -1.790000000000000000e+02 6.820000000000000000e+02
4.000000000000000000e+01 1.892000000000000000e+03 1.446800000000000000e+04 -4.464000000000000000e+03 -1.570000000000000000e+02 5.890000000000000000e+02
-2.200000000000000000e+02 1.952000000000000000e+03 1.436000000000000000e+04 -4.464000000000000000e+03 -1.870000000000000000e+02 4.330000000000000000e+02
-9.600000000000000000e+01 1.964000000000000000e+03 1.466800000000000000e+04 -4.464000000000000000e+03 -2.000000000000000000e+02 3.160000000000000000e+02
-3.600000000000000000e+02 1.940000000000000000e+03 1.488000000000000000e+04 -4.448000000000000000e+03 -2.000000000000000000e+02 1.980000000000000000e+02
-9.600000000000000000e+01 1.860000000000000000e+03 1.448000000000000000e+04 -4.464000000000000000e+03 -2.020000000000000000e+02 1.180000000000000000e+02
-1.920000000000000000e+02 1.896000000000000000e+03 1.456000000000000000e+04 -4.480000000000000000e+03 -2.360000000000000000e+02 -2.000000000000000000e+00
-4.280000000000000000e+02 1.900000000000000000e+03 1.494800000000000000e+04 -4.496000000000000000e+03 -2.740000000000000000e+02 -1.290000000000000000e+02
-4.960000000000000000e+02 2.068000000000000000e+03 1.499200000000000000e+04 -4.432000000000000000e+03 -3.110000000000000000e+02 -3.310000000000000000e+02
-1.600000000000000000e+02 2.196000000000000000e+03 1.468400000000000000e+04 -4.464000000000000000e+03 -3.180000000000000000e+02 -6.100000000000000000e+02
-4.120000000000000000e+02 2.024000000000000000e+03 1.455200000000000000e+04 -4.480000000000000000e+03 -3.460000000000000000e+02 -8.810000000000000000e+02
-3.840000000000000000e+02 1.876000000000000000e+03 1.444800000000000000e+04 -4.480000000000000000e+03 -3.210000000000000000e+02 -1.159000000000000000e+03
-2.320000000000000000e+02 2.016000000000000000e+03 1.484400000000000000e+04 -4.432000000000000000e+03 -4.640000000000000000e+02 -1.405000000000000000e+03
-6.200000000000000000e+02 2.048000000000000000e+03 1.528400000000000000e+04 -4.448000000000000000e+03 -4.150000000000000000e+02 -2.024000000000000000e+03
-8.320000000000000000e+02 2.068000000000000000e+03 1.468000000000000000e+04 -4.464000000000000000e+03 -6.250000000000000000e+02 -2.129000000000000000e+03
-1.116000000000000000e+03 2.040000000000000000e+03 1.357200000000000000e+04 -4.464000000000000000e+03 -7.310000000000000000e+02 -1.872000000000000000e+03
-1.148000000000000000e+03 2.044000000000000000e+03 1.094800000000000000e+04 -4.448000000000000000e+03 -2.760000000000000000e+02 -1.065000000000000000e+03
-1.288000000000000000e+03 1.900000000000000000e+03 4.848000000000000000e+03 -4.464000000000000000e+03 1.750000000000000000e+02 -2.310000000000000000e+03
-1.800000000000000000e+02 1.268000000000000000e+03 3.196000000000000000e+03 -4.432000000000000000e+03 8.180000000000000000e+02 -2.495000000000000000e+03
8.800000000000000000e+02 1.140000000000000000e+03 4.840000000000000000e+03 -4.464000000000000000e+03 2.670000000000000000e+02 -5.000000000000000000e+02
2.408000000000000000e+03 1.136000000000000000e+03 9.036000000000000000e+03 -4.448000000000000000e+03 -6.460000000000000000e+02 -1.199000000000000000e+03
4.972000000000000000e+03 1.336000000000000000e+03 3.102800000000000000e+04 -4.464000000000000000e+03 1.040000000000000000e+02 -2.664000000000000000e+03
-3.340000000000000000e+03 4.412000000000000000e+03 2.951200000000000000e+04 -4.464000000000000000e+03 4.800000000000000000e+02 -2.215000000000000000e+03
3.264000000000000000e+03 3.960000000000000000e+03 2.906000000000000000e+04 -4.432000000000000000e+03 -7.170000000000000000e+02 -1.698000000000000000e+03
6.468000000000000000e+03 3.636000000000000000e+03 3.276700000000000000e+04 -4.432000000000000000e+03 -1.051000000000000000e+03 -3.587000000000000000e+03
1.064000000000000000e+03 5.408000000000000000e+03 3.276700000000000000e+04 -4.448000000000000000e+03 -4.100000000000000000e+02 -2.533000000000000000e+03
1.472000000000000000e+03 5.072000000000000000e+03 2.680800000000000000e+04 -4.464000000000000000e+03 -9.800000000000000000e+01 -3.893000000000000000e+03
1.001200000000000000e+04 2.684000000000000000e+03 2.323200000000000000e+04 -4.464000000000000000e+03 3.970000000000000000e+02 -6.785000000000000000e+03
7.760000000000000000e+03 3.160000000000000000e+03 1.356000000000000000e+04 -4.448000000000000000e+03 9.670000000000000000e+02 -7.506000000000000000e+03
4.620000000000000000e+03 8.480000000000000000e+02 5.068000000000000000e+03 -4.480000000000000000e+03 4.600000000000000000e+01 -5.665000000000000000e+03
6.552000000000000000e+03 6.720000000000000000e+02 2.672000000000000000e+03 -4.448000000000000000e+03 3.390000000000000000e+02 -2.333000000000000000e+03
4.172000000000000000e+03 3.416000000000000000e+03 8.320000000000000000e+02 -4.464000000000000000e+03 5.900000000000000000e+02 -3.993000000000000000e+03
1.048000000000000000e+03 1.720000000000000000e+03 -1.580000000000000000e+03 -4.448000000000000000e+03 1.850000000000000000e+02 1.390000000000000000e+02
2.200000000000000000e+02 1.600000000000000000e+01 -6.532000000000000000e+03 -4.464000000000000000e+03 1.188000000000000000e+03 -1.628000000000000000e+03
1.112000000000000000e+03 -7.520000000000000000e+02 -4.136000000000000000e+03 -4.480000000000000000e+03 1.308000000000000000e+03 -1.693000000000000000e+03
-3.068000000000000000e+03 2.920000000000000000e+02 -3.536000000000000000e+03 -4.480000000000000000e+03 1.972000000000000000e+03 -1.265000000000000000e+03
-1.076000000000000000e+03 -1.984000000000000000e+03 -1.063600000000000000e+04 -4.432000000000000000e+03 7.440000000000000000e+02 -1.008000000000000000e+03
2.025200000000000000e+04 -1.552000000000000000e+03 2.885600000000000000e+04 -4.464000000000000000e+03 -1.320000000000000000e+02 -1.645000000000000000e+03
8.424000000000000000e+03 6.208000000000000000e+03 2.504800000000000000e+04 -4.448000000000000000e+03 -5.150000000000000000e+02 -1.272000000000000000e+03
6.688000000000000000e+03 4.304000000000000000e+03 2.369200000000000000e+04 -4.480000000000000000e+03 -2.600000000000000000e+02 -1.739000000000000000e+03
1.051200000000000000e+04 4.836000000000000000e+03 1.812000000000000000e+04 -4.464000000000000000e+03 -2.710000000000000000e+02 -1.853000000000000000e+03
4.708000000000000000e+03 3.472000000000000000e+03 1.586400000000000000e+04 -4.464000000000000000e+03 -4.770000000000000000e+02 -1.533000000000000000e+03
2.364000000000000000e+03 3.108000000000000000e+03 1.377600000000000000e+04 -4.496000000000000000e+03 -6.490000000000000000e+02 -1.797000000000000000e+03
3.328000000000000000e+03 3.488000000000000000e+03 1.060800000000000000e+04 -4.480000000000000000e+03 -7.090000000000000000e+02 -1.407000000000000000e+03
3.116000000000000000e+03 3.164000000000000000e+03 6.992000000000000000e+03 -4.432000000000000000e+03 -4.910000000000000000e+02 -9.910000000000000000e+02
2.404000000000000000e+03 1.836000000000000000e+03 3.892000000000000000e+03 -4.480000000000000000e+03 -5.560000000000000000e+02 -1.251000000000000000e+03
9.080000000000000000e+02 8.520000000000000000e+02 3.952000000000000000e+03 -4.480000000000000000e+03 -4.800000000000000000e+02 -9.930000000000000000e+02
1.280000000000000000e+03 9.880000000000000000e+02 3.420000000000000000e+03 -4.480000000000000000e+03 -5.860000000000000000e+02 -1.640000000000000000e+02
3.228000000000000000e+03 5.520000000000000000e+02 4.436000000000000000e+03 -4.464000000000000000e+03 -9.340000000000000000e+02 3.800000000000000000e+02
4.060000000000000000e+03 9.240000000000000000e+02 8.740000000000000000e+03 -4.464000000000000000e+03 -1.162000000000000000e+03 -1.140000000000000000e+02
4.548000000000000000e+03 1.332000000000000000e+03 1.464400000000000000e+04 -4.480000000000000000e+03 -1.245000000000000000e+03 7.580000000000000000e+02
8.232000000000000000e+03 2.208000000000000000e+03 1.725600000000000000e+04 -4.480000000000000000e+03 -1.875000000000000000e+03 1.341000000000000000e+03
8.352000000000000000e+03 2.576000000000000000e+03 1.695200000000000000e+04 -4.448000000000000000e+03 -1.628000000000000000e+03 1.930000000000000000e+02
8.264000000000000000e+03 2.388000000000000000e+03 1.409600000000000000e+04 -4.480000000000000000e+03 -1.805000000000000000e+03 3.070000000000000000e+02
1.005200000000000000e+04 1.808000000000000000e+03 1.112400000000000000e+04 -4.448000000000000000e+03 -1.639000000000000000e+03 -3.880000000000000000e+02
9.940000000000000000e+03 1.444000000000000000e+03 1.589600000000000000e+04 -4.448000000000000000e+03 -1.640000000000000000e+03 -6.660000000000000000e+02
