9.924000000000000000e+03 2.940000000000000000e+03 1.012800000000000000e+04 -4.592000000000000000e+03 -1.630000000000000000e+02 -3.900000000000000000e+01
6.760000000000000000e+02 2.760000000000000000e+03 1.035200000000000000e+04 -4.608000000000000000e+03 -1.350000000000000000e+02 -1.620000000000000000e+02
1.049200000000000000e+04 2.736000000000000000e+03 1.071600000000000000e+04 -4.576000000000000000e+03 -1.620000000000000000e+02 -3.360000000000000000e+02
1.055600000000000000e+04 2.864000000000000000e+03 1.103200000000000000e+04 -4.576000000000000000e+03 -1.900000000000000000e+02 -1.050000000000000000e+02
1.088400000000000000e+04 2.792000000000000000e+03 1.106400000000000000e+04 -4.576000000000000000e+03 -1.880000000000000000e+02 -6.000000000000000000e+00
1.076800000000000000e+04 2.692000000000000000e+03 1.056800000000000000e+04 -4.576000000000000000e+03 -2.500000000000000000e+02 2.500000000000000000e+02
1.108000000000000000e+04 2.512000000000000000e+03 1.050400000000000000e+04 -4.592000000000000000e+03 -2.620000000000000000e+02 1.750000000000000000e+02
1.107600000000000000e+04 2.420000000000000000e+03 1.095200000000000000e+04 -4.576000000000000000e+03 -2.620000000000000000e+02 2.960000000000000000e+02
1.108000000000000000e+04 2.376000000000000000e+03 1.104000000000000000e+04 -4.560000000000000000e+03 -2.580000000000000000e+02 4.570000000000000000e+02
1.104800000000000000e+04 2.496000000000000000e+03 1.070400000000000000e+04 -4.560000000000000000e+03 -2.720000000000000000e+02 5.680000000000000000e+02
1.089600000000000000e+04 2.440000000000000000e+03 1.064000000000000000e+04 -4.592000000000000000e+03 -2.920000000000000000e+02 6.500000000000000000e+02
1.098000000000000000e+04 2.548000000000000000e+03 1.067200000000000000e+04 -4.592000000000000000e+03 -2.770000000000000000e+02 5.910000000000000000e+02
1.108400000000000000e+04 2.604000000000000000e+03 1.096800000000000000e+04 -4.576000000000000000e+03 -2.730000000000000000e+02 6.660000000000000000e+02
1.072800000000000000e+04 2.820000000000000000e+03 1.071200000000000000e+04 -4.576000000000000000e+03 -2.980000000000000000e+02 7.330000000000000000e+02
1.096000000000000000e+04 2.800000000000000000e+03 1.080000000000000000e+04 -4.544000000000000000e+03 -3.260000000000000000e+02 8.270000000000000000e+02
1.084800000000000000e+04 2.700000000000000000e+03 1.085200000000000000e+04 -4.560000000000000000e+03 -3.720000000000000000e+02 7.850000000000000000e+02
1.079200000000000000e+04 2.736000000000000000e+03 1.116800000000000000e+04 -4.560000000000000000e+03 -4.300000000000000000e+02 7.570000000000000000e+02
1.090400000000000000e+04 2.828000000000000000e+03 1.119200000000000000e+04 -4.592000000000000000e+03 -4.080000000000000000e+02 7.360000000000000000e+02
1.073600000000000000e+04 2.620000000000000000e+03 1.121600000000000000e+04 -4.576000000000000000e+03 -4.150000000000000000e+02 6.270000000000000000e+02
1.077600000000000000e+04 2.684000000000000000e+03 1.116400000000000000e+04 -4.576000000000000000e+03 -4.000000000000000000e+02 4.900000000000000000e+02
1.072800000000000000e+04 2.636000000000000000e+03 1.127600000000000000e+04 -4.576000000000000000e+03 -3.930000000000000000e+02 4.630000000000000000e+02
1.050400000000000000e+04 2.788000000000000000e+03 1.146400000000000000e+04 -4.592000000000000000e+03 -3.760000000000000000e+02 3.620000000000000000e+02
1.010400000000000000e+04 2.640000000000000000e+03 1.122000000000000000e+04 -4.560000000000000000e+03 -3.400000000000000000e+02 4.140000000000000000e+02
1.007600000000000000e+04 2.572000000000000000e+03 1.119200000000000000e+04 -4.560000000000000000e+03 -3.710000000000000000e+02 5.550000000000000000e+02
1.019600000000000000e+04 2.632000000000000000e+03 1.110000000000000000e+04 -4.576000000000000000e+03 -3.940000000000000000e+02 8.730000000000000000e+02
1.045600000000000000e+04 2.488000000000000000e+03 1.148000000000000000e+04 -4.544000000000000000e+03 -4.550000000000000000e+02 8.660000000000000000e+02
1.049200000000000000e+04 2.680000000000000000e+03 1.214000000000000000e+04 -4.576000000000000000e+03 -4.390000000000000000e+02 1.005000000000000000e+03
1.046000000000000000e+04 2.736000000000000000e+03 1.196000000000000000e+04 -4.576000000000000000e+03 -4.770000000000000000e+02 1.339000000000000000e+03
1.006800000000000000e+04 2.624000000000000000e+03 1.140000000000000000e+04 -4.576000000000000000e+03 -5.570000000000000000e+02 1.495000000000000000e+03
9.720000000000000000e+03 2.680000000000000000e+03 1.058000000000000000e+04 -4.576000000000000000e+03 -5.990000000000000000e+02 4.640000000000000000e+02
9.508000000000000000e+03 2.560000000000000000e+03 1.036000000000000000e+04 -4.560000000000000000e+03 -6.940000000000000000e+02 1.860000000000000000e+03
9.488000000000000000e+03 2.456000000000000000e+03 8.016000000000000000e+03 -4.560000000000000000e+03 -3.940000000000000000e+02 1.385000000000000000e+03
9.028000000000000000e+03 1.468000000000000000e+03 5.256000000000000000e+03 -4.560000000000000000e+03 -1.820000000000000000e+02 1.528000000000000000e+03
7.112000000000000000e+03 7.480000000000000000e+02 4.872000000000000000e+03 -4.560000000000000000e+03 -1.450000000000000000e+02 1.038000000000000000e+03
5.896000000000000000e+03 7.200000000000000000e+02 8.904000000000000000e+03 -4.592000000000000000e+03 -2.740000000000000000e+02 5.030000000000000000e+02
6.100000000000000000e+03 1.664000000000000000e+03 1.455200000000000000e+04 -4.560000000000000000e+03 -1.210000000000000000e+02 -4.000000000000000000e+00
6.548000000000000000e+03 3.552000000000000000e+03 1.570400000000000000e+04 -4.592000000000000000e+03 1.310000000000000000e+02 -7.940000000000000000e+02
9.272000000000000000e+03 4.216000000000000000e+03 1.690000000000000000e+04 -4.560000000000000000e+03 1.250000000000000000e+02 -1.719000000000000000e+03
1.202800000000000000e+04 4.328000000000000000e+03 1.940800000000000000e+04 -4.560000000000000000e+03 8.300000000000000000e+01 -2.418000000000000000e+03
1.294400000000000000e+04 5.148000000000000000e+03 2.196000000000000000e+04 -4.608000000000000000e+03 1.500000000000000000e+01 -2.572000000000000000e+03
1.453200000000000000e+04 5.620000000000000000e+03 2.334800000000000000e+04 -4.592000000000000000e+03 -3.000000000000000000e+02 -1.904000000000000000e+03
1.682400000000000000e+04 5.572000000000000000e+03 2.319200000000000000e+04 -4.560000000000000000e+03 -7.460000000000000000e+02 -2.135000000000000000e+03
1.881200000000000000e+04 5.356000000000000000e+03 2.150800000000000000e+04 -4.544000000000000000e+03 -9.330000000000000000e+02 -1.644000000000000000e+03
1.964000000000000000e+04 5.088000000000000000e+03 2.116800000000000000e+04 -4.592000000000000000e+03 -7.990000000000000000e+02 -1.731000000000000000e+03
2.033200000000000000e+04 5.004000000000000000e+03 1.454000000000000000e+04 -4.608000000000000000e+03 -7.270000000000000000e+02 -1.370000000000000000e+03
1.911600000000000000e+04 3.880000000000000000e+03 7.004000000000000000e+03 -4.544000000000000000e+03 -8.550000000000000000e+02 -2.395000000000000000e+03
1.296800000000000000e+04 2.176000000000000000e+03 3.560000000000000000e+03 -4.592000000000000000e+03 -9.640000000000000000e+02 -2.251000000000000000e+03
1.003200000000000000e+04 1.448000000000000000e+03 2.848000000000000000e+03 -4.592000000000000000e+03 -7.760000000000000000e+02 -2.283000000000000000e+03
8.324000000000000000e+03 1.132000000000000000e+03 3.392000000000000000e+03 -4.576000000000000000e+03 -6.540000000000000000e+02 -2.679000000000000000e+03
7.104000000000000000e+03 1.048000000000000000e+03 4.224000000000000000e+03 -4.576000000000000000e+03 -8.360000000000000000e+02 -1.946000000000000000e+03
6.216000000000000000e+03 1.092000000000000000e+03 4.632000000000000000e+03 -4.576000000000000000e+03 -9.300000000000000000e+02 -1.449000000000000000e+03
6.252000000000000000e+03 7.720000000000000000e+02 5.192000000000000000e+03 -4.560000000000000000e+03 -7.780000000000000000e+02 -2.916000000000000000e+03
6.316000000000000000e+03 1.016000000000000000e+03 5.468000000000000000e+03 -4.592000000000000000e+03 -8.030000000000000000e+02 -1.534000000000000000e+03
7.084000000000000000e+03 1.076000000000000000e+03 3.784000000000000000e+03 -4.592000000000000000e+03 -4.110000000000000000e+02 -2.669000000000000000e+03
5.780000000000000000e+03 8.960000000000000000e+02 3.748000000000000000e+03 -4.592000000000000000e+03 -2.810000000000000000e+02 -2.214000000000000000e+03
5.300000000000000000e+03 7.440000000000000000e+02 2.640000000000000000e+03 -4.608000000000000000e+03 -2.700000000000000000e+02 -2.564000000000000000e+03
3.360000000000000000e+03 7.520000000000000000e+02 5.148000000000000000e+03 -4.576000000000000000e+03 -4.080000000000000000e+02 -5.140000000000000000e+02
5.052000000000000000e+03 9.800000000000000000e+02 6.752000000000000000e+03 -4.560000000000000000e+03 -3.000000000000000000e+00 -1.206000000000000000e+03
5.804000000000000000e+03 1.088000000000000000e+03 6.188000000000000000e+03 -4.576000000000000000e+03 1.400000000000000000e+02 -1.297000000000000000e+03
7.744000000000000000e+03 1.548000000000000000e+03 6.480000000000000000e+03 -4.592000000000000000e+03 -9.200000000000000000e+01 -8.160000000000000000e+02
9.176000000000000000e+03 1.280000000000000000e+03 6.744000000000000000e+03 -4.608000000000000000e+03 -3.730000000000000000e+02 -4.480000000000000000e+02
1.006000000000000000e+04 1.368000000000000000e+03 9.316000000000000000e+03 -4.560000000000000000e+03 -3.780000000000000000e+02 -1.000000000000000000e+01
1.097600000000000000e+04 1.540000000000000000e+03 1.005200000000000000e+04 -4.592000000000000000e+03 -1.860000000000000000e+02 -2.800000000000000000e+01
1.340400000000000000e+04 2.496000000000000000e+03 8.568000000000000000e+03 -4.592000000000000000e+03 3.290000000000000000e+02 7.510000000000000000e+02
1.411200000000000000e+04 1.868000000000000000e+03 7.888000000000000000e+03 -4.592000000000000000e+03 1.040000000000000000e+02 2.610000000000000000e+02
1.044000000000000000e+04 2.812000000000000000e+03 5.712000000000000000e+03 -4.576000000000000000e+03 -2.600000000000000000e+01 8.410000000000000000e+02
1.053200000000000000e+04 2.336000000000000000e+03 5.876000000000000000e+03 -4.592000000000000000e+03 2.910000000000000000e+02 5.690000000000000000e+02
1.077600000000000000e+04 2.496000000000000000e+03 9.912000000000000000e+03 -4.592000000000000000e+03 6.820000000000000000e+02 5.570000000000000000e+02
1.280800000000000000e+04 3.676000000000000000e+03 9.500000000000000000e+03 -4.576000000000000000e+03 5.650000000000000000e+02 1.700000000000000000e+02
1.493200000000000000e+04 3.160000000000000000e+03 9.420000000000000000e+03 -4.576000000000000000e+03 3.470000000000000000e+02 -1.010000000000000000e+02
1.479200000000000000e+04 3.356000000000000000e+03 1.000800000000000000e+04 -4.592000000000000000e+03 9.300000000000000000e+01 -7.400000000000000000e+01
1.529200000000000000e+04 3.200000000000000000e+03 1.294400000000000000e+04 -4.544000000000000000e+03 1.372000000000000000e+03 -9.090000000000000000e+02
1.790000000000000000e+04 3.096000000000000000e+03 1.508400000000000000e+04 -4.576000000000000000e+03 7.000000000000000000e+00 -1.944000000000000000e+03
1.782800000000000000e+04 3.692000000000000000e+03 2.586400000000000000e+04 -4.592000000000000000e+03 -2.380000000000000000e+02 -1.590000000000000000e+03
1.907200000000000000e+04 8.072000000000000000e+03 9.968000000000000000e+03 -4.592000000000000000e+03 -3.530000000000000000e+02 -1.053000000000000000e+03
2.566000000000000000e+04 4.116000000000000000e+03 4.252000000000000000e+03 -4.592000000000000000e+03 6.300000000000000000e+01 -2.230000000000000000e+02
2.122000000000000000e+04 3.532000000000000000e+03 5.904000000000000000e+03 -4.560000000000000000e+03 -2.720000000000000000e+02 2.300000000000000000e+02
1.546800000000000000e+04 3.908000000000000000e+03 9.252000000000000000e+03 -4.576000000000000000e+03 -1.430000000000000000e+02 -9.110000000000000000e+02
1.144800000000000000e+04 3.312000000000000000e+03 1.062000000000000000e+04 -4.576000000000000000e+03 -1.350000000000000000e+02 1.800000000000000000e+02
8.304000000000000000e+03 4.192000000000000000e+03 7.144000000000000000e+03 -4.592000000000000000e+03 -2.070000000000000000e+02 5.920000000000000000e+02
1.245200000000000000e+04 3.164000000000000000e+03 7.052000000000000000e+03 -4.624000000000000000e+03 -2.770000000000000000e+02 7.630000000000000000e+02
