-7.552000000000000000e+03 1.452000000000000000e+03 1.045600000000000000e+04 -4.592000000000000000e+03 -4.520000000000000000e+02 -9.340000000000000000e+02
-8.132000000000000000e+03 1.348000000000000000e+03 1.157600000000000000e+04 -4.608000000000000000e+03 -4.370000000000000000e+02 -7.830000000000000000e+02
-8.972000000000000000e+03 1.076000000000000000e+03 1.190800000000000000e+04 -4.640000000000000000e+03 -4.460000000000000000e+02 -2.120000000000000000e+02
-9.828000000000000000e+03 8.200000000000000000e+02 1.366400000000000000e+04 -4.608000000000000000e+03 -4.820000000000000000e+02 3.400000000000000000e+01
-9.304000000000000000e+03 6.360000000000000000e+02 1.319600000000000000e+04 -4.608000000000000000e+03 -5.850000000000000000e+02 4.190000000000000000e+02
-9.244000000000000000e+03 2.800000000000000000e+01 1.210800000000000000e+04 -4.640000000000000000e+03 -5.620000000000000000e+02 3.830000000000000000e+02
-7.508000000000000000e+03 3.520000000000000000e+02 1.032800000000000000e+04 -4.624000000000000000e+03 -4.130000000000000000e+02 3.430000000000000000e+02
-7.540000000000000000e+03 8.280000000000000000e+02 1.052400000000000000e+04 -4.640000000000000000e+03 -3.460000000000000000e+02 3.960000000000000000e+02
-8.052000000000000000e+03 1.016000000000000000e+03 1.128800000000000000e+04 -4.608000000000000000e+03 -2.490000000000000000e+02 2.530000000000000000e+02
-8.732000000000000000e+03 1.052000000000000000e+03 1.219200000000000000e+04 -4.592000000000000000e+03 -1.880000000000000000e+02 5.920000000000000000e+02
-9.160000000000000000e+03 1.004000000000000000e+03 1.242400000000000000e+04 -4.592000000000000000e+03 -2.750000000000000000e+02 1.056000000000000000e+03
-8.568000000000000000e+03 1.124000000000000000e+03 1.186400000000000000e+04 -4.624000000000000000e+03 -2.220000000000000000e+02 1.137000000000000000e+03
-8.076000000000000000e+03 9.960000000000000000e+02 1.135200000000000000e+04 -4.624000000000000000e+03 -1.650000000000000000e+02 1.111000000000000000e+03
-8.656000000000000000e+03 1.036000000000000000e+03 1.189600000000000000e+04 -4.624000000000000000e+03 -1.440000000000000000e+02 1.109000000000000000e+03
-8.876000000000000000e+03 8.520000000000000000e+02 1.160000000000000000e+04 -4.592000000000000000e+03 -1.150000000000000000e+02 1.008000000000000000e+03
-8.760000000000000000e+03 8.040000000000000000e+02 1.144400000000000000e+04 -4.608000000000000000e+03 -1.240000000000000000e+02 6.050000000000000000e+02
-8.948000000000000000e+03 7.920000000000000000e+02 1.166800000000000000e+04 -4.624000000000000000e+03 -1.450000000000000000e+02 4.020000000000000000e+02
-9.188000000000000000e+03 9.000000000000000000e+02 1.208400000000000000e+04 -4.592000000000000000e+03 -1.780000000000000000e+02 1.400000000000000000e+01
-9.212000000000000000e+03 8.320000000000000000e+02 1.196000000000000000e+04 -4.608000000000000000e+03 -2.290000000000000000e+02 -3.220000000000000000e+02
-9.236000000000000000e+03 9.800000000000000000e+02 1.209200000000000000e+04 -4.624000000000000000e+03 -2.850000000000000000e+02 -6.360000000000000000e+02
-9.188000000000000000e+03 8.960000000000000000e+02 1.208000000000000000e+04 -4.640000000000000000e+03 -3.200000000000000000e+02 -8.260000000000000000e+02
-8.824000000000000000e+03 1.024000000000000000e+03 1.178400000000000000e+04 -4.592000000000000000e+03 -3.530000000000000000e+02 -1.062000000000000000e+03
-8.612000000000000000e+03 1.004000000000000000e+03 1.177600000000000000e+04 -4.608000000000000000e+03 -3.120000000000000000e+02 -1.347000000000000000e+03
-8.608000000000000000e+03 1.028000000000000000e+03 1.175600000000000000e+04 -4.592000000000000000e+03 -2.360000000000000000e+02 -1.727000000000000000e+03
-8.340000000000000000e+03 9.800000000000000000e+02 1.156000000000000000e+04 -4.640000000000000000e+03 -1.880000000000000000e+02 -1.981000000000000000e+03
-8.044000000000000000e+03 9.720000000000000000e+02 1.198000000000000000e+04 -4.624000000000000000e+03 -1.010000000000000000e+02 -2.047000000000000000e+03
-8.216000000000000000e+03 1.012000000000000000e+03 1.206400000000000000e+04 -4.624000000000000000e+03 -1.020000000000000000e+02 -2.031000000000000000e+03
-7.732000000000000000e+03 1.012000000000000000e+03 1.210000000000000000e+04 -4.608000000000000000e+03 -8.400000000000000000e+01 -1.906000000000000000e+03
-7.572000000000000000e+03 1.104000000000000000e+03 1.198800000000000000e+04 -4.608000000000000000e+03 -3.000000000000000000e+01 -1.711000000000000000e+03
-7.572000000000000000e+03 9.840000000000000000e+02 1.198800000000000000e+04 -4.624000000000000000e+03 7.000000000000000000e+00 -1.456000000000000000e+03
-7.532000000000000000e+03 1.064000000000000000e+03 1.236800000000000000e+04 -4.624000000000000000e+03 1.400000000000000000e+01 -1.213000000000000000e+03
-7.356000000000000000e+03 1.192000000000000000e+03 1.229200000000000000e+04 -4.624000000000000000e+03 2.300000000000000000e+01 -1.012000000000000000e+03
-7.320000000000000000e+03 1.180000000000000000e+03 1.260000000000000000e+04 -4.608000000000000000e+03 7.000000000000000000e+00 -8.410000000000000000e+02
-7.312000000000000000e+03 1.236000000000000000e+03 1.268800000000000000e+04 -4.592000000000000000e+03 -4.000000000000000000e+00 -7.400000000000000000e+02
-7.296000000000000000e+03 1.304000000000000000e+03 1.266000000000000000e+04 -4.624000000000000000e+03 -1.000000000000000000e+00 -6.060000000000000000e+02
-7.304000000000000000e+03 1.428000000000000000e+03 1.297600000000000000e+04 -4.608000000000000000e+03 -1.070000000000000000e+02 -5.080000000000000000e+02
-7.192000000000000000e+03 1.128000000000000000e+03 1.293200000000000000e+04 -4.624000000000000000e+03 -1.680000000000000000e+02 -4.300000000000000000e+02
-7.144000000000000000e+03 1.128000000000000000e+03 1.320800000000000000e+04 -4.624000000000000000e+03 -2.020000000000000000e+02 -5.080000000000000000e+02
-6.904000000000000000e+03 1.220000000000000000e+03 1.330400000000000000e+04 -4.624000000000000000e+03 -2.670000000000000000e+02 -4.930000000000000000e+02
-6.872000000000000000e+03 1.216000000000000000e+03 1.300400000000000000e+04 -4.624000000000000000e+03 -3.200000000000000000e+02 -4.270000000000000000e+02
-6.892000000000000000e+03 1.368000000000000000e+03 1.294000000000000000e+04 -4.624000000000000000e+03 -3.570000000000000000e+02 -3.800000000000000000e+02
-6.856000000000000000e+03 1.232000000000000000e+03 1.302800000000000000e+04 -4.624000000000000000e+03 -3.820000000000000000e+02 -4.290000000000000000e+02
-7.012000000000000000e+03 1.204000000000000000e+03 1.295600000000000000e+04 -4.608000000000000000e+03 -3.990000000000000000e+02 -3.720000000000000000e+02
-6.908000000000000000e+03 1.188000000000000000e+03 1.284800000000000000e+04 -4.608000000000000000e+03 -3.980000000000000000e+02 -2.760000000000000000e+02
-6.452000000000000000e+03 1.164000000000000000e+03 1.274000000000000000e+04 -4.608000000000000000e+03 -4.340000000000000000e+02 -1.060000000000000000e+02
-6.564000000000000000e+03 1.160000000000000000e+03 1.274400000000000000e+04 -4.640000000000000000e+03 -4.340000000000000000e+02 1.370000000000000000e+02
-6.652000000000000000e+03 1.224000000000000000e+03 1.286800000000000000e+04 -4.592000000000000000e+03 -4.540000000000000000e+02 2.640000000000000000e+02
-6.452000000000000000e+03 1.200000000000000000e+03 1.264000000000000000e+04 -4.608000000000000000e+03 -4.400000000000000000e+02 4.780000000000000000e+02
-6.520000000000000000e+03 1.236000000000000000e+03 1.264800000000000000e+04 -4.608000000000000000e+03 -4.440000000000000000e+02 6.350000000000000000e+02
-6.824000000000000000e+03 1.156000000000000000e+03 1.291600000000000000e+04 -4.624000000000000000e+03 -4.020000000000000000e+02 8.060000000000000000e+02
-6.804000000000000000e+03 1.160000000000000000e+03 1.295600000000000000e+04 -4.576000000000000000e+03 -4.170000000000000000e+02 9.000000000000000000e+02
-6.932000000000000000e+03 1.160000000000000000e+03 1.274800000000000000e+04 -4.592000000000000000e+03 -4.290000000000000000e+02 9.390000000000000000e+02
-7.068000000000000000e+03 1.000000000000000000e+03 1.285200000000000000e+04 -4.592000000000000000e+03 -4.440000000000000000e+02 9.440000000000000000e+02
-6.828000000000000000e+03 1.060000000000000000e+03 1.245600000000000000e+04 -4.608000000000000000e+03 -4.220000000000000000e+02 7.870000000000000000e+02
-6.912000000000000000e+03 1.028000000000000000e+03 1.256800000000000000e+04 -4.624000000000000000e+03 -3.540000000000000000e+02 6.730000000000000000e+02
-7.036000000000000000e+03 9.840000000000000000e+02 1.260800000000000000e+04 -4.592000000000000000e+03 -3.200000000000000000e+02 4.620000000000000000e+02
-7.180000000000000000e+03 1.068000000000000000e+03 1.275200000000000000e+04 -4.624000000000000000e+03 -2.870000000000000000e+02 3.260000000000000000e+02
-7.188000000000000000e+03 1.028000000000000000e+03 1.301200000000000000e+04 -4.592000000000000000e+03 -2.800000000000000000e+02 7.900000000000000000e+01
-7.192000000000000000e+03 9.960000000000000000e+02 1.283600000000000000e+04 -4.592000000000000000e+03 -2.550000000000000000e+02 -8.000000000000000000e+01
-7.296000000000000000e+03 9.640000000000000000e+02 1.288800000000000000e+04 -4.624000000000000000e+03 -2.720000000000000000e+02 -1.560000000000000000e+02
-7.112000000000000000e+03 9.320000000000000000e+02 1.275600000000000000e+04 -4.576000000000000000e+03 -2.480000000000000000e+02 -2.410000000000000000e+02
-7.132000000000000000e+03 8.560000000000000000e+02 1.274000000000000000e+04 -4.624000000000000000e+03 -2.170000000000000000e+02 -3.480000000000000000e+02
-6.960000000000000000e+03 9.240000000000000000e+02 1.275600000000000000e+04 -4.624000000000000000e+03 -2.220000000000000000e+02 -3.920000000000000000e+02
-6.820000000000000000e+03 1.016000000000000000e+03 1.280800000000000000e+04 -4.592000000000000000e+03 -2.170000000000000000e+02 -4.190000000000000000e+02
-6.920000000000000000e+03 9.880000000000000000e+02 1.277600000000000000e+04 -4.624000000000000000e+03 -1.720000000000000000e+02 -5.510000000000000000e+02
-6.792000000000000000e+03 1.040000000000000000e+03 1.306000000000000000e+04 -4.592000000000000000e+03 -1.810000000000000000e+02 -6.450000000000000000e+02
-6.856000000000000000e+03 1.228000000000000000e+03 1.348400000000000000e+04 -4.592000000000000000e+03 -1.630000000000000000e+02 -6.860000000000000000e+02
-7.200000000000000000e+03 1.108000000000000000e+03 1.366800000000000000e+04 -4.624000000000000000e+03 -1.780000000000000000e+02 -7.140000000000000000e+02
-7.892000000000000000e+03 1.040000000000000000e+03 1.366000000000000000e+04 -4.592000000000000000e+03 -2.130000000000000000e+02 -1.046000000000000000e+03
-7.224000000000000000e+03 9.360000000000000000e+02 1.228000000000000000e+04 -4.640000000000000000e+03 -2.170000000000000000e+02 -1.269000000000000000e+03
-6.336000000000000000e+03 8.160000000000000000e+02 1.095600000000000000e+04 -4.592000000000000000e+03 -2.240000000000000000e+02 -1.940000000000000000e+03
-2.976000000000000000e+03 5.880000000000000000e+02 7.180000000000000000e+03 -4.592000000000000000e+03 -4.240000000000000000e+02 -2.539000000000000000e+03
-2.368000000000000000e+03 8.000000000000000000e+00 4.528000000000000000e+03 -4.576000000000000000e+03 -1.130000000000000000e+02 -1.660000000000000000e+03
-2.740000000000000000e+03 3.200000000000000000e+02 6.184000000000000000e+03 -4.624000000000000000e+03 2.620000000000000000e+02 -1.862000000000000000e+03
-5.032000000000000000e+03 7.720000000000000000e+02 1.065600000000000000e+04 -4.624000000000000000e+03 1.030000000000000000e+03 -1.241000000000000000e+03
-1.245600000000000000e+04 2.776000000000000000e+03 2.732000000000000000e+04 -4.640000000000000000e+03 4.230000000000000000e+02 -3.030000000000000000e+03
-8.988000000000000000e+03 2.588000000000000000e+03 2.475200000000000000e+04 -4.624000000000000000e+03 -1.110000000000000000e+02 -3.335000000000000000e+03
-1.153200000000000000e+04 2.456000000000000000e+03 2.871600000000000000e+04 -4.624000000000000000e+03 3.780000000000000000e+02 -3.146000000000000000e+03
-1.453600000000000000e+04 3.264000000000000000e+03 3.276700000000000000e+04 -4.624000000000000000e+03 -2.210000000000000000e+02 -4.598000000000000000e+03
-5.060000000000000000e+03 3.880000000000000000e+03 2.779600000000000000e+04 -4.608000000000000000e+03 -9.950000000000000000e+02 -3.821000000000000000e+03
-2.896000000000000000e+03 4.628000000000000000e+03 2.731600000000000000e+04 -4.624000000000000000e+03 -1.304000000000000000e+03 -2.851000000000000000e+03
-2.076000000000000000e+03 2.604000000000000000e+03 1.825600000000000000e+04 -4.624000000000000000e+03 -7.000000000000000000e+02 -5.388000000000000000e+03
-1.980000000000000000e+03 5.400000000000000000e+02 1.072400000000000000e+04 -4.624000000000000000e+03 -1.072000000000000000e+03 -2.509000000000000000e+03
-1.888000000000000000e+03 2.440000000000000000e+02 8.076000000000000000e+03 -4.608000000000000000e+03 -1.091000000000000000e+03 -3.132000000000000000e+03
-3.640000000000000000e+02 7.400000000000000000e+02 7.512000000000000000e+03 -4.640000000000000000e+03 -9.920000000000000000e+02 -3.571000000000000000e+03
