1.667200000000000000e+04 3.092000000000000000e+03 -3.084000000000000000e+03 3.220000000000000000e+02 4.660000000000000000e+02 -1.343000000000000000e+03
1.707600000000000000e+04 3.224000000000000000e+03 -4.656000000000000000e+03 -4.624000000000000000e+03 4.460000000000000000e+02 -1.111000000000000000e+03
0.000000000000000000e+00 -3.236000000000000000e+03 -3.868000000000000000e+03 -4.640000000000000000e+03 5.020000000000000000e+02 -1.467000000000000000e+03
1.694400000000000000e+04 3.368000000000000000e+03 -4.076000000000000000e+03 -4.640000000000000000e+03 6.050000000000000000e+02 -1.903000000000000000e+03
1.746000000000000000e+04 3.280000000000000000e+03 -4.056000000000000000e+03 -4.656000000000000000e+03 6.520000000000000000e+02 -1.942000000000000000e+03
1.623200000000000000e+04 3.148000000000000000e+03 -3.924000000000000000e+03 -4.656000000000000000e+03 6.200000000000000000e+02 -2.052000000000000000e+03
1.424400000000000000e+04 3.108000000000000000e+03 -4.092000000000000000e+03 -4.656000000000000000e+03 5.480000000000000000e+02 -3.124000000000000000e+03
1.557200000000000000e+04 4.060000000000000000e+03 -4.184000000000000000e+03 -4.656000000000000000e+03 5.470000000000000000e+02 -2.828000000000000000e+03
1.675200000000000000e+04 4.580000000000000000e+03 -4.616000000000000000e+03 -4.624000000000000000e+03 4.180000000000000000e+02 -2.828000000000000000e+03
1.658800000000000000e+04 3.936000000000000000e+03 -3.476000000000000000e+03 -4.624000000000000000e+03 2.240000000000000000e+02 -2.593000000000000000e+03
1.963600000000000000e+04 4.296000000000000000e+03 -2.444000000000000000e+03 -4.672000000000000000e+03 8.200000000000000000e+01 -1.848000000000000000e+03
1.564800000000000000e+04 2.128000000000000000e+03 -4.060000000000000000e+03 -4.656000000000000000e+03 -1.320000000000000000e+02 -1.891000000000000000e+03
1.412000000000000000e+04 5.160000000000000000e+02 -4.540000000000000000e+03 -4.640000000000000000e+03 -1.900000000000000000e+02 -2.236000000000000000e+03
1.416400000000000000e+04 1.760000000000000000e+02 -4.976000000000000000e+03 -4.624000000000000000e+03 -1.750000000000000000e+02 -1.714000000000000000e+03
1.592800000000000000e+04 -5.640000000000000000e+02 -4.316000000000000000e+03 -4.640000000000000000e+03 -3.200000000000000000e+02 -1.317000000000000000e+03
2.024400000000000000e+04 1.024000000000000000e+03 -4.792000000000000000e+03 -4.608000000000000000e+03 -4.010000000000000000e+02 -1.009000000000000000e+03
2.002400000000000000e+04 7.840000000000000000e+02 -5.444000000000000000e+03 -4.592000000000000000e+03 -3.860000000000000000e+02 -9.950000000000000000e+02
1.751200000000000000e+04 1.256000000000000000e+03 -6.480000000000000000e+03 -4.624000000000000000e+03 -4.080000000000000000e+02 -5.990000000000000000e+02
1.506400000000000000e+04 1.216000000000000000e+03 -6.612000000000000000e+03 -4.640000000000000000e+03 -4.400000000000000000e+02 -5.300000000000000000e+01
1.464000000000000000e+04 1.368000000000000000e+03 -6.320000000000000000e+03 -4.624000000000000000e+03 -4.820000000000000000e+02 3.650000000000000000e+02
1.620400000000000000e+04 1.812000000000000000e+03 -6.276000000000000000e+03 -4.656000000000000000e+03 -5.540000000000000000e+02 6.350000000000000000e+02
1.698400000000000000e+04 1.800000000000000000e+03 -7.404000000000000000e+03 -4.624000000000000000e+03 -6.240000000000000000e+02 9.450000000000000000e+02
1.650800000000000000e+04 1.484000000000000000e+03 -7.448000000000000000e+03 -4.640000000000000000e+03 -6.950000000000000000e+02 9.570000000000000000e+02
1.558000000000000000e+04 1.244000000000000000e+03 -6.760000000000000000e+03 -4.624000000000000000e+03 -6.330000000000000000e+02 9.490000000000000000e+02
1.564800000000000000e+04 1.344000000000000000e+03 -6.288000000000000000e+03 -4.624000000000000000e+03 -5.950000000000000000e+02 9.360000000000000000e+02
1.572400000000000000e+04 1.300000000000000000e+03 -6.448000000000000000e+03 -4.640000000000000000e+03 -5.750000000000000000e+02 9.190000000000000000e+02
1.512000000000000000e+04 1.356000000000000000e+03 -6.408000000000000000e+03 -4.624000000000000000e+03 -5.470000000000000000e+02 8.320000000000000000e+02
1.402000000000000000e+04 1.432000000000000000e+03 -6.036000000000000000e+03 -4.640000000000000000e+03 -6.650000000000000000e+02 1.403000000000000000e+03
1.288800000000000000e+04 1.644000000000000000e+03 -5.028000000000000000e+03 -4.624000000000000000e+03 -5.620000000000000000e+02 1.118000000000000000e+03
1.007600000000000000e+04 1.316000000000000000e+03 -4.556000000000000000e+03 -4.656000000000000000e+03 -8.350000000000000000e+02 6.230000000000000000e+02
7.992000000000000000e+03 9.320000000000000000e+02 -4.688000000000000000e+03 -4.656000000000000000e+03 -6.980000000000000000e+02 5.660000000000000000e+02
9.080000000000000000e+03 7.640000000000000000e+02 -5.920000000000000000e+03 -4.672000000000000000e+03 -7.800000000000000000e+02 1.510000000000000000e+02
1.390400000000000000e+04 7.320000000000000000e+02 -4.620000000000000000e+03 -4.640000000000000000e+03 -4.180000000000000000e+02 -2.790000000000000000e+02
2.158000000000000000e+04 2.240000000000000000e+03 -6.552000000000000000e+03 -4.672000000000000000e+03 -2.800000000000000000e+02 -5.940000000000000000e+02
2.426400000000000000e+04 1.932000000000000000e+03 -8.936000000000000000e+03 -4.624000000000000000e+03 -2.880000000000000000e+02 -3.690000000000000000e+02
2.441600000000000000e+04 1.500000000000000000e+03 -9.588000000000000000e+03 -4.608000000000000000e+03 -4.490000000000000000e+02 -9.600000000000000000e+01
2.548800000000000000e+04 2.300000000000000000e+03 -9.940000000000000000e+03 -4.640000000000000000e+03 -3.380000000000000000e+02 6.800000000000000000e+02
2.924800000000000000e+04 3.260000000000000000e+03 -1.024400000000000000e+04 -4.624000000000000000e+03 6.000000000000000000e+01 6.210000000000000000e+02
3.206800000000000000e+04 3.520000000000000000e+03 -1.268800000000000000e+04 -4.640000000000000000e+03 -3.100000000000000000e+01 1.171000000000000000e+03
3.276700000000000000e+04 3.244000000000000000e+03 -1.272800000000000000e+04 -4.672000000000000000e+03 -2.780000000000000000e+02 3.510000000000000000e+02
3.276700000000000000e+04 2.660000000000000000e+03 -1.202400000000000000e+04 -4.672000000000000000e+03 6.000000000000000000e+00 1.488000000000000000e+03
2.272000000000000000e+04 1.228000000000000000e+03 -1.094800000000000000e+04 -4.640000000000000000e+03 -2.290000000000000000e+02 5.380000000000000000e+02
1.288800000000000000e+04 -2.000000000000000000e+01 -6.928000000000000000e+03 -4.656000000000000000e+03 -3.300000000000000000e+02 9.210000000000000000e+02
7.300000000000000000e+03 5.320000000000000000e+02 -4.784000000000000000e+03 -4.640000000000000000e+03 -4.000000000000000000e+02 7.760000000000000000e+02
5.720000000000000000e+03 7.360000000000000000e+02 -4.600000000000000000e+03 -4.608000000000000000e+03 -2.680000000000000000e+02 6.370000000000000000e+02
4.920000000000000000e+03 6.240000000000000000e+02 -3.228000000000000000e+03 -4.624000000000000000e+03 -2.400000000000000000e+02 4.650000000000000000e+02
3.744000000000000000e+03 1.188000000000000000e+03 -2.524000000000000000e+03 -4.640000000000000000e+03 -2.470000000000000000e+02 3.936000000000000000e+03
5.040000000000000000e+03 1.160000000000000000e+02 -2.068000000000000000e+03 -4.640000000000000000e+03 -5.370000000000000000e+02 1.204000000000000000e+03
5.972000000000000000e+03 7.160000000000000000e+02 -2.932000000000000000e+03 -4.624000000000000000e+03 -4.340000000000000000e+02 3.410000000000000000e+02
7.676000000000000000e+03 9.120000000000000000e+02 -3.528000000000000000e+03 -4.656000000000000000e+03 -3.150000000000000000e+02 7.320000000000000000e+02
8.924000000000000000e+03 9.320000000000000000e+02 -2.264000000000000000e+03 -4.592000000000000000e+03 -2.990000000000000000e+02 5.740000000000000000e+02
1.226800000000000000e+04 2.144000000000000000e+03 -2.424000000000000000e+03 -4.624000000000000000e+03 -1.460000000000000000e+02 7.520000000000000000e+02
1.588400000000000000e+04 4.328000000000000000e+03 1.300000000000000000e+03 -4.640000000000000000e+03 -2.090000000000000000e+02 2.820000000000000000e+02
1.387600000000000000e+04 3.576000000000000000e+03 -2.172000000000000000e+03 -4.656000000000000000e+03 -1.700000000000000000e+02 5.300000000000000000e+01
1.935200000000000000e+04 3.184000000000000000e+03 -1.884000000000000000e+03 -4.640000000000000000e+03 3.200000000000000000e+01 -1.182000000000000000e+03
1.906400000000000000e+04 3.520000000000000000e+03 -2.684000000000000000e+03 -4.672000000000000000e+03 2.000000000000000000e+00 9.990000000000000000e+02
1.241600000000000000e+04 1.904000000000000000e+03 -1.268000000000000000e+03 -4.624000000000000000e+03 -2.630000000000000000e+02 8.750000000000000000e+02
5.580000000000000000e+03 8.000000000000000000e+02 -1.328000000000000000e+03 -4.640000000000000000e+03 -1.290000000000000000e+02 1.825000000000000000e+03
1.820000000000000000e+03 1.520000000000000000e+02 -2.172000000000000000e+03 -4.624000000000000000e+03 -3.800000000000000000e+02 1.660000000000000000e+03
1.136000000000000000e+03 -1.560000000000000000e+02 -4.040000000000000000e+03 -4.656000000000000000e+03 -3.230000000000000000e+02 1.303000000000000000e+03
6.272000000000000000e+03 6.720000000000000000e+02 -4.804000000000000000e+03 -4.640000000000000000e+03 -4.860000000000000000e+02 1.833000000000000000e+03
9.248000000000000000e+03 8.760000000000000000e+02 -4.684000000000000000e+03 -4.624000000000000000e+03 -4.010000000000000000e+02 2.263000000000000000e+03
1.227200000000000000e+04 1.180000000000000000e+03 -4.980000000000000000e+03 -4.624000000000000000e+03 -4.680000000000000000e+02 2.328000000000000000e+03
1.841200000000000000e+04 2.668000000000000000e+03 -5.996000000000000000e+03 -4.656000000000000000e+03 -7.570000000000000000e+02 1.183000000000000000e+03
1.921200000000000000e+04 2.736000000000000000e+03 -7.320000000000000000e+03 -4.656000000000000000e+03 -6.120000000000000000e+02 2.366000000000000000e+03
2.083600000000000000e+04 2.380000000000000000e+03 -7.268000000000000000e+03 -4.624000000000000000e+03 -5.960000000000000000e+02 1.352000000000000000e+03
2.742800000000000000e+04 3.744000000000000000e+03 -7.536000000000000000e+03 -4.608000000000000000e+03 -1.152000000000000000e+03 1.610000000000000000e+03
3.134000000000000000e+04 4.628000000000000000e+03 -5.644000000000000000e+03 -4.672000000000000000e+03 -9.020000000000000000e+02 8.440000000000000000e+02
2.949200000000000000e+04 4.852000000000000000e+03 -7.016000000000000000e+03 -4.640000000000000000e+03 -2.300000000000000000e+02 1.497000000000000000e+03
3.038400000000000000e+04 3.776000000000000000e+03 -2.564000000000000000e+03 -4.656000000000000000e+03 -2.940000000000000000e+02 1.072000000000000000e+03
2.863200000000000000e+04 4.216000000000000000e+03 -3.476000000000000000e+03 -4.624000000000000000e+03 -5.080000000000000000e+02 1.347000000000000000e+03
1.794800000000000000e+04 3.116000000000000000e+03 -3.792000000000000000e+03 -4.656000000000000000e+03 -7.200000000000000000e+02 1.943000000000000000e+03
1.408400000000000000e+04 2.368000000000000000e+03 -5.224000000000000000e+03 -4.624000000000000000e+03 -5.220000000000000000e+02 2.176000000000000000e+03
1.245600000000000000e+04 1.500000000000000000e+03 -5.448000000000000000e+03 -4.656000000000000000e+03 -6.120000000000000000e+02 2.017000000000000000e+03
1.157200000000000000e+04 1.196000000000000000e+03 -4.444000000000000000e+03 -4.624000000000000000e+03 -5.970000000000000000e+02 2.395000000000000000e+03
1.274800000000000000e+04 1.880000000000000000e+03 -3.668000000000000000e+03 -4.656000000000000000e+03 -5.830000000000000000e+02 2.640000000000000000e+03
1.502800000000000000e+04 2.144000000000000000e+03 1.520000000000000000e+02 -4.640000000000000000e+03 -6.500000000000000000e+02 2.884000000000000000e+03
2.233200000000000000e+04 4.476000000000000000e+03 -2.736000000000000000e+03 -4.608000000000000000e+03 -7.270000000000000000e+02 3.017000000000000000e+03
1.970400000000000000e+04 3.000000000000000000e+03 -4.424000000000000000e+03 -4.656000000000000000e+03 -7.480000000000000000e+02 3.205000000000000000e+03
1.677200000000000000e+04 2.424000000000000000e+03 -3.308000000000000000e+03 -4.656000000000000000e+03 -8.820000000000000000e+02 3.444000000000000000e+03
