1.634000000000000000e+04 5.640000000000000000e+02 -6.472000000000000000e+03 -4.624000000000000000e+03 -6.850000000000000000e+02 3.375000000000000000e+03
1.551200000000000000e+04 7.360000000000000000e+02 -5.748000000000000000e+03 -4.624000000000000000e+03 -7.680000000000000000e+02 3.485000000000000000e+03
1.649600000000000000e+04 3.880000000000000000e+02 -6.712000000000000000e+03 -4.640000000000000000e+03 -7.330000000000000000e+02 2.805000000000000000e+03
1.582800000000000000e+04 3.880000000000000000e+02 -6.140000000000000000e+03 -4.624000000000000000e+03 -7.030000000000000000e+02 2.471000000000000000e+03
1.635600000000000000e+04 4.040000000000000000e+02 -6.460000000000000000e+03 -4.656000000000000000e+03 -6.090000000000000000e+02 2.243000000000000000e+03
1.720000000000000000e+04 6.680000000000000000e+02 -6.196000000000000000e+03 -4.640000000000000000e+03 -5.690000000000000000e+02 1.890000000000000000e+03
1.762000000000000000e+04 7.960000000000000000e+02 -5.892000000000000000e+03 -4.624000000000000000e+03 -4.910000000000000000e+02 1.558000000000000000e+03
1.673600000000000000e+04 8.600000000000000000e+02 -5.672000000000000000e+03 -4.640000000000000000e+03 -4.900000000000000000e+02 1.326000000000000000e+03
1.597600000000000000e+04 8.080000000000000000e+02 -5.436000000000000000e+03 -4.640000000000000000e+03 -4.770000000000000000e+02 1.120000000000000000e+03
1.605200000000000000e+04 9.160000000000000000e+02 -5.516000000000000000e+03 -4.624000000000000000e+03 -4.770000000000000000e+02 7.260000000000000000e+02
1.585600000000000000e+04 8.040000000000000000e+02 -5.256000000000000000e+03 -4.608000000000000000e+03 -4.340000000000000000e+02 3.540000000000000000e+02
1.616400000000000000e+04 8.480000000000000000e+02 -5.224000000000000000e+03 -4.624000000000000000e+03 -3.740000000000000000e+02 1.330000000000000000e+02
1.630800000000000000e+04 8.840000000000000000e+02 -5.128000000000000000e+03 -4.624000000000000000e+03 -3.080000000000000000e+02 -3.200000000000000000e+02
1.700400000000000000e+04 9.280000000000000000e+02 -5.576000000000000000e+03 -4.656000000000000000e+03 -3.170000000000000000e+02 -6.760000000000000000e+02
1.705200000000000000e+04 8.680000000000000000e+02 -5.564000000000000000e+03 -4.608000000000000000e+03 -2.880000000000000000e+02 -1.052000000000000000e+03
1.657200000000000000e+04 8.640000000000000000e+02 -5.576000000000000000e+03 -4.624000000000000000e+03 -2.450000000000000000e+02 -1.273000000000000000e+03
1.637600000000000000e+04 8.000000000000000000e+02 -5.416000000000000000e+03 -4.624000000000000000e+03 -2.060000000000000000e+02 -1.474000000000000000e+03
1.603200000000000000e+04 6.760000000000000000e+02 -5.120000000000000000e+03 -4.624000000000000000e+03 -2.220000000000000000e+02 -1.201000000000000000e+03
1.601200000000000000e+04 8.720000000000000000e+02 -4.784000000000000000e+03 -4.624000000000000000e+03 -2.890000000000000000e+02 -1.594000000000000000e+03
1.556000000000000000e+04 7.560000000000000000e+02 -5.256000000000000000e+03 -4.624000000000000000e+03 -2.880000000000000000e+02 -1.362000000000000000e+03
1.287600000000000000e+04 5.120000000000000000e+02 -5.056000000000000000e+03 -4.624000000000000000e+03 -3.070000000000000000e+02 -1.028000000000000000e+03
1.113600000000000000e+04 4.800000000000000000e+02 -4.836000000000000000e+03 -4.624000000000000000e+03 -3.260000000000000000e+02 -1.015000000000000000e+03
1.119200000000000000e+04 7.680000000000000000e+02 -4.236000000000000000e+03 -4.624000000000000000e+03 -3.870000000000000000e+02 -7.920000000000000000e+02
1.199200000000000000e+04 7.560000000000000000e+02 -4.284000000000000000e+03 -4.608000000000000000e+03 -4.880000000000000000e+02 -1.557000000000000000e+03
1.362800000000000000e+04 6.440000000000000000e+02 -4.928000000000000000e+03 -4.624000000000000000e+03 -4.730000000000000000e+02 -1.226000000000000000e+03
1.620400000000000000e+04 2.240000000000000000e+02 -6.052000000000000000e+03 -4.624000000000000000e+03 -5.980000000000000000e+02 -1.488000000000000000e+03
1.932000000000000000e+04 -9.200000000000000000e+01 -8.188000000000000000e+03 -4.624000000000000000e+03 -4.560000000000000000e+02 -1.793000000000000000e+03
2.131200000000000000e+04 8.000000000000000000e+00 -9.660000000000000000e+03 -4.624000000000000000e+03 -4.210000000000000000e+02 -2.154000000000000000e+03
2.731200000000000000e+04 6.520000000000000000e+02 -1.083200000000000000e+04 -4.624000000000000000e+03 -3.480000000000000000e+02 -3.007000000000000000e+03
3.276700000000000000e+04 8.400000000000000000e+02 -1.271200000000000000e+04 -4.640000000000000000e+03 -2.370000000000000000e+02 -3.674000000000000000e+03
3.276700000000000000e+04 8.120000000000000000e+02 -1.448400000000000000e+04 -4.592000000000000000e+03 5.000000000000000000e+01 -3.858000000000000000e+03
3.276700000000000000e+04 -1.400000000000000000e+02 -1.716000000000000000e+04 -4.640000000000000000e+03 -2.800000000000000000e+01 -3.728000000000000000e+03
3.276700000000000000e+04 3.120000000000000000e+02 -1.800000000000000000e+04 -4.640000000000000000e+03 -7.600000000000000000e+01 -3.474000000000000000e+03
1.884000000000000000e+04 -1.400000000000000000e+02 -1.414000000000000000e+04 -4.608000000000000000e+03 7.030000000000000000e+02 -4.354000000000000000e+03
7.688000000000000000e+03 -9.400000000000000000e+02 -1.134800000000000000e+04 -4.656000000000000000e+03 8.210000000000000000e+02 -2.970000000000000000e+03
2.576000000000000000e+03 -3.600000000000000000e+02 -8.216000000000000000e+03 -4.656000000000000000e+03 2.510000000000000000e+02 -5.354000000000000000e+03
2.316000000000000000e+03 -2.040000000000000000e+02 -4.836000000000000000e+03 -4.640000000000000000e+03 4.350000000000000000e+02 -4.054000000000000000e+03
1.572000000000000000e+03 1.080000000000000000e+02 -2.372000000000000000e+03 -4.624000000000000000e+03 3.420000000000000000e+02 -3.937000000000000000e+03
2.240000000000000000e+02 -2.000000000000000000e+02 -1.356000000000000000e+03 -4.624000000000000000e+03 2.870000000000000000e+02 -5.090000000000000000e+03
1.168000000000000000e+03 -1.016000000000000000e+03 -1.380000000000000000e+03 -4.624000000000000000e+03 2.740000000000000000e+02 -3.944000000000000000e+03
1.732000000000000000e+03 2.960000000000000000e+02 -1.312000000000000000e+03 -4.656000000000000000e+03 -3.000000000000000000e+00 -2.593000000000000000e+03
1.289200000000000000e+04 1.168000000000000000e+03 -9.668000000000000000e+03 -4.608000000000000000e+03 -4.800000000000000000e+02 -4.158000000000000000e+03
1.587600000000000000e+04 8.520000000000000000e+02 -1.111200000000000000e+04 -4.656000000000000000e+03 3.500000000000000000e+01 -2.732000000000000000e+03
1.776800000000000000e+04 5.880000000000000000e+02 -1.234000000000000000e+04 -4.640000000000000000e+03 -4.390000000000000000e+02 -2.963000000000000000e+03
1.559200000000000000e+04 4.480000000000000000e+02 -1.088800000000000000e+04 -4.656000000000000000e+03 -2.300000000000000000e+01 -2.020000000000000000e+03
1.261200000000000000e+04 2.120000000000000000e+02 -9.244000000000000000e+03 -4.640000000000000000e+03 -2.340000000000000000e+02 -2.296000000000000000e+03
1.124400000000000000e+04 -6.760000000000000000e+02 -8.764000000000000000e+03 -4.640000000000000000e+03 -8.700000000000000000e+01 -1.460000000000000000e+03
1.195200000000000000e+04 -2.240000000000000000e+02 -9.108000000000000000e+03 -4.608000000000000000e+03 9.800000000000000000e+01 -1.183000000000000000e+03
1.325200000000000000e+04 6.960000000000000000e+02 -1.055200000000000000e+04 -4.624000000000000000e+03 2.250000000000000000e+02 -5.540000000000000000e+02
1.053200000000000000e+04 1.676000000000000000e+03 -7.492000000000000000e+03 -4.624000000000000000e+03 2.290000000000000000e+02 -6.880000000000000000e+02
7.412000000000000000e+03 1.640000000000000000e+03 -6.484000000000000000e+03 -4.672000000000000000e+03 3.650000000000000000e+02 -5.240000000000000000e+02
7.360000000000000000e+03 9.480000000000000000e+02 -5.252000000000000000e+03 -4.624000000000000000e+03 -1.490000000000000000e+02 -2.590000000000000000e+02
7.348000000000000000e+03 1.744000000000000000e+03 -5.268000000000000000e+03 -4.624000000000000000e+03 -1.600000000000000000e+01 -3.030000000000000000e+02
7.024000000000000000e+03 1.452000000000000000e+03 -6.416000000000000000e+03 -4.624000000000000000e+03 -1.900000000000000000e+02 -8.750000000000000000e+02
9.424000000000000000e+03 1.112000000000000000e+03 -1.075600000000000000e+04 -4.608000000000000000e+03 -3.880000000000000000e+02 5.510000000000000000e+02
8.884000000000000000e+03 9.000000000000000000e+02 -1.081200000000000000e+04 -4.608000000000000000e+03 -2.480000000000000000e+02 1.075000000000000000e+03
1.246800000000000000e+04 3.640000000000000000e+02 -1.437200000000000000e+04 -4.640000000000000000e+03 -1.670000000000000000e+02 1.415000000000000000e+03
1.553200000000000000e+04 -1.240000000000000000e+02 -1.586400000000000000e+04 -4.656000000000000000e+03 -7.300000000000000000e+01 2.343000000000000000e+03
1.562000000000000000e+04 -3.560000000000000000e+02 -1.683200000000000000e+04 -4.624000000000000000e+03 -2.690000000000000000e+02 3.076000000000000000e+03
1.713200000000000000e+04 -6.120000000000000000e+02 -1.799600000000000000e+04 -4.624000000000000000e+03 -1.270000000000000000e+02 3.239000000000000000e+03
1.975200000000000000e+04 -6.080000000000000000e+02 -1.721600000000000000e+04 -4.640000000000000000e+03 4.800000000000000000e+01 2.746000000000000000e+03
1.933200000000000000e+04 2.520000000000000000e+02 -1.486800000000000000e+04 -4.640000000000000000e+03 -2.030000000000000000e+02 2.656000000000000000e+03
1.859600000000000000e+04 1.252000000000000000e+03 -1.258000000000000000e+04 -4.640000000000000000e+03 -2.880000000000000000e+02 2.138000000000000000e+03
1.734400000000000000e+04 1.260000000000000000e+03 -1.390000000000000000e+04 -4.624000000000000000e+03 8.500000000000000000e+01 1.784000000000000000e+03
1.652400000000000000e+04 8.600000000000000000e+02 -1.366800000000000000e+04 -4.640000000000000000e+03 -3.890000000000000000e+02 1.790000000000000000e+03
1.556800000000000000e+04 1.040000000000000000e+03 -1.240800000000000000e+04 -4.624000000000000000e+03 -1.300000000000000000e+02 1.320000000000000000e+03
2.049600000000000000e+04 1.108000000000000000e+03 -1.278800000000000000e+04 -4.640000000000000000e+03 -3.630000000000000000e+02 1.087000000000000000e+03
1.494400000000000000e+04 7.640000000000000000e+02 -9.928000000000000000e+03 -4.656000000000000000e+03 -3.510000000000000000e+02 2.730000000000000000e+02
1.390400000000000000e+04 2.840000000000000000e+02 -9.748000000000000000e+03 -4.640000000000000000e+03 -8.200000000000000000e+01 4.430000000000000000e+02
1.184400000000000000e+04 -3.840000000000000000e+02 -9.268000000000000000e+03 -4.624000000000000000e+03 -2.460000000000000000e+02 7.600000000000000000e+01
1.492000000000000000e+04 -4.240000000000000000e+02 -1.008400000000000000e+04 -4.608000000000000000e+03 -4.070000000000000000e+02 -2.880000000000000000e+02
1.520400000000000000e+04 -2.160000000000000000e+02 -1.046400000000000000e+04 -4.656000000000000000e+03 -4.180000000000000000e+02 -5.380000000000000000e+02
1.428800000000000000e+04 -2.760000000000000000e+02 -1.031600000000000000e+04 -4.624000000000000000e+03 -4.020000000000000000e+02 -9.730000000000000000e+02
1.384800000000000000e+04 4.400000000000000000e+01 -1.016000000000000000e+04 -4.640000000000000000e+03 -4.340000000000000000e+02 -1.204000000000000000e+03
1.352400000000000000e+04 -2.000000000000000000e+02 -1.070400000000000000e+04 -4.624000000000000000e+03 -4.380000000000000000e+02 -1.411000000000000000e+03
1.391200000000000000e+04 -1.720000000000000000e+02 -1.151600000000000000e+04 -4.592000000000000000e+03 -4.880000000000000000e+02 -1.504000000000000000e+03
1.319200000000000000e+04 -2.440000000000000000e+02 -1.156400000000000000e+04 -4.640000000000000000e+03 -5.290000000000000000e+02 -1.445000000000000000e+03
1.263200000000000000e+04 -3.960000000000000000e+02 -1.165600000000000000e+04 -4.624000000000000000e+03 -5.340000000000000000e+02 -1.210000000000000000e+03
1.293200000000000000e+04 -2.880000000000000000e+02 -1.169600000000000000e+04 -4.640000000000000000e+03 -5.120000000000000000e+02 -9.860000000000000000e+02
1.370800000000000000e+04 -1.920000000000000000e+02 -1.147200000000000000e+04 -4.608000000000000000e+03 -5.490000000000000000e+02 -8.240000000000000000e+02
1.372800000000000000e+04 -2.320000000000000000e+02 -1.201200000000000000e+04 -4.640000000000000000e+03 -5.120000000000000000e+02 -7.960000000000000000e+02
1.334800000000000000e+04 -3.800000000000000000e+02 -1.247600000000000000e+04 -4.624000000000000000e+03 -4.540000000000000000e+02 -7.810000000000000000e+02
1.336000000000000000e+04 -5.520000000000000000e+02 -1.264000000000000000e+04 -4.656000000000000000e+03 -4.110000000000000000e+02 -7.990000000000000000e+02
1.360400000000000000e+04 -2.960000000000000000e+02 -1.261200000000000000e+04 -4.608000000000000000e+03 -3.490000000000000000e+02 -6.710000000000000000e+02
