7.296000000000000000e+03 2.488000000000000000e+03 1.175200000000000000e+04 -1.448000000000000000e+03 -3.270000000000000000e+02 -1.481000000000000000e+03
7.492000000000000000e+03 2.516000000000000000e+03 -3.670000000000000000e+02 -4.832000000000000000e+03 -2.490000000000000000e+02 -1.449000000000000000e+03
7.200000000000000000e+01 -4.800000000000000000e+03 1.252400000000000000e+04 -4.832000000000000000e+03 -2.560000000000000000e+02 -1.530000000000000000e+03
7.640000000000000000e+03 2.556000000000000000e+03 1.284800000000000000e+04 -4.832000000000000000e+03 -2.390000000000000000e+02 -1.260000000000000000e+03
8.012000000000000000e+03 2.588000000000000000e+03 1.302800000000000000e+04 -4.800000000000000000e+03 -2.120000000000000000e+02 -1.216000000000000000e+03
8.312000000000000000e+03 2.360000000000000000e+03 1.284000000000000000e+04 -4.864000000000000000e+03 -2.260000000000000000e+02 -1.091000000000000000e+03
8.816000000000000000e+03 2.408000000000000000e+03 1.262400000000000000e+04 -4.864000000000000000e+03 -1.650000000000000000e+02 -8.300000000000000000e+02
8.760000000000000000e+03 2.288000000000000000e+03 1.230400000000000000e+04 -4.864000000000000000e+03 -1.890000000000000000e+02 -6.240000000000000000e+02
8.772000000000000000e+03 2.504000000000000000e+03 1.199600000000000000e+04 -4.832000000000000000e+03 -2.170000000000000000e+02 -4.010000000000000000e+02
8.568000000000000000e+03 2.524000000000000000e+03 1.193200000000000000e+04 -4.816000000000000000e+03 -2.200000000000000000e+02 -4.700000000000000000e+01
8.528000000000000000e+03 2.524000000000000000e+03 1.168400000000000000e+04 -4.832000000000000000e+03 -2.440000000000000000e+02 2.720000000000000000e+02
8.484000000000000000e+03 2.524000000000000000e+03 1.186400000000000000e+04 -4.832000000000000000e+03 -2.820000000000000000e+02 4.990000000000000000e+02
8.668000000000000000e+03 2.540000000000000000e+03 1.186800000000000000e+04 -4.816000000000000000e+03 -2.940000000000000000e+02 7.250000000000000000e+02
8.704000000000000000e+03 2.504000000000000000e+03 1.250400000000000000e+04 -4.816000000000000000e+03 -3.330000000000000000e+02 9.270000000000000000e+02
8.916000000000000000e+03 2.668000000000000000e+03 1.259200000000000000e+04 -4.800000000000000000e+03 -3.760000000000000000e+02 9.020000000000000000e+02
9.264000000000000000e+03 2.620000000000000000e+03 1.269200000000000000e+04 -4.816000000000000000e+03 -3.450000000000000000e+02 1.185000000000000000e+03
9.088000000000000000e+03 2.680000000000000000e+03 1.255200000000000000e+04 -4.848000000000000000e+03 -3.920000000000000000e+02 1.215000000000000000e+03
9.072000000000000000e+03 2.744000000000000000e+03 1.222800000000000000e+04 -4.816000000000000000e+03 -4.050000000000000000e+02 1.210000000000000000e+03
8.868000000000000000e+03 2.568000000000000000e+03 1.213200000000000000e+04 -4.816000000000000000e+03 -4.430000000000000000e+02 1.137000000000000000e+03
8.504000000000000000e+03 2.520000000000000000e+03 1.218000000000000000e+04 -4.832000000000000000e+03 -4.380000000000000000e+02 8.540000000000000000e+02
8.448000000000000000e+03 2.416000000000000000e+03 1.266400000000000000e+04 -4.832000000000000000e+03 -4.080000000000000000e+02 7.050000000000000000e+02
8.324000000000000000e+03 2.596000000000000000e+03 1.233200000000000000e+04 -4.800000000000000000e+03 -3.870000000000000000e+02 4.930000000000000000e+02
8.504000000000000000e+03 2.668000000000000000e+03 1.236400000000000000e+04 -4.816000000000000000e+03 -3.470000000000000000e+02 3.110000000000000000e+02
8.516000000000000000e+03 2.660000000000000000e+03 1.267200000000000000e+04 -4.832000000000000000e+03 -3.260000000000000000e+02 4.000000000000000000e+02
8.268000000000000000e+03 2.600000000000000000e+03 1.276800000000000000e+04 -4.832000000000000000e+03 -3.920000000000000000e+02 1.930000000000000000e+02
8.388000000000000000e+03 2.592000000000000000e+03 1.275600000000000000e+04 -4.816000000000000000e+03 -3.360000000000000000e+02 7.250000000000000000e+02
8.448000000000000000e+03 2.628000000000000000e+03 1.248400000000000000e+04 -4.832000000000000000e+03 -4.250000000000000000e+02 5.260000000000000000e+02
8.260000000000000000e+03 2.564000000000000000e+03 1.205200000000000000e+04 -4.864000000000000000e+03 -4.420000000000000000e+02 6.740000000000000000e+02
7.664000000000000000e+03 2.284000000000000000e+03 1.199200000000000000e+04 -4.816000000000000000e+03 -5.400000000000000000e+02 3.420000000000000000e+02
6.752000000000000000e+03 2.336000000000000000e+03 1.064800000000000000e+04 -4.848000000000000000e+03 -5.030000000000000000e+02 1.930000000000000000e+02
6.652000000000000000e+03 2.208000000000000000e+03 9.844000000000000000e+03 -4.816000000000000000e+03 -3.810000000000000000e+02 3.930000000000000000e+02
5.808000000000000000e+03 2.112000000000000000e+03 6.140000000000000000e+03 -4.848000000000000000e+03 -1.540000000000000000e+02 1.480000000000000000e+02
5.312000000000000000e+03 1.652000000000000000e+03 5.160000000000000000e+03 -4.816000000000000000e+03 6.880000000000000000e+02 2.767000000000000000e+03
4.296000000000000000e+03 1.408000000000000000e+03 6.748000000000000000e+03 -4.800000000000000000e+03 2.610000000000000000e+02 -1.389000000000000000e+03
4.912000000000000000e+03 1.552000000000000000e+03 1.306800000000000000e+04 -4.816000000000000000e+03 -1.390000000000000000e+02 -8.630000000000000000e+02
8.860000000000000000e+03 2.736000000000000000e+03 2.405600000000000000e+04 -4.832000000000000000e+03 2.270000000000000000e+02 -7.760000000000000000e+02
1.289200000000000000e+04 4.936000000000000000e+03 2.461200000000000000e+04 -4.800000000000000000e+03 2.350000000000000000e+02 -1.291000000000000000e+03
1.444000000000000000e+04 4.628000000000000000e+03 2.777200000000000000e+04 -4.848000000000000000e+03 5.000000000000000000e+01 -5.770000000000000000e+02
1.694400000000000000e+04 5.700000000000000000e+03 3.049200000000000000e+04 -4.848000000000000000e+03 -3.310000000000000000e+02 1.200000000000000000e+01
1.847200000000000000e+04 6.320000000000000000e+03 2.990400000000000000e+04 -4.864000000000000000e+03 -4.980000000000000000e+02 8.470000000000000000e+02
1.904400000000000000e+04 5.604000000000000000e+03 2.394400000000000000e+04 -4.816000000000000000e+03 -2.070000000000000000e+02 1.276000000000000000e+03
1.850800000000000000e+04 5.376000000000000000e+03 1.602000000000000000e+04 -4.864000000000000000e+03 7.200000000000000000e+01 6.370000000000000000e+02
1.452000000000000000e+04 4.064000000000000000e+03 8.892000000000000000e+03 -4.832000000000000000e+03 0.000000000000000000e+00 1.820000000000000000e+03
1.024400000000000000e+04 2.308000000000000000e+03 3.464000000000000000e+03 -4.800000000000000000e+03 1.120000000000000000e+02 1.645000000000000000e+03
8.244000000000000000e+03 1.148000000000000000e+03 1.488000000000000000e+03 -4.816000000000000000e+03 2.810000000000000000e+02 1.407000000000000000e+03
5.496000000000000000e+03 6.720000000000000000e+02 1.076000000000000000e+03 -4.832000000000000000e+03 2.450000000000000000e+02 1.528000000000000000e+03
4.020000000000000000e+03 6.240000000000000000e+02 1.232000000000000000e+03 -4.832000000000000000e+03 3.310000000000000000e+02 1.603000000000000000e+03
2.232000000000000000e+03 3.400000000000000000e+02 1.048000000000000000e+03 -4.848000000000000000e+03 4.020000000000000000e+02 1.745000000000000000e+03
2.036000000000000000e+03 3.200000000000000000e+02 2.176000000000000000e+03 -4.848000000000000000e+03 6.480000000000000000e+02 4.586000000000000000e+03
1.740000000000000000e+03 2.320000000000000000e+02 3.008000000000000000e+03 -4.816000000000000000e+03 4.640000000000000000e+02 -1.440000000000000000e+03
2.840000000000000000e+03 8.600000000000000000e+02 5.492000000000000000e+03 -4.816000000000000000e+03 1.690000000000000000e+02 4.450000000000000000e+02
4.884000000000000000e+03 3.828000000000000000e+03 1.255600000000000000e+04 -4.864000000000000000e+03 -1.000000000000000000e+01 2.749000000000000000e+03
1.192000000000000000e+03 4.064000000000000000e+03 1.813600000000000000e+04 -4.832000000000000000e+03 -2.520000000000000000e+02 1.391000000000000000e+03
1.620000000000000000e+03 4.356000000000000000e+03 1.582400000000000000e+04 -4.816000000000000000e+03 -7.960000000000000000e+02 7.450000000000000000e+02
2.260000000000000000e+03 4.232000000000000000e+03 1.650000000000000000e+04 -4.816000000000000000e+03 -5.790000000000000000e+02 1.157000000000000000e+03
6.500000000000000000e+03 5.040000000000000000e+03 1.235600000000000000e+04 -4.848000000000000000e+03 -3.180000000000000000e+02 7.950000000000000000e+02
4.724000000000000000e+03 4.392000000000000000e+03 9.060000000000000000e+03 -4.800000000000000000e+03 -2.780000000000000000e+02 8.290000000000000000e+02
2.144000000000000000e+03 2.988000000000000000e+03 5.964000000000000000e+03 -4.832000000000000000e+03 -1.760000000000000000e+02 5.170000000000000000e+02
1.236000000000000000e+03 1.812000000000000000e+03 2.916000000000000000e+03 -4.816000000000000000e+03 -2.600000000000000000e+02 2.001000000000000000e+03
1.932000000000000000e+03 1.636000000000000000e+03 9.800000000000000000e+02 -4.864000000000000000e+03 -9.000000000000000000e+00 5.560000000000000000e+02
1.528000000000000000e+03 1.132000000000000000e+03 6.688000000000000000e+03 -4.848000000000000000e+03 -4.540000000000000000e+02 1.369000000000000000e+03
4.008000000000000000e+03 2.240000000000000000e+03 8.680000000000000000e+03 -4.848000000000000000e+03 -8.320000000000000000e+02 1.799000000000000000e+03
5.172000000000000000e+03 2.212000000000000000e+03 8.204000000000000000e+03 -4.832000000000000000e+03 -7.830000000000000000e+02 2.747000000000000000e+03
8.108000000000000000e+03 1.932000000000000000e+03 1.446800000000000000e+04 -4.848000000000000000e+03 -7.540000000000000000e+02 2.290000000000000000e+03
8.700000000000000000e+03 3.504000000000000000e+03 1.655600000000000000e+04 -4.848000000000000000e+03 -1.020000000000000000e+03 2.913000000000000000e+03
6.208000000000000000e+03 3.184000000000000000e+03 1.699200000000000000e+04 -4.800000000000000000e+03 -1.392000000000000000e+03 2.368000000000000000e+03
8.636000000000000000e+03 3.620000000000000000e+03 1.934400000000000000e+04 -4.816000000000000000e+03 -1.113000000000000000e+03 2.382000000000000000e+03
8.756000000000000000e+03 3.564000000000000000e+03 2.115200000000000000e+04 -4.832000000000000000e+03 -1.250000000000000000e+03 1.823000000000000000e+03
1.042400000000000000e+04 4.472000000000000000e+03 1.984000000000000000e+04 -4.880000000000000000e+03 -1.700000000000000000e+02 3.068000000000000000e+03
7.500000000000000000e+03 4.096000000000000000e+03 2.320800000000000000e+04 -4.848000000000000000e+03 -1.430000000000000000e+03 -2.945000000000000000e+03
8.744000000000000000e+03 5.136000000000000000e+03 3.276700000000000000e+04 -4.848000000000000000e+03 -8.590000000000000000e+02 6.650000000000000000e+02
-1.956000000000000000e+03 7.608000000000000000e+03 2.205600000000000000e+04 -4.832000000000000000e+03 -1.177000000000000000e+03 1.587000000000000000e+03
6.752000000000000000e+03 5.152000000000000000e+03 1.430800000000000000e+04 -4.816000000000000000e+03 -8.610000000000000000e+02 1.320000000000000000e+03
5.892000000000000000e+03 3.100000000000000000e+03 8.648000000000000000e+03 -4.832000000000000000e+03 2.560000000000000000e+02 8.050000000000000000e+02
5.412000000000000000e+03 1.204000000000000000e+03 7.904000000000000000e+03 -4.816000000000000000e+03 -5.100000000000000000e+02 -6.250000000000000000e+02
3.796000000000000000e+03 1.192000000000000000e+03 1.205200000000000000e+04 -4.816000000000000000e+03 -6.430000000000000000e+02 -7.020000000000000000e+02
2.876000000000000000e+03 1.784000000000000000e+03 1.866000000000000000e+04 -4.800000000000000000e+03 -6.980000000000000000e+02 1.640000000000000000e+03
4.172000000000000000e+03 3.520000000000000000e+03 1.526000000000000000e+04 -4.848000000000000000e+03 -3.110000000000000000e+02 3.960000000000000000e+02
5.296000000000000000e+03 2.960000000000000000e+03 1.256000000000000000e+04 -4.848000000000000000e+03 -2.150000000000000000e+02 -1.070000000000000000e+02
7.056000000000000000e+03 2.636000000000000000e+03 1.150000000000000000e+04 -4.848000000000000000e+03 -2.760000000000000000e+02 -1.106000000000000000e+03
6.764000000000000000e+03 2.448000000000000000e+03 1.433600000000000000e+04 -4.832000000000000000e+03 -2.870000000000000000e+02 -1.145000000000000000e+03
5.644000000000000000e+03 2.716000000000000000e+03 1.514400000000000000e+04 -4.816000000000000000e+03 -2.830000000000000000e+02 -8.820000000000000000e+02
