1.284400000000000000e+04 2.140000000000000000e+03 8.780000000000000000e+03 -4.496000000000000000e+03 -2.890000000000000000e+02 -3.740000000000000000e+02
1.278400000000000000e+04 2.044000000000000000e+03 8.576000000000000000e+03 -4.496000000000000000e+03 -2.650000000000000000e+02 -1.900000000000000000e+02
1.282000000000000000e+04 2.172000000000000000e+03 8.716000000000000000e+03 -4.512000000000000000e+03 -2.150000000000000000e+02 -3.000000000000000000e+01
1.293200000000000000e+04 2.404000000000000000e+03 8.952000000000000000e+03 -4.480000000000000000e+03 -1.960000000000000000e+02 -3.000000000000000000e+00
1.296400000000000000e+04 2.360000000000000000e+03 8.892000000000000000e+03 -4.480000000000000000e+03 -2.080000000000000000e+02 -5.320000000000000000e+02
1.252400000000000000e+04 2.392000000000000000e+03 9.188000000000000000e+03 -4.512000000000000000e+03 -1.040000000000000000e+02 -1.385000000000000000e+03
1.449200000000000000e+04 2.176000000000000000e+03 7.748000000000000000e+03 -4.496000000000000000e+03 -4.700000000000000000e+01 -1.552000000000000000e+03
1.336400000000000000e+04 2.220000000000000000e+03 8.932000000000000000e+03 -4.528000000000000000e+03 -5.000000000000000000e+00 -1.466000000000000000e+03
1.313600000000000000e+04 2.420000000000000000e+03 8.940000000000000000e+03 -4.496000000000000000e+03 -6.600000000000000000e+01 -1.876000000000000000e+03
1.286400000000000000e+04 2.440000000000000000e+03 8.784000000000000000e+03 -4.480000000000000000e+03 -6.100000000000000000e+01 -2.443000000000000000e+03
1.334800000000000000e+04 2.476000000000000000e+03 8.604000000000000000e+03 -4.512000000000000000e+03 -3.700000000000000000e+01 -2.876000000000000000e+03
1.344800000000000000e+04 2.228000000000000000e+03 8.656000000000000000e+03 -4.496000000000000000e+03 -4.500000000000000000e+01 -3.348000000000000000e+03
1.373600000000000000e+04 2.324000000000000000e+03 8.612000000000000000e+03 -4.528000000000000000e+03 -1.200000000000000000e+01 -3.831000000000000000e+03
1.418000000000000000e+04 2.460000000000000000e+03 8.104000000000000000e+03 -4.480000000000000000e+03 6.900000000000000000e+01 -4.314000000000000000e+03
1.419200000000000000e+04 2.592000000000000000e+03 8.252000000000000000e+03 -4.496000000000000000e+03 6.800000000000000000e+01 -4.729000000000000000e+03
1.444800000000000000e+04 2.184000000000000000e+03 7.488000000000000000e+03 -4.512000000000000000e+03 1.280000000000000000e+02 -5.153000000000000000e+03
1.376800000000000000e+04 1.944000000000000000e+03 6.460000000000000000e+03 -4.480000000000000000e+03 3.400000000000000000e+01 -5.513000000000000000e+03
1.365200000000000000e+04 1.916000000000000000e+03 6.004000000000000000e+03 -4.480000000000000000e+03 9.200000000000000000e+01 -5.609000000000000000e+03
1.398800000000000000e+04 1.824000000000000000e+03 5.584000000000000000e+03 -4.496000000000000000e+03 4.000000000000000000e+00 -5.583000000000000000e+03
1.446000000000000000e+04 1.788000000000000000e+03 5.280000000000000000e+03 -4.528000000000000000e+03 -2.000000000000000000e+01 -5.417000000000000000e+03
1.525600000000000000e+04 2.000000000000000000e+03 4.672000000000000000e+03 -4.464000000000000000e+03 -1.420000000000000000e+02 -5.200000000000000000e+03
1.486000000000000000e+04 2.008000000000000000e+03 4.496000000000000000e+03 -4.464000000000000000e+03 -1.610000000000000000e+02 -4.999000000000000000e+03
1.591600000000000000e+04 2.292000000000000000e+03 4.296000000000000000e+03 -4.464000000000000000e+03 -1.750000000000000000e+02 -4.821000000000000000e+03
1.670800000000000000e+04 2.728000000000000000e+03 3.884000000000000000e+03 -4.544000000000000000e+03 -1.770000000000000000e+02 -4.649000000000000000e+03
1.736800000000000000e+04 2.832000000000000000e+03 3.356000000000000000e+03 -4.512000000000000000e+03 -2.290000000000000000e+02 -4.301000000000000000e+03
1.687200000000000000e+04 2.540000000000000000e+03 2.300000000000000000e+03 -4.512000000000000000e+03 -2.340000000000000000e+02 -4.068000000000000000e+03
1.497200000000000000e+04 2.188000000000000000e+03 1.648000000000000000e+03 -4.496000000000000000e+03 -2.150000000000000000e+02 -3.761000000000000000e+03
1.260800000000000000e+04 1.612000000000000000e+03 1.000000000000000000e+03 -4.496000000000000000e+03 -2.190000000000000000e+02 -3.583000000000000000e+03
9.828000000000000000e+03 1.192000000000000000e+03 -2.920000000000000000e+02 -4.496000000000000000e+03 -2.210000000000000000e+02 -3.345000000000000000e+03
8.364000000000000000e+03 7.400000000000000000e+02 -1.184000000000000000e+03 -4.464000000000000000e+03 -1.380000000000000000e+02 -3.204000000000000000e+03
1.165600000000000000e+04 8.480000000000000000e+02 -6.240000000000000000e+02 -4.544000000000000000e+03 -1.600000000000000000e+01 -3.354000000000000000e+03
1.725200000000000000e+04 1.492000000000000000e+03 1.076000000000000000e+03 -4.480000000000000000e+03 1.700000000000000000e+01 -3.346000000000000000e+03
2.106000000000000000e+04 1.608000000000000000e+03 4.000000000000000000e+02 -4.528000000000000000e+03 -4.900000000000000000e+01 -2.368000000000000000e+03
2.140400000000000000e+04 1.368000000000000000e+03 3.400000000000000000e+02 -4.528000000000000000e+03 -1.300000000000000000e+01 -2.024000000000000000e+03
2.482400000000000000e+04 1.560000000000000000e+03 3.760000000000000000e+02 -4.480000000000000000e+03 3.700000000000000000e+01 -1.523000000000000000e+03
2.954000000000000000e+04 2.060000000000000000e+03 1.780000000000000000e+03 -4.480000000000000000e+03 2.500000000000000000e+01 -1.780000000000000000e+03
3.276700000000000000e+04 2.280000000000000000e+03 2.324000000000000000e+03 -4.512000000000000000e+03 3.200000000000000000e+01 -2.575000000000000000e+03
3.276700000000000000e+04 2.720000000000000000e+03 1.448000000000000000e+03 -4.496000000000000000e+03 1.520000000000000000e+02 -1.936000000000000000e+03
3.276700000000000000e+04 2.652000000000000000e+03 -3.640000000000000000e+02 -4.496000000000000000e+03 2.310000000000000000e+02 -1.456000000000000000e+03
3.223600000000000000e+04 2.620000000000000000e+03 -4.112000000000000000e+03 -4.512000000000000000e+03 4.390000000000000000e+02 -1.274000000000000000e+03
2.561200000000000000e+04 2.088000000000000000e+03 -3.800000000000000000e+03 -4.496000000000000000e+03 3.880000000000000000e+02 -1.288000000000000000e+03
1.618800000000000000e+04 8.440000000000000000e+02 -4.676000000000000000e+03 -4.496000000000000000e+03 7.460000000000000000e+02 -1.538000000000000000e+03
9.784000000000000000e+03 -2.240000000000000000e+02 -5.908000000000000000e+03 -4.512000000000000000e+03 7.370000000000000000e+02 -1.681000000000000000e+03
5.988000000000000000e+03 -4.800000000000000000e+01 -4.652000000000000000e+03 -4.496000000000000000e+03 8.410000000000000000e+02 -1.708000000000000000e+03
3.728000000000000000e+03 3.880000000000000000e+02 -2.536000000000000000e+03 -4.496000000000000000e+03 7.710000000000000000e+02 -3.473000000000000000e+03
2.176000000000000000e+03 2.800000000000000000e+02 -9.120000000000000000e+02 -4.480000000000000000e+03 9.140000000000000000e+02 -5.152000000000000000e+03
1.408000000000000000e+03 -2.440000000000000000e+02 -1.280000000000000000e+03 -4.512000000000000000e+03 9.020000000000000000e+02 -1.317000000000000000e+03
3.992000000000000000e+03 1.124000000000000000e+03 -2.772000000000000000e+03 -4.496000000000000000e+03 7.950000000000000000e+02 -1.148000000000000000e+03
1.108000000000000000e+04 9.640000000000000000e+02 -2.060000000000000000e+03 -4.512000000000000000e+03 1.007000000000000000e+03 -1.975000000000000000e+03
1.451200000000000000e+04 1.116000000000000000e+03 -2.368000000000000000e+03 -4.512000000000000000e+03 9.380000000000000000e+02 -1.756000000000000000e+03
1.778400000000000000e+04 2.896000000000000000e+03 -3.880000000000000000e+03 -4.528000000000000000e+03 3.090000000000000000e+02 -1.400000000000000000e+03
1.804800000000000000e+04 1.724000000000000000e+03 -3.864000000000000000e+03 -4.496000000000000000e+03 6.470000000000000000e+02 -1.055000000000000000e+03
1.636800000000000000e+04 1.976000000000000000e+03 -2.504000000000000000e+03 -4.496000000000000000e+03 6.400000000000000000e+02 -7.650000000000000000e+02
1.487600000000000000e+04 3.176000000000000000e+03 -4.440000000000000000e+02 -4.496000000000000000e+03 5.920000000000000000e+02 -5.900000000000000000e+02
1.338400000000000000e+04 3.084000000000000000e+03 -7.400000000000000000e+02 -4.512000000000000000e+03 8.180000000000000000e+02 -4.760000000000000000e+02
1.342400000000000000e+04 2.004000000000000000e+03 -1.720000000000000000e+03 -4.496000000000000000e+03 4.710000000000000000e+02 -2.370000000000000000e+02
1.754400000000000000e+04 2.376000000000000000e+03 -2.948000000000000000e+03 -4.512000000000000000e+03 1.570000000000000000e+02 9.000000000000000000e+01
2.071600000000000000e+04 2.572000000000000000e+03 -2.468000000000000000e+03 -4.496000000000000000e+03 3.020000000000000000e+02 5.790000000000000000e+02
2.131600000000000000e+04 3.132000000000000000e+03 -2.296000000000000000e+03 -4.496000000000000000e+03 5.070000000000000000e+02 9.580000000000000000e+02
1.823600000000000000e+04 2.696000000000000000e+03 -8.960000000000000000e+02 -4.512000000000000000e+03 4.490000000000000000e+02 9.630000000000000000e+02
1.394800000000000000e+04 2.588000000000000000e+03 -9.200000000000000000e+01 -4.512000000000000000e+03 2.430000000000000000e+02 5.310000000000000000e+02
8.740000000000000000e+03 2.092000000000000000e+03 2.040000000000000000e+02 -4.528000000000000000e+03 1.620000000000000000e+02 5.940000000000000000e+02
5.080000000000000000e+03 1.424000000000000000e+03 -2.280000000000000000e+02 -4.496000000000000000e+03 3.580000000000000000e+02 5.820000000000000000e+02
6.300000000000000000e+03 9.360000000000000000e+02 -2.388000000000000000e+03 -4.480000000000000000e+03 1.090000000000000000e+02 8.250000000000000000e+02
5.720000000000000000e+03 7.000000000000000000e+02 -2.044000000000000000e+03 -4.496000000000000000e+03 7.400000000000000000e+01 1.076000000000000000e+03
9.252000000000000000e+03 1.100000000000000000e+03 -2.816000000000000000e+03 -4.512000000000000000e+03 8.700000000000000000e+01 1.237000000000000000e+03
1.679600000000000000e+04 2.544000000000000000e+03 -3.820000000000000000e+03 -4.496000000000000000e+03 5.800000000000000000e+01 1.380000000000000000e+03
1.914400000000000000e+04 2.308000000000000000e+03 -3.412000000000000000e+03 -4.512000000000000000e+03 8.500000000000000000e+01 1.869000000000000000e+03
2.138400000000000000e+04 2.272000000000000000e+03 -4.444000000000000000e+03 -4.496000000000000000e+03 -1.250000000000000000e+02 2.088000000000000000e+03
2.018400000000000000e+04 1.576000000000000000e+03 -2.852000000000000000e+03 -4.496000000000000000e+03 -4.630000000000000000e+02 2.058000000000000000e+03
1.812000000000000000e+04 3.920000000000000000e+02 -3.848000000000000000e+03 -4.512000000000000000e+03 -4.040000000000000000e+02 2.163000000000000000e+03
1.671200000000000000e+04 1.336000000000000000e+03 -4.576000000000000000e+03 -4.496000000000000000e+03 -2.980000000000000000e+02 2.612000000000000000e+03
1.849200000000000000e+04 7.520000000000000000e+02 -4.924000000000000000e+03 -4.512000000000000000e+03 -1.750000000000000000e+02 2.736000000000000000e+03
2.130800000000000000e+04 1.204000000000000000e+03 -4.056000000000000000e+03 -4.496000000000000000e+03 -7.430000000000000000e+02 3.100000000000000000e+03
2.204400000000000000e+04 2.328000000000000000e+03 -1.184000000000000000e+03 -4.496000000000000000e+03 -9.820000000000000000e+02 3.102000000000000000e+03
2.192400000000000000e+04 2.108000000000000000e+03 -1.108000000000000000e+03 -4.480000000000000000e+03 -9.320000000000000000e+02 2.797000000000000000e+03
1.924400000000000000e+04 1.340000000000000000e+03 -8.000000000000000000e+02 -4.480000000000000000e+03 -9.160000000000000000e+02 2.422000000000000000e+03
1.759200000000000000e+04 1.160000000000000000e+03 -1.408000000000000000e+03 -4.512000000000000000e+03 -9.610000000000000000e+02 2.193000000000000000e+03
1.760800000000000000e+04 1.348000000000000000e+03 1.960000000000000000e+02 -4.512000000000000000e+03 -9.580000000000000000e+02 2.002000000000000000e+03
2.118000000000000000e+04 1.624000000000000000e+03 1.568000000000000000e+03 -4.496000000000000000e+03 -1.208000000000000000e+03 1.720000000000000000e+03
2.125600000000000000e+04 1.212000000000000000e+03 5.080000000000000000e+02 -4.496000000000000000e+03 -1.293000000000000000e+03 1.355000000000000000e+03
1.800000000000000000e+04 5.560000000000000000e+02 -6.600000000000000000e+02 -4.528000000000000000e+03 -1.143000000000000000e+03 1.015000000000000000e+03
1.489600000000000000e+04 -2.484000000000000000e+03 7.240000000000000000e+02 -4.496000000000000000e+03 -1.155000000000000000e+03 8.920000000000000000e+02
1.519200000000000000e+04 4.400000000000000000e+01 -2.280000000000000000e+02 -4.496000000000000000e+03 -1.368000000000000000e+03 9.790000000000000000e+02
