1.646400000000000000e+04 2.148000000000000000e+03 1.560000000000000000e+03 -4.608000000000000000e+03 -8.140000000000000000e+02 1.268000000000000000e+03
1.668800000000000000e+04 2.044000000000000000e+03 1.600000000000000000e+03 -4.624000000000000000e+03 -8.110000000000000000e+02 1.029000000000000000e+03
1.694800000000000000e+04 1.868000000000000000e+03 1.408000000000000000e+03 -4.592000000000000000e+03 -7.770000000000000000e+02 6.440000000000000000e+02
1.705600000000000000e+04 1.976000000000000000e+03 1.380000000000000000e+03 -4.592000000000000000e+03 -7.260000000000000000e+02 1.460000000000000000e+02
1.710000000000000000e+04 2.024000000000000000e+03 1.688000000000000000e+03 -4.608000000000000000e+03 -6.540000000000000000e+02 -8.000000000000000000e+01
1.725200000000000000e+04 2.036000000000000000e+03 1.600000000000000000e+03 -4.592000000000000000e+03 -6.350000000000000000e+02 -3.160000000000000000e+02
1.706400000000000000e+04 2.112000000000000000e+03 1.512000000000000000e+03 -4.576000000000000000e+03 -5.140000000000000000e+02 -5.130000000000000000e+02
1.693600000000000000e+04 2.116000000000000000e+03 1.768000000000000000e+03 -4.608000000000000000e+03 -4.900000000000000000e+02 -6.530000000000000000e+02
1.657600000000000000e+04 2.096000000000000000e+03 1.672000000000000000e+03 -4.592000000000000000e+03 -4.400000000000000000e+02 -5.940000000000000000e+02
1.624000000000000000e+04 2.004000000000000000e+03 1.492000000000000000e+03 -4.624000000000000000e+03 -4.140000000000000000e+02 -4.080000000000000000e+02
1.616000000000000000e+04 1.808000000000000000e+03 1.204000000000000000e+03 -4.576000000000000000e+03 -4.010000000000000000e+02 -1.430000000000000000e+02
1.598000000000000000e+04 1.624000000000000000e+03 9.520000000000000000e+02 -4.592000000000000000e+03 -4.160000000000000000e+02 -1.700000000000000000e+01
1.596800000000000000e+04 1.996000000000000000e+03 1.220000000000000000e+03 -4.576000000000000000e+03 -3.860000000000000000e+02 -3.800000000000000000e+01
1.574000000000000000e+04 1.984000000000000000e+03 1.292000000000000000e+03 -4.592000000000000000e+03 -3.410000000000000000e+02 -5.000000000000000000e+01
1.615600000000000000e+04 2.060000000000000000e+03 1.124000000000000000e+03 -4.608000000000000000e+03 -3.430000000000000000e+02 -2.800000000000000000e+01
1.632000000000000000e+04 2.024000000000000000e+03 9.680000000000000000e+02 -4.592000000000000000e+03 -3.680000000000000000e+02 9.600000000000000000e+01
1.676000000000000000e+04 2.216000000000000000e+03 1.128000000000000000e+03 -4.544000000000000000e+03 -3.570000000000000000e+02 2.530000000000000000e+02
1.694000000000000000e+04 2.040000000000000000e+03 1.480000000000000000e+03 -4.608000000000000000e+03 -3.750000000000000000e+02 4.210000000000000000e+02
1.664800000000000000e+04 2.028000000000000000e+03 1.168000000000000000e+03 -4.576000000000000000e+03 -3.390000000000000000e+02 4.780000000000000000e+02
1.624800000000000000e+04 2.064000000000000000e+03 1.048000000000000000e+03 -4.592000000000000000e+03 -3.380000000000000000e+02 6.490000000000000000e+02
1.602000000000000000e+04 2.052000000000000000e+03 1.112000000000000000e+03 -4.592000000000000000e+03 -3.130000000000000000e+02 8.850000000000000000e+02
1.662000000000000000e+04 2.056000000000000000e+03 1.124000000000000000e+03 -4.576000000000000000e+03 -3.490000000000000000e+02 1.068000000000000000e+03
1.646400000000000000e+04 2.128000000000000000e+03 1.280000000000000000e+03 -4.560000000000000000e+03 -3.590000000000000000e+02 1.101000000000000000e+03
1.677600000000000000e+04 2.224000000000000000e+03 1.488000000000000000e+03 -4.624000000000000000e+03 -3.120000000000000000e+02 8.310000000000000000e+02
1.686400000000000000e+04 2.188000000000000000e+03 2.068000000000000000e+03 -4.592000000000000000e+03 -2.750000000000000000e+02 4.900000000000000000e+01
1.703200000000000000e+04 2.340000000000000000e+03 2.092000000000000000e+03 -4.592000000000000000e+03 -2.280000000000000000e+02 -4.080000000000000000e+02
1.700000000000000000e+04 2.328000000000000000e+03 2.312000000000000000e+03 -4.608000000000000000e+03 -3.080000000000000000e+02 -9.120000000000000000e+02
1.704400000000000000e+04 2.148000000000000000e+03 2.360000000000000000e+03 -4.576000000000000000e+03 -2.760000000000000000e+02 -1.051000000000000000e+03
1.678000000000000000e+04 2.324000000000000000e+03 2.012000000000000000e+03 -4.592000000000000000e+03 -2.480000000000000000e+02 -7.570000000000000000e+02
1.638800000000000000e+04 2.248000000000000000e+03 1.168000000000000000e+03 -4.608000000000000000e+03 -4.900000000000000000e+01 -1.043000000000000000e+03
1.616400000000000000e+04 2.164000000000000000e+03 -7.200000000000000000e+02 -4.608000000000000000e+03 -2.240000000000000000e+02 -8.360000000000000000e+02
1.599200000000000000e+04 1.588000000000000000e+03 -1.168000000000000000e+03 -4.592000000000000000e+03 -2.620000000000000000e+02 -1.080000000000000000e+03
1.557200000000000000e+04 3.480000000000000000e+02 8.400000000000000000e+02 -4.592000000000000000e+03 -2.530000000000000000e+02 -1.595000000000000000e+03
1.342800000000000000e+04 2.400000000000000000e+02 2.748000000000000000e+03 -4.608000000000000000e+03 -1.820000000000000000e+02 -1.301000000000000000e+03
8.932000000000000000e+03 7.640000000000000000e+02 2.292000000000000000e+03 -4.592000000000000000e+03 -9.900000000000000000e+01 -8.410000000000000000e+02
8.328000000000000000e+03 2.244000000000000000e+03 9.960000000000000000e+02 -4.608000000000000000e+03 -3.680000000000000000e+02 -1.165000000000000000e+03
9.080000000000000000e+03 2.912000000000000000e+03 2.864000000000000000e+03 -4.608000000000000000e+03 -3.290000000000000000e+02 -1.731000000000000000e+03
1.480400000000000000e+04 3.252000000000000000e+03 4.648000000000000000e+03 -4.592000000000000000e+03 -3.570000000000000000e+02 -2.196000000000000000e+03
2.072800000000000000e+04 3.232000000000000000e+03 5.088000000000000000e+03 -4.592000000000000000e+03 1.740000000000000000e+02 -1.482000000000000000e+03
2.452000000000000000e+04 3.940000000000000000e+03 2.480000000000000000e+03 -4.592000000000000000e+03 -3.060000000000000000e+02 -8.270000000000000000e+02
2.393600000000000000e+04 4.456000000000000000e+03 -2.400000000000000000e+02 -4.592000000000000000e+03 -4.720000000000000000e+02 -2.144000000000000000e+03
2.931600000000000000e+04 4.344000000000000000e+03 -2.132000000000000000e+03 -4.560000000000000000e+03 -5.870000000000000000e+02 -1.440000000000000000e+02
3.171200000000000000e+04 3.844000000000000000e+03 -9.560000000000000000e+02 -4.608000000000000000e+03 -4.030000000000000000e+02 -1.165000000000000000e+03
3.276700000000000000e+04 2.116000000000000000e+03 -5.880000000000000000e+02 -4.608000000000000000e+03 -2.100000000000000000e+02 -1.519000000000000000e+03
3.276700000000000000e+04 1.636000000000000000e+03 -2.728000000000000000e+03 -4.576000000000000000e+03 -2.390000000000000000e+02 -1.527000000000000000e+03
2.835200000000000000e+04 1.508000000000000000e+03 -1.608000000000000000e+03 -4.608000000000000000e+03 -3.200000000000000000e+02 -1.515000000000000000e+03
2.138400000000000000e+04 1.632000000000000000e+03 -1.756000000000000000e+03 -4.624000000000000000e+03 -1.570000000000000000e+02 -2.501000000000000000e+03
1.468800000000000000e+04 1.272000000000000000e+03 -2.248000000000000000e+03 -4.624000000000000000e+03 -1.920000000000000000e+02 -1.136000000000000000e+03
1.174800000000000000e+04 4.920000000000000000e+02 -9.360000000000000000e+02 -4.560000000000000000e+03 -2.340000000000000000e+02 -1.419000000000000000e+03
9.860000000000000000e+03 -1.160000000000000000e+02 1.620000000000000000e+03 -4.592000000000000000e+03 -2.210000000000000000e+02 -1.626000000000000000e+03
8.220000000000000000e+03 1.120000000000000000e+02 7.600000000000000000e+02 -4.624000000000000000e+03 -2.980000000000000000e+02 -1.994000000000000000e+03
7.732000000000000000e+03 3.080000000000000000e+02 4.600000000000000000e+02 -4.608000000000000000e+03 -1.710000000000000000e+02 -1.684000000000000000e+03
8.236000000000000000e+03 1.092000000000000000e+03 -7.400000000000000000e+02 -4.576000000000000000e+03 -2.170000000000000000e+02 -1.794000000000000000e+03
7.524000000000000000e+03 6.960000000000000000e+02 -3.040000000000000000e+02 -4.576000000000000000e+03 -3.870000000000000000e+02 -1.690000000000000000e+03
1.098000000000000000e+04 4.840000000000000000e+02 -8.920000000000000000e+02 -4.592000000000000000e+03 -3.020000000000000000e+02 -3.339000000000000000e+03
9.588000000000000000e+03 4.600000000000000000e+02 -1.868000000000000000e+03 -4.576000000000000000e+03 -8.550000000000000000e+02 1.370000000000000000e+02
7.728000000000000000e+03 4.640000000000000000e+02 -1.628000000000000000e+03 -4.560000000000000000e+03 -1.950000000000000000e+02 -3.358000000000000000e+03
6.680000000000000000e+03 6.440000000000000000e+02 -8.120000000000000000e+02 -4.592000000000000000e+03 -5.560000000000000000e+02 -1.044000000000000000e+03
5.696000000000000000e+03 7.760000000000000000e+02 -1.900000000000000000e+03 -4.592000000000000000e+03 -6.060000000000000000e+02 -2.615000000000000000e+03
8.944000000000000000e+03 1.176000000000000000e+03 -1.112000000000000000e+03 -4.576000000000000000e+03 -3.750000000000000000e+02 -2.013000000000000000e+03
1.250800000000000000e+04 1.032000000000000000e+03 1.760000000000000000e+02 -4.592000000000000000e+03 -4.640000000000000000e+02 -2.123000000000000000e+03
1.174800000000000000e+04 1.104000000000000000e+03 -4.480000000000000000e+03 -4.592000000000000000e+03 -3.590000000000000000e+02 -1.562000000000000000e+03
1.462800000000000000e+04 1.236000000000000000e+03 -2.936000000000000000e+03 -4.592000000000000000e+03 -3.570000000000000000e+02 -2.037000000000000000e+03
1.336400000000000000e+04 7.040000000000000000e+02 -3.732000000000000000e+03 -4.608000000000000000e+03 -3.170000000000000000e+02 -2.992000000000000000e+03
1.340000000000000000e+04 7.240000000000000000e+02 -6.024000000000000000e+03 -4.608000000000000000e+03 -3.190000000000000000e+02 -3.910000000000000000e+02
1.610400000000000000e+04 1.860000000000000000e+03 -6.880000000000000000e+03 -4.560000000000000000e+03 -1.770000000000000000e+02 6.110000000000000000e+02
1.221200000000000000e+04 2.168000000000000000e+03 -7.396000000000000000e+03 -4.576000000000000000e+03 4.920000000000000000e+02 1.201000000000000000e+03
1.498000000000000000e+04 1.952000000000000000e+03 -6.304000000000000000e+03 -4.576000000000000000e+03 -5.890000000000000000e+02 8.090000000000000000e+02
1.696000000000000000e+04 1.904000000000000000e+03 -7.484000000000000000e+03 -4.560000000000000000e+03 -4.320000000000000000e+02 1.211000000000000000e+03
1.915600000000000000e+04 1.868000000000000000e+03 2.080000000000000000e+02 -4.608000000000000000e+03 -1.280000000000000000e+02 1.040000000000000000e+02
2.265600000000000000e+04 2.216000000000000000e+03 -4.700000000000000000e+03 -4.576000000000000000e+03 7.100000000000000000e+01 9.590000000000000000e+02
2.522800000000000000e+04 2.336000000000000000e+03 -5.776000000000000000e+03 -4.608000000000000000e+03 -1.760000000000000000e+02 2.145000000000000000e+03
3.138800000000000000e+04 7.480000000000000000e+02 -3.420000000000000000e+03 -4.576000000000000000e+03 -1.920000000000000000e+02 2.260000000000000000e+02
2.656400000000000000e+04 2.096000000000000000e+03 -4.696000000000000000e+03 -4.592000000000000000e+03 -3.730000000000000000e+02 2.413000000000000000e+03
2.135600000000000000e+04 2.132000000000000000e+03 -4.380000000000000000e+03 -4.560000000000000000e+03 -1.020000000000000000e+02 5.590000000000000000e+02
1.901600000000000000e+04 1.624000000000000000e+03 -2.848000000000000000e+03 -4.592000000000000000e+03 -2.560000000000000000e+02 2.030000000000000000e+03
1.389600000000000000e+04 2.472000000000000000e+03 -3.792000000000000000e+03 -4.592000000000000000e+03 -2.970000000000000000e+02 2.878000000000000000e+03
1.417600000000000000e+04 1.232000000000000000e+03 -3.396000000000000000e+03 -4.576000000000000000e+03 -5.810000000000000000e+02 1.272000000000000000e+03
