1.171600000000000000e+04 2.564000000000000000e+03 -9.768000000000000000e+03 -4.688000000000000000e+03 -1.360000000000000000e+02 2.024000000000000000e+03
1.382000000000000000e+04 2.960000000000000000e+03 -1.062400000000000000e+04 -4.640000000000000000e+03 -1.760000000000000000e+02 2.127000000000000000e+03
1.633600000000000000e+04 2.244000000000000000e+03 -1.082000000000000000e+04 -4.640000000000000000e+03 -3.190000000000000000e+02 2.330000000000000000e+03
1.543600000000000000e+04 1.672000000000000000e+03 -1.060800000000000000e+04 -4.656000000000000000e+03 -3.500000000000000000e+02 2.476000000000000000e+03
1.446400000000000000e+04 1.536000000000000000e+03 -1.050400000000000000e+04 -4.656000000000000000e+03 -4.380000000000000000e+02 2.598000000000000000e+03
1.422000000000000000e+04 1.832000000000000000e+03 -9.168000000000000000e+03 -4.688000000000000000e+03 -5.800000000000000000e+02 2.684000000000000000e+03
1.522400000000000000e+04 1.932000000000000000e+03 -9.228000000000000000e+03 -4.656000000000000000e+03 -5.980000000000000000e+02 2.485000000000000000e+03
9.600000000000000000e+02 1.428000000000000000e+03 -8.200000000000000000e+03 -4.656000000000000000e+03 -7.280000000000000000e+02 2.218000000000000000e+03
1.515600000000000000e+04 8.920000000000000000e+02 -8.012000000000000000e+03 -4.640000000000000000e+03 -7.200000000000000000e+02 1.870000000000000000e+03
1.356800000000000000e+04 1.104000000000000000e+03 -8.296000000000000000e+03 -4.672000000000000000e+03 -7.480000000000000000e+02 1.475000000000000000e+03
1.315600000000000000e+04 1.252000000000000000e+03 -7.952000000000000000e+03 -4.640000000000000000e+03 -6.170000000000000000e+02 1.160000000000000000e+03
1.395600000000000000e+04 1.532000000000000000e+03 -7.860000000000000000e+03 -4.640000000000000000e+03 -6.430000000000000000e+02 8.190000000000000000e+02
1.495600000000000000e+04 1.456000000000000000e+03 -8.080000000000000000e+03 -4.656000000000000000e+03 -5.760000000000000000e+02 4.970000000000000000e+02
1.403600000000000000e+04 1.404000000000000000e+03 -8.788000000000000000e+03 -4.688000000000000000e+03 -5.470000000000000000e+02 1.390000000000000000e+02
1.373600000000000000e+04 1.724000000000000000e+03 -8.544000000000000000e+03 -4.688000000000000000e+03 -5.300000000000000000e+02 -2.110000000000000000e+02
1.578400000000000000e+04 1.556000000000000000e+03 -7.892000000000000000e+03 -4.672000000000000000e+03 -5.050000000000000000e+02 -5.760000000000000000e+02
1.669200000000000000e+04 1.112000000000000000e+03 -7.952000000000000000e+03 -4.640000000000000000e+03 -4.580000000000000000e+02 -8.770000000000000000e+02
1.593600000000000000e+04 1.076000000000000000e+03 -7.528000000000000000e+03 -4.672000000000000000e+03 -3.910000000000000000e+02 -1.193000000000000000e+03
1.560800000000000000e+04 1.020000000000000000e+03 -7.888000000000000000e+03 -4.688000000000000000e+03 -3.460000000000000000e+02 -1.390000000000000000e+03
1.528400000000000000e+04 1.080000000000000000e+03 -7.988000000000000000e+03 -4.688000000000000000e+03 -3.260000000000000000e+02 -1.382000000000000000e+03
1.525200000000000000e+04 8.440000000000000000e+02 -8.292000000000000000e+03 -4.656000000000000000e+03 -3.370000000000000000e+02 -1.264000000000000000e+03
1.533200000000000000e+04 9.800000000000000000e+02 -8.168000000000000000e+03 -4.656000000000000000e+03 -3.410000000000000000e+02 -1.098000000000000000e+03
1.532800000000000000e+04 1.064000000000000000e+03 -8.208000000000000000e+03 -4.672000000000000000e+03 -3.390000000000000000e+02 -9.880000000000000000e+02
1.536400000000000000e+04 1.164000000000000000e+03 -8.060000000000000000e+03 -4.656000000000000000e+03 -2.670000000000000000e+02 -1.068000000000000000e+03
1.538000000000000000e+04 1.520000000000000000e+03 -8.380000000000000000e+03 -4.672000000000000000e+03 -2.790000000000000000e+02 -1.224000000000000000e+03
1.530800000000000000e+04 1.616000000000000000e+03 -8.480000000000000000e+03 -4.688000000000000000e+03 -1.980000000000000000e+02 -1.495000000000000000e+03
1.532400000000000000e+04 1.584000000000000000e+03 -8.816000000000000000e+03 -4.656000000000000000e+03 -8.900000000000000000e+01 -1.633000000000000000e+03
1.524000000000000000e+04 1.392000000000000000e+03 -9.228000000000000000e+03 -4.672000000000000000e+03 -1.970000000000000000e+02 -1.675000000000000000e+03
1.532000000000000000e+04 1.392000000000000000e+03 -8.944000000000000000e+03 -4.672000000000000000e+03 -2.810000000000000000e+02 -1.205000000000000000e+03
1.584400000000000000e+04 1.160000000000000000e+03 -8.480000000000000000e+03 -4.656000000000000000e+03 -4.200000000000000000e+02 -1.481000000000000000e+03
1.563600000000000000e+04 1.440000000000000000e+03 -6.388000000000000000e+03 -4.672000000000000000e+03 -5.430000000000000000e+02 -1.412000000000000000e+03
1.650000000000000000e+04 1.216000000000000000e+03 -4.872000000000000000e+03 -4.688000000000000000e+03 -3.830000000000000000e+02 -1.599000000000000000e+03
1.461600000000000000e+04 4.080000000000000000e+02 -6.172000000000000000e+03 -4.656000000000000000e+03 -4.440000000000000000e+02 -2.058000000000000000e+03
8.292000000000000000e+03 6.640000000000000000e+02 -7.164000000000000000e+03 -4.656000000000000000e+03 -3.990000000000000000e+02 -2.544000000000000000e+03
6.224000000000000000e+03 9.680000000000000000e+02 -1.008000000000000000e+04 -4.688000000000000000e+03 -2.320000000000000000e+02 -3.042000000000000000e+03
8.248000000000000000e+03 2.716000000000000000e+03 -1.076400000000000000e+04 -4.656000000000000000e+03 -7.000000000000000000e+01 -3.694000000000000000e+03
1.446400000000000000e+04 2.608000000000000000e+03 -1.194800000000000000e+04 -4.672000000000000000e+03 2.280000000000000000e+02 -4.360000000000000000e+03
1.664400000000000000e+04 2.156000000000000000e+03 -1.372000000000000000e+04 -4.672000000000000000e+03 6.340000000000000000e+02 -5.884000000000000000e+03
1.698800000000000000e+04 1.976000000000000000e+03 -1.675600000000000000e+04 -4.656000000000000000e+03 5.170000000000000000e+02 -3.946000000000000000e+03
1.826400000000000000e+04 1.916000000000000000e+03 -1.814400000000000000e+04 -4.672000000000000000e+03 7.470000000000000000e+02 -3.893000000000000000e+03
2.108800000000000000e+04 1.736000000000000000e+03 -1.927200000000000000e+04 -4.656000000000000000e+03 1.045000000000000000e+03 -4.154000000000000000e+03
2.495600000000000000e+04 1.580000000000000000e+03 -2.029200000000000000e+04 -4.688000000000000000e+03 6.060000000000000000e+02 -4.220000000000000000e+03
2.676000000000000000e+04 1.244000000000000000e+03 -2.356000000000000000e+04 -4.656000000000000000e+03 3.190000000000000000e+02 -4.393000000000000000e+03
2.762800000000000000e+04 7.720000000000000000e+02 -2.332000000000000000e+04 -4.656000000000000000e+03 4.660000000000000000e+02 -4.227000000000000000e+03
2.537600000000000000e+04 1.920000000000000000e+02 -2.016800000000000000e+04 -4.656000000000000000e+03 2.900000000000000000e+02 -4.430000000000000000e+03
2.178800000000000000e+04 8.000000000000000000e+00 -1.022400000000000000e+04 -4.688000000000000000e+03 2.330000000000000000e+02 -5.630000000000000000e+03
1.631600000000000000e+04 -2.200000000000000000e+02 -7.828000000000000000e+03 -4.640000000000000000e+03 5.450000000000000000e+02 -7.740000000000000000e+03
1.126800000000000000e+04 5.600000000000000000e+02 -6.176000000000000000e+03 -4.688000000000000000e+03 6.430000000000000000e+02 -9.814000000000000000e+03
5.176000000000000000e+03 8.280000000000000000e+02 -4.640000000000000000e+03 -4.656000000000000000e+03 1.120000000000000000e+03 1.006000000000000000e+03
4.336000000000000000e+03 1.272000000000000000e+03 -3.576000000000000000e+03 -4.656000000000000000e+03 -1.022000000000000000e+03 -5.725000000000000000e+03
3.904000000000000000e+03 -3.000000000000000000e+02 -1.996000000000000000e+03 -4.656000000000000000e+03 1.990000000000000000e+02 -3.129000000000000000e+03
3.764000000000000000e+03 5.600000000000000000e+01 -1.116000000000000000e+03 -4.624000000000000000e+03 6.260000000000000000e+02 -2.693000000000000000e+03
3.724000000000000000e+03 1.080000000000000000e+02 -5.420000000000000000e+03 -4.672000000000000000e+03 7.900000000000000000e+02 -2.781000000000000000e+03
3.224000000000000000e+03 6.240000000000000000e+02 -6.600000000000000000e+03 -4.656000000000000000e+03 3.980000000000000000e+02 -3.481000000000000000e+03
1.820000000000000000e+03 -1.792000000000000000e+03 -2.467200000000000000e+04 -4.656000000000000000e+03 4.220000000000000000e+02 -2.353000000000000000e+03
5.800000000000000000e+02 -2.116000000000000000e+03 -2.882400000000000000e+04 -4.688000000000000000e+03 1.900000000000000000e+02 -3.118000000000000000e+03
5.496000000000000000e+03 1.596000000000000000e+03 -2.221600000000000000e+04 -4.688000000000000000e+03 3.630000000000000000e+02 -2.564000000000000000e+03
1.909600000000000000e+04 2.184000000000000000e+03 -1.264000000000000000e+04 -4.656000000000000000e+03 3.360000000000000000e+02 -1.846000000000000000e+03
2.170400000000000000e+04 1.648000000000000000e+03 -4.848000000000000000e+03 -4.688000000000000000e+03 2.230000000000000000e+02 -2.169000000000000000e+03
1.540000000000000000e+04 1.560000000000000000e+02 -2.216000000000000000e+03 -4.672000000000000000e+03 5.700000000000000000e+01 -3.084000000000000000e+03
8.800000000000000000e+03 1.880000000000000000e+02 -2.440000000000000000e+03 -4.688000000000000000e+03 1.940000000000000000e+02 -1.515000000000000000e+03
3.676000000000000000e+03 3.120000000000000000e+02 -6.852000000000000000e+03 -4.672000000000000000e+03 -8.200000000000000000e+01 -2.995000000000000000e+03
2.092000000000000000e+03 2.680000000000000000e+02 -5.832000000000000000e+03 -4.704000000000000000e+03 4.360000000000000000e+02 -3.940000000000000000e+02
2.880000000000000000e+03 -7.240000000000000000e+02 -5.900000000000000000e+03 -4.672000000000000000e+03 2.900000000000000000e+02 -6.210000000000000000e+02
4.452000000000000000e+03 1.648000000000000000e+03 -1.555600000000000000e+04 -4.672000000000000000e+03 3.210000000000000000e+02 -1.060000000000000000e+03
6.040000000000000000e+03 9.640000000000000000e+02 -1.477600000000000000e+04 -4.704000000000000000e+03 3.510000000000000000e+02 -2.400000000000000000e+01
4.608000000000000000e+03 -6.040000000000000000e+02 -1.386800000000000000e+04 -4.688000000000000000e+03 4.410000000000000000e+02 -4.610000000000000000e+02
6.484000000000000000e+03 -1.240000000000000000e+02 -1.900400000000000000e+04 -4.688000000000000000e+03 8.350000000000000000e+02 -2.605000000000000000e+03
1.014800000000000000e+04 -1.800000000000000000e+02 -2.157600000000000000e+04 -4.720000000000000000e+03 1.248000000000000000e+03 -2.528000000000000000e+03
5.336000000000000000e+03 -3.920000000000000000e+02 -2.544000000000000000e+04 -4.672000000000000000e+03 2.213000000000000000e+03 -7.610000000000000000e+02
5.464000000000000000e+03 3.520000000000000000e+02 -2.523600000000000000e+04 -4.720000000000000000e+03 8.220000000000000000e+02 -5.626000000000000000e+03
9.172000000000000000e+03 -8.120000000000000000e+02 -2.728800000000000000e+04 -4.656000000000000000e+03 -1.170000000000000000e+02 -1.018600000000000000e+04
8.980000000000000000e+03 -1.040000000000000000e+02 -2.392800000000000000e+04 -4.688000000000000000e+03 6.270000000000000000e+02 -1.928000000000000000e+03
1.006800000000000000e+04 -1.040000000000000000e+03 -9.448000000000000000e+03 -4.656000000000000000e+03 -5.490000000000000000e+02 -1.514000000000000000e+03
1.062000000000000000e+04 2.944000000000000000e+03 -1.123600000000000000e+04 -4.704000000000000000e+03 -6.860000000000000000e+02 -4.010000000000000000e+03
2.207200000000000000e+04 2.072000000000000000e+03 -5.508000000000000000e+03 -4.688000000000000000e+03 5.240000000000000000e+02 -4.754000000000000000e+03
9.516000000000000000e+03 -1.500000000000000000e+03 4.560000000000000000e+02 -4.688000000000000000e+03 4.480000000000000000e+02 -3.748000000000000000e+03
