9.932000000000000000e+03 2.652000000000000000e+03 1.122800000000000000e+04 -4.656000000000000000e+03 -3.750000000000000000e+02 -2.880000000000000000e+02
9.756000000000000000e+03 2.644000000000000000e+03 1.152400000000000000e+04 -4.624000000000000000e+03 -2.610000000000000000e+02 -5.500000000000000000e+01
9.308000000000000000e+03 2.296000000000000000e+03 1.064000000000000000e+04 -4.656000000000000000e+03 -2.970000000000000000e+02 1.340000000000000000e+02
9.772000000000000000e+03 2.036000000000000000e+03 1.041200000000000000e+04 -4.656000000000000000e+03 -2.910000000000000000e+02 2.140000000000000000e+02
1.004000000000000000e+04 2.160000000000000000e+03 1.061600000000000000e+04 -4.640000000000000000e+03 -2.250000000000000000e+02 4.130000000000000000e+02
1.016400000000000000e+04 2.296000000000000000e+03 1.122400000000000000e+04 -4.640000000000000000e+03 -2.080000000000000000e+02 4.900000000000000000e+02
1.084800000000000000e+04 2.408000000000000000e+03 1.146400000000000000e+04 -4.624000000000000000e+03 -1.920000000000000000e+02 4.760000000000000000e+02
1.028400000000000000e+04 2.168000000000000000e+03 1.076400000000000000e+04 -4.624000000000000000e+03 -1.010000000000000000e+02 5.600000000000000000e+02
1.010800000000000000e+04 2.304000000000000000e+03 1.074400000000000000e+04 -4.640000000000000000e+03 -1.210000000000000000e+02 3.700000000000000000e+02
1.013600000000000000e+04 2.284000000000000000e+03 1.071200000000000000e+04 -4.656000000000000000e+03 -8.500000000000000000e+01 2.030000000000000000e+02
1.022000000000000000e+04 2.156000000000000000e+03 1.075600000000000000e+04 -4.624000000000000000e+03 -6.900000000000000000e+01 1.620000000000000000e+02
1.016800000000000000e+04 2.324000000000000000e+03 1.095200000000000000e+04 -4.640000000000000000e+03 -7.900000000000000000e+01 5.900000000000000000e+01
1.060400000000000000e+04 2.448000000000000000e+03 1.126800000000000000e+04 -4.640000000000000000e+03 -1.230000000000000000e+02 -1.160000000000000000e+02
1.048400000000000000e+04 2.692000000000000000e+03 1.166800000000000000e+04 -4.656000000000000000e+03 -1.610000000000000000e+02 -3.680000000000000000e+02
1.059200000000000000e+04 2.600000000000000000e+03 1.149200000000000000e+04 -4.640000000000000000e+03 -1.710000000000000000e+02 -5.330000000000000000e+02
1.064800000000000000e+04 2.624000000000000000e+03 1.136800000000000000e+04 -4.640000000000000000e+03 -2.460000000000000000e+02 -8.530000000000000000e+02
1.034800000000000000e+04 2.704000000000000000e+03 1.150800000000000000e+04 -4.608000000000000000e+03 -2.540000000000000000e+02 -8.650000000000000000e+02
1.003600000000000000e+04 2.728000000000000000e+03 1.132400000000000000e+04 -4.608000000000000000e+03 -2.720000000000000000e+02 -1.100000000000000000e+03
1.015200000000000000e+04 2.760000000000000000e+03 1.099200000000000000e+04 -4.608000000000000000e+03 -3.700000000000000000e+02 -1.206000000000000000e+03
1.034000000000000000e+04 2.904000000000000000e+03 1.091600000000000000e+04 -4.640000000000000000e+03 -4.680000000000000000e+02 -1.097000000000000000e+03
1.056000000000000000e+04 2.884000000000000000e+03 1.055600000000000000e+04 -4.624000000000000000e+03 -4.900000000000000000e+02 -8.690000000000000000e+02
1.118000000000000000e+04 2.900000000000000000e+03 1.121200000000000000e+04 -4.640000000000000000e+03 -5.350000000000000000e+02 -6.970000000000000000e+02
1.153200000000000000e+04 2.972000000000000000e+03 1.157600000000000000e+04 -4.656000000000000000e+03 -5.570000000000000000e+02 -6.790000000000000000e+02
1.154000000000000000e+04 2.976000000000000000e+03 1.102800000000000000e+04 -4.640000000000000000e+03 -5.920000000000000000e+02 -3.700000000000000000e+02
1.133200000000000000e+04 2.912000000000000000e+03 1.046000000000000000e+04 -4.640000000000000000e+03 -6.400000000000000000e+02 -9.300000000000000000e+01
1.162400000000000000e+04 2.776000000000000000e+03 1.089200000000000000e+04 -4.640000000000000000e+03 -5.980000000000000000e+02 9.500000000000000000e+01
1.114400000000000000e+04 2.884000000000000000e+03 1.104000000000000000e+04 -4.640000000000000000e+03 -6.970000000000000000e+02 2.780000000000000000e+02
1.118000000000000000e+04 2.904000000000000000e+03 1.063200000000000000e+04 -4.640000000000000000e+03 -9.060000000000000000e+02 -1.340000000000000000e+02
1.084000000000000000e+04 2.792000000000000000e+03 1.008800000000000000e+04 -4.592000000000000000e+03 -8.010000000000000000e+02 5.580000000000000000e+02
1.048400000000000000e+04 2.496000000000000000e+03 9.920000000000000000e+03 -4.640000000000000000e+03 -6.770000000000000000e+02 7.240000000000000000e+02
1.038000000000000000e+04 2.604000000000000000e+03 1.023600000000000000e+04 -4.656000000000000000e+03 -3.400000000000000000e+02 1.100000000000000000e+03
8.380000000000000000e+03 1.872000000000000000e+03 7.660000000000000000e+03 -4.624000000000000000e+03 -3.120000000000000000e+02 1.141000000000000000e+03
6.304000000000000000e+03 1.360000000000000000e+03 4.488000000000000000e+03 -4.608000000000000000e+03 -7.110000000000000000e+02 5.590000000000000000e+02
5.208000000000000000e+03 1.160000000000000000e+03 3.216000000000000000e+03 -4.608000000000000000e+03 -5.370000000000000000e+02 8.130000000000000000e+02
6.732000000000000000e+03 1.464000000000000000e+03 5.456000000000000000e+03 -4.656000000000000000e+03 -4.570000000000000000e+02 5.430000000000000000e+02
9.256000000000000000e+03 2.944000000000000000e+03 1.280000000000000000e+04 -4.640000000000000000e+03 -4.070000000000000000e+02 3.220000000000000000e+02
1.451600000000000000e+04 3.680000000000000000e+03 1.583200000000000000e+04 -4.608000000000000000e+03 -5.270000000000000000e+02 -9.520000000000000000e+02
1.616800000000000000e+04 3.320000000000000000e+03 1.468400000000000000e+04 -4.624000000000000000e+03 -4.350000000000000000e+02 -8.800000000000000000e+02
1.855600000000000000e+04 3.756000000000000000e+03 1.680800000000000000e+04 -4.624000000000000000e+03 -3.530000000000000000e+02 -7.850000000000000000e+02
1.816000000000000000e+04 3.736000000000000000e+03 2.002400000000000000e+04 -4.624000000000000000e+03 -6.120000000000000000e+02 -1.848000000000000000e+03
1.899600000000000000e+04 3.784000000000000000e+03 2.039200000000000000e+04 -4.624000000000000000e+03 -6.000000000000000000e+02 -1.204000000000000000e+03
2.029200000000000000e+04 3.648000000000000000e+03 2.125600000000000000e+04 -4.608000000000000000e+03 -3.900000000000000000e+02 -7.160000000000000000e+02
2.172800000000000000e+04 4.184000000000000000e+03 2.234400000000000000e+04 -4.624000000000000000e+03 5.400000000000000000e+01 -6.960000000000000000e+02
2.438800000000000000e+04 4.312000000000000000e+03 2.091200000000000000e+04 -4.640000000000000000e+03 1.090000000000000000e+02 -6.810000000000000000e+02
2.287600000000000000e+04 3.480000000000000000e+03 1.713600000000000000e+04 -4.624000000000000000e+03 6.900000000000000000e+01 -1.280000000000000000e+03
1.567600000000000000e+04 1.272000000000000000e+03 1.011600000000000000e+04 -4.640000000000000000e+03 3.860000000000000000e+02 -3.331000000000000000e+03
9.596000000000000000e+03 1.208000000000000000e+03 4.440000000000000000e+03 -4.624000000000000000e+03 6.700000000000000000e+02 -3.377000000000000000e+03
6.556000000000000000e+03 9.720000000000000000e+02 2.628000000000000000e+03 -4.624000000000000000e+03 4.350000000000000000e+02 -3.565000000000000000e+03
4.348000000000000000e+03 8.720000000000000000e+02 3.020000000000000000e+03 -4.624000000000000000e+03 6.140000000000000000e+02 -7.110000000000000000e+02
2.772000000000000000e+03 7.360000000000000000e+02 2.848000000000000000e+03 -4.608000000000000000e+03 8.330000000000000000e+02 3.280000000000000000e+02
1.660000000000000000e+03 7.520000000000000000e+02 -8.000000000000000000e+00 -4.624000000000000000e+03 1.062000000000000000e+03 -1.346000000000000000e+03
1.012000000000000000e+03 -4.080000000000000000e+02 -1.408000000000000000e+03 -4.656000000000000000e+03 8.960000000000000000e+02 -5.120000000000000000e+02
9.200000000000000000e+02 -6.440000000000000000e+02 -7.920000000000000000e+02 -4.624000000000000000e+03 -3.700000000000000000e+01 -2.178000000000000000e+03
4.696000000000000000e+03 1.180000000000000000e+03 3.484000000000000000e+03 -4.640000000000000000e+03 3.640000000000000000e+02 -1.383000000000000000e+03
1.003600000000000000e+04 3.600000000000000000e+03 6.944000000000000000e+03 -4.624000000000000000e+03 8.490000000000000000e+02 -1.128000000000000000e+03
1.439600000000000000e+04 2.452000000000000000e+03 1.020000000000000000e+04 -4.608000000000000000e+03 7.720000000000000000e+02 -1.334000000000000000e+03
1.098000000000000000e+04 2.616000000000000000e+03 1.159600000000000000e+04 -4.640000000000000000e+03 1.550000000000000000e+02 -2.111000000000000000e+03
1.274000000000000000e+04 3.356000000000000000e+03 1.236000000000000000e+04 -4.656000000000000000e+03 -2.080000000000000000e+02 -2.708000000000000000e+03
1.116000000000000000e+04 3.292000000000000000e+03 1.255600000000000000e+04 -4.624000000000000000e+03 1.720000000000000000e+02 -1.821000000000000000e+03
1.235200000000000000e+04 4.052000000000000000e+03 1.055200000000000000e+04 -4.640000000000000000e+03 1.890000000000000000e+02 -1.864000000000000000e+03
9.816000000000000000e+03 3.048000000000000000e+03 8.508000000000000000e+03 -4.624000000000000000e+03 3.000000000000000000e+01 -1.919000000000000000e+03
7.744000000000000000e+03 1.912000000000000000e+03 4.112000000000000000e+03 -4.656000000000000000e+03 8.700000000000000000e+01 -2.940000000000000000e+02
4.924000000000000000e+03 1.604000000000000000e+03 3.212000000000000000e+03 -4.640000000000000000e+03 -4.920000000000000000e+02 -1.838000000000000000e+03
5.076000000000000000e+03 1.068000000000000000e+03 2.224000000000000000e+03 -4.624000000000000000e+03 -2.330000000000000000e+02 -2.003000000000000000e+03
9.000000000000000000e+03 2.060000000000000000e+03 3.492000000000000000e+03 -4.592000000000000000e+03 -5.010000000000000000e+02 -1.694000000000000000e+03
6.048000000000000000e+03 1.996000000000000000e+03 7.840000000000000000e+03 -4.624000000000000000e+03 -5.520000000000000000e+02 -1.222000000000000000e+03
1.149200000000000000e+04 2.292000000000000000e+03 8.104000000000000000e+03 -4.624000000000000000e+03 -5.560000000000000000e+02 -1.136000000000000000e+03
1.569600000000000000e+04 3.752000000000000000e+03 7.056000000000000000e+03 -4.656000000000000000e+03 -8.300000000000000000e+02 -1.288000000000000000e+03
1.397200000000000000e+04 3.092000000000000000e+03 6.716000000000000000e+03 -4.656000000000000000e+03 -7.470000000000000000e+02 -1.040000000000000000e+03
1.297600000000000000e+04 2.408000000000000000e+03 7.916000000000000000e+03 -4.640000000000000000e+03 -6.560000000000000000e+02 -8.390000000000000000e+02
1.799600000000000000e+04 4.060000000000000000e+03 9.472000000000000000e+03 -4.624000000000000000e+03 -1.013000000000000000e+03 -7.640000000000000000e+02
1.690400000000000000e+04 2.652000000000000000e+03 7.232000000000000000e+03 -4.640000000000000000e+03 -1.168000000000000000e+03 -5.490000000000000000e+02
1.832800000000000000e+04 2.452000000000000000e+03 6.664000000000000000e+03 -4.656000000000000000e+03 9.400000000000000000e+01 -1.100000000000000000e+03
2.028400000000000000e+04 2.912000000000000000e+03 8.496000000000000000e+03 -4.672000000000000000e+03 -9.220000000000000000e+02 -8.980000000000000000e+02
2.196400000000000000e+04 3.840000000000000000e+03 1.162000000000000000e+04 -4.624000000000000000e+03 -9.280000000000000000e+02 -1.086000000000000000e+03
2.120000000000000000e+04 4.432000000000000000e+03 1.158400000000000000e+04 -4.656000000000000000e+03 -7.220000000000000000e+02 -6.800000000000000000e+02
2.219200000000000000e+04 6.240000000000000000e+03 1.577200000000000000e+04 -4.640000000000000000e+03 -4.030000000000000000e+02 -1.279000000000000000e+03
1.688000000000000000e+04 3.896000000000000000e+03 9.720000000000000000e+03 -4.640000000000000000e+03 -3.450000000000000000e+02 -7.640000000000000000e+02
1.394800000000000000e+04 2.580000000000000000e+03 4.464000000000000000e+03 -4.624000000000000000e+03 -4.440000000000000000e+02 -7.660000000000000000e+02
