1.344000000000000000e+04 2.720000000000000000e+03 7.944000000000000000e+03 -4.848000000000000000e+03 -9.700000000000000000e+01 -7.680000000000000000e+02
1.281200000000000000e+04 2.728000000000000000e+03 7.952000000000000000e+03 -4.784000000000000000e+03 -8.500000000000000000e+01 -5.330000000000000000e+02
1.299200000000000000e+04 2.944000000000000000e+03 8.392000000000000000e+03 -4.848000000000000000e+03 -6.800000000000000000e+01 -2.970000000000000000e+02
1.306400000000000000e+04 2.996000000000000000e+03 8.524000000000000000e+03 -4.784000000000000000e+03 -1.360000000000000000e+02 -6.100000000000000000e+01
1.305200000000000000e+04 2.912000000000000000e+03 8.372000000000000000e+03 -4.816000000000000000e+03 -1.910000000000000000e+02 2.470000000000000000e+02
1.332800000000000000e+04 2.796000000000000000e+03 8.432000000000000000e+03 -4.832000000000000000e+03 -2.330000000000000000e+02 5.010000000000000000e+02
1.305200000000000000e+04 2.876000000000000000e+03 8.616000000000000000e+03 -4.816000000000000000e+03 -2.520000000000000000e+02 7.810000000000000000e+02
1.338800000000000000e+04 2.832000000000000000e+03 8.748000000000000000e+03 -4.816000000000000000e+03 -3.480000000000000000e+02 7.590000000000000000e+02
1.330400000000000000e+04 2.852000000000000000e+03 8.228000000000000000e+03 -4.816000000000000000e+03 -3.840000000000000000e+02 8.480000000000000000e+02
1.354400000000000000e+04 2.632000000000000000e+03 8.200000000000000000e+03 -4.832000000000000000e+03 -3.830000000000000000e+02 8.950000000000000000e+02
1.355200000000000000e+04 2.864000000000000000e+03 8.908000000000000000e+03 -4.816000000000000000e+03 -4.250000000000000000e+02 1.080000000000000000e+03
1.355600000000000000e+04 2.700000000000000000e+03 9.020000000000000000e+03 -4.800000000000000000e+03 -4.860000000000000000e+02 6.020000000000000000e+02
1.286800000000000000e+04 2.588000000000000000e+03 8.764000000000000000e+03 -4.816000000000000000e+03 -4.950000000000000000e+02 7.510000000000000000e+02
1.279200000000000000e+04 2.584000000000000000e+03 8.716000000000000000e+03 -4.816000000000000000e+03 -5.110000000000000000e+02 9.060000000000000000e+02
1.300000000000000000e+04 2.724000000000000000e+03 9.112000000000000000e+03 -4.816000000000000000e+03 -5.240000000000000000e+02 8.920000000000000000e+02
1.252800000000000000e+04 2.704000000000000000e+03 9.244000000000000000e+03 -4.800000000000000000e+03 -5.210000000000000000e+02 8.200000000000000000e+02
1.268000000000000000e+04 2.668000000000000000e+03 8.732000000000000000e+03 -4.816000000000000000e+03 -5.390000000000000000e+02 6.920000000000000000e+02
1.261600000000000000e+04 2.608000000000000000e+03 8.816000000000000000e+03 -4.816000000000000000e+03 -5.230000000000000000e+02 6.080000000000000000e+02
1.278400000000000000e+04 2.712000000000000000e+03 9.104000000000000000e+03 -4.832000000000000000e+03 -5.500000000000000000e+02 5.080000000000000000e+02
1.270000000000000000e+04 2.564000000000000000e+03 9.180000000000000000e+03 -4.816000000000000000e+03 -5.530000000000000000e+02 3.040000000000000000e+02
1.258000000000000000e+04 2.564000000000000000e+03 9.040000000000000000e+03 -4.848000000000000000e+03 -5.580000000000000000e+02 3.550000000000000000e+02
1.250800000000000000e+04 2.412000000000000000e+03 9.060000000000000000e+03 -4.832000000000000000e+03 -5.180000000000000000e+02 6.500000000000000000e+01
1.285600000000000000e+04 2.416000000000000000e+03 8.984000000000000000e+03 -4.800000000000000000e+03 -5.250000000000000000e+02 -6.600000000000000000e+01
1.275600000000000000e+04 2.308000000000000000e+03 8.924000000000000000e+03 -4.800000000000000000e+03 -5.150000000000000000e+02 -1.080000000000000000e+02
1.273600000000000000e+04 2.392000000000000000e+03 9.464000000000000000e+03 -4.848000000000000000e+03 -5.000000000000000000e+02 -4.510000000000000000e+02
1.289600000000000000e+04 2.488000000000000000e+03 9.152000000000000000e+03 -4.800000000000000000e+03 -4.900000000000000000e+02 -7.370000000000000000e+02
1.283600000000000000e+04 2.440000000000000000e+03 9.224000000000000000e+03 -4.848000000000000000e+03 -4.800000000000000000e+02 -9.670000000000000000e+02
1.281600000000000000e+04 2.292000000000000000e+03 8.392000000000000000e+03 -4.848000000000000000e+03 -4.760000000000000000e+02 -7.490000000000000000e+02
1.245600000000000000e+04 2.368000000000000000e+03 8.688000000000000000e+03 -4.800000000000000000e+03 -4.270000000000000000e+02 -7.730000000000000000e+02
1.199600000000000000e+04 2.456000000000000000e+03 8.524000000000000000e+03 -4.816000000000000000e+03 -4.820000000000000000e+02 -9.900000000000000000e+02
9.884000000000000000e+03 1.900000000000000000e+03 5.888000000000000000e+03 -4.864000000000000000e+03 -6.290000000000000000e+02 -1.069000000000000000e+03
6.728000000000000000e+03 9.640000000000000000e+02 2.716000000000000000e+03 -4.816000000000000000e+03 -4.530000000000000000e+02 -1.361000000000000000e+03
6.960000000000000000e+03 7.600000000000000000e+02 1.920000000000000000e+03 -4.800000000000000000e+03 -2.430000000000000000e+02 -5.650000000000000000e+02
9.904000000000000000e+03 9.640000000000000000e+02 3.624000000000000000e+03 -4.816000000000000000e+03 -1.340000000000000000e+02 1.244000000000000000e+03
1.452400000000000000e+04 3.120000000000000000e+03 1.272400000000000000e+04 -4.848000000000000000e+03 1.260000000000000000e+02 -9.640000000000000000e+02
1.812000000000000000e+04 3.912000000000000000e+03 1.468400000000000000e+04 -4.832000000000000000e+03 -2.170000000000000000e+02 -1.618000000000000000e+03
1.818800000000000000e+04 3.336000000000000000e+03 1.202800000000000000e+04 -4.832000000000000000e+03 -8.400000000000000000e+01 -4.190000000000000000e+02
2.180000000000000000e+04 4.004000000000000000e+03 1.524400000000000000e+04 -4.816000000000000000e+03 3.940000000000000000e+02 -8.960000000000000000e+02
2.542000000000000000e+04 4.844000000000000000e+03 1.933200000000000000e+04 -4.832000000000000000e+03 2.060000000000000000e+02 -1.441000000000000000e+03
3.008800000000000000e+04 5.472000000000000000e+03 1.900000000000000000e+04 -4.848000000000000000e+03 -1.000000000000000000e+00 -2.178000000000000000e+03
2.997200000000000000e+04 4.560000000000000000e+03 1.450400000000000000e+04 -4.800000000000000000e+03 2.000000000000000000e+00 -1.359000000000000000e+03
2.874400000000000000e+04 4.520000000000000000e+03 1.358400000000000000e+04 -4.864000000000000000e+03 3.340000000000000000e+02 -2.150000000000000000e+03
2.504800000000000000e+04 4.196000000000000000e+03 1.014000000000000000e+04 -4.816000000000000000e+03 4.000000000000000000e+01 -5.050000000000000000e+02
1.799200000000000000e+04 2.792000000000000000e+03 5.348000000000000000e+03 -4.816000000000000000e+03 1.450000000000000000e+02 -1.930000000000000000e+02
1.280400000000000000e+04 1.096000000000000000e+03 1.064000000000000000e+03 -4.816000000000000000e+03 1.860000000000000000e+02 -1.343000000000000000e+03
5.888000000000000000e+03 4.320000000000000000e+02 -2.200000000000000000e+02 -4.816000000000000000e+03 2.270000000000000000e+02 -4.920000000000000000e+02
3.656000000000000000e+03 2.320000000000000000e+02 -3.560000000000000000e+02 -4.800000000000000000e+03 4.900000000000000000e+02 -8.970000000000000000e+02
2.600000000000000000e+03 -1.280000000000000000e+02 -1.780000000000000000e+03 -4.800000000000000000e+03 4.780000000000000000e+02 -1.209000000000000000e+03
3.880000000000000000e+02 -4.600000000000000000e+02 -2.176000000000000000e+03 -4.816000000000000000e+03 5.670000000000000000e+02 -2.212000000000000000e+03
-1.172000000000000000e+03 -8.640000000000000000e+02 -1.332000000000000000e+03 -4.848000000000000000e+03 4.790000000000000000e+02 -2.180000000000000000e+03
6.360000000000000000e+02 -9.040000000000000000e+02 1.612000000000000000e+03 -4.800000000000000000e+03 1.214000000000000000e+03 -5.421000000000000000e+03
1.958800000000000000e+04 -2.488000000000000000e+03 -1.424000000000000000e+03 -4.864000000000000000e+03 1.906000000000000000e+03 3.527000000000000000e+03
1.802800000000000000e+04 2.676000000000000000e+03 5.036000000000000000e+03 -4.816000000000000000e+03 1.253000000000000000e+03 -3.835000000000000000e+03
1.459200000000000000e+04 3.264000000000000000e+03 1.137600000000000000e+04 -4.784000000000000000e+03 6.450000000000000000e+02 -2.258000000000000000e+03
1.182800000000000000e+04 2.672000000000000000e+03 8.880000000000000000e+03 -4.832000000000000000e+03 4.130000000000000000e+02 2.960000000000000000e+02
1.315600000000000000e+04 3.444000000000000000e+03 9.092000000000000000e+03 -4.832000000000000000e+03 3.890000000000000000e+02 1.507000000000000000e+03
1.085600000000000000e+04 2.292000000000000000e+03 4.136000000000000000e+03 -4.848000000000000000e+03 3.150000000000000000e+02 7.350000000000000000e+02
5.616000000000000000e+03 1.752000000000000000e+03 2.508000000000000000e+03 -4.848000000000000000e+03 2.520000000000000000e+02 5.160000000000000000e+02
4.044000000000000000e+03 1.192000000000000000e+03 1.064000000000000000e+03 -4.832000000000000000e+03 3.300000000000000000e+02 3.610000000000000000e+02
4.460000000000000000e+03 1.244000000000000000e+03 1.312000000000000000e+03 -4.816000000000000000e+03 4.510000000000000000e+02 9.060000000000000000e+02
5.208000000000000000e+03 9.880000000000000000e+02 1.912000000000000000e+03 -4.832000000000000000e+03 5.360000000000000000e+02 1.363000000000000000e+03
1.084000000000000000e+04 3.180000000000000000e+03 5.336000000000000000e+03 -4.848000000000000000e+03 3.230000000000000000e+02 3.000000000000000000e+02
1.381200000000000000e+04 3.888000000000000000e+03 9.012000000000000000e+03 -4.816000000000000000e+03 2.330000000000000000e+02 1.746000000000000000e+03
1.461600000000000000e+04 2.324000000000000000e+03 6.928000000000000000e+03 -4.832000000000000000e+03 1.860000000000000000e+02 2.062000000000000000e+03
1.612800000000000000e+04 2.264000000000000000e+03 5.640000000000000000e+03 -4.832000000000000000e+03 -3.970000000000000000e+02 2.184000000000000000e+03
1.634800000000000000e+04 2.668000000000000000e+03 7.668000000000000000e+03 -4.800000000000000000e+03 -2.790000000000000000e+02 2.283000000000000000e+03
1.849600000000000000e+04 3.356000000000000000e+03 9.240000000000000000e+03 -4.816000000000000000e+03 -2.970000000000000000e+02 3.539000000000000000e+03
2.006400000000000000e+04 4.720000000000000000e+03 1.084400000000000000e+04 -4.784000000000000000e+03 -4.890000000000000000e+02 2.855000000000000000e+03
1.941200000000000000e+04 4.600000000000000000e+03 1.103600000000000000e+04 -4.848000000000000000e+03 -9.330000000000000000e+02 2.630000000000000000e+03
1.762400000000000000e+04 4.168000000000000000e+03 1.073200000000000000e+04 -4.848000000000000000e+03 -6.880000000000000000e+02 2.048000000000000000e+03
1.864000000000000000e+04 4.164000000000000000e+03 1.014800000000000000e+04 -4.832000000000000000e+03 -8.090000000000000000e+02 1.221000000000000000e+03
1.488800000000000000e+04 4.096000000000000000e+03 1.140400000000000000e+04 -4.832000000000000000e+03 -6.780000000000000000e+02 1.045000000000000000e+03
1.581200000000000000e+04 3.708000000000000000e+03 1.023600000000000000e+04 -4.832000000000000000e+03 -5.440000000000000000e+02 -3.500000000000000000e+01
1.576800000000000000e+04 3.356000000000000000e+03 9.780000000000000000e+03 -4.832000000000000000e+03 -7.300000000000000000e+02 -3.400000000000000000e+02
1.539600000000000000e+04 3.480000000000000000e+03 1.262000000000000000e+04 -4.848000000000000000e+03 -3.270000000000000000e+02 -9.690000000000000000e+02
1.634000000000000000e+04 2.540000000000000000e+03 9.428000000000000000e+03 -4.816000000000000000e+03 -6.600000000000000000e+02 -2.039000000000000000e+03
1.481200000000000000e+04 2.180000000000000000e+03 7.296000000000000000e+03 -4.848000000000000000e+03 -6.670000000000000000e+02 -1.960000000000000000e+03
1.408400000000000000e+04 2.048000000000000000e+03 7.356000000000000000e+03 -4.848000000000000000e+03 -6.030000000000000000e+02 -2.274000000000000000e+03
1.365200000000000000e+04 2.072000000000000000e+03 7.252000000000000000e+03 -4.816000000000000000e+03 -5.110000000000000000e+02 -2.854000000000000000e+03
1.404800000000000000e+04 2.360000000000000000e+03 7.392000000000000000e+03 -4.816000000000000000e+03 -5.350000000000000000e+02 -3.461000000000000000e+03
1.388400000000000000e+04 2.128000000000000000e+03 6.188000000000000000e+03 -4.848000000000000000e+03 -4.430000000000000000e+02 -4.008000000000000000e+03
1.322400000000000000e+04 1.812000000000000000e+03 5.628000000000000000e+03 -4.816000000000000000e+03 -4.540000000000000000e+02 -3.477000000000000000e+03
1.438400000000000000e+04 1.744000000000000000e+03 4.960000000000000000e+03 -4.816000000000000000e+03 -3.740000000000000000e+02 -3.861000000000000000e+03
1.394800000000000000e+04 1.692000000000000000e+03 5.260000000000000000e+03 -4.784000000000000000e+03 -3.610000000000000000e+02 -3.623000000000000000e+03
