1.704000000000000000e+04 1.576000000000000000e+03 -5.040000000000000000e+02 -4.848000000000000000e+03 -7.380000000000000000e+02 3.860000000000000000e+02
-9.040000000000000000e+02 -4.848000000000000000e+03 -8.120000000000000000e+02 -4.848000000000000000e+03 -8.280000000000000000e+02 4.300000000000000000e+02
1.640000000000000000e+04 1.072000000000000000e+03 -8.000000000000000000e+01 -4.880000000000000000e+03 -7.790000000000000000e+02 5.450000000000000000e+02
1.623200000000000000e+04 8.680000000000000000e+02 -1.200000000000000000e+02 -4.848000000000000000e+03 -7.630000000000000000e+02 6.220000000000000000e+02
1.676000000000000000e+04 8.440000000000000000e+02 -3.000000000000000000e+02 -4.832000000000000000e+03 -8.070000000000000000e+02 7.950000000000000000e+02
1.609200000000000000e+04 7.880000000000000000e+02 -9.640000000000000000e+02 -4.832000000000000000e+03 -7.860000000000000000e+02 1.157000000000000000e+03
1.697200000000000000e+04 7.480000000000000000e+02 -1.320000000000000000e+03 -4.864000000000000000e+03 -8.070000000000000000e+02 1.087000000000000000e+03
1.619200000000000000e+04 7.800000000000000000e+02 -1.136000000000000000e+03 -4.848000000000000000e+03 -6.860000000000000000e+02 1.529000000000000000e+03
1.606000000000000000e+04 1.056000000000000000e+03 -6.640000000000000000e+02 -4.832000000000000000e+03 -7.360000000000000000e+02 1.066000000000000000e+03
1.536800000000000000e+04 1.192000000000000000e+03 4.880000000000000000e+02 -4.816000000000000000e+03 -8.160000000000000000e+02 1.457000000000000000e+03
1.589200000000000000e+04 1.340000000000000000e+03 1.664000000000000000e+03 -4.864000000000000000e+03 -8.830000000000000000e+02 1.162000000000000000e+03
1.854400000000000000e+04 1.688000000000000000e+03 1.676000000000000000e+03 -4.816000000000000000e+03 -7.630000000000000000e+02 1.209000000000000000e+03
1.950400000000000000e+04 1.660000000000000000e+03 2.760000000000000000e+02 -4.848000000000000000e+03 -7.200000000000000000e+02 1.257000000000000000e+03
1.715600000000000000e+04 1.104000000000000000e+03 -1.000000000000000000e+02 -4.848000000000000000e+03 -6.920000000000000000e+02 1.030000000000000000e+03
1.585600000000000000e+04 1.272000000000000000e+03 -2.600000000000000000e+02 -4.864000000000000000e+03 -7.000000000000000000e+02 1.236000000000000000e+03
1.605600000000000000e+04 1.452000000000000000e+03 4.440000000000000000e+02 -4.816000000000000000e+03 -7.000000000000000000e+02 1.245000000000000000e+03
1.696800000000000000e+04 1.852000000000000000e+03 9.960000000000000000e+02 -4.880000000000000000e+03 -6.500000000000000000e+02 1.288000000000000000e+03
1.729200000000000000e+04 1.872000000000000000e+03 9.360000000000000000e+02 -4.864000000000000000e+03 -6.310000000000000000e+02 1.251000000000000000e+03
1.712000000000000000e+04 1.648000000000000000e+03 7.920000000000000000e+02 -4.864000000000000000e+03 -6.170000000000000000e+02 1.015000000000000000e+03
1.688800000000000000e+04 1.536000000000000000e+03 8.440000000000000000e+02 -4.848000000000000000e+03 -5.870000000000000000e+02 6.260000000000000000e+02
1.646400000000000000e+04 1.360000000000000000e+03 7.440000000000000000e+02 -4.848000000000000000e+03 -5.780000000000000000e+02 3.240000000000000000e+02
1.665200000000000000e+04 1.416000000000000000e+03 1.296000000000000000e+03 -4.848000000000000000e+03 -5.440000000000000000e+02 9.900000000000000000e+01
1.674000000000000000e+04 1.676000000000000000e+03 1.780000000000000000e+03 -4.848000000000000000e+03 -4.610000000000000000e+02 -1.240000000000000000e+02
1.693200000000000000e+04 1.872000000000000000e+03 1.264000000000000000e+03 -4.832000000000000000e+03 -4.280000000000000000e+02 -4.350000000000000000e+02
1.669200000000000000e+04 1.856000000000000000e+03 1.068000000000000000e+03 -4.880000000000000000e+03 -3.430000000000000000e+02 -7.160000000000000000e+02
1.651600000000000000e+04 1.852000000000000000e+03 8.160000000000000000e+02 -4.848000000000000000e+03 -3.060000000000000000e+02 -9.090000000000000000e+02
1.675200000000000000e+04 2.064000000000000000e+03 1.016000000000000000e+03 -4.848000000000000000e+03 -1.960000000000000000e+02 -1.027000000000000000e+03
1.679600000000000000e+04 2.140000000000000000e+03 6.960000000000000000e+02 -4.848000000000000000e+03 -1.400000000000000000e+02 -1.039000000000000000e+03
1.707200000000000000e+04 2.280000000000000000e+03 3.160000000000000000e+02 -4.880000000000000000e+03 -1.510000000000000000e+02 -9.870000000000000000e+02
1.648800000000000000e+04 1.868000000000000000e+03 3.720000000000000000e+02 -4.832000000000000000e+03 -2.090000000000000000e+02 -8.050000000000000000e+02
1.640000000000000000e+04 1.788000000000000000e+03 6.680000000000000000e+02 -4.880000000000000000e+03 -2.320000000000000000e+02 -8.110000000000000000e+02
1.643200000000000000e+04 1.596000000000000000e+03 7.200000000000000000e+02 -4.848000000000000000e+03 -2.350000000000000000e+02 -7.000000000000000000e+02
1.647200000000000000e+04 1.616000000000000000e+03 6.560000000000000000e+02 -4.864000000000000000e+03 -2.460000000000000000e+02 -5.150000000000000000e+02
1.687200000000000000e+04 1.508000000000000000e+03 3.880000000000000000e+02 -4.864000000000000000e+03 -2.510000000000000000e+02 -2.590000000000000000e+02
1.728800000000000000e+04 1.780000000000000000e+03 4.720000000000000000e+02 -4.832000000000000000e+03 -2.710000000000000000e+02 -1.190000000000000000e+02
1.740800000000000000e+04 1.992000000000000000e+03 1.840000000000000000e+02 -4.800000000000000000e+03 -2.760000000000000000e+02 2.000000000000000000e+01
1.764400000000000000e+04 1.976000000000000000e+03 2.400000000000000000e+02 -4.880000000000000000e+03 -3.870000000000000000e+02 -6.520000000000000000e+02
1.660800000000000000e+04 1.804000000000000000e+03 7.560000000000000000e+02 -4.848000000000000000e+03 -2.810000000000000000e+02 3.620000000000000000e+02
1.572800000000000000e+04 1.696000000000000000e+03 7.640000000000000000e+02 -4.848000000000000000e+03 -3.190000000000000000e+02 4.090000000000000000e+02
1.377200000000000000e+04 1.624000000000000000e+03 -6.760000000000000000e+02 -4.880000000000000000e+03 -3.470000000000000000e+02 5.560000000000000000e+02
9.548000000000000000e+03 8.080000000000000000e+02 -1.600000000000000000e+03 -4.832000000000000000e+03 -2.970000000000000000e+02 2.029000000000000000e+03
7.108000000000000000e+03 5.640000000000000000e+02 -1.148000000000000000e+03 -4.848000000000000000e+03 -1.340000000000000000e+02 5.650000000000000000e+02
7.940000000000000000e+03 6.200000000000000000e+02 -1.908000000000000000e+03 -4.848000000000000000e+03 -2.520000000000000000e+02 2.170000000000000000e+02
1.261600000000000000e+04 6.520000000000000000e+02 5.928000000000000000e+03 -4.848000000000000000e+03 -3.910000000000000000e+02 1.038000000000000000e+03
2.315200000000000000e+04 3.540000000000000000e+03 4.516000000000000000e+03 -4.816000000000000000e+03 -1.430000000000000000e+02 4.900000000000000000e+01
2.897600000000000000e+04 3.280000000000000000e+03 4.480000000000000000e+02 -4.848000000000000000e+03 -5.100000000000000000e+02 -3.120000000000000000e+02
2.952000000000000000e+04 1.688000000000000000e+03 2.140000000000000000e+03 -4.848000000000000000e+03 -4.280000000000000000e+02 -2.170000000000000000e+02
3.276700000000000000e+04 2.124000000000000000e+03 6.596000000000000000e+03 -4.832000000000000000e+03 1.090000000000000000e+02 -6.740000000000000000e+02
3.276700000000000000e+04 3.564000000000000000e+03 2.272000000000000000e+03 -4.848000000000000000e+03 0.000000000000000000e+00 2.910000000000000000e+02
3.276700000000000000e+04 2.252000000000000000e+03 8.840000000000000000e+02 -4.848000000000000000e+03 -8.800000000000000000e+01 3.320000000000000000e+02
3.104800000000000000e+04 2.244000000000000000e+03 -4.240000000000000000e+03 -4.848000000000000000e+03 8.900000000000000000e+01 2.670000000000000000e+02
2.448400000000000000e+04 8.720000000000000000e+02 -5.516000000000000000e+03 -4.848000000000000000e+03 8.600000000000000000e+01 5.320000000000000000e+02
1.473600000000000000e+04 5.200000000000000000e+02 -4.104000000000000000e+03 -4.832000000000000000e+03 1.920000000000000000e+02 -2.300000000000000000e+02
1.044800000000000000e+04 1.440000000000000000e+03 -3.724000000000000000e+03 -4.848000000000000000e+03 1.160000000000000000e+02 -2.450000000000000000e+02
6.980000000000000000e+03 1.112000000000000000e+03 -3.748000000000000000e+03 -4.832000000000000000e+03 3.230000000000000000e+02 -1.317000000000000000e+03
4.076000000000000000e+03 -1.120000000000000000e+02 -1.368000000000000000e+03 -4.832000000000000000e+03 4.260000000000000000e+02 -2.194000000000000000e+03
2.216000000000000000e+03 3.800000000000000000e+02 5.240000000000000000e+02 -4.864000000000000000e+03 4.540000000000000000e+02 1.327000000000000000e+03
9.920000000000000000e+02 3.360000000000000000e+02 -1.176000000000000000e+03 -4.880000000000000000e+03 3.720000000000000000e+02 -1.159000000000000000e+03
2.124000000000000000e+03 -1.640000000000000000e+02 -9.760000000000000000e+02 -4.832000000000000000e+03 -1.800000000000000000e+01 -7.960000000000000000e+02
3.504000000000000000e+03 7.640000000000000000e+02 -3.312000000000000000e+03 -4.864000000000000000e+03 2.600000000000000000e+02 -6.650000000000000000e+02
1.033600000000000000e+04 2.004000000000000000e+03 6.744000000000000000e+03 -4.848000000000000000e+03 4.380000000000000000e+02 1.713000000000000000e+03
1.151600000000000000e+04 5.232000000000000000e+03 5.048000000000000000e+03 -4.832000000000000000e+03 9.400000000000000000e+01 1.629000000000000000e+03
2.080000000000000000e+04 5.368000000000000000e+03 2.576000000000000000e+03 -4.864000000000000000e+03 -5.900000000000000000e+01 -4.960000000000000000e+02
1.760400000000000000e+04 2.860000000000000000e+03 2.944000000000000000e+03 -4.864000000000000000e+03 -1.900000000000000000e+01 7.480000000000000000e+02
1.497600000000000000e+04 1.776000000000000000e+03 2.204000000000000000e+03 -4.880000000000000000e+03 1.820000000000000000e+02 9.230000000000000000e+02
1.827600000000000000e+04 1.808000000000000000e+03 4.308000000000000000e+03 -4.880000000000000000e+03 -2.700000000000000000e+01 -3.990000000000000000e+02
1.798800000000000000e+04 2.696000000000000000e+03 5.320000000000000000e+03 -4.880000000000000000e+03 -1.970000000000000000e+02 7.000000000000000000e+00
1.664800000000000000e+04 3.304000000000000000e+03 2.512000000000000000e+03 -4.848000000000000000e+03 -3.920000000000000000e+02 0.000000000000000000e+00
1.406800000000000000e+04 2.752000000000000000e+03 1.284000000000000000e+03 -4.848000000000000000e+03 7.400000000000000000e+01 8.200000000000000000e+01
7.388000000000000000e+03 2.628000000000000000e+03 4.400000000000000000e+01 -4.848000000000000000e+03 1.300000000000000000e+02 -2.550000000000000000e+02
3.404000000000000000e+03 2.152000000000000000e+03 -1.676000000000000000e+03 -4.816000000000000000e+03 7.300000000000000000e+01 1.470000000000000000e+03
1.764000000000000000e+03 8.120000000000000000e+02 -1.632000000000000000e+03 -4.880000000000000000e+03 1.100000000000000000e+01 3.370000000000000000e+02
3.336000000000000000e+03 9.760000000000000000e+02 -9.720000000000000000e+02 -4.864000000000000000e+03 3.800000000000000000e+01 1.175000000000000000e+03
1.324400000000000000e+04 2.516000000000000000e+03 1.084000000000000000e+03 -4.832000000000000000e+03 -1.800000000000000000e+01 1.087000000000000000e+03
1.849600000000000000e+04 2.852000000000000000e+03 1.148000000000000000e+03 -4.848000000000000000e+03 -3.980000000000000000e+02 2.496000000000000000e+03
1.935600000000000000e+04 2.956000000000000000e+03 -2.800000000000000000e+01 -4.848000000000000000e+03 -4.250000000000000000e+02 1.465000000000000000e+03
1.500800000000000000e+04 1.428000000000000000e+03 -1.160000000000000000e+02 -4.832000000000000000e+03 -5.600000000000000000e+01 2.979000000000000000e+03
1.928800000000000000e+04 1.196000000000000000e+03 1.956000000000000000e+03 -4.816000000000000000e+03 -3.820000000000000000e+02 2.202000000000000000e+03
1.882400000000000000e+04 1.028000000000000000e+03 1.544000000000000000e+03 -4.880000000000000000e+03 -7.820000000000000000e+02 1.911000000000000000e+03
2.202000000000000000e+04 7.200000000000000000e+02 1.444000000000000000e+03 -4.864000000000000000e+03 -9.470000000000000000e+02 1.434000000000000000e+03
