6.036000000000000000e+03 2.260000000000000000e+03 1.377200000000000000e+04 -4.768000000000000000e+03 -1.490000000000000000e+02 -2.155000000000000000e+03
6.464000000000000000e+03 2.180000000000000000e+03 1.318800000000000000e+04 -4.736000000000000000e+03 -2.270000000000000000e+02 -2.135000000000000000e+03
6.560000000000000000e+03 1.896000000000000000e+03 1.266000000000000000e+04 -4.704000000000000000e+03 -2.690000000000000000e+02 -2.229000000000000000e+03
6.472000000000000000e+03 2.004000000000000000e+03 1.348000000000000000e+04 -4.736000000000000000e+03 -2.900000000000000000e+02 -2.245000000000000000e+03
7.008000000000000000e+03 2.172000000000000000e+03 1.406400000000000000e+04 -4.704000000000000000e+03 -2.460000000000000000e+02 -1.897000000000000000e+03
7.656000000000000000e+03 2.608000000000000000e+03 1.419200000000000000e+04 -4.752000000000000000e+03 -1.170000000000000000e+02 -2.169000000000000000e+03
7.776000000000000000e+03 2.332000000000000000e+03 1.308000000000000000e+04 -4.720000000000000000e+03 -1.160000000000000000e+02 -1.908000000000000000e+03
7.448000000000000000e+03 2.056000000000000000e+03 1.213200000000000000e+04 -4.720000000000000000e+03 -6.900000000000000000e+01 -1.682000000000000000e+03
7.520000000000000000e+03 2.004000000000000000e+03 1.206000000000000000e+04 -4.752000000000000000e+03 -2.900000000000000000e+01 -1.704000000000000000e+03
8.156000000000000000e+03 1.840000000000000000e+03 1.221600000000000000e+04 -4.752000000000000000e+03 -3.200000000000000000e+01 -1.304000000000000000e+03
8.280000000000000000e+03 1.988000000000000000e+03 1.264800000000000000e+04 -4.736000000000000000e+03 -7.900000000000000000e+01 -1.060000000000000000e+03
8.596000000000000000e+03 1.940000000000000000e+03 1.258400000000000000e+04 -4.752000000000000000e+03 -8.000000000000000000e+01 -9.100000000000000000e+02
8.560000000000000000e+03 1.852000000000000000e+03 1.261200000000000000e+04 -4.720000000000000000e+03 -9.600000000000000000e+01 -6.980000000000000000e+02
9.040000000000000000e+03 2.012000000000000000e+03 1.235600000000000000e+04 -4.736000000000000000e+03 -7.000000000000000000e+01 -3.040000000000000000e+02
9.100000000000000000e+03 2.044000000000000000e+03 1.208400000000000000e+04 -4.704000000000000000e+03 -1.140000000000000000e+02 8.200000000000000000e+01
8.728000000000000000e+03 1.916000000000000000e+03 1.185200000000000000e+04 -4.720000000000000000e+03 -1.070000000000000000e+02 -1.720000000000000000e+02
8.544000000000000000e+03 2.228000000000000000e+03 1.170800000000000000e+04 -4.752000000000000000e+03 -1.820000000000000000e+02 3.390000000000000000e+02
8.780000000000000000e+03 2.512000000000000000e+03 1.209200000000000000e+04 -4.720000000000000000e+03 -1.720000000000000000e+02 2.700000000000000000e+02
9.024000000000000000e+03 2.700000000000000000e+03 1.248400000000000000e+04 -4.736000000000000000e+03 -2.090000000000000000e+02 1.690000000000000000e+02
9.516000000000000000e+03 2.528000000000000000e+03 1.249600000000000000e+04 -4.752000000000000000e+03 -2.570000000000000000e+02 5.600000000000000000e+01
9.376000000000000000e+03 2.444000000000000000e+03 1.262800000000000000e+04 -4.720000000000000000e+03 -1.740000000000000000e+02 2.400000000000000000e+01
9.300000000000000000e+03 2.460000000000000000e+03 1.302000000000000000e+04 -4.736000000000000000e+03 -1.480000000000000000e+02 1.360000000000000000e+02
9.248000000000000000e+03 2.384000000000000000e+03 1.221600000000000000e+04 -4.720000000000000000e+03 -8.200000000000000000e+01 3.030000000000000000e+02
8.796000000000000000e+03 2.060000000000000000e+03 1.131600000000000000e+04 -4.752000000000000000e+03 -2.900000000000000000e+01 -2.570000000000000000e+02
8.372000000000000000e+03 2.156000000000000000e+03 1.136000000000000000e+04 -4.736000000000000000e+03 -9.800000000000000000e+01 1.030000000000000000e+02
8.540000000000000000e+03 2.232000000000000000e+03 1.151200000000000000e+04 -4.752000000000000000e+03 -1.210000000000000000e+02 3.800000000000000000e+01
8.684000000000000000e+03 2.488000000000000000e+03 1.244000000000000000e+04 -4.720000000000000000e+03 -8.900000000000000000e+01 -2.490000000000000000e+02
9.008000000000000000e+03 2.460000000000000000e+03 1.269600000000000000e+04 -4.720000000000000000e+03 -1.650000000000000000e+02 -4.650000000000000000e+02
8.924000000000000000e+03 2.472000000000000000e+03 1.260400000000000000e+04 -4.720000000000000000e+03 -1.150000000000000000e+02 -7.270000000000000000e+02
9.224000000000000000e+03 2.612000000000000000e+03 1.291600000000000000e+04 -4.720000000000000000e+03 -1.020000000000000000e+02 -1.058000000000000000e+03
9.132000000000000000e+03 2.680000000000000000e+03 1.239600000000000000e+04 -4.736000000000000000e+03 -1.560000000000000000e+02 -1.630000000000000000e+03
8.864000000000000000e+03 2.532000000000000000e+03 1.186000000000000000e+04 -4.736000000000000000e+03 -1.720000000000000000e+02 -1.902000000000000000e+03
8.380000000000000000e+03 2.244000000000000000e+03 1.167600000000000000e+04 -4.752000000000000000e+03 1.970000000000000000e+02 -1.177000000000000000e+03
7.160000000000000000e+03 1.692000000000000000e+03 9.928000000000000000e+03 -4.720000000000000000e+03 4.650000000000000000e+02 -1.317000000000000000e+03
6.516000000000000000e+03 1.044000000000000000e+03 6.132000000000000000e+03 -4.704000000000000000e+03 4.520000000000000000e+02 -1.505000000000000000e+03
6.032000000000000000e+03 8.000000000000000000e+02 4.844000000000000000e+03 -4.688000000000000000e+03 4.090000000000000000e+02 -1.525000000000000000e+03
6.288000000000000000e+03 1.368000000000000000e+03 7.904000000000000000e+03 -4.736000000000000000e+03 4.300000000000000000e+02 -9.760000000000000000e+02
8.464000000000000000e+03 2.392000000000000000e+03 1.201200000000000000e+04 -4.736000000000000000e+03 4.020000000000000000e+02 -1.355000000000000000e+03
1.179200000000000000e+04 3.232000000000000000e+03 1.449600000000000000e+04 -4.736000000000000000e+03 3.660000000000000000e+02 -1.870000000000000000e+03
1.406800000000000000e+04 4.004000000000000000e+03 1.785600000000000000e+04 -4.736000000000000000e+03 -1.400000000000000000e+02 -2.696000000000000000e+03
1.568400000000000000e+04 4.736000000000000000e+03 2.126400000000000000e+04 -4.752000000000000000e+03 -6.750000000000000000e+02 -3.253000000000000000e+03
1.751200000000000000e+04 5.364000000000000000e+03 2.528800000000000000e+04 -4.720000000000000000e+03 1.130000000000000000e+02 -2.382000000000000000e+03
2.024000000000000000e+04 6.060000000000000000e+03 2.691600000000000000e+04 -4.768000000000000000e+03 -5.730000000000000000e+02 -3.183000000000000000e+03
2.328800000000000000e+04 6.292000000000000000e+03 2.201600000000000000e+04 -4.720000000000000000e+03 -8.840000000000000000e+02 -2.836000000000000000e+03
1.939600000000000000e+04 5.448000000000000000e+03 1.888400000000000000e+04 -4.736000000000000000e+03 -1.086000000000000000e+03 -2.633000000000000000e+03
1.542400000000000000e+04 3.672000000000000000e+03 1.532800000000000000e+04 -4.720000000000000000e+03 -1.053000000000000000e+03 -2.764000000000000000e+03
1.276400000000000000e+04 2.044000000000000000e+03 8.784000000000000000e+03 -4.720000000000000000e+03 -8.140000000000000000e+02 -2.767000000000000000e+03
9.860000000000000000e+03 1.200000000000000000e+03 5.628000000000000000e+03 -4.720000000000000000e+03 -8.720000000000000000e+02 -2.643000000000000000e+03
7.540000000000000000e+03 9.720000000000000000e+02 4.944000000000000000e+03 -4.736000000000000000e+03 -8.280000000000000000e+02 -2.825000000000000000e+03
6.720000000000000000e+03 1.124000000000000000e+03 5.332000000000000000e+03 -4.752000000000000000e+03 -9.370000000000000000e+02 -2.846000000000000000e+03
7.640000000000000000e+03 1.040000000000000000e+03 4.188000000000000000e+03 -4.720000000000000000e+03 -9.120000000000000000e+02 -3.154000000000000000e+03
6.836000000000000000e+03 7.560000000000000000e+02 3.944000000000000000e+03 -4.720000000000000000e+03 -7.470000000000000000e+02 -3.287000000000000000e+03
6.180000000000000000e+03 9.680000000000000000e+02 4.272000000000000000e+03 -4.752000000000000000e+03 -6.360000000000000000e+02 -1.842000000000000000e+03
4.596000000000000000e+03 9.040000000000000000e+02 3.232000000000000000e+03 -4.736000000000000000e+03 -4.180000000000000000e+02 -2.620000000000000000e+03
3.848000000000000000e+03 7.400000000000000000e+02 1.528000000000000000e+03 -4.768000000000000000e+03 9.100000000000000000e+01 -4.645000000000000000e+03
1.944000000000000000e+03 3.400000000000000000e+02 4.960000000000000000e+02 -4.752000000000000000e+03 -1.500000000000000000e+02 -3.083000000000000000e+03
1.104000000000000000e+03 8.680000000000000000e+02 1.544000000000000000e+03 -4.768000000000000000e+03 -2.110000000000000000e+02 -3.392000000000000000e+03
8.600000000000000000e+03 9.600000000000000000e+02 1.964000000000000000e+03 -4.752000000000000000e+03 -7.200000000000000000e+01 -2.106000000000000000e+03
9.972000000000000000e+03 1.908000000000000000e+03 6.716000000000000000e+03 -4.768000000000000000e+03 -3.620000000000000000e+02 -2.062000000000000000e+03
1.198400000000000000e+04 1.736000000000000000e+03 8.756000000000000000e+03 -4.736000000000000000e+03 -2.360000000000000000e+02 -7.360000000000000000e+02
1.020400000000000000e+04 6.440000000000000000e+02 6.396000000000000000e+03 -4.720000000000000000e+03 -2.630000000000000000e+02 -1.552000000000000000e+03
1.122000000000000000e+04 8.160000000000000000e+02 6.372000000000000000e+03 -4.736000000000000000e+03 -2.100000000000000000e+02 -1.457000000000000000e+03
1.002800000000000000e+04 1.136000000000000000e+03 5.684000000000000000e+03 -4.752000000000000000e+03 -2.580000000000000000e+02 -1.495000000000000000e+03
1.212800000000000000e+04 1.156000000000000000e+03 5.804000000000000000e+03 -4.720000000000000000e+03 -1.180000000000000000e+02 -4.320000000000000000e+02
1.300400000000000000e+04 1.676000000000000000e+03 5.032000000000000000e+03 -4.736000000000000000e+03 -1.830000000000000000e+02 3.190000000000000000e+02
1.591200000000000000e+04 2.108000000000000000e+03 6.624000000000000000e+03 -4.752000000000000000e+03 -3.070000000000000000e+02 8.420000000000000000e+02
1.674400000000000000e+04 3.024000000000000000e+03 8.280000000000000000e+03 -4.720000000000000000e+03 -3.850000000000000000e+02 1.240000000000000000e+02
1.576000000000000000e+04 3.132000000000000000e+03 7.668000000000000000e+03 -4.736000000000000000e+03 -2.970000000000000000e+02 3.600000000000000000e+01
1.680000000000000000e+04 2.976000000000000000e+03 7.652000000000000000e+03 -4.736000000000000000e+03 7.500000000000000000e+01 -1.130000000000000000e+02
1.791600000000000000e+04 3.164000000000000000e+03 6.856000000000000000e+03 -4.720000000000000000e+03 -1.830000000000000000e+02 8.860000000000000000e+02
1.918000000000000000e+04 3.012000000000000000e+03 9.156000000000000000e+03 -4.720000000000000000e+03 -4.680000000000000000e+02 1.844000000000000000e+03
1.923200000000000000e+04 2.316000000000000000e+03 8.856000000000000000e+03 -4.752000000000000000e+03 -7.620000000000000000e+02 2.001000000000000000e+03
2.244800000000000000e+04 2.728000000000000000e+03 9.360000000000000000e+03 -4.752000000000000000e+03 -8.040000000000000000e+02 2.662000000000000000e+03
2.210800000000000000e+04 2.284000000000000000e+03 9.692000000000000000e+03 -4.752000000000000000e+03 -5.540000000000000000e+02 2.867000000000000000e+03
1.995600000000000000e+04 4.300000000000000000e+03 1.818000000000000000e+04 -4.752000000000000000e+03 -5.650000000000000000e+02 3.137000000000000000e+03
1.534800000000000000e+04 2.236000000000000000e+03 8.844000000000000000e+03 -4.752000000000000000e+03 -4.440000000000000000e+02 3.458000000000000000e+03
1.318000000000000000e+04 2.012000000000000000e+03 5.660000000000000000e+03 -4.752000000000000000e+03 -6.880000000000000000e+02 3.388000000000000000e+03
1.116000000000000000e+04 1.592000000000000000e+03 6.328000000000000000e+03 -4.736000000000000000e+03 -8.230000000000000000e+02 3.802000000000000000e+03
1.222400000000000000e+04 2.344000000000000000e+03 9.092000000000000000e+03 -4.752000000000000000e+03 -7.690000000000000000e+02 3.703000000000000000e+03
1.410400000000000000e+04 3.220000000000000000e+03 1.188000000000000000e+04 -4.736000000000000000e+03 -3.540000000000000000e+02 3.120000000000000000e+03
1.437200000000000000e+04 3.236000000000000000e+03 1.080800000000000000e+04 -4.752000000000000000e+03 -4.740000000000000000e+02 3.151000000000000000e+03
1.227200000000000000e+04 2.888000000000000000e+03 9.720000000000000000e+03 -4.736000000000000000e+03 -3.400000000000000000e+02 2.767000000000000000e+03
