-9.680000000000000000e+02 2.196000000000000000e+03 1.480000000000000000e+04 -4.736000000000000000e+03 -1.740000000000000000e+02 -1.844000000000000000e+03
-6.800000000000000000e+02 2.072000000000000000e+03 1.434400000000000000e+04 -4.736000000000000000e+03 -1.910000000000000000e+02 -1.844000000000000000e+03
-1.480000000000000000e+02 2.032000000000000000e+03 1.424800000000000000e+04 -4.720000000000000000e+03 -2.020000000000000000e+02 -2.066000000000000000e+03
-1.040000000000000000e+02 2.096000000000000000e+03 1.483200000000000000e+04 -4.736000000000000000e+03 -2.600000000000000000e+02 -2.027000000000000000e+03
-1.520000000000000000e+02 2.084000000000000000e+03 1.496000000000000000e+04 -4.720000000000000000e+03 -2.840000000000000000e+02 -1.432000000000000000e+03
1.360000000000000000e+02 2.132000000000000000e+03 1.467200000000000000e+04 -4.752000000000000000e+03 -2.950000000000000000e+02 -1.223000000000000000e+03
8.080000000000000000e+02 2.096000000000000000e+03 1.444400000000000000e+04 -4.704000000000000000e+03 -2.920000000000000000e+02 -7.610000000000000000e+02
7.120000000000000000e+02 2.072000000000000000e+03 1.399200000000000000e+04 -4.720000000000000000e+03 -2.520000000000000000e+02 -4.010000000000000000e+02
6.520000000000000000e+02 2.068000000000000000e+03 1.406400000000000000e+04 -4.720000000000000000e+03 -2.510000000000000000e+02 -1.540000000000000000e+02
8.400000000000000000e+02 1.984000000000000000e+03 1.416800000000000000e+04 -4.752000000000000000e+03 -2.250000000000000000e+02 8.900000000000000000e+01
1.208000000000000000e+03 2.060000000000000000e+03 1.422400000000000000e+04 -4.720000000000000000e+03 -2.620000000000000000e+02 4.910000000000000000e+02
8.600000000000000000e+02 2.104000000000000000e+03 1.466000000000000000e+04 -4.688000000000000000e+03 -2.790000000000000000e+02 8.360000000000000000e+02
9.800000000000000000e+02 2.076000000000000000e+03 1.460400000000000000e+04 -4.688000000000000000e+03 -2.850000000000000000e+02 9.260000000000000000e+02
1.016000000000000000e+03 2.048000000000000000e+03 1.445600000000000000e+04 -4.720000000000000000e+03 -2.630000000000000000e+02 1.064000000000000000e+03
7.560000000000000000e+02 2.084000000000000000e+03 1.444000000000000000e+04 -4.736000000000000000e+03 -3.000000000000000000e+02 1.094000000000000000e+03
5.640000000000000000e+02 2.140000000000000000e+03 1.460000000000000000e+04 -4.688000000000000000e+03 -3.220000000000000000e+02 1.115000000000000000e+03
3.960000000000000000e+02 2.040000000000000000e+03 1.476000000000000000e+04 -4.736000000000000000e+03 -3.610000000000000000e+02 1.156000000000000000e+03
3.480000000000000000e+02 2.012000000000000000e+03 1.466000000000000000e+04 -4.704000000000000000e+03 -3.570000000000000000e+02 1.019000000000000000e+03
1.880000000000000000e+02 2.060000000000000000e+03 1.483200000000000000e+04 -4.720000000000000000e+03 -3.970000000000000000e+02 8.800000000000000000e+02
1.960000000000000000e+02 2.200000000000000000e+03 1.497600000000000000e+04 -4.720000000000000000e+03 -4.250000000000000000e+02 7.800000000000000000e+02
8.000000000000000000e+01 2.000000000000000000e+03 1.470000000000000000e+04 -4.720000000000000000e+03 -3.960000000000000000e+02 6.400000000000000000e+02
-2.800000000000000000e+01 2.072000000000000000e+03 1.455600000000000000e+04 -4.720000000000000000e+03 -3.670000000000000000e+02 4.390000000000000000e+02
-2.160000000000000000e+02 2.192000000000000000e+03 1.444800000000000000e+04 -4.720000000000000000e+03 -3.400000000000000000e+02 2.530000000000000000e+02
-3.280000000000000000e+02 2.204000000000000000e+03 1.451600000000000000e+04 -4.720000000000000000e+03 -3.090000000000000000e+02 -8.000000000000000000e+00
-2.560000000000000000e+02 2.032000000000000000e+03 1.432000000000000000e+04 -4.752000000000000000e+03 -2.650000000000000000e+02 -2.220000000000000000e+02
-1.360000000000000000e+02 1.972000000000000000e+03 1.432400000000000000e+04 -4.720000000000000000e+03 -2.010000000000000000e+02 -5.170000000000000000e+02
-2.240000000000000000e+02 2.020000000000000000e+03 1.461200000000000000e+04 -4.720000000000000000e+03 -2.180000000000000000e+02 -8.340000000000000000e+02
-7.600000000000000000e+01 2.156000000000000000e+03 1.472000000000000000e+04 -4.720000000000000000e+03 -1.700000000000000000e+02 -1.211000000000000000e+03
-2.000000000000000000e+01 2.196000000000000000e+03 1.448800000000000000e+04 -4.688000000000000000e+03 -1.110000000000000000e+02 -1.587000000000000000e+03
1.640000000000000000e+02 2.308000000000000000e+03 1.450400000000000000e+04 -4.720000000000000000e+03 -9.300000000000000000e+01 -1.928000000000000000e+03
1.320000000000000000e+02 2.072000000000000000e+03 1.397600000000000000e+04 -4.720000000000000000e+03 -4.200000000000000000e+01 -2.304000000000000000e+03
3.480000000000000000e+02 2.112000000000000000e+03 1.439200000000000000e+04 -4.752000000000000000e+03 -6.800000000000000000e+01 -2.646000000000000000e+03
8.400000000000000000e+02 2.328000000000000000e+03 1.500400000000000000e+04 -4.704000000000000000e+03 -9.600000000000000000e+01 -2.698000000000000000e+03
1.256000000000000000e+03 2.240000000000000000e+03 1.513600000000000000e+04 -4.720000000000000000e+03 -1.210000000000000000e+02 -2.752000000000000000e+03
1.536000000000000000e+03 2.444000000000000000e+03 1.584400000000000000e+04 -4.720000000000000000e+03 -2.700000000000000000e+02 -1.946000000000000000e+03
1.216000000000000000e+03 2.416000000000000000e+03 1.625200000000000000e+04 -4.688000000000000000e+03 -3.280000000000000000e+02 -1.832000000000000000e+03
1.532000000000000000e+03 2.120000000000000000e+03 1.430400000000000000e+04 -4.688000000000000000e+03 -4.050000000000000000e+02 -1.850000000000000000e+03
3.600000000000000000e+02 1.644000000000000000e+03 1.251200000000000000e+04 -4.720000000000000000e+03 -1.820000000000000000e+02 -3.811000000000000000e+03
-6.200000000000000000e+02 1.368000000000000000e+03 1.145200000000000000e+04 -4.704000000000000000e+03 -8.500000000000000000e+01 -2.108000000000000000e+03
8.000000000000000000e+01 1.480000000000000000e+03 1.235600000000000000e+04 -4.704000000000000000e+03 -3.500000000000000000e+01 -2.352000000000000000e+03
2.744000000000000000e+03 2.168000000000000000e+03 1.479600000000000000e+04 -4.720000000000000000e+03 1.900000000000000000e+01 -3.604000000000000000e+03
4.980000000000000000e+03 2.492000000000000000e+03 1.628800000000000000e+04 -4.688000000000000000e+03 3.800000000000000000e+01 -3.129000000000000000e+03
6.380000000000000000e+03 3.532000000000000000e+03 2.093200000000000000e+04 -4.672000000000000000e+03 -2.970000000000000000e+02 -2.665000000000000000e+03
7.300000000000000000e+03 3.600000000000000000e+03 2.199200000000000000e+04 -4.752000000000000000e+03 -3.150000000000000000e+02 -3.265000000000000000e+03
7.036000000000000000e+03 4.052000000000000000e+03 2.366400000000000000e+04 -4.688000000000000000e+03 -5.010000000000000000e+02 -2.873000000000000000e+03
7.008000000000000000e+03 3.132000000000000000e+03 2.126400000000000000e+04 -4.720000000000000000e+03 -5.290000000000000000e+02 -2.354000000000000000e+03
7.604000000000000000e+03 2.428000000000000000e+03 1.844800000000000000e+04 -4.752000000000000000e+03 -4.970000000000000000e+02 -1.524000000000000000e+03
6.928000000000000000e+03 1.988000000000000000e+03 1.558800000000000000e+04 -4.720000000000000000e+03 -7.050000000000000000e+02 -8.360000000000000000e+02
6.504000000000000000e+03 2.248000000000000000e+03 1.382400000000000000e+04 -4.720000000000000000e+03 -7.300000000000000000e+02 -3.520000000000000000e+02
6.332000000000000000e+03 2.408000000000000000e+03 1.399200000000000000e+04 -4.736000000000000000e+03 -7.390000000000000000e+02 -3.400000000000000000e+01
5.520000000000000000e+03 2.304000000000000000e+03 1.372000000000000000e+04 -4.704000000000000000e+03 -6.700000000000000000e+02 2.340000000000000000e+02
5.408000000000000000e+03 2.548000000000000000e+03 1.418000000000000000e+04 -4.720000000000000000e+03 -7.490000000000000000e+02 5.300000000000000000e+02
4.936000000000000000e+03 2.340000000000000000e+03 1.374400000000000000e+04 -4.736000000000000000e+03 -9.340000000000000000e+02 8.720000000000000000e+02
4.800000000000000000e+03 2.140000000000000000e+03 1.400800000000000000e+04 -4.736000000000000000e+03 -1.092000000000000000e+03 1.144000000000000000e+03
3.784000000000000000e+03 1.980000000000000000e+03 1.471200000000000000e+04 -4.720000000000000000e+03 -1.113000000000000000e+03 1.115000000000000000e+03
3.224000000000000000e+03 1.892000000000000000e+03 1.481600000000000000e+04 -4.752000000000000000e+03 -1.242000000000000000e+03 7.240000000000000000e+02
2.576000000000000000e+03 1.472000000000000000e+03 1.448800000000000000e+04 -4.688000000000000000e+03 -1.327000000000000000e+03 6.810000000000000000e+02
2.244000000000000000e+03 1.592000000000000000e+03 1.154400000000000000e+04 -4.720000000000000000e+03 -1.285000000000000000e+03 2.250000000000000000e+02
9.320000000000000000e+02 1.096000000000000000e+03 5.224000000000000000e+03 -4.704000000000000000e+03 -9.420000000000000000e+02 4.770000000000000000e+02
-1.480000000000000000e+02 3.320000000000000000e+02 7.720000000000000000e+02 -4.704000000000000000e+03 -7.940000000000000000e+02 3.166000000000000000e+03
1.200000000000000000e+01 -8.000000000000000000e+01 -1.776000000000000000e+03 -4.704000000000000000e+03 -4.560000000000000000e+02 7.900000000000000000e+01
1.200000000000000000e+02 -2.840000000000000000e+02 -1.460000000000000000e+03 -4.704000000000000000e+03 1.110000000000000000e+02 -5.510000000000000000e+02
2.160000000000000000e+02 -1.760000000000000000e+02 4.144000000000000000e+03 -4.688000000000000000e+03 4.100000000000000000e+02 -2.070000000000000000e+03
6.744000000000000000e+03 1.272000000000000000e+03 5.756000000000000000e+03 -4.704000000000000000e+03 4.200000000000000000e+02 1.643000000000000000e+03
-2.360000000000000000e+03 1.880000000000000000e+02 1.429600000000000000e+04 -4.704000000000000000e+03 -1.540000000000000000e+02 2.221000000000000000e+03
4.372000000000000000e+03 -4.800000000000000000e+01 8.944000000000000000e+03 -4.736000000000000000e+03 1.770000000000000000e+02 -9.700000000000000000e+01
5.376000000000000000e+03 2.028000000000000000e+03 1.133600000000000000e+04 -4.736000000000000000e+03 8.270000000000000000e+02 -8.330000000000000000e+02
3.600000000000000000e+03 1.048000000000000000e+03 1.332000000000000000e+04 -4.736000000000000000e+03 1.144000000000000000e+03 1.830000000000000000e+02
4.468000000000000000e+03 9.480000000000000000e+02 1.261600000000000000e+04 -4.752000000000000000e+03 1.018000000000000000e+03 1.042000000000000000e+03
3.932000000000000000e+03 1.036000000000000000e+03 1.206400000000000000e+04 -4.704000000000000000e+03 1.110000000000000000e+03 1.972000000000000000e+03
6.040000000000000000e+03 1.968000000000000000e+03 1.209600000000000000e+04 -4.704000000000000000e+03 8.520000000000000000e+02 2.193000000000000000e+03
5.792000000000000000e+03 1.536000000000000000e+03 1.010800000000000000e+04 -4.720000000000000000e+03 1.067000000000000000e+03 1.053000000000000000e+03
3.432000000000000000e+03 1.580000000000000000e+03 1.412400000000000000e+04 -4.720000000000000000e+03 8.910000000000000000e+02 1.098000000000000000e+03
4.668000000000000000e+03 1.872000000000000000e+03 1.310800000000000000e+04 -4.704000000000000000e+03 1.184000000000000000e+03 5.400000000000000000e+02
5.772000000000000000e+03 3.352000000000000000e+03 1.745600000000000000e+04 -4.720000000000000000e+03 7.190000000000000000e+02 2.573000000000000000e+03
7.964000000000000000e+03 3.100000000000000000e+03 1.783200000000000000e+04 -4.704000000000000000e+03 5.340000000000000000e+02 2.508000000000000000e+03
7.240000000000000000e+03 4.004000000000000000e+03 2.586000000000000000e+04 -4.720000000000000000e+03 2.178000000000000000e+03 2.652000000000000000e+03
-4.264000000000000000e+03 5.520000000000000000e+03 3.276700000000000000e+04 -4.720000000000000000e+03 -1.426000000000000000e+03 -1.125000000000000000e+03
5.432000000000000000e+03 6.304000000000000000e+03 3.123600000000000000e+04 -4.720000000000000000e+03 -7.780000000000000000e+02 -1.337000000000000000e+03
1.171600000000000000e+04 4.696000000000000000e+03 1.070000000000000000e+04 -4.736000000000000000e+03 -1.206000000000000000e+03 1.158000000000000000e+03
7.420000000000000000e+03 3.568000000000000000e+03 8.544000000000000000e+03 -4.704000000000000000e+03 -1.282000000000000000e+03 6.930000000000000000e+02
-1.052000000000000000e+03 1.340000000000000000e+03 6.944000000000000000e+03 -4.720000000000000000e+03 -8.990000000000000000e+02 4.629000000000000000e+03
-4.460000000000000000e+03 1.800000000000000000e+03 9.544000000000000000e+03 -4.736000000000000000e+03 -1.380000000000000000e+02 1.000000000000000000e+03
5.400000000000000000e+02 4.416000000000000000e+03 1.770400000000000000e+04 -4.720000000000000000e+03 -7.420000000000000000e+02 -9.600000000000000000e+01
