8.800000000000000000e+01 2.456000000000000000e+03 1.479200000000000000e+04 -4.768000000000000000e+03 3.600000000000000000e+01 2.172000000000000000e+03
-9.600000000000000000e+02 2.400000000000000000e+03 1.338800000000000000e+04 -4.784000000000000000e+03 3.700000000000000000e+01 2.290000000000000000e+03
-6.120000000000000000e+02 2.020000000000000000e+03 1.301200000000000000e+04 -4.768000000000000000e+03 -4.600000000000000000e+01 2.565000000000000000e+03
-1.316000000000000000e+03 1.876000000000000000e+03 1.370000000000000000e+04 -4.768000000000000000e+03 -1.860000000000000000e+02 2.486000000000000000e+03
-1.980000000000000000e+03 1.736000000000000000e+03 1.484800000000000000e+04 -4.752000000000000000e+03 -2.710000000000000000e+02 2.091000000000000000e+03
-1.964000000000000000e+03 1.668000000000000000e+03 1.522800000000000000e+04 -4.768000000000000000e+03 -3.100000000000000000e+02 1.934000000000000000e+03
-2.284000000000000000e+03 1.924000000000000000e+03 1.531600000000000000e+04 -4.736000000000000000e+03 -3.050000000000000000e+02 1.716000000000000000e+03
-2.488000000000000000e+03 2.120000000000000000e+03 1.478000000000000000e+04 -4.736000000000000000e+03 -3.550000000000000000e+02 1.379000000000000000e+03
-2.932000000000000000e+03 1.964000000000000000e+03 1.454800000000000000e+04 -4.768000000000000000e+03 -3.690000000000000000e+02 1.083000000000000000e+03
-2.940000000000000000e+03 1.508000000000000000e+03 1.423200000000000000e+04 -4.784000000000000000e+03 -4.480000000000000000e+02 8.360000000000000000e+02
-3.272000000000000000e+03 1.676000000000000000e+03 1.438000000000000000e+04 -4.784000000000000000e+03 -3.510000000000000000e+02 7.070000000000000000e+02
-3.280000000000000000e+03 1.784000000000000000e+03 1.446000000000000000e+04 -4.784000000000000000e+03 -3.180000000000000000e+02 5.310000000000000000e+02
-2.932000000000000000e+03 1.900000000000000000e+03 1.404000000000000000e+04 -4.784000000000000000e+03 -2.390000000000000000e+02 5.890000000000000000e+02
-3.108000000000000000e+03 1.880000000000000000e+03 1.386800000000000000e+04 -4.768000000000000000e+03 -2.140000000000000000e+02 6.030000000000000000e+02
-3.372000000000000000e+03 2.012000000000000000e+03 1.436800000000000000e+04 -4.784000000000000000e+03 -2.320000000000000000e+02 5.760000000000000000e+02
-3.536000000000000000e+03 1.884000000000000000e+03 1.449200000000000000e+04 -4.752000000000000000e+03 -2.010000000000000000e+02 4.270000000000000000e+02
-3.364000000000000000e+03 1.996000000000000000e+03 1.414000000000000000e+04 -4.768000000000000000e+03 -1.660000000000000000e+02 2.720000000000000000e+02
-3.104000000000000000e+03 1.964000000000000000e+03 1.379200000000000000e+04 -4.752000000000000000e+03 -1.860000000000000000e+02 9.400000000000000000e+01
-3.196000000000000000e+03 1.948000000000000000e+03 1.420400000000000000e+04 -4.752000000000000000e+03 -1.460000000000000000e+02 6.100000000000000000e+01
-3.248000000000000000e+03 1.952000000000000000e+03 1.423600000000000000e+04 -4.800000000000000000e+03 -2.080000000000000000e+02 1.100000000000000000e+01
-3.176000000000000000e+03 2.136000000000000000e+03 1.441200000000000000e+04 -4.784000000000000000e+03 -1.920000000000000000e+02 -2.100000000000000000e+01
-3.152000000000000000e+03 2.068000000000000000e+03 1.430800000000000000e+04 -4.752000000000000000e+03 -2.330000000000000000e+02 1.100000000000000000e+02
-3.032000000000000000e+03 2.196000000000000000e+03 1.425600000000000000e+04 -4.784000000000000000e+03 -2.530000000000000000e+02 3.400000000000000000e+02
-3.088000000000000000e+03 2.192000000000000000e+03 1.413600000000000000e+04 -4.768000000000000000e+03 -2.840000000000000000e+02 4.490000000000000000e+02
-2.992000000000000000e+03 2.076000000000000000e+03 1.422000000000000000e+04 -4.752000000000000000e+03 -3.410000000000000000e+02 7.480000000000000000e+02
-3.032000000000000000e+03 2.072000000000000000e+03 1.428800000000000000e+04 -4.768000000000000000e+03 -4.400000000000000000e+02 8.540000000000000000e+02
-3.092000000000000000e+03 1.864000000000000000e+03 1.411600000000000000e+04 -4.768000000000000000e+03 -4.330000000000000000e+02 8.370000000000000000e+02
-3.244000000000000000e+03 1.908000000000000000e+03 1.433600000000000000e+04 -4.752000000000000000e+03 -5.000000000000000000e+02 1.005000000000000000e+03
-3.728000000000000000e+03 2.012000000000000000e+03 1.432400000000000000e+04 -4.768000000000000000e+03 -4.790000000000000000e+02 1.657000000000000000e+03
-4.240000000000000000e+03 1.824000000000000000e+03 1.416000000000000000e+04 -4.752000000000000000e+03 -5.430000000000000000e+02 1.155000000000000000e+03
-4.204000000000000000e+03 2.032000000000000000e+03 1.402800000000000000e+04 -4.736000000000000000e+03 -6.740000000000000000e+02 1.731000000000000000e+03
-3.832000000000000000e+03 2.148000000000000000e+03 1.363600000000000000e+04 -4.768000000000000000e+03 -7.660000000000000000e+02 2.224000000000000000e+03
-2.788000000000000000e+03 1.932000000000000000e+03 1.118400000000000000e+04 -4.768000000000000000e+03 -4.520000000000000000e+02 1.712000000000000000e+03
-1.176000000000000000e+03 1.124000000000000000e+03 7.188000000000000000e+03 -4.768000000000000000e+03 2.000000000000000000e+01 1.712000000000000000e+03
-8.000000000000000000e+00 4.040000000000000000e+02 4.376000000000000000e+03 -4.752000000000000000e+03 -8.200000000000000000e+01 1.778000000000000000e+03
-2.640000000000000000e+03 4.640000000000000000e+02 8.156000000000000000e+03 -4.768000000000000000e+03 -3.040000000000000000e+02 1.508000000000000000e+03
-5.984000000000000000e+03 1.156000000000000000e+03 1.533600000000000000e+04 -4.752000000000000000e+03 -3.480000000000000000e+02 8.520000000000000000e+02
-5.568000000000000000e+03 1.912000000000000000e+03 1.813200000000000000e+04 -4.752000000000000000e+03 -4.600000000000000000e+01 3.970000000000000000e+02
-5.472000000000000000e+03 2.516000000000000000e+03 1.820400000000000000e+04 -4.752000000000000000e+03 6.400000000000000000e+01 -2.000000000000000000e+02
-7.740000000000000000e+03 3.216000000000000000e+03 2.227600000000000000e+04 -4.752000000000000000e+03 -9.000000000000000000e+00 -6.380000000000000000e+02
-1.008800000000000000e+04 3.884000000000000000e+03 2.666400000000000000e+04 -4.752000000000000000e+03 -1.480000000000000000e+02 -4.450000000000000000e+02
-1.178400000000000000e+04 4.056000000000000000e+03 2.983200000000000000e+04 -4.752000000000000000e+03 -3.280000000000000000e+02 -5.630000000000000000e+02
-9.428000000000000000e+03 4.308000000000000000e+03 3.013600000000000000e+04 -4.784000000000000000e+03 1.160000000000000000e+02 3.510000000000000000e+02
-4.696000000000000000e+03 4.112000000000000000e+03 2.570400000000000000e+04 -4.752000000000000000e+03 -4.120000000000000000e+02 8.520000000000000000e+02
-7.244000000000000000e+03 3.044000000000000000e+03 2.318800000000000000e+04 -4.736000000000000000e+03 -8.330000000000000000e+02 4.760000000000000000e+02
-4.848000000000000000e+03 2.772000000000000000e+03 1.904400000000000000e+04 -4.736000000000000000e+03 -7.590000000000000000e+02 4.790000000000000000e+02
5.600000000000000000e+01 2.716000000000000000e+03 1.353200000000000000e+04 -4.752000000000000000e+03 -9.600000000000000000e+02 2.140000000000000000e+02
-2.560000000000000000e+02 1.492000000000000000e+03 9.424000000000000000e+03 -4.752000000000000000e+03 -1.025000000000000000e+03 4.800000000000000000e+02
-2.028000000000000000e+03 8.040000000000000000e+02 7.872000000000000000e+03 -4.768000000000000000e+03 -1.002000000000000000e+03 1.280000000000000000e+02
-2.316000000000000000e+03 6.560000000000000000e+02 7.148000000000000000e+03 -4.768000000000000000e+03 -1.170000000000000000e+03 -1.620000000000000000e+02
-2.328000000000000000e+03 5.120000000000000000e+02 8.064000000000000000e+03 -4.784000000000000000e+03 -1.212000000000000000e+03 1.080000000000000000e+02
-2.608000000000000000e+03 7.120000000000000000e+02 6.796000000000000000e+03 -4.784000000000000000e+03 -1.238000000000000000e+03 1.855000000000000000e+03
-3.512000000000000000e+03 2.400000000000000000e+02 5.588000000000000000e+03 -4.784000000000000000e+03 -1.260000000000000000e+03 1.600000000000000000e+01
-3.168000000000000000e+03 1.400000000000000000e+02 4.772000000000000000e+03 -4.768000000000000000e+03 -1.177000000000000000e+03 1.650000000000000000e+02
-1.544000000000000000e+03 7.400000000000000000e+02 3.588000000000000000e+03 -4.784000000000000000e+03 -4.360000000000000000e+02 1.254000000000000000e+03
-2.096000000000000000e+03 8.320000000000000000e+02 2.564000000000000000e+03 -4.768000000000000000e+03 2.900000000000000000e+01 7.130000000000000000e+02
-2.464000000000000000e+03 1.140000000000000000e+03 3.144000000000000000e+03 -4.752000000000000000e+03 -2.990000000000000000e+02 8.580000000000000000e+02
-3.952000000000000000e+03 4.600000000000000000e+02 6.440000000000000000e+03 -4.752000000000000000e+03 -8.700000000000000000e+01 1.706000000000000000e+03
-5.072000000000000000e+03 4.160000000000000000e+02 9.532000000000000000e+03 -4.784000000000000000e+03 -1.360000000000000000e+02 1.275000000000000000e+03
-4.808000000000000000e+03 8.200000000000000000e+02 1.074800000000000000e+04 -4.784000000000000000e+03 3.920000000000000000e+02 1.467000000000000000e+03
-3.760000000000000000e+03 8.920000000000000000e+02 8.864000000000000000e+03 -4.800000000000000000e+03 2.760000000000000000e+02 2.138000000000000000e+03
-4.828000000000000000e+03 4.480000000000000000e+02 9.216000000000000000e+03 -4.784000000000000000e+03 2.600000000000000000e+02 2.388000000000000000e+03
-3.448000000000000000e+03 2.720000000000000000e+02 8.944000000000000000e+03 -4.816000000000000000e+03 3.130000000000000000e+02 2.921000000000000000e+03
-3.480000000000000000e+03 1.180000000000000000e+03 1.159200000000000000e+04 -4.784000000000000000e+03 3.280000000000000000e+02 3.515000000000000000e+03
-2.964000000000000000e+03 1.104000000000000000e+03 1.094000000000000000e+04 -4.768000000000000000e+03 2.020000000000000000e+02 3.264000000000000000e+03
-3.348000000000000000e+03 8.840000000000000000e+02 1.088400000000000000e+04 -4.752000000000000000e+03 3.930000000000000000e+02 2.993000000000000000e+03
-5.076000000000000000e+03 8.160000000000000000e+02 1.300400000000000000e+04 -4.784000000000000000e+03 4.590000000000000000e+02 2.536000000000000000e+03
-4.376000000000000000e+03 1.908000000000000000e+03 1.413200000000000000e+04 -4.784000000000000000e+03 4.030000000000000000e+02 2.635000000000000000e+03
-5.060000000000000000e+03 2.108000000000000000e+03 1.538000000000000000e+04 -4.768000000000000000e+03 1.080000000000000000e+02 3.844000000000000000e+03
-6.648000000000000000e+03 2.108000000000000000e+03 1.742400000000000000e+04 -4.736000000000000000e+03 3.060000000000000000e+02 2.360000000000000000e+02
-6.996000000000000000e+03 1.944000000000000000e+03 1.898000000000000000e+04 -4.752000000000000000e+03 -1.460000000000000000e+02 3.122000000000000000e+03
-9.424000000000000000e+03 1.604000000000000000e+03 1.930800000000000000e+04 -4.784000000000000000e+03 -8.090000000000000000e+02 4.731000000000000000e+03
-5.936000000000000000e+03 2.700000000000000000e+03 1.609200000000000000e+04 -4.752000000000000000e+03 -1.177000000000000000e+03 3.869000000000000000e+03
-2.422400000000000000e+04 3.468000000000000000e+03 3.072000000000000000e+04 -4.784000000000000000e+03 -9.700000000000000000e+02 2.567000000000000000e+03
-1.214400000000000000e+04 3.800000000000000000e+02 1.484000000000000000e+04 -4.768000000000000000e+03 -1.051000000000000000e+03 4.533000000000000000e+03
-7.316000000000000000e+03 3.280000000000000000e+02 9.920000000000000000e+03 -4.800000000000000000e+03 -7.510000000000000000e+02 4.068000000000000000e+03
-8.704000000000000000e+03 7.880000000000000000e+02 1.073200000000000000e+04 -4.768000000000000000e+03 -6.900000000000000000e+02 4.112000000000000000e+03
-1.004400000000000000e+04 1.508000000000000000e+03 1.198400000000000000e+04 -4.784000000000000000e+03 -6.150000000000000000e+02 3.598000000000000000e+03
-1.076400000000000000e+04 9.920000000000000000e+02 1.194000000000000000e+04 -4.752000000000000000e+03 -8.500000000000000000e+02 3.969000000000000000e+03
-9.780000000000000000e+03 4.800000000000000000e+02 1.040800000000000000e+04 -4.720000000000000000e+03 -8.730000000000000000e+02 4.424000000000000000e+03
-1.019600000000000000e+04 5.800000000000000000e+02 1.057200000000000000e+04 -4.784000000000000000e+03 -8.270000000000000000e+02 3.532000000000000000e+03
