2.520000000000000000e+03 3.376000000000000000e+03 1.638000000000000000e+04 -4.768000000000000000e+03 -4.090000000000000000e+02 -1.330000000000000000e+02
3.352000000000000000e+03 2.904000000000000000e+03 1.458800000000000000e+04 -4.768000000000000000e+03 -3.300000000000000000e+02 -5.500000000000000000e+01
2.956000000000000000e+03 2.628000000000000000e+03 1.405200000000000000e+04 -4.768000000000000000e+03 -4.100000000000000000e+02 3.740000000000000000e+02
3.208000000000000000e+03 2.372000000000000000e+03 1.358400000000000000e+04 -4.752000000000000000e+03 -4.450000000000000000e+02 6.220000000000000000e+02
2.924000000000000000e+03 2.456000000000000000e+03 1.452800000000000000e+04 -4.784000000000000000e+03 -5.290000000000000000e+02 9.240000000000000000e+02
2.784000000000000000e+03 2.432000000000000000e+03 1.527600000000000000e+04 -4.784000000000000000e+03 -6.920000000000000000e+02 1.132000000000000000e+03
2.712000000000000000e+03 2.496000000000000000e+03 1.528800000000000000e+04 -4.784000000000000000e+03 -6.620000000000000000e+02 1.216000000000000000e+03
2.372000000000000000e+03 2.248000000000000000e+03 1.370000000000000000e+04 -4.736000000000000000e+03 -5.760000000000000000e+02 1.162000000000000000e+03
2.240000000000000000e+03 2.172000000000000000e+03 1.263600000000000000e+04 -4.752000000000000000e+03 -5.060000000000000000e+02 7.620000000000000000e+02
2.144000000000000000e+03 2.340000000000000000e+03 1.348000000000000000e+04 -4.752000000000000000e+03 -4.530000000000000000e+02 7.850000000000000000e+02
1.708000000000000000e+03 2.404000000000000000e+03 1.409200000000000000e+04 -4.768000000000000000e+03 -4.090000000000000000e+02 4.980000000000000000e+02
1.916000000000000000e+03 2.504000000000000000e+03 1.527200000000000000e+04 -4.768000000000000000e+03 -4.680000000000000000e+02 4.150000000000000000e+02
2.164000000000000000e+03 2.568000000000000000e+03 1.558000000000000000e+04 -4.784000000000000000e+03 -4.530000000000000000e+02 3.430000000000000000e+02
2.112000000000000000e+03 2.688000000000000000e+03 1.517600000000000000e+04 -4.752000000000000000e+03 -4.840000000000000000e+02 3.290000000000000000e+02
1.896000000000000000e+03 2.516000000000000000e+03 1.439600000000000000e+04 -4.768000000000000000e+03 -4.600000000000000000e+02 2.420000000000000000e+02
1.876000000000000000e+03 2.564000000000000000e+03 1.394400000000000000e+04 -4.752000000000000000e+03 -4.140000000000000000e+02 -1.700000000000000000e+01
1.588000000000000000e+03 2.556000000000000000e+03 1.433200000000000000e+04 -4.784000000000000000e+03 -3.940000000000000000e+02 6.000000000000000000e+01
1.900000000000000000e+03 2.636000000000000000e+03 1.444800000000000000e+04 -4.768000000000000000e+03 -3.870000000000000000e+02 -1.240000000000000000e+02
1.812000000000000000e+03 2.880000000000000000e+03 1.492000000000000000e+04 -4.752000000000000000e+03 -4.150000000000000000e+02 -1.880000000000000000e+02
1.716000000000000000e+03 2.576000000000000000e+03 1.477200000000000000e+04 -4.752000000000000000e+03 -4.430000000000000000e+02 -1.000000000000000000e+02
1.940000000000000000e+03 2.544000000000000000e+03 1.430400000000000000e+04 -4.752000000000000000e+03 -4.320000000000000000e+02 -3.000000000000000000e+00
1.796000000000000000e+03 2.416000000000000000e+03 1.470400000000000000e+04 -4.768000000000000000e+03 -4.160000000000000000e+02 5.700000000000000000e+01
1.880000000000000000e+03 2.352000000000000000e+03 1.439200000000000000e+04 -4.752000000000000000e+03 -4.370000000000000000e+02 1.920000000000000000e+02
1.796000000000000000e+03 2.284000000000000000e+03 1.463600000000000000e+04 -4.800000000000000000e+03 -4.380000000000000000e+02 3.570000000000000000e+02
1.580000000000000000e+03 2.232000000000000000e+03 1.452800000000000000e+04 -4.768000000000000000e+03 -4.160000000000000000e+02 3.270000000000000000e+02
1.872000000000000000e+03 2.260000000000000000e+03 1.421200000000000000e+04 -4.736000000000000000e+03 -3.430000000000000000e+02 5.580000000000000000e+02
1.596000000000000000e+03 2.244000000000000000e+03 1.435200000000000000e+04 -4.736000000000000000e+03 -3.420000000000000000e+02 8.540000000000000000e+02
1.352000000000000000e+03 2.144000000000000000e+03 1.462400000000000000e+04 -4.784000000000000000e+03 -3.040000000000000000e+02 1.245000000000000000e+03
1.252000000000000000e+03 2.028000000000000000e+03 1.480800000000000000e+04 -4.768000000000000000e+03 -4.210000000000000000e+02 1.378000000000000000e+03
1.484000000000000000e+03 2.228000000000000000e+03 1.418800000000000000e+04 -4.768000000000000000e+03 -4.270000000000000000e+02 1.423000000000000000e+03
1.720000000000000000e+03 2.244000000000000000e+03 1.301200000000000000e+04 -4.752000000000000000e+03 -5.350000000000000000e+02 1.734000000000000000e+03
1.648000000000000000e+03 1.912000000000000000e+03 1.121200000000000000e+04 -4.752000000000000000e+03 -5.740000000000000000e+02 1.661000000000000000e+03
1.808000000000000000e+03 1.340000000000000000e+03 8.108000000000000000e+03 -4.736000000000000000e+03 -3.570000000000000000e+02 1.986000000000000000e+03
1.900000000000000000e+03 7.320000000000000000e+02 5.660000000000000000e+03 -4.752000000000000000e+03 1.500000000000000000e+01 1.170000000000000000e+03
1.268000000000000000e+03 7.280000000000000000e+02 7.056000000000000000e+03 -4.752000000000000000e+03 1.680000000000000000e+02 8.840000000000000000e+02
2.600000000000000000e+02 1.644000000000000000e+03 1.353600000000000000e+04 -4.784000000000000000e+03 -8.300000000000000000e+01 8.720000000000000000e+02
8.840000000000000000e+02 2.844000000000000000e+03 1.936400000000000000e+04 -4.752000000000000000e+03 -2.090000000000000000e+02 2.230000000000000000e+02
1.640000000000000000e+03 3.308000000000000000e+03 2.145600000000000000e+04 -4.784000000000000000e+03 1.410000000000000000e+02 -1.000000000000000000e+00
8.480000000000000000e+02 3.608000000000000000e+03 2.442400000000000000e+04 -4.736000000000000000e+03 1.710000000000000000e+02 -2.970000000000000000e+02
3.200000000000000000e+02 4.680000000000000000e+03 3.087600000000000000e+04 -4.752000000000000000e+03 -2.120000000000000000e+02 -2.450000000000000000e+02
5.040000000000000000e+02 5.184000000000000000e+03 3.276700000000000000e+04 -4.736000000000000000e+03 -7.110000000000000000e+02 -3.000000000000000000e+02
1.560000000000000000e+03 4.880000000000000000e+03 3.276700000000000000e+04 -4.784000000000000000e+03 -8.490000000000000000e+02 -1.413000000000000000e+03
2.208000000000000000e+03 4.644000000000000000e+03 2.690800000000000000e+04 -4.768000000000000000e+03 -5.590000000000000000e+02 -7.440000000000000000e+02
9.280000000000000000e+02 4.224000000000000000e+03 2.694800000000000000e+04 -4.784000000000000000e+03 -9.760000000000000000e+02 -9.450000000000000000e+02
3.664000000000000000e+03 4.212000000000000000e+03 2.226800000000000000e+04 -4.752000000000000000e+03 -1.379000000000000000e+03 -5.850000000000000000e+02
5.588000000000000000e+03 3.492000000000000000e+03 1.408800000000000000e+04 -4.736000000000000000e+03 -1.382000000000000000e+03 -1.632000000000000000e+03
2.836000000000000000e+03 1.964000000000000000e+03 9.480000000000000000e+03 -4.784000000000000000e+03 -1.378000000000000000e+03 -2.360000000000000000e+02
1.612000000000000000e+03 7.960000000000000000e+02 7.020000000000000000e+03 -4.752000000000000000e+03 -1.149000000000000000e+03 -1.161000000000000000e+03
1.180000000000000000e+03 8.680000000000000000e+02 7.656000000000000000e+03 -4.784000000000000000e+03 -1.327000000000000000e+03 -9.320000000000000000e+02
2.404000000000000000e+03 7.440000000000000000e+02 3.916000000000000000e+03 -4.768000000000000000e+03 -1.326000000000000000e+03 -1.134000000000000000e+03
1.404000000000000000e+03 -4.800000000000000000e+01 2.824000000000000000e+03 -4.752000000000000000e+03 -1.479000000000000000e+03 -1.061000000000000000e+03
-8.880000000000000000e+02 -4.920000000000000000e+02 2.152000000000000000e+03 -4.768000000000000000e+03 -1.161000000000000000e+03 -1.297000000000000000e+03
-1.128000000000000000e+03 5.200000000000000000e+01 1.176000000000000000e+03 -4.768000000000000000e+03 -8.610000000000000000e+02 -1.284000000000000000e+03
-9.040000000000000000e+02 -2.080000000000000000e+02 3.440000000000000000e+02 -4.784000000000000000e+03 -3.230000000000000000e+02 -9.940000000000000000e+02
-4.520000000000000000e+02 -1.920000000000000000e+02 1.772000000000000000e+03 -4.752000000000000000e+03 -1.190000000000000000e+02 -7.260000000000000000e+02
2.160000000000000000e+02 7.240000000000000000e+02 5.568000000000000000e+03 -4.784000000000000000e+03 -1.250000000000000000e+02 -4.720000000000000000e+02
-2.680000000000000000e+02 4.880000000000000000e+02 6.672000000000000000e+03 -4.784000000000000000e+03 -9.500000000000000000e+01 -7.500000000000000000e+01
8.640000000000000000e+02 1.224000000000000000e+03 1.086000000000000000e+04 -4.768000000000000000e+03 3.700000000000000000e+01 3.180000000000000000e+02
1.104000000000000000e+03 1.644000000000000000e+03 1.320000000000000000e+04 -4.752000000000000000e+03 5.080000000000000000e+02 7.300000000000000000e+02
1.348000000000000000e+03 6.480000000000000000e+02 1.084800000000000000e+04 -4.784000000000000000e+03 4.020000000000000000e+02 -3.300000000000000000e+01
3.292000000000000000e+03 1.264000000000000000e+03 1.005200000000000000e+04 -4.768000000000000000e+03 3.530000000000000000e+02 1.443000000000000000e+03
3.752000000000000000e+03 1.852000000000000000e+03 1.123200000000000000e+04 -4.768000000000000000e+03 2.930000000000000000e+02 1.474000000000000000e+03
4.440000000000000000e+03 2.060000000000000000e+03 1.230400000000000000e+04 -4.768000000000000000e+03 5.410000000000000000e+02 1.852000000000000000e+03
3.324000000000000000e+03 1.800000000000000000e+03 1.668800000000000000e+04 -4.768000000000000000e+03 6.700000000000000000e+02 2.220000000000000000e+03
5.624000000000000000e+03 2.052000000000000000e+03 1.656800000000000000e+04 -4.752000000000000000e+03 6.500000000000000000e+02 2.830000000000000000e+03
6.060000000000000000e+03 2.768000000000000000e+03 1.822800000000000000e+04 -4.768000000000000000e+03 2.860000000000000000e+02 3.044000000000000000e+03
4.936000000000000000e+03 3.804000000000000000e+03 2.141200000000000000e+04 -4.752000000000000000e+03 4.550000000000000000e+02 3.350000000000000000e+03
1.696000000000000000e+03 3.820000000000000000e+03 2.121600000000000000e+04 -4.768000000000000000e+03 5.930000000000000000e+02 2.463000000000000000e+03
3.308000000000000000e+03 4.156000000000000000e+03 2.064400000000000000e+04 -4.752000000000000000e+03 4.610000000000000000e+02 2.940000000000000000e+03
-4.300000000000000000e+03 3.596000000000000000e+03 2.478400000000000000e+04 -4.768000000000000000e+03 4.600000000000000000e+01 2.329000000000000000e+03
1.724000000000000000e+03 2.768000000000000000e+03 1.882800000000000000e+04 -4.736000000000000000e+03 5.000000000000000000e+00 3.068000000000000000e+03
1.708000000000000000e+03 1.736000000000000000e+03 1.386000000000000000e+04 -4.768000000000000000e+03 3.090000000000000000e+02 2.611000000000000000e+03
1.416000000000000000e+03 1.356000000000000000e+03 1.392000000000000000e+04 -4.752000000000000000e+03 2.280000000000000000e+02 2.357000000000000000e+03
1.920000000000000000e+02 1.168000000000000000e+03 1.597600000000000000e+04 -4.752000000000000000e+03 -1.470000000000000000e+02 2.299000000000000000e+03
-4.320000000000000000e+02 1.840000000000000000e+03 1.921200000000000000e+04 -4.768000000000000000e+03 -6.670000000000000000e+02 2.090000000000000000e+03
-1.188000000000000000e+03 2.076000000000000000e+03 1.770000000000000000e+04 -4.784000000000000000e+03 -4.820000000000000000e+02 2.010000000000000000e+03
-7.880000000000000000e+02 1.840000000000000000e+03 1.405600000000000000e+04 -4.784000000000000000e+03 -5.960000000000000000e+02 1.887000000000000000e+03
-1.792000000000000000e+03 2.116000000000000000e+03 1.333600000000000000e+04 -4.736000000000000000e+03 -4.650000000000000000e+02 1.608000000000000000e+03
-1.288000000000000000e+03 2.560000000000000000e+03 1.398400000000000000e+04 -4.768000000000000000e+03 -5.750000000000000000e+02 1.484000000000000000e+03
-1.240000000000000000e+03 2.888000000000000000e+03 1.594000000000000000e+04 -4.752000000000000000e+03 -6.460000000000000000e+02 1.660000000000000000e+03
-3.600000000000000000e+02 3.272000000000000000e+03 1.496400000000000000e+04 -4.752000000000000000e+03 -7.130000000000000000e+02 1.961000000000000000e+03
-7.040000000000000000e+02 2.392000000000000000e+03 1.471200000000000000e+04 -4.768000000000000000e+03 -6.360000000000000000e+02 2.096000000000000000e+03
