1.440000000000000000e+03 2.092000000000000000e+03 1.498800000000000000e+04 -4.848000000000000000e+03 -5.100000000000000000e+02 -2.030000000000000000e+02
1.148000000000000000e+03 2.100000000000000000e+03 1.558800000000000000e+04 -4.848000000000000000e+03 -4.580000000000000000e+02 -6.040000000000000000e+02
5.640000000000000000e+02 2.052000000000000000e+03 1.551200000000000000e+04 -4.816000000000000000e+03 -4.100000000000000000e+02 -1.139000000000000000e+03
9.760000000000000000e+02 1.776000000000000000e+03 1.478000000000000000e+04 -4.832000000000000000e+03 -3.710000000000000000e+02 -1.210000000000000000e+03
1.288000000000000000e+03 1.820000000000000000e+03 1.469200000000000000e+04 -4.864000000000000000e+03 -2.990000000000000000e+02 -1.473000000000000000e+03
1.112000000000000000e+03 1.824000000000000000e+03 1.493600000000000000e+04 -4.848000000000000000e+03 -2.390000000000000000e+02 -1.317000000000000000e+03
1.136000000000000000e+03 1.908000000000000000e+03 1.462400000000000000e+04 -4.848000000000000000e+03 -1.620000000000000000e+02 -1.679000000000000000e+03
1.280000000000000000e+03 2.232000000000000000e+03 1.410000000000000000e+04 -4.848000000000000000e+03 -1.400000000000000000e+02 -1.622000000000000000e+03
1.744000000000000000e+03 2.096000000000000000e+03 1.381200000000000000e+04 -4.816000000000000000e+03 -1.020000000000000000e+02 -1.294000000000000000e+03
1.856000000000000000e+03 1.984000000000000000e+03 1.413200000000000000e+04 -4.848000000000000000e+03 -1.400000000000000000e+02 -1.012000000000000000e+03
1.960000000000000000e+03 2.036000000000000000e+03 1.466400000000000000e+04 -4.816000000000000000e+03 -1.940000000000000000e+02 -6.510000000000000000e+02
1.636000000000000000e+03 1.892000000000000000e+03 1.466000000000000000e+04 -4.848000000000000000e+03 -2.080000000000000000e+02 -2.590000000000000000e+02
2.044000000000000000e+03 1.772000000000000000e+03 1.455200000000000000e+04 -4.816000000000000000e+03 -2.380000000000000000e+02 4.900000000000000000e+01
2.592000000000000000e+03 1.896000000000000000e+03 1.478400000000000000e+04 -4.832000000000000000e+03 -2.510000000000000000e+02 2.690000000000000000e+02
2.876000000000000000e+03 1.748000000000000000e+03 1.452000000000000000e+04 -4.848000000000000000e+03 -2.320000000000000000e+02 4.460000000000000000e+02
2.828000000000000000e+03 1.736000000000000000e+03 1.439200000000000000e+04 -4.832000000000000000e+03 -2.590000000000000000e+02 7.800000000000000000e+02
2.716000000000000000e+03 1.808000000000000000e+03 1.432800000000000000e+04 -4.848000000000000000e+03 -2.230000000000000000e+02 1.320000000000000000e+03
2.780000000000000000e+03 1.684000000000000000e+03 1.444800000000000000e+04 -4.848000000000000000e+03 -2.960000000000000000e+02 1.463000000000000000e+03
2.848000000000000000e+03 1.732000000000000000e+03 1.465600000000000000e+04 -4.816000000000000000e+03 -2.920000000000000000e+02 1.554000000000000000e+03
2.932000000000000000e+03 1.808000000000000000e+03 1.484000000000000000e+04 -4.832000000000000000e+03 -2.360000000000000000e+02 1.711000000000000000e+03
2.776000000000000000e+03 1.928000000000000000e+03 1.550800000000000000e+04 -4.832000000000000000e+03 -2.200000000000000000e+02 1.711000000000000000e+03
2.628000000000000000e+03 2.112000000000000000e+03 1.463200000000000000e+04 -4.800000000000000000e+03 -1.570000000000000000e+02 2.022000000000000000e+03
2.516000000000000000e+03 2.008000000000000000e+03 1.353600000000000000e+04 -4.816000000000000000e+03 -2.550000000000000000e+02 1.554000000000000000e+03
2.812000000000000000e+03 1.924000000000000000e+03 1.356800000000000000e+04 -4.848000000000000000e+03 -3.560000000000000000e+02 1.447000000000000000e+03
2.352000000000000000e+03 1.736000000000000000e+03 1.456000000000000000e+04 -4.832000000000000000e+03 -3.020000000000000000e+02 1.055000000000000000e+03
1.676000000000000000e+03 1.712000000000000000e+03 1.421600000000000000e+04 -4.864000000000000000e+03 -1.430000000000000000e+02 1.753000000000000000e+03
1.508000000000000000e+03 1.592000000000000000e+03 1.198800000000000000e+04 -4.800000000000000000e+03 -2.120000000000000000e+02 9.850000000000000000e+02
1.900000000000000000e+03 1.392000000000000000e+03 9.580000000000000000e+03 -4.848000000000000000e+03 3.500000000000000000e+01 1.379000000000000000e+03
1.688000000000000000e+03 1.252000000000000000e+03 9.392000000000000000e+03 -4.832000000000000000e+03 2.020000000000000000e+02 9.150000000000000000e+02
1.212000000000000000e+03 1.336000000000000000e+03 9.208000000000000000e+03 -4.816000000000000000e+03 1.950000000000000000e+02 4.380000000000000000e+02
6.800000000000000000e+02 1.388000000000000000e+03 9.684000000000000000e+03 -4.848000000000000000e+03 1.590000000000000000e+02 -4.200000000000000000e+01
1.316000000000000000e+03 1.788000000000000000e+03 1.404800000000000000e+04 -4.848000000000000000e+03 2.220000000000000000e+02 -4.930000000000000000e+02
4.800000000000000000e+01 2.028000000000000000e+03 1.838400000000000000e+04 -4.816000000000000000e+03 1.980000000000000000e+02 -8.910000000000000000e+02
-5.240000000000000000e+02 2.268000000000000000e+03 1.976800000000000000e+04 -4.816000000000000000e+03 3.060000000000000000e+02 -1.690000000000000000e+03
2.112000000000000000e+03 2.296000000000000000e+03 2.317200000000000000e+04 -4.832000000000000000e+03 1.070000000000000000e+02 -2.164000000000000000e+03
2.256000000000000000e+03 2.664000000000000000e+03 2.817200000000000000e+04 -4.848000000000000000e+03 -1.180000000000000000e+02 -2.390000000000000000e+03
2.148000000000000000e+03 3.200000000000000000e+03 3.235600000000000000e+04 -4.848000000000000000e+03 -7.850000000000000000e+02 -2.164000000000000000e+03
1.716000000000000000e+03 3.824000000000000000e+03 3.276700000000000000e+04 -4.848000000000000000e+03 -5.690000000000000000e+02 -1.164000000000000000e+03
3.144000000000000000e+03 4.196000000000000000e+03 3.276700000000000000e+04 -4.848000000000000000e+03 -2.030000000000000000e+02 -1.336000000000000000e+03
3.308000000000000000e+03 4.392000000000000000e+03 2.908400000000000000e+04 -4.848000000000000000e+03 -1.430000000000000000e+02 -7.630000000000000000e+02
6.876000000000000000e+03 3.628000000000000000e+03 1.788800000000000000e+04 -4.800000000000000000e+03 5.000000000000000000e+01 -4.460000000000000000e+02
7.296000000000000000e+03 2.672000000000000000e+03 9.468000000000000000e+03 -4.800000000000000000e+03 2.580000000000000000e+02 -1.790000000000000000e+03
6.256000000000000000e+03 1.868000000000000000e+03 5.732000000000000000e+03 -4.832000000000000000e+03 3.820000000000000000e+02 -2.038000000000000000e+03
4.360000000000000000e+03 9.800000000000000000e+02 2.940000000000000000e+03 -4.832000000000000000e+03 7.620000000000000000e+02 -3.095000000000000000e+03
2.888000000000000000e+03 1.464000000000000000e+03 2.300000000000000000e+03 -4.832000000000000000e+03 8.060000000000000000e+02 -1.945000000000000000e+03
5.280000000000000000e+02 1.420000000000000000e+03 -1.680000000000000000e+03 -4.848000000000000000e+03 1.003000000000000000e+03 6.940000000000000000e+02
1.120000000000000000e+03 6.600000000000000000e+02 -8.800000000000000000e+02 -4.848000000000000000e+03 1.455000000000000000e+03 -1.483000000000000000e+03
-6.880000000000000000e+02 7.040000000000000000e+02 2.288000000000000000e+03 -4.832000000000000000e+03 6.790000000000000000e+02 -1.547000000000000000e+03
-1.096000000000000000e+03 1.300000000000000000e+03 7.240000000000000000e+02 -4.816000000000000000e+03 8.260000000000000000e+02 -5.410000000000000000e+02
2.856000000000000000e+03 2.712000000000000000e+03 1.427600000000000000e+04 -4.848000000000000000e+03 5.060000000000000000e+02 -9.480000000000000000e+02
-4.636000000000000000e+03 4.476000000000000000e+03 1.266000000000000000e+04 -4.832000000000000000e+03 -3.180000000000000000e+02 1.960000000000000000e+02
-1.808000000000000000e+03 2.928000000000000000e+03 1.441200000000000000e+04 -4.816000000000000000e+03 -8.480000000000000000e+02 5.580000000000000000e+02
8.320000000000000000e+02 2.480000000000000000e+03 1.857200000000000000e+04 -4.832000000000000000e+03 -9.550000000000000000e+02 1.823000000000000000e+03
2.636000000000000000e+03 3.024000000000000000e+03 1.904000000000000000e+04 -4.800000000000000000e+03 -9.560000000000000000e+02 1.090000000000000000e+03
2.540000000000000000e+03 3.536000000000000000e+03 1.694800000000000000e+04 -4.864000000000000000e+03 -6.010000000000000000e+02 4.150000000000000000e+02
2.256000000000000000e+03 2.900000000000000000e+03 9.468000000000000000e+03 -4.848000000000000000e+03 -5.770000000000000000e+02 1.535000000000000000e+03
8.600000000000000000e+02 2.184000000000000000e+03 7.188000000000000000e+03 -4.816000000000000000e+03 -3.970000000000000000e+02 1.935000000000000000e+03
1.768000000000000000e+03 1.724000000000000000e+03 4.264000000000000000e+03 -4.832000000000000000e+03 -3.500000000000000000e+01 1.845000000000000000e+03
8.480000000000000000e+02 9.640000000000000000e+02 2.988000000000000000e+03 -4.864000000000000000e+03 -7.900000000000000000e+01 1.140000000000000000e+03
8.600000000000000000e+02 1.100000000000000000e+03 5.180000000000000000e+03 -4.800000000000000000e+03 -6.020000000000000000e+02 2.200000000000000000e+03
2.920000000000000000e+02 1.092000000000000000e+03 7.832000000000000000e+03 -4.832000000000000000e+03 -6.280000000000000000e+02 2.980000000000000000e+03
2.784000000000000000e+03 1.828000000000000000e+03 1.043600000000000000e+04 -4.848000000000000000e+03 -7.000000000000000000e+01 2.172000000000000000e+03
3.812000000000000000e+03 1.828000000000000000e+03 1.401600000000000000e+04 -4.848000000000000000e+03 -3.120000000000000000e+02 2.440000000000000000e+03
4.572000000000000000e+03 3.072000000000000000e+03 1.776000000000000000e+04 -4.848000000000000000e+03 -7.560000000000000000e+02 3.319000000000000000e+03
3.916000000000000000e+03 3.988000000000000000e+03 1.940800000000000000e+04 -4.864000000000000000e+03 -7.470000000000000000e+02 2.653000000000000000e+03
9.680000000000000000e+02 3.620000000000000000e+03 1.367200000000000000e+04 -4.864000000000000000e+03 -8.060000000000000000e+02 2.408000000000000000e+03
3.888000000000000000e+03 1.976000000000000000e+03 1.554400000000000000e+04 -4.848000000000000000e+03 -7.540000000000000000e+02 1.039000000000000000e+03
5.480000000000000000e+03 3.724000000000000000e+03 2.045200000000000000e+04 -4.816000000000000000e+03 -7.010000000000000000e+02 1.460000000000000000e+02
3.708000000000000000e+03 4.160000000000000000e+03 2.107600000000000000e+04 -4.832000000000000000e+03 -5.790000000000000000e+02 -2.950000000000000000e+02
1.280000000000000000e+03 3.584000000000000000e+03 2.182400000000000000e+04 -4.816000000000000000e+03 -3.260000000000000000e+02 1.797000000000000000e+03
2.148000000000000000e+03 3.756000000000000000e+03 1.935600000000000000e+04 -4.832000000000000000e+03 -1.263000000000000000e+03 -4.600000000000000000e+02
2.892000000000000000e+03 3.700000000000000000e+03 1.988400000000000000e+04 -4.848000000000000000e+03 -1.056000000000000000e+03 -2.443000000000000000e+03
3.568000000000000000e+03 3.776000000000000000e+03 1.831200000000000000e+04 -4.800000000000000000e+03 -8.500000000000000000e+02 -1.216000000000000000e+03
2.860000000000000000e+03 2.780000000000000000e+03 2.167600000000000000e+04 -4.848000000000000000e+03 -6.950000000000000000e+02 -8.500000000000000000e+02
-1.140000000000000000e+03 2.900000000000000000e+03 1.205600000000000000e+04 -4.848000000000000000e+03 -6.090000000000000000e+02 -5.550000000000000000e+02
1.884000000000000000e+03 1.572000000000000000e+03 1.091600000000000000e+04 -4.816000000000000000e+03 -7.910000000000000000e+02 -1.718000000000000000e+03
2.000000000000000000e+03 1.880000000000000000e+03 1.168000000000000000e+04 -4.848000000000000000e+03 -6.960000000000000000e+02 -1.603000000000000000e+03
2.324000000000000000e+03 2.188000000000000000e+03 1.704000000000000000e+04 -4.848000000000000000e+03 -5.090000000000000000e+02 -1.986000000000000000e+03
-7.880000000000000000e+02 3.084000000000000000e+03 1.676800000000000000e+04 -4.880000000000000000e+03 -3.370000000000000000e+02 -2.120000000000000000e+03
7.800000000000000000e+02 3.276000000000000000e+03 1.334000000000000000e+04 -4.848000000000000000e+03 -3.160000000000000000e+02 -2.298000000000000000e+03
