1.119600000000000000e+04 1.972000000000000000e+03 9.168000000000000000e+03 -4.736000000000000000e+03 -2.520000000000000000e+02 1.830000000000000000e+02
1.186800000000000000e+04 2.092000000000000000e+03 9.880000000000000000e+03 -4.720000000000000000e+03 -2.550000000000000000e+02 3.660000000000000000e+02
1.304800000000000000e+04 2.336000000000000000e+03 1.109200000000000000e+04 -4.752000000000000000e+03 -2.390000000000000000e+02 5.620000000000000000e+02
1.312400000000000000e+04 2.340000000000000000e+03 1.075200000000000000e+04 -4.736000000000000000e+03 -2.090000000000000000e+02 6.880000000000000000e+02
1.203200000000000000e+04 2.364000000000000000e+03 1.032800000000000000e+04 -4.736000000000000000e+03 -1.590000000000000000e+02 7.590000000000000000e+02
1.139200000000000000e+04 2.160000000000000000e+03 9.468000000000000000e+03 -4.736000000000000000e+03 -1.450000000000000000e+02 6.600000000000000000e+02
1.101200000000000000e+04 2.316000000000000000e+03 9.220000000000000000e+03 -4.752000000000000000e+03 -1.790000000000000000e+02 6.240000000000000000e+02
1.145600000000000000e+04 2.456000000000000000e+03 9.844000000000000000e+03 -4.768000000000000000e+03 -1.600000000000000000e+02 5.150000000000000000e+02
1.193600000000000000e+04 2.508000000000000000e+03 1.034000000000000000e+04 -4.752000000000000000e+03 -1.440000000000000000e+02 1.700000000000000000e+02
1.224000000000000000e+04 2.560000000000000000e+03 1.024800000000000000e+04 -4.752000000000000000e+03 -1.040000000000000000e+02 -9.000000000000000000e+00
1.200800000000000000e+04 2.508000000000000000e+03 1.038400000000000000e+04 -4.736000000000000000e+03 -6.300000000000000000e+01 -3.130000000000000000e+02
1.170000000000000000e+04 2.404000000000000000e+03 9.852000000000000000e+03 -4.752000000000000000e+03 -5.300000000000000000e+01 -7.780000000000000000e+02
1.119600000000000000e+04 2.252000000000000000e+03 9.748000000000000000e+03 -4.720000000000000000e+03 -9.100000000000000000e+01 -1.083000000000000000e+03
1.124800000000000000e+04 2.228000000000000000e+03 1.006000000000000000e+04 -4.752000000000000000e+03 -1.050000000000000000e+02 -1.096000000000000000e+03
1.142800000000000000e+04 2.284000000000000000e+03 1.044400000000000000e+04 -4.768000000000000000e+03 -2.030000000000000000e+02 -9.990000000000000000e+02
1.186000000000000000e+04 2.188000000000000000e+03 1.088400000000000000e+04 -4.752000000000000000e+03 -2.420000000000000000e+02 -9.490000000000000000e+02
1.234800000000000000e+04 2.236000000000000000e+03 1.079200000000000000e+04 -4.736000000000000000e+03 -2.600000000000000000e+02 -8.590000000000000000e+02
1.246400000000000000e+04 2.376000000000000000e+03 1.036800000000000000e+04 -4.752000000000000000e+03 -2.410000000000000000e+02 -7.990000000000000000e+02
1.215600000000000000e+04 2.172000000000000000e+03 9.856000000000000000e+03 -4.768000000000000000e+03 -2.150000000000000000e+02 -9.000000000000000000e+02
1.180400000000000000e+04 2.016000000000000000e+03 9.256000000000000000e+03 -4.736000000000000000e+03 -2.000000000000000000e+02 -9.780000000000000000e+02
1.176000000000000000e+04 1.708000000000000000e+03 9.028000000000000000e+03 -4.752000000000000000e+03 -2.020000000000000000e+02 -9.550000000000000000e+02
1.214800000000000000e+04 1.996000000000000000e+03 9.304000000000000000e+03 -4.736000000000000000e+03 -1.460000000000000000e+02 -8.770000000000000000e+02
1.244000000000000000e+04 2.132000000000000000e+03 9.640000000000000000e+03 -4.752000000000000000e+03 -1.670000000000000000e+02 -5.820000000000000000e+02
1.277200000000000000e+04 2.172000000000000000e+03 9.144000000000000000e+03 -4.784000000000000000e+03 -1.930000000000000000e+02 -2.480000000000000000e+02
1.273200000000000000e+04 2.212000000000000000e+03 9.092000000000000000e+03 -4.768000000000000000e+03 -2.150000000000000000e+02 -5.000000000000000000e+00
1.258000000000000000e+04 2.080000000000000000e+03 9.244000000000000000e+03 -4.752000000000000000e+03 -1.970000000000000000e+02 1.710000000000000000e+02
1.277600000000000000e+04 1.996000000000000000e+03 8.924000000000000000e+03 -4.736000000000000000e+03 -1.960000000000000000e+02 4.150000000000000000e+02
1.235200000000000000e+04 1.964000000000000000e+03 8.876000000000000000e+03 -4.752000000000000000e+03 -2.610000000000000000e+02 6.510000000000000000e+02
1.252400000000000000e+04 1.888000000000000000e+03 9.072000000000000000e+03 -4.720000000000000000e+03 -2.580000000000000000e+02 6.610000000000000000e+02
1.263200000000000000e+04 2.036000000000000000e+03 9.160000000000000000e+03 -4.768000000000000000e+03 -2.710000000000000000e+02 6.580000000000000000e+02
1.272800000000000000e+04 2.156000000000000000e+03 9.260000000000000000e+03 -4.736000000000000000e+03 -3.270000000000000000e+02 5.620000000000000000e+02
1.247200000000000000e+04 2.256000000000000000e+03 9.316000000000000000e+03 -4.752000000000000000e+03 -3.820000000000000000e+02 2.460000000000000000e+02
1.276800000000000000e+04 2.492000000000000000e+03 9.800000000000000000e+03 -4.704000000000000000e+03 -3.650000000000000000e+02 -1.240000000000000000e+02
1.346000000000000000e+04 2.568000000000000000e+03 1.008400000000000000e+04 -4.720000000000000000e+03 -3.520000000000000000e+02 -4.020000000000000000e+02
1.321600000000000000e+04 2.472000000000000000e+03 9.632000000000000000e+03 -4.784000000000000000e+03 -4.090000000000000000e+02 -9.100000000000000000e+01
1.254400000000000000e+04 2.128000000000000000e+03 9.124000000000000000e+03 -4.720000000000000000e+03 -3.270000000000000000e+02 -2.770000000000000000e+02
1.221200000000000000e+04 2.060000000000000000e+03 9.084000000000000000e+03 -4.736000000000000000e+03 -3.690000000000000000e+02 -2.900000000000000000e+02
1.073600000000000000e+04 1.776000000000000000e+03 7.904000000000000000e+03 -4.688000000000000000e+03 -2.440000000000000000e+02 -4.270000000000000000e+02
9.804000000000000000e+03 1.704000000000000000e+03 6.724000000000000000e+03 -4.704000000000000000e+03 5.800000000000000000e+01 -6.320000000000000000e+02
8.704000000000000000e+03 1.632000000000000000e+03 6.060000000000000000e+03 -4.752000000000000000e+03 1.730000000000000000e+02 -1.253000000000000000e+03
7.672000000000000000e+03 8.280000000000000000e+02 3.712000000000000000e+03 -4.704000000000000000e+03 -9.300000000000000000e+01 -1.613000000000000000e+03
8.504000000000000000e+03 1.008000000000000000e+03 5.992000000000000000e+03 -4.720000000000000000e+03 -4.900000000000000000e+01 -2.203000000000000000e+03
1.236000000000000000e+04 2.156000000000000000e+03 1.099600000000000000e+04 -4.752000000000000000e+03 2.400000000000000000e+02 -3.055000000000000000e+03
1.638800000000000000e+04 3.048000000000000000e+03 1.383200000000000000e+04 -4.752000000000000000e+03 1.240000000000000000e+02 -3.683000000000000000e+03
1.890800000000000000e+04 3.344000000000000000e+03 1.410400000000000000e+04 -4.752000000000000000e+03 -3.400000000000000000e+02 -4.028000000000000000e+03
2.083600000000000000e+04 4.084000000000000000e+03 1.681200000000000000e+04 -4.752000000000000000e+03 -9.700000000000000000e+01 -3.545000000000000000e+03
2.456400000000000000e+04 5.528000000000000000e+03 2.012000000000000000e+04 -4.704000000000000000e+03 3.830000000000000000e+02 -3.890000000000000000e+03
2.510800000000000000e+04 4.860000000000000000e+03 1.729200000000000000e+04 -4.752000000000000000e+03 1.340000000000000000e+02 -3.667000000000000000e+03
2.240400000000000000e+04 2.888000000000000000e+03 1.142400000000000000e+04 -4.720000000000000000e+03 -1.380000000000000000e+02 -3.497000000000000000e+03
2.045200000000000000e+04 3.556000000000000000e+03 1.161200000000000000e+04 -4.752000000000000000e+03 -1.480000000000000000e+02 -3.629000000000000000e+03
1.797600000000000000e+04 2.220000000000000000e+03 8.132000000000000000e+03 -4.720000000000000000e+03 -1.050000000000000000e+02 -3.385000000000000000e+03
1.484000000000000000e+04 1.952000000000000000e+03 4.448000000000000000e+03 -4.752000000000000000e+03 -1.200000000000000000e+01 -3.389000000000000000e+03
1.181200000000000000e+04 1.652000000000000000e+03 2.780000000000000000e+03 -4.784000000000000000e+03 -7.100000000000000000e+01 -3.331000000000000000e+03
1.034800000000000000e+04 1.656000000000000000e+03 3.208000000000000000e+03 -4.752000000000000000e+03 -1.970000000000000000e+02 -3.611000000000000000e+03
1.078800000000000000e+04 1.768000000000000000e+03 2.772000000000000000e+03 -4.736000000000000000e+03 -3.230000000000000000e+02 -3.405000000000000000e+03
1.081200000000000000e+04 1.488000000000000000e+03 2.828000000000000000e+03 -4.752000000000000000e+03 -2.710000000000000000e+02 -3.296000000000000000e+03
1.064400000000000000e+04 1.656000000000000000e+03 3.600000000000000000e+03 -4.768000000000000000e+03 -1.930000000000000000e+02 -3.092000000000000000e+03
1.070000000000000000e+04 1.612000000000000000e+03 3.576000000000000000e+03 -4.736000000000000000e+03 -2.270000000000000000e+02 -3.026000000000000000e+03
1.179200000000000000e+04 1.764000000000000000e+03 3.148000000000000000e+03 -4.736000000000000000e+03 -4.100000000000000000e+02 -2.692000000000000000e+03
1.188800000000000000e+04 2.004000000000000000e+03 4.236000000000000000e+03 -4.736000000000000000e+03 -3.500000000000000000e+02 -3.227000000000000000e+03
1.155600000000000000e+04 2.088000000000000000e+03 4.468000000000000000e+03 -4.752000000000000000e+03 -1.510000000000000000e+02 -3.074000000000000000e+03
7.864000000000000000e+03 1.120000000000000000e+03 2.200000000000000000e+03 -4.736000000000000000e+03 6.700000000000000000e+01 -2.141000000000000000e+03
4.292000000000000000e+03 1.120000000000000000e+02 2.320000000000000000e+02 -4.752000000000000000e+03 -1.230000000000000000e+02 -2.918000000000000000e+03
4.376000000000000000e+03 -6.000000000000000000e+01 8.400000000000000000e+01 -4.768000000000000000e+03 -1.230000000000000000e+02 -2.113000000000000000e+03
8.304000000000000000e+03 6.080000000000000000e+02 2.388000000000000000e+03 -4.720000000000000000e+03 -1.640000000000000000e+02 -1.728000000000000000e+03
1.067200000000000000e+04 6.080000000000000000e+02 2.284000000000000000e+03 -4.736000000000000000e+03 -1.910000000000000000e+02 -1.446000000000000000e+03
1.058000000000000000e+04 8.760000000000000000e+02 1.636000000000000000e+03 -4.752000000000000000e+03 -7.800000000000000000e+01 -1.252000000000000000e+03
1.156400000000000000e+04 8.400000000000000000e+02 2.348000000000000000e+03 -4.736000000000000000e+03 -1.780000000000000000e+02 -5.400000000000000000e+02
1.307600000000000000e+04 -2.120000000000000000e+02 2.852000000000000000e+03 -4.736000000000000000e+03 -7.500000000000000000e+01 -3.560000000000000000e+02
1.347200000000000000e+04 4.400000000000000000e+02 2.080000000000000000e+03 -4.736000000000000000e+03 -4.900000000000000000e+01 -4.830000000000000000e+02
1.459200000000000000e+04 1.424000000000000000e+03 1.132000000000000000e+03 -4.752000000000000000e+03 4.800000000000000000e+01 3.590000000000000000e+02
1.507200000000000000e+04 1.620000000000000000e+03 2.360000000000000000e+03 -4.720000000000000000e+03 -1.320000000000000000e+02 8.200000000000000000e+02
1.592800000000000000e+04 8.680000000000000000e+02 1.952000000000000000e+03 -4.768000000000000000e+03 -9.600000000000000000e+01 -8.790000000000000000e+02
1.836800000000000000e+04 8.440000000000000000e+02 1.112000000000000000e+03 -4.720000000000000000e+03 2.340000000000000000e+02 2.100000000000000000e+02
2.240400000000000000e+04 1.320000000000000000e+03 1.480000000000000000e+03 -4.736000000000000000e+03 -1.000000000000000000e+01 1.430000000000000000e+02
2.277200000000000000e+04 3.012000000000000000e+03 3.748000000000000000e+03 -4.752000000000000000e+03 -2.220000000000000000e+02 -3.230000000000000000e+02
2.098000000000000000e+04 2.656000000000000000e+03 5.756000000000000000e+03 -4.736000000000000000e+03 -1.209000000000000000e+03 -1.163000000000000000e+03
2.206800000000000000e+04 2.236000000000000000e+03 4.300000000000000000e+03 -4.704000000000000000e+03 -6.160000000000000000e+02 -5.140000000000000000e+02
2.409200000000000000e+04 3.024000000000000000e+03 3.704000000000000000e+03 -4.736000000000000000e+03 3.590000000000000000e+02 1.523000000000000000e+03
3.176000000000000000e+04 6.852000000000000000e+03 1.465200000000000000e+04 -4.720000000000000000e+03 -3.960000000000000000e+02 7.320000000000000000e+02
2.055600000000000000e+04 3.156000000000000000e+03 3.528000000000000000e+03 -4.752000000000000000e+03 -4.470000000000000000e+02 1.600000000000000000e+02
