1.615600000000000000e+04 4.640000000000000000e+02 4.108000000000000000e+03 -4.480000000000000000e+03 -2.380000000000000000e+02 -2.250000000000000000e+02
1.609600000000000000e+04 4.240000000000000000e+02 4.124000000000000000e+03 -4.432000000000000000e+03 -1.920000000000000000e+02 -1.700000000000000000e+02
1.590000000000000000e+04 4.280000000000000000e+02 4.000000000000000000e+03 -4.448000000000000000e+03 -1.910000000000000000e+02 -6.100000000000000000e+01
1.564800000000000000e+04 3.640000000000000000e+02 3.832000000000000000e+03 -4.448000000000000000e+03 -1.740000000000000000e+02 5.200000000000000000e+01
1.562800000000000000e+04 2.920000000000000000e+02 4.048000000000000000e+03 -4.464000000000000000e+03 -1.790000000000000000e+02 1.150000000000000000e+02
1.582000000000000000e+04 3.120000000000000000e+02 3.888000000000000000e+03 -4.448000000000000000e+03 -1.530000000000000000e+02 1.530000000000000000e+02
1.569600000000000000e+04 3.760000000000000000e+02 3.860000000000000000e+03 -4.416000000000000000e+03 -1.570000000000000000e+02 2.300000000000000000e+02
1.586800000000000000e+04 4.320000000000000000e+02 4.044000000000000000e+03 -4.480000000000000000e+03 -1.070000000000000000e+02 2.250000000000000000e+02
1.576000000000000000e+04 4.880000000000000000e+02 3.836000000000000000e+03 -4.464000000000000000e+03 -1.320000000000000000e+02 2.370000000000000000e+02
1.610400000000000000e+04 5.520000000000000000e+02 3.984000000000000000e+03 -4.448000000000000000e+03 -1.360000000000000000e+02 1.500000000000000000e+02
1.604800000000000000e+04 3.920000000000000000e+02 4.016000000000000000e+03 -4.448000000000000000e+03 -1.270000000000000000e+02 1.800000000000000000e+01
1.624400000000000000e+04 4.960000000000000000e+02 4.348000000000000000e+03 -4.448000000000000000e+03 -1.210000000000000000e+02 -4.600000000000000000e+01
1.607200000000000000e+04 5.320000000000000000e+02 3.968000000000000000e+03 -4.432000000000000000e+03 -1.090000000000000000e+02 -1.370000000000000000e+02
1.600000000000000000e+04 3.880000000000000000e+02 3.676000000000000000e+03 -4.464000000000000000e+03 -7.000000000000000000e+01 -1.670000000000000000e+02
1.570800000000000000e+04 3.640000000000000000e+02 3.812000000000000000e+03 -4.448000000000000000e+03 -1.270000000000000000e+02 -1.650000000000000000e+02
1.552400000000000000e+04 5.680000000000000000e+02 4.212000000000000000e+03 -4.432000000000000000e+03 -1.110000000000000000e+02 -5.500000000000000000e+01
1.583200000000000000e+04 5.040000000000000000e+02 4.232000000000000000e+03 -4.464000000000000000e+03 -9.900000000000000000e+01 -1.600000000000000000e+01
1.614400000000000000e+04 5.560000000000000000e+02 3.752000000000000000e+03 -4.432000000000000000e+03 -7.600000000000000000e+01 1.730000000000000000e+02
1.610800000000000000e+04 5.120000000000000000e+02 3.816000000000000000e+03 -4.432000000000000000e+03 -8.100000000000000000e+01 3.660000000000000000e+02
1.602400000000000000e+04 6.000000000000000000e+02 3.844000000000000000e+03 -4.432000000000000000e+03 -5.700000000000000000e+01 6.290000000000000000e+02
1.623200000000000000e+04 5.720000000000000000e+02 4.112000000000000000e+03 -4.448000000000000000e+03 -7.100000000000000000e+01 8.210000000000000000e+02
1.610000000000000000e+04 7.680000000000000000e+02 3.876000000000000000e+03 -4.448000000000000000e+03 -8.600000000000000000e+01 9.070000000000000000e+02
1.611600000000000000e+04 6.440000000000000000e+02 4.264000000000000000e+03 -4.464000000000000000e+03 -1.190000000000000000e+02 9.040000000000000000e+02
1.586800000000000000e+04 7.200000000000000000e+02 4.188000000000000000e+03 -4.464000000000000000e+03 -1.200000000000000000e+02 8.310000000000000000e+02
1.588000000000000000e+04 7.520000000000000000e+02 4.400000000000000000e+03 -4.432000000000000000e+03 -1.160000000000000000e+02 5.750000000000000000e+02
1.572800000000000000e+04 7.280000000000000000e+02 4.584000000000000000e+03 -4.432000000000000000e+03 -1.820000000000000000e+02 -7.500000000000000000e+02
1.540800000000000000e+04 7.680000000000000000e+02 4.904000000000000000e+03 -4.432000000000000000e+03 -3.470000000000000000e+02 -1.341000000000000000e+03
1.477600000000000000e+04 7.640000000000000000e+02 5.328000000000000000e+03 -4.464000000000000000e+03 -2.580000000000000000e+02 -4.440000000000000000e+02
1.420800000000000000e+04 8.720000000000000000e+02 3.252000000000000000e+03 -4.464000000000000000e+03 -1.670000000000000000e+02 -1.489000000000000000e+03
1.330400000000000000e+04 6.960000000000000000e+02 1.000000000000000000e+03 -4.432000000000000000e+03 -1.400000000000000000e+02 -8.500000000000000000e+02
8.096000000000000000e+03 1.280000000000000000e+02 -1.080000000000000000e+02 -4.448000000000000000e+03 -6.900000000000000000e+01 -1.037000000000000000e+03
7.356000000000000000e+03 4.960000000000000000e+02 5.600000000000000000e+02 -4.432000000000000000e+03 7.150000000000000000e+02 -1.206000000000000000e+03
7.772000000000000000e+03 3.520000000000000000e+02 2.800000000000000000e+02 -4.432000000000000000e+03 -2.240000000000000000e+02 -2.803000000000000000e+03
1.412000000000000000e+04 1.520000000000000000e+02 2.148400000000000000e+04 -4.432000000000000000e+03 5.300000000000000000e+01 -1.703000000000000000e+03
2.396800000000000000e+04 2.360000000000000000e+03 1.210400000000000000e+04 -4.448000000000000000e+03 6.770000000000000000e+02 -1.177000000000000000e+03
3.276700000000000000e+04 2.488000000000000000e+03 6.096000000000000000e+03 -4.432000000000000000e+03 -5.120000000000000000e+02 -1.015000000000000000e+03
3.276700000000000000e+04 1.080000000000000000e+03 7.024000000000000000e+03 -4.416000000000000000e+03 3.110000000000000000e+02 -6.780000000000000000e+02
3.276700000000000000e+04 1.012000000000000000e+03 6.988000000000000000e+03 -4.448000000000000000e+03 -1.450000000000000000e+02 -4.070000000000000000e+02
3.276700000000000000e+04 2.328000000000000000e+03 -9.680000000000000000e+02 -4.448000000000000000e+03 -2.980000000000000000e+02 -8.130000000000000000e+02
2.980800000000000000e+04 -5.920000000000000000e+02 -1.844000000000000000e+03 -4.432000000000000000e+03 5.160000000000000000e+02 5.180000000000000000e+02
2.095600000000000000e+04 -6.040000000000000000e+02 -3.000000000000000000e+02 -4.464000000000000000e+03 3.350000000000000000e+02 1.200000000000000000e+01
1.158000000000000000e+04 -8.400000000000000000e+01 -4.596000000000000000e+03 -4.432000000000000000e+03 6.600000000000000000e+01 -5.400000000000000000e+02
1.253200000000000000e+04 -6.680000000000000000e+02 -2.576000000000000000e+03 -4.464000000000000000e+03 2.260000000000000000e+02 -1.570000000000000000e+03
4.372000000000000000e+03 7.080000000000000000e+02 -2.212000000000000000e+03 -4.480000000000000000e+03 3.860000000000000000e+02 -1.388000000000000000e+03
1.676000000000000000e+03 -5.400000000000000000e+02 4.560000000000000000e+02 -4.464000000000000000e+03 3.830000000000000000e+02 -2.328000000000000000e+03
9.320000000000000000e+02 1.440000000000000000e+02 -4.400000000000000000e+02 -4.432000000000000000e+03 2.780000000000000000e+02 -1.020000000000000000e+03
2.436000000000000000e+03 1.040000000000000000e+02 -1.292000000000000000e+03 -4.464000000000000000e+03 8.410000000000000000e+02 2.090000000000000000e+02
3.844000000000000000e+03 -3.440000000000000000e+02 -2.432000000000000000e+03 -4.416000000000000000e+03 3.860000000000000000e+02 6.830000000000000000e+02
7.604000000000000000e+03 -4.720000000000000000e+02 5.268000000000000000e+03 -4.432000000000000000e+03 6.000000000000000000e+00 3.380000000000000000e+02
7.264000000000000000e+03 1.876000000000000000e+03 3.592000000000000000e+03 -4.432000000000000000e+03 2.330000000000000000e+02 1.037000000000000000e+03
2.102400000000000000e+04 2.652000000000000000e+03 7.180000000000000000e+03 -4.464000000000000000e+03 2.790000000000000000e+02 1.216000000000000000e+03
2.270800000000000000e+04 2.140000000000000000e+03 6.700000000000000000e+03 -4.480000000000000000e+03 -1.150000000000000000e+02 1.538000000000000000e+03
2.244000000000000000e+04 2.280000000000000000e+03 5.592000000000000000e+03 -4.400000000000000000e+03 -3.870000000000000000e+02 1.288000000000000000e+03
2.396400000000000000e+04 1.344000000000000000e+03 6.516000000000000000e+03 -4.480000000000000000e+03 -3.080000000000000000e+02 9.580000000000000000e+02
1.945200000000000000e+04 1.112000000000000000e+03 5.812000000000000000e+03 -4.480000000000000000e+03 -2.990000000000000000e+02 8.310000000000000000e+02
1.522000000000000000e+04 1.120000000000000000e+03 3.912000000000000000e+03 -4.416000000000000000e+03 -3.260000000000000000e+02 3.780000000000000000e+02
8.976000000000000000e+03 2.840000000000000000e+02 2.608000000000000000e+03 -4.464000000000000000e+03 -2.890000000000000000e+02 1.025000000000000000e+03
6.392000000000000000e+03 -3.600000000000000000e+01 4.840000000000000000e+02 -4.448000000000000000e+03 4.200000000000000000e+01 8.900000000000000000e+02
4.484000000000000000e+03 -2.360000000000000000e+02 -4.880000000000000000e+02 -4.464000000000000000e+03 -2.740000000000000000e+02 1.023000000000000000e+03
2.692000000000000000e+03 -4.520000000000000000e+02 -1.108000000000000000e+03 -4.432000000000000000e+03 -6.900000000000000000e+01 1.109000000000000000e+03
4.508000000000000000e+03 -1.108000000000000000e+03 -3.880000000000000000e+02 -4.464000000000000000e+03 -3.010000000000000000e+02 1.012000000000000000e+03
5.912000000000000000e+03 -5.040000000000000000e+02 -7.000000000000000000e+02 -4.464000000000000000e+03 -3.440000000000000000e+02 1.617000000000000000e+03
1.077600000000000000e+04 -3.320000000000000000e+02 1.636000000000000000e+03 -4.464000000000000000e+03 -2.740000000000000000e+02 2.469000000000000000e+03
1.631200000000000000e+04 -4.960000000000000000e+02 4.928000000000000000e+03 -4.464000000000000000e+03 -3.190000000000000000e+02 2.549000000000000000e+03
1.944800000000000000e+04 6.800000000000000000e+02 4.680000000000000000e+03 -4.480000000000000000e+03 -6.290000000000000000e+02 2.565000000000000000e+03
1.845600000000000000e+04 6.440000000000000000e+02 1.468000000000000000e+03 -4.432000000000000000e+03 -7.130000000000000000e+02 1.973000000000000000e+03
1.771200000000000000e+04 -1.012000000000000000e+03 4.920000000000000000e+03 -4.464000000000000000e+03 -6.170000000000000000e+02 1.927000000000000000e+03
2.176400000000000000e+04 8.760000000000000000e+02 7.672000000000000000e+03 -4.448000000000000000e+03 -4.680000000000000000e+02 1.442000000000000000e+03
1.978000000000000000e+04 1.544000000000000000e+03 8.664000000000000000e+03 -4.416000000000000000e+03 -5.940000000000000000e+02 1.450000000000000000e+02
2.117200000000000000e+04 2.212000000000000000e+03 7.192000000000000000e+03 -4.448000000000000000e+03 -9.340000000000000000e+02 5.900000000000000000e+02
1.962000000000000000e+04 1.192000000000000000e+03 3.220000000000000000e+03 -4.464000000000000000e+03 -7.730000000000000000e+02 8.460000000000000000e+02
2.000400000000000000e+04 3.440000000000000000e+02 3.088000000000000000e+03 -4.448000000000000000e+03 -4.620000000000000000e+02 9.700000000000000000e+02
1.970800000000000000e+04 1.200000000000000000e+03 4.920000000000000000e+03 -4.496000000000000000e+03 -4.930000000000000000e+02 1.034000000000000000e+03
1.998400000000000000e+04 1.672000000000000000e+03 5.476000000000000000e+03 -4.464000000000000000e+03 -9.700000000000000000e+01 2.460000000000000000e+03
1.983200000000000000e+04 1.728000000000000000e+03 4.988000000000000000e+03 -4.464000000000000000e+03 -9.450000000000000000e+02 9.220000000000000000e+02
2.140400000000000000e+04 1.392000000000000000e+03 1.255600000000000000e+04 -4.480000000000000000e+03 -6.960000000000000000e+02 1.482000000000000000e+03
2.113200000000000000e+04 2.852000000000000000e+03 7.100000000000000000e+03 -4.448000000000000000e+03 -6.940000000000000000e+02 1.816000000000000000e+03
1.832400000000000000e+04 1.672000000000000000e+03 3.060000000000000000e+03 -4.464000000000000000e+03 1.920000000000000000e+02 2.174000000000000000e+03
1.421200000000000000e+04 1.144000000000000000e+03 2.560000000000000000e+03 -4.432000000000000000e+03 -4.600000000000000000e+02 2.111000000000000000e+03
1.448000000000000000e+04 1.428000000000000000e+03 1.420000000000000000e+03 -4.464000000000000000e+03 -3.290000000000000000e+02 2.366000000000000000e+03
1.386400000000000000e+04 5.852000000000000000e+03 3.572000000000000000e+03 -4.448000000000000000e+03 -3.450000000000000000e+02 2.473000000000000000e+03
