1.756000000000000000e+04 2.444000000000000000e+03 3.300000000000000000e+03 -3.470000000000000000e+02 -1.555000000000000000e+03 -1.597000000000000000e+03
1.622800000000000000e+04 2.188000000000000000e+03 -4.816000000000000000e+03 -4.832000000000000000e+03 -2.190000000000000000e+02 -1.885000000000000000e+03
1.584000000000000000e+03 1.104000000000000000e+03 1.080000000000000000e+02 -4.848000000000000000e+03 -1.280000000000000000e+02 -1.738000000000000000e+03
1.482000000000000000e+04 1.588000000000000000e+03 1.192000000000000000e+03 -4.864000000000000000e+03 -1.460000000000000000e+02 -1.689000000000000000e+03
1.638400000000000000e+04 1.876000000000000000e+03 7.600000000000000000e+02 -4.880000000000000000e+03 -9.000000000000000000e+01 -9.980000000000000000e+02
1.696800000000000000e+04 1.864000000000000000e+03 1.600000000000000000e+02 -4.848000000000000000e+03 -6.800000000000000000e+01 -1.277000000000000000e+03
1.665200000000000000e+04 1.748000000000000000e+03 -3.200000000000000000e+01 -4.832000000000000000e+03 -7.800000000000000000e+01 -1.344000000000000000e+03
1.710400000000000000e+04 1.696000000000000000e+03 -1.080000000000000000e+02 -4.816000000000000000e+03 -1.140000000000000000e+02 -9.240000000000000000e+02
1.756000000000000000e+04 1.772000000000000000e+03 1.720000000000000000e+02 -4.848000000000000000e+03 -7.100000000000000000e+01 -5.690000000000000000e+02
1.738000000000000000e+04 1.764000000000000000e+03 2.400000000000000000e+01 -4.832000000000000000e+03 -1.730000000000000000e+02 -2.780000000000000000e+02
1.685200000000000000e+04 1.580000000000000000e+03 1.680000000000000000e+02 -4.832000000000000000e+03 -1.990000000000000000e+02 7.900000000000000000e+01
1.704800000000000000e+04 1.432000000000000000e+03 4.000000000000000000e+01 -4.880000000000000000e+03 -2.750000000000000000e+02 3.370000000000000000e+02
1.734800000000000000e+04 1.552000000000000000e+03 3.000000000000000000e+02 -4.800000000000000000e+03 -3.470000000000000000e+02 8.850000000000000000e+02
1.762800000000000000e+04 1.688000000000000000e+03 -4.400000000000000000e+01 -4.848000000000000000e+03 -4.000000000000000000e+02 1.200000000000000000e+03
1.698000000000000000e+04 1.568000000000000000e+03 -4.800000000000000000e+01 -4.848000000000000000e+03 -4.290000000000000000e+02 1.460000000000000000e+03
1.627200000000000000e+04 1.748000000000000000e+03 -1.760000000000000000e+02 -4.864000000000000000e+03 -4.490000000000000000e+02 1.484000000000000000e+03
1.638000000000000000e+04 1.888000000000000000e+03 3.920000000000000000e+02 -4.832000000000000000e+03 -4.600000000000000000e+02 1.356000000000000000e+03
1.649600000000000000e+04 2.104000000000000000e+03 4.000000000000000000e+02 -4.816000000000000000e+03 -4.610000000000000000e+02 1.118000000000000000e+03
1.669600000000000000e+04 2.208000000000000000e+03 4.640000000000000000e+02 -4.880000000000000000e+03 -4.730000000000000000e+02 7.760000000000000000e+02
1.662000000000000000e+04 2.036000000000000000e+03 4.360000000000000000e+02 -4.864000000000000000e+03 -4.290000000000000000e+02 5.220000000000000000e+02
1.669600000000000000e+04 2.016000000000000000e+03 8.720000000000000000e+02 -4.848000000000000000e+03 -4.110000000000000000e+02 5.740000000000000000e+02
1.705600000000000000e+04 1.960000000000000000e+03 8.440000000000000000e+02 -4.816000000000000000e+03 -4.140000000000000000e+02 4.170000000000000000e+02
1.694000000000000000e+04 1.848000000000000000e+03 1.132000000000000000e+03 -4.880000000000000000e+03 -4.370000000000000000e+02 3.160000000000000000e+02
1.729200000000000000e+04 1.900000000000000000e+03 1.264000000000000000e+03 -4.864000000000000000e+03 -4.630000000000000000e+02 2.250000000000000000e+02
1.701200000000000000e+04 2.004000000000000000e+03 1.168000000000000000e+03 -4.864000000000000000e+03 -4.590000000000000000e+02 1.620000000000000000e+02
1.665200000000000000e+04 2.008000000000000000e+03 1.192000000000000000e+03 -4.848000000000000000e+03 -4.490000000000000000e+02 -8.600000000000000000e+01
1.594400000000000000e+04 1.840000000000000000e+03 1.124000000000000000e+03 -4.816000000000000000e+03 -4.070000000000000000e+02 -3.190000000000000000e+02
1.587200000000000000e+04 1.892000000000000000e+03 1.264000000000000000e+03 -4.848000000000000000e+03 -4.120000000000000000e+02 -4.250000000000000000e+02
1.618000000000000000e+04 1.964000000000000000e+03 1.080000000000000000e+03 -4.832000000000000000e+03 -4.080000000000000000e+02 -8.530000000000000000e+02
1.572000000000000000e+04 1.932000000000000000e+03 7.160000000000000000e+02 -4.848000000000000000e+03 -3.910000000000000000e+02 -4.700000000000000000e+02
1.374800000000000000e+04 1.800000000000000000e+03 -5.600000000000000000e+02 -4.848000000000000000e+03 -2.760000000000000000e+02 -3.490000000000000000e+02
1.043200000000000000e+04 1.344000000000000000e+03 -1.360000000000000000e+03 -4.864000000000000000e+03 -2.140000000000000000e+02 1.060000000000000000e+02
9.548000000000000000e+03 1.416000000000000000e+03 -1.224000000000000000e+03 -4.864000000000000000e+03 -2.840000000000000000e+02 1.448000000000000000e+03
1.015600000000000000e+04 1.360000000000000000e+03 -1.552000000000000000e+03 -4.816000000000000000e+03 -3.240000000000000000e+02 2.050000000000000000e+02
1.248400000000000000e+04 1.044000000000000000e+03 5.416000000000000000e+03 -4.864000000000000000e+03 -5.550000000000000000e+02 -2.500000000000000000e+01
1.771200000000000000e+04 3.156000000000000000e+03 3.812000000000000000e+03 -4.832000000000000000e+03 -4.540000000000000000e+02 6.160000000000000000e+02
2.120800000000000000e+04 2.924000000000000000e+03 2.880000000000000000e+02 -4.832000000000000000e+03 -3.670000000000000000e+02 1.330000000000000000e+02
2.253600000000000000e+04 2.124000000000000000e+03 1.220000000000000000e+03 -4.864000000000000000e+03 -4.010000000000000000e+02 -5.110000000000000000e+02
2.590400000000000000e+04 2.120000000000000000e+03 4.672000000000000000e+03 -4.848000000000000000e+03 -4.520000000000000000e+02 -1.363000000000000000e+03
3.083200000000000000e+04 2.752000000000000000e+03 3.644000000000000000e+03 -4.832000000000000000e+03 -3.490000000000000000e+02 -1.020000000000000000e+03
3.276700000000000000e+04 3.384000000000000000e+03 2.896000000000000000e+03 -4.864000000000000000e+03 -2.420000000000000000e+02 -5.560000000000000000e+02
3.276700000000000000e+04 3.736000000000000000e+03 -6.600000000000000000e+02 -4.832000000000000000e+03 2.240000000000000000e+02 2.910000000000000000e+02
3.276700000000000000e+04 3.552000000000000000e+03 -1.556000000000000000e+03 -4.848000000000000000e+03 1.100000000000000000e+02 3.850000000000000000e+02
3.254000000000000000e+04 2.816000000000000000e+03 -4.532000000000000000e+03 -4.880000000000000000e+03 7.000000000000000000e+00 5.490000000000000000e+02
2.430800000000000000e+04 1.580000000000000000e+03 -3.908000000000000000e+03 -4.816000000000000000e+03 2.390000000000000000e+02 1.480000000000000000e+02
1.660000000000000000e+04 9.960000000000000000e+02 -3.272000000000000000e+03 -4.848000000000000000e+03 4.860000000000000000e+02 7.060000000000000000e+02
1.152800000000000000e+04 1.124000000000000000e+03 -3.520000000000000000e+03 -4.832000000000000000e+03 3.300000000000000000e+02 -2.110000000000000000e+02
6.660000000000000000e+03 1.960000000000000000e+02 -2.480000000000000000e+03 -4.848000000000000000e+03 3.240000000000000000e+02 -1.349000000000000000e+03
3.064000000000000000e+03 1.080000000000000000e+02 -3.160000000000000000e+02 -4.816000000000000000e+03 5.970000000000000000e+02 -6.660000000000000000e+02
1.544000000000000000e+03 5.800000000000000000e+02 9.000000000000000000e+02 -4.848000000000000000e+03 5.880000000000000000e+02 -3.928000000000000000e+03
6.080000000000000000e+02 1.840000000000000000e+02 6.880000000000000000e+02 -4.864000000000000000e+03 3.140000000000000000e+02 8.920000000000000000e+02
-1.080000000000000000e+02 7.320000000000000000e+02 -1.264000000000000000e+03 -4.848000000000000000e+03 4.240000000000000000e+02 -3.376000000000000000e+03
1.108000000000000000e+03 3.120000000000000000e+02 1.120000000000000000e+03 -4.832000000000000000e+03 1.337000000000000000e+03 3.188000000000000000e+03
6.732000000000000000e+03 1.224000000000000000e+03 4.292000000000000000e+03 -4.832000000000000000e+03 4.400000000000000000e+01 1.090000000000000000e+03
1.533200000000000000e+04 2.332000000000000000e+03 3.624000000000000000e+03 -4.864000000000000000e+03 7.100000000000000000e+01 5.390000000000000000e+02
2.065200000000000000e+04 3.916000000000000000e+03 3.632000000000000000e+03 -4.864000000000000000e+03 1.980000000000000000e+02 9.360000000000000000e+02
1.990800000000000000e+04 3.128000000000000000e+03 2.828000000000000000e+03 -4.864000000000000000e+03 1.640000000000000000e+02 -3.560000000000000000e+02
2.208400000000000000e+04 3.512000000000000000e+03 2.808000000000000000e+03 -4.864000000000000000e+03 5.300000000000000000e+01 -5.280000000000000000e+02
1.802000000000000000e+04 3.116000000000000000e+03 1.812000000000000000e+03 -4.848000000000000000e+03 1.200000000000000000e+01 -7.680000000000000000e+02
1.452400000000000000e+04 2.848000000000000000e+03 9.920000000000000000e+02 -4.848000000000000000e+03 1.930000000000000000e+02 -1.790000000000000000e+02
8.836000000000000000e+03 2.148000000000000000e+03 6.680000000000000000e+02 -4.832000000000000000e+03 2.350000000000000000e+02 -7.000000000000000000e+00
4.708000000000000000e+03 1.184000000000000000e+03 -2.288000000000000000e+03 -4.896000000000000000e+03 6.500000000000000000e+01 -1.990000000000000000e+02
4.612000000000000000e+03 5.400000000000000000e+02 -8.640000000000000000e+02 -4.832000000000000000e+03 -1.000000000000000000e+00 -5.290000000000000000e+02
4.340000000000000000e+03 1.336000000000000000e+03 -1.456000000000000000e+03 -4.832000000000000000e+03 1.910000000000000000e+02 3.630000000000000000e+02
1.079600000000000000e+04 2.676000000000000000e+03 -2.104000000000000000e+03 -4.848000000000000000e+03 2.650000000000000000e+02 6.380000000000000000e+02
1.080000000000000000e+04 1.860000000000000000e+03 -2.380000000000000000e+03 -4.832000000000000000e+03 -1.150000000000000000e+02 5.100000000000000000e+02
1.185200000000000000e+04 1.280000000000000000e+03 -7.600000000000000000e+02 -4.832000000000000000e+03 -2.380000000000000000e+02 2.530000000000000000e+02
1.738800000000000000e+04 2.440000000000000000e+03 -1.344000000000000000e+03 -4.848000000000000000e+03 2.220000000000000000e+02 1.108000000000000000e+03
1.794000000000000000e+04 2.796000000000000000e+03 -3.512000000000000000e+03 -4.864000000000000000e+03 9.600000000000000000e+01 8.000000000000000000e+02
1.671600000000000000e+04 1.776000000000000000e+03 -3.996000000000000000e+03 -4.848000000000000000e+03 -3.880000000000000000e+02 5.430000000000000000e+02
2.145200000000000000e+04 1.360000000000000000e+03 -1.700000000000000000e+03 -4.864000000000000000e+03 -2.460000000000000000e+02 6.180000000000000000e+02
2.506000000000000000e+04 1.728000000000000000e+03 5.360000000000000000e+02 -4.848000000000000000e+03 3.500000000000000000e+01 -3.265000000000000000e+03
2.827200000000000000e+04 4.168000000000000000e+03 -1.360000000000000000e+02 -4.832000000000000000e+03 7.220000000000000000e+02 -1.253000000000000000e+03
3.025200000000000000e+04 4.388000000000000000e+03 1.959200000000000000e+04 -4.864000000000000000e+03 3.250000000000000000e+02 -6.370000000000000000e+02
3.276700000000000000e+04 1.356800000000000000e+04 -2.824000000000000000e+03 -4.864000000000000000e+03 2.870000000000000000e+02 -9.300000000000000000e+02
2.549200000000000000e+04 3.840000000000000000e+03 -3.788000000000000000e+03 -4.848000000000000000e+03 -4.610000000000000000e+02 -4.750000000000000000e+02
1.769600000000000000e+04 1.392000000000000000e+03 -3.552000000000000000e+03 -4.848000000000000000e+03 -7.190000000000000000e+02 -4.000000000000000000e+01
1.378400000000000000e+04 4.520000000000000000e+02 4.120000000000000000e+02 -4.864000000000000000e+03 -1.760000000000000000e+02 -6.150000000000000000e+02
1.260400000000000000e+04 1.632000000000000000e+03 -1.680000000000000000e+02 -4.864000000000000000e+03 4.700000000000000000e+01 4.340000000000000000e+02
1.446800000000000000e+04 1.692000000000000000e+03 -3.800000000000000000e+02 -4.848000000000000000e+03 -5.600000000000000000e+02 7.620000000000000000e+02
1.507200000000000000e+04 1.416000000000000000e+03 1.600000000000000000e+01 -4.832000000000000000e+03 -7.580000000000000000e+02 5.190000000000000000e+02
