1.374400000000000000e+04 2.672000000000000000e+03 8.388000000000000000e+03 -4.560000000000000000e+03 -1.880000000000000000e+02 3.810000000000000000e+02
1.311200000000000000e+04 2.832000000000000000e+03 8.276000000000000000e+03 -4.576000000000000000e+03 -2.010000000000000000e+02 3.540000000000000000e+02
1.303200000000000000e+04 2.588000000000000000e+03 8.848000000000000000e+03 -4.560000000000000000e+03 -2.250000000000000000e+02 2.520000000000000000e+02
1.256400000000000000e+04 2.232000000000000000e+03 9.260000000000000000e+03 -4.576000000000000000e+03 -1.660000000000000000e+02 2.580000000000000000e+02
1.238000000000000000e+04 2.156000000000000000e+03 8.840000000000000000e+03 -4.608000000000000000e+03 -1.200000000000000000e+02 -8.700000000000000000e+01
1.250800000000000000e+04 2.124000000000000000e+03 8.548000000000000000e+03 -4.592000000000000000e+03 -1.780000000000000000e+02 1.140000000000000000e+02
1.270000000000000000e+04 2.032000000000000000e+03 9.308000000000000000e+03 -4.592000000000000000e+03 -1.230000000000000000e+02 3.080000000000000000e+02
1.274000000000000000e+04 2.196000000000000000e+03 9.128000000000000000e+03 -4.576000000000000000e+03 -1.120000000000000000e+02 4.100000000000000000e+01
1.289200000000000000e+04 2.212000000000000000e+03 8.100000000000000000e+03 -4.592000000000000000e+03 -1.850000000000000000e+02 -1.840000000000000000e+02
1.228400000000000000e+04 2.264000000000000000e+03 8.944000000000000000e+03 -4.592000000000000000e+03 -2.860000000000000000e+02 -2.600000000000000000e+02
1.232400000000000000e+04 2.148000000000000000e+03 9.368000000000000000e+03 -4.576000000000000000e+03 -3.430000000000000000e+02 -2.740000000000000000e+02
1.308000000000000000e+04 2.376000000000000000e+03 8.968000000000000000e+03 -4.560000000000000000e+03 -3.610000000000000000e+02 -1.270000000000000000e+02
1.322400000000000000e+04 2.376000000000000000e+03 8.676000000000000000e+03 -4.608000000000000000e+03 -4.040000000000000000e+02 -8.800000000000000000e+01
1.345600000000000000e+04 2.200000000000000000e+03 8.748000000000000000e+03 -4.576000000000000000e+03 -4.560000000000000000e+02 0.000000000000000000e+00
1.332400000000000000e+04 2.032000000000000000e+03 8.960000000000000000e+03 -4.576000000000000000e+03 -4.450000000000000000e+02 2.210000000000000000e+02
1.316000000000000000e+04 2.128000000000000000e+03 8.948000000000000000e+03 -4.560000000000000000e+03 -4.380000000000000000e+02 3.630000000000000000e+02
1.324000000000000000e+04 2.120000000000000000e+03 8.476000000000000000e+03 -4.576000000000000000e+03 -4.260000000000000000e+02 3.800000000000000000e+02
1.321600000000000000e+04 2.216000000000000000e+03 8.844000000000000000e+03 -4.592000000000000000e+03 -4.120000000000000000e+02 5.180000000000000000e+02
1.322800000000000000e+04 2.080000000000000000e+03 8.496000000000000000e+03 -4.592000000000000000e+03 -3.640000000000000000e+02 5.780000000000000000e+02
1.277200000000000000e+04 2.160000000000000000e+03 8.356000000000000000e+03 -4.576000000000000000e+03 -3.240000000000000000e+02 5.760000000000000000e+02
1.279600000000000000e+04 2.180000000000000000e+03 8.636000000000000000e+03 -4.592000000000000000e+03 -2.880000000000000000e+02 5.580000000000000000e+02
1.282000000000000000e+04 2.084000000000000000e+03 8.812000000000000000e+03 -4.544000000000000000e+03 -2.490000000000000000e+02 5.100000000000000000e+02
1.274400000000000000e+04 2.264000000000000000e+03 8.760000000000000000e+03 -4.592000000000000000e+03 -2.220000000000000000e+02 4.040000000000000000e+02
1.268400000000000000e+04 2.244000000000000000e+03 8.792000000000000000e+03 -4.592000000000000000e+03 -2.130000000000000000e+02 2.710000000000000000e+02
1.266400000000000000e+04 2.172000000000000000e+03 8.948000000000000000e+03 -4.576000000000000000e+03 -2.330000000000000000e+02 2.750000000000000000e+02
1.253600000000000000e+04 2.184000000000000000e+03 9.188000000000000000e+03 -4.592000000000000000e+03 -2.650000000000000000e+02 4.390000000000000000e+02
1.255600000000000000e+04 2.184000000000000000e+03 9.356000000000000000e+03 -4.608000000000000000e+03 -3.730000000000000000e+02 5.340000000000000000e+02
1.255600000000000000e+04 2.252000000000000000e+03 9.720000000000000000e+03 -4.576000000000000000e+03 -4.380000000000000000e+02 4.810000000000000000e+02
1.294400000000000000e+04 2.308000000000000000e+03 9.864000000000000000e+03 -4.560000000000000000e+03 -5.280000000000000000e+02 5.670000000000000000e+02
1.298400000000000000e+04 2.244000000000000000e+03 9.964000000000000000e+03 -4.608000000000000000e+03 -5.010000000000000000e+02 6.800000000000000000e+02
1.312800000000000000e+04 2.400000000000000000e+03 9.100000000000000000e+03 -4.592000000000000000e+03 -4.770000000000000000e+02 3.600000000000000000e+02
1.344800000000000000e+04 2.516000000000000000e+03 8.512000000000000000e+03 -4.592000000000000000e+03 -5.610000000000000000e+02 2.340000000000000000e+02
1.322400000000000000e+04 2.260000000000000000e+03 8.644000000000000000e+03 -4.576000000000000000e+03 -6.060000000000000000e+02 -4.000000000000000000e+00
1.270000000000000000e+04 2.116000000000000000e+03 7.508000000000000000e+03 -4.560000000000000000e+03 -4.930000000000000000e+02 2.360000000000000000e+02
1.217600000000000000e+04 1.996000000000000000e+03 5.464000000000000000e+03 -4.592000000000000000e+03 -2.820000000000000000e+02 4.590000000000000000e+02
1.154000000000000000e+04 1.716000000000000000e+03 3.776000000000000000e+03 -4.592000000000000000e+03 -2.400000000000000000e+01 -2.350000000000000000e+02
1.067200000000000000e+04 9.400000000000000000e+02 4.340000000000000000e+03 -4.560000000000000000e+03 -9.800000000000000000e+01 -5.660000000000000000e+02
8.756000000000000000e+03 3.920000000000000000e+02 7.192000000000000000e+03 -4.608000000000000000e+03 -2.400000000000000000e+01 -7.230000000000000000e+02
7.348000000000000000e+03 6.160000000000000000e+02 9.632000000000000000e+03 -4.560000000000000000e+03 8.300000000000000000e+01 -1.097000000000000000e+03
6.772000000000000000e+03 1.544000000000000000e+03 1.094000000000000000e+04 -4.608000000000000000e+03 2.520000000000000000e+02 -1.263000000000000000e+03
8.692000000000000000e+03 2.620000000000000000e+03 1.473200000000000000e+04 -4.544000000000000000e+03 2.810000000000000000e+02 -2.173000000000000000e+03
1.246000000000000000e+04 3.464000000000000000e+03 1.718400000000000000e+04 -4.608000000000000000e+03 5.400000000000000000e+01 -2.594000000000000000e+03
1.709600000000000000e+04 4.304000000000000000e+03 2.082000000000000000e+04 -4.560000000000000000e+03 1.800000000000000000e+01 -2.725000000000000000e+03
1.962800000000000000e+04 4.644000000000000000e+03 2.075600000000000000e+04 -4.576000000000000000e+03 2.220000000000000000e+02 -2.495000000000000000e+03
2.209600000000000000e+04 5.876000000000000000e+03 1.576400000000000000e+04 -4.608000000000000000e+03 -3.240000000000000000e+02 -1.657000000000000000e+03
2.591600000000000000e+04 5.732000000000000000e+03 1.130800000000000000e+04 -4.624000000000000000e+03 -4.420000000000000000e+02 -1.731000000000000000e+03
2.689600000000000000e+04 5.452000000000000000e+03 1.057200000000000000e+04 -4.576000000000000000e+03 -1.970000000000000000e+02 -2.371000000000000000e+03
2.687600000000000000e+04 4.192000000000000000e+03 6.212000000000000000e+03 -4.544000000000000000e+03 -1.050000000000000000e+02 -1.666000000000000000e+03
2.472000000000000000e+04 3.632000000000000000e+03 3.008000000000000000e+03 -4.608000000000000000e+03 -1.760000000000000000e+02 -2.213000000000000000e+03
2.073600000000000000e+04 2.800000000000000000e+03 2.516000000000000000e+03 -4.592000000000000000e+03 -2.070000000000000000e+02 -2.077000000000000000e+03
1.450000000000000000e+04 2.368000000000000000e+03 2.232000000000000000e+03 -4.592000000000000000e+03 -1.400000000000000000e+02 -2.094000000000000000e+03
1.058000000000000000e+04 1.456000000000000000e+03 2.680000000000000000e+03 -4.560000000000000000e+03 -1.310000000000000000e+02 -2.276000000000000000e+03
8.704000000000000000e+03 1.272000000000000000e+03 4.000000000000000000e+03 -4.608000000000000000e+03 -1.550000000000000000e+02 -2.660000000000000000e+03
8.040000000000000000e+03 7.680000000000000000e+02 4.072000000000000000e+03 -4.576000000000000000e+03 -4.490000000000000000e+02 -2.909000000000000000e+03
7.496000000000000000e+03 7.800000000000000000e+02 4.612000000000000000e+03 -4.560000000000000000e+03 -5.020000000000000000e+02 -2.046000000000000000e+03
7.736000000000000000e+03 7.160000000000000000e+02 4.272000000000000000e+03 -4.576000000000000000e+03 -3.120000000000000000e+02 -2.701000000000000000e+03
8.444000000000000000e+03 1.024000000000000000e+03 1.960000000000000000e+03 -4.576000000000000000e+03 -5.100000000000000000e+01 -2.715000000000000000e+03
8.468000000000000000e+03 5.560000000000000000e+02 1.872000000000000000e+03 -4.576000000000000000e+03 1.600000000000000000e+01 -2.769000000000000000e+03
7.684000000000000000e+03 4.000000000000000000e+02 2.768000000000000000e+03 -4.560000000000000000e+03 6.900000000000000000e+01 -3.561000000000000000e+03
5.908000000000000000e+03 5.280000000000000000e+02 3.204000000000000000e+03 -4.592000000000000000e+03 1.220000000000000000e+02 -2.572000000000000000e+03
3.412000000000000000e+03 -8.292000000000000000e+03 2.548000000000000000e+03 -4.592000000000000000e+03 2.300000000000000000e+01 -2.659000000000000000e+03
6.100000000000000000e+03 2.312000000000000000e+03 3.048000000000000000e+03 -4.576000000000000000e+03 1.740000000000000000e+02 -2.266000000000000000e+03
8.408000000000000000e+03 1.048000000000000000e+03 2.860000000000000000e+03 -4.576000000000000000e+03 1.680000000000000000e+02 -2.121000000000000000e+03
8.656000000000000000e+03 9.800000000000000000e+02 3.684000000000000000e+03 -4.592000000000000000e+03 1.040000000000000000e+02 -1.671000000000000000e+03
1.002000000000000000e+04 7.680000000000000000e+02 3.856000000000000000e+03 -4.560000000000000000e+03 -1.620000000000000000e+02 -1.591000000000000000e+03
1.120000000000000000e+04 1.780000000000000000e+03 3.144000000000000000e+03 -4.576000000000000000e+03 -7.200000000000000000e+01 -1.038000000000000000e+03
1.334800000000000000e+04 1.640000000000000000e+03 1.728000000000000000e+03 -4.592000000000000000e+03 8.600000000000000000e+01 -1.747000000000000000e+03
1.408000000000000000e+04 1.064000000000000000e+03 1.424000000000000000e+03 -4.576000000000000000e+03 2.590000000000000000e+02 -8.080000000000000000e+02
1.440800000000000000e+04 1.492000000000000000e+03 2.032000000000000000e+03 -4.592000000000000000e+03 2.930000000000000000e+02 -1.012000000000000000e+03
1.361200000000000000e+04 2.140000000000000000e+03 2.244000000000000000e+03 -4.576000000000000000e+03 1.400000000000000000e+01 -4.160000000000000000e+02
1.470800000000000000e+04 2.340000000000000000e+03 3.516000000000000000e+03 -4.592000000000000000e+03 -2.330000000000000000e+02 8.000000000000000000e+00
1.640400000000000000e+04 2.568000000000000000e+03 5.708000000000000000e+03 -4.592000000000000000e+03 9.000000000000000000e+00 6.880000000000000000e+02
1.754800000000000000e+04 2.096000000000000000e+03 7.596000000000000000e+03 -4.608000000000000000e+03 -1.448000000000000000e+03 1.076000000000000000e+03
2.035600000000000000e+04 3.276000000000000000e+03 5.868000000000000000e+03 -4.560000000000000000e+03 -5.520000000000000000e+02 1.729000000000000000e+03
2.516000000000000000e+04 3.748000000000000000e+03 1.042000000000000000e+04 -4.576000000000000000e+03 -1.430000000000000000e+02 1.773000000000000000e+03
2.591600000000000000e+04 2.164000000000000000e+03 5.340000000000000000e+03 -4.608000000000000000e+03 -3.510000000000000000e+02 2.621000000000000000e+03
2.598800000000000000e+04 4.864000000000000000e+03 3.660000000000000000e+03 -4.592000000000000000e+03 -5.260000000000000000e+02 2.656000000000000000e+03
3.001600000000000000e+04 2.900000000000000000e+03 3.452000000000000000e+03 -4.560000000000000000e+03 -7.000000000000000000e+02 2.811000000000000000e+03
1.618800000000000000e+04 3.156000000000000000e+03 3.168000000000000000e+03 -4.560000000000000000e+03 -7.010000000000000000e+02 2.278000000000000000e+03
1.756000000000000000e+04 2.500000000000000000e+03 4.852000000000000000e+03 -4.592000000000000000e+03 -6.540000000000000000e+02 2.407000000000000000e+03
