1.716400000000000000e+04 1.672000000000000000e+03 -2.776000000000000000e+03 -4.624000000000000000e+03 -1.720000000000000000e+02 -1.430000000000000000e+02
1.695600000000000000e+04 1.700000000000000000e+03 -4.140000000000000000e+02 -4.640000000000000000e+03 -2.400000000000000000e+02 1.800000000000000000e+01
-4.592000000000000000e+03 -1.220000000000000000e+02 -3.148000000000000000e+03 -4.656000000000000000e+03 -2.320000000000000000e+02 4.310000000000000000e+02
1.707600000000000000e+04 1.676000000000000000e+03 -3.432000000000000000e+03 -4.608000000000000000e+03 -2.700000000000000000e+02 5.730000000000000000e+02
1.703200000000000000e+04 1.628000000000000000e+03 -3.272000000000000000e+03 -4.624000000000000000e+03 -2.830000000000000000e+02 6.900000000000000000e+02
1.681200000000000000e+04 1.668000000000000000e+03 -3.268000000000000000e+03 -4.624000000000000000e+03 -2.860000000000000000e+02 8.220000000000000000e+02
1.671600000000000000e+04 1.836000000000000000e+03 -3.392000000000000000e+03 -4.640000000000000000e+03 -3.130000000000000000e+02 1.015000000000000000e+03
1.666000000000000000e+04 1.620000000000000000e+03 -3.192000000000000000e+03 -4.656000000000000000e+03 -3.390000000000000000e+02 1.315000000000000000e+03
1.654800000000000000e+04 1.548000000000000000e+03 -3.016000000000000000e+03 -4.592000000000000000e+03 -3.590000000000000000e+02 1.303000000000000000e+03
1.625200000000000000e+04 1.368000000000000000e+03 -3.000000000000000000e+03 -4.624000000000000000e+03 -3.880000000000000000e+02 1.426000000000000000e+03
1.649200000000000000e+04 1.468000000000000000e+03 -2.680000000000000000e+03 -4.640000000000000000e+03 -3.320000000000000000e+02 1.384000000000000000e+03
1.660400000000000000e+04 1.500000000000000000e+03 -2.596000000000000000e+03 -4.624000000000000000e+03 -3.190000000000000000e+02 1.338000000000000000e+03
1.664800000000000000e+04 1.568000000000000000e+03 -2.700000000000000000e+03 -4.640000000000000000e+03 -3.000000000000000000e+02 1.257000000000000000e+03
1.678800000000000000e+04 1.616000000000000000e+03 -2.488000000000000000e+03 -4.640000000000000000e+03 -2.720000000000000000e+02 1.078000000000000000e+03
1.655600000000000000e+04 1.588000000000000000e+03 -2.568000000000000000e+03 -4.640000000000000000e+03 -2.340000000000000000e+02 7.730000000000000000e+02
1.648400000000000000e+04 1.460000000000000000e+03 -2.204000000000000000e+03 -4.608000000000000000e+03 -2.130000000000000000e+02 4.170000000000000000e+02
1.658000000000000000e+04 1.552000000000000000e+03 -1.900000000000000000e+03 -4.640000000000000000e+03 -2.150000000000000000e+02 4.040000000000000000e+02
1.659200000000000000e+04 1.532000000000000000e+03 -2.084000000000000000e+03 -4.624000000000000000e+03 -1.180000000000000000e+02 1.070000000000000000e+02
1.662000000000000000e+04 1.476000000000000000e+03 -2.388000000000000000e+03 -4.608000000000000000e+03 -6.100000000000000000e+01 -3.690000000000000000e+02
1.689200000000000000e+04 1.388000000000000000e+03 -2.104000000000000000e+03 -4.592000000000000000e+03 -3.800000000000000000e+01 -5.680000000000000000e+02
1.702800000000000000e+04 1.392000000000000000e+03 -1.932000000000000000e+03 -4.608000000000000000e+03 -8.900000000000000000e+01 -6.770000000000000000e+02
1.711600000000000000e+04 1.696000000000000000e+03 -1.928000000000000000e+03 -4.592000000000000000e+03 -6.100000000000000000e+01 -1.179000000000000000e+03
1.662400000000000000e+04 1.760000000000000000e+03 -2.092000000000000000e+03 -4.640000000000000000e+03 -1.540000000000000000e+02 -1.216000000000000000e+03
1.659200000000000000e+04 1.728000000000000000e+03 -2.008000000000000000e+03 -4.640000000000000000e+03 -1.600000000000000000e+02 -1.185000000000000000e+03
1.712800000000000000e+04 1.648000000000000000e+03 -2.036000000000000000e+03 -4.656000000000000000e+03 -1.510000000000000000e+02 -1.085000000000000000e+03
1.742400000000000000e+04 1.680000000000000000e+03 -2.476000000000000000e+03 -4.608000000000000000e+03 -1.780000000000000000e+02 -9.060000000000000000e+02
1.717200000000000000e+04 1.536000000000000000e+03 -2.608000000000000000e+03 -4.640000000000000000e+03 -2.310000000000000000e+02 -7.370000000000000000e+02
1.709600000000000000e+04 1.476000000000000000e+03 -2.460000000000000000e+03 -4.608000000000000000e+03 -3.240000000000000000e+02 -5.520000000000000000e+02
1.603200000000000000e+04 1.484000000000000000e+03 -2.260000000000000000e+03 -4.608000000000000000e+03 -3.720000000000000000e+02 -4.500000000000000000e+02
1.365200000000000000e+04 1.400000000000000000e+03 -2.184000000000000000e+03 -4.624000000000000000e+03 -3.920000000000000000e+02 -2.240000000000000000e+02
9.836000000000000000e+03 1.072000000000000000e+03 -2.216000000000000000e+03 -4.608000000000000000e+03 -5.200000000000000000e+02 -3.500000000000000000e+01
8.348000000000000000e+03 1.088000000000000000e+03 -2.392000000000000000e+03 -4.608000000000000000e+03 -4.570000000000000000e+02 -1.392000000000000000e+03
1.049200000000000000e+04 1.160000000000000000e+03 -9.000000000000000000e+02 -4.672000000000000000e+03 -5.030000000000000000e+02 -3.180000000000000000e+02
1.760000000000000000e+04 1.920000000000000000e+03 -1.956000000000000000e+03 -4.624000000000000000e+03 -3.800000000000000000e+02 -2.870000000000000000e+02
2.100400000000000000e+04 1.332000000000000000e+03 -4.956000000000000000e+03 -4.640000000000000000e+03 -2.780000000000000000e+02 -1.756000000000000000e+03
2.265200000000000000e+04 9.840000000000000000e+02 -4.324000000000000000e+03 -4.560000000000000000e+03 -3.130000000000000000e+02 -1.968000000000000000e+03
2.706400000000000000e+04 2.488000000000000000e+03 -1.772000000000000000e+03 -4.624000000000000000e+03 -1.240000000000000000e+02 -2.439000000000000000e+03
3.276700000000000000e+04 4.220000000000000000e+03 -4.172000000000000000e+03 -4.592000000000000000e+03 5.000000000000000000e+01 -2.695000000000000000e+03
3.276700000000000000e+04 4.820000000000000000e+03 -8.836000000000000000e+03 -4.640000000000000000e+03 4.350000000000000000e+02 -2.634000000000000000e+03
3.276700000000000000e+04 3.592000000000000000e+03 -1.106000000000000000e+04 -4.608000000000000000e+03 2.990000000000000000e+02 -2.510000000000000000e+03
3.276700000000000000e+04 3.376000000000000000e+03 -1.060400000000000000e+04 -4.624000000000000000e+03 -8.500000000000000000e+01 -2.144000000000000000e+03
2.052400000000000000e+04 1.776000000000000000e+03 -1.076800000000000000e+04 -4.656000000000000000e+03 1.150000000000000000e+02 -1.825000000000000000e+03
1.449200000000000000e+04 2.200000000000000000e+02 -6.380000000000000000e+03 -4.640000000000000000e+03 1.560000000000000000e+02 -2.105000000000000000e+03
9.600000000000000000e+03 1.456000000000000000e+03 -4.320000000000000000e+03 -4.688000000000000000e+03 1.380000000000000000e+02 -2.817000000000000000e+03
7.136000000000000000e+03 1.056000000000000000e+03 -3.456000000000000000e+03 -4.608000000000000000e+03 4.340000000000000000e+02 -5.968000000000000000e+03
5.464000000000000000e+03 7.200000000000000000e+02 -2.404000000000000000e+03 -4.624000000000000000e+03 5.240000000000000000e+02 -8.616000000000000000e+03
2.664000000000000000e+03 -3.120000000000000000e+02 -7.880000000000000000e+02 -4.624000000000000000e+03 6.060000000000000000e+02 -3.362000000000000000e+03
3.600000000000000000e+01 -4.000000000000000000e+02 -1.032000000000000000e+03 -4.624000000000000000e+03 6.940000000000000000e+02 -2.304000000000000000e+03
-4.760000000000000000e+02 4.800000000000000000e+01 5.160000000000000000e+02 -4.656000000000000000e+03 1.176000000000000000e+03 -8.150000000000000000e+03
-2.180000000000000000e+03 -1.116000000000000000e+03 -1.872000000000000000e+03 -4.672000000000000000e+03 5.750000000000000000e+02 -2.831000000000000000e+03
9.052000000000000000e+03 -5.560000000000000000e+02 1.588000000000000000e+03 -4.608000000000000000e+03 -1.020000000000000000e+02 -1.200000000000000000e+03
1.843200000000000000e+04 3.280000000000000000e+03 -7.404000000000000000e+03 -4.640000000000000000e+03 -7.000000000000000000e+01 -9.000000000000000000e+02
2.679600000000000000e+04 3.676000000000000000e+03 -1.002400000000000000e+04 -4.640000000000000000e+03 -2.800000000000000000e+02 -2.290000000000000000e+02
2.643200000000000000e+04 4.572000000000000000e+03 -6.804000000000000000e+03 -4.592000000000000000e+03 4.100000000000000000e+01 -6.660000000000000000e+02
1.762400000000000000e+04 2.532000000000000000e+03 -3.316000000000000000e+03 -4.624000000000000000e+03 -8.500000000000000000e+01 -2.290000000000000000e+02
1.236800000000000000e+04 3.052000000000000000e+03 -2.344000000000000000e+03 -4.608000000000000000e+03 -2.210000000000000000e+02 -4.860000000000000000e+02
7.144000000000000000e+03 1.560000000000000000e+03 -1.968000000000000000e+03 -4.608000000000000000e+03 -3.180000000000000000e+02 -3.630000000000000000e+02
3.688000000000000000e+03 1.352000000000000000e+03 -2.832000000000000000e+03 -4.608000000000000000e+03 -1.960000000000000000e+02 -1.560000000000000000e+02
3.444000000000000000e+03 6.560000000000000000e+02 -1.900000000000000000e+03 -4.624000000000000000e+03 -1.820000000000000000e+02 -6.440000000000000000e+02
5.000000000000000000e+03 1.940000000000000000e+03 -2.012000000000000000e+03 -4.640000000000000000e+03 -1.600000000000000000e+02 3.810000000000000000e+02
8.452000000000000000e+03 1.960000000000000000e+03 -7.448000000000000000e+03 -4.640000000000000000e+03 -1.800000000000000000e+01 9.770000000000000000e+02
1.538800000000000000e+04 2.068000000000000000e+03 -7.344000000000000000e+03 -4.624000000000000000e+03 1.200000000000000000e+01 1.373000000000000000e+03
1.428000000000000000e+04 1.212000000000000000e+03 -9.196000000000000000e+03 -4.624000000000000000e+03 9.000000000000000000e+00 1.760000000000000000e+03
1.496400000000000000e+04 1.712000000000000000e+03 -9.712000000000000000e+03 -4.640000000000000000e+03 -3.300000000000000000e+01 1.215000000000000000e+03
1.964000000000000000e+04 3.528000000000000000e+03 -9.520000000000000000e+03 -4.640000000000000000e+03 -1.530000000000000000e+02 1.083000000000000000e+03
1.910800000000000000e+04 3.224000000000000000e+03 -1.071200000000000000e+04 -4.608000000000000000e+03 4.960000000000000000e+02 1.188000000000000000e+03
1.956400000000000000e+04 2.984000000000000000e+03 -8.100000000000000000e+03 -4.640000000000000000e+03 4.600000000000000000e+01 1.900000000000000000e+02
2.023600000000000000e+04 3.100000000000000000e+03 -1.091200000000000000e+04 -4.624000000000000000e+03 4.660000000000000000e+02 3.320000000000000000e+02
2.010800000000000000e+04 2.988000000000000000e+03 -1.242400000000000000e+04 -4.624000000000000000e+03 1.340000000000000000e+02 1.102000000000000000e+03
2.178400000000000000e+04 2.320000000000000000e+03 -1.060800000000000000e+04 -4.624000000000000000e+03 8.480000000000000000e+02 4.700000000000000000e+01
2.203600000000000000e+04 3.256000000000000000e+03 -1.057200000000000000e+04 -4.656000000000000000e+03 5.620000000000000000e+02 1.900000000000000000e+01
2.267600000000000000e+04 3.092000000000000000e+03 -6.724000000000000000e+03 -4.624000000000000000e+03 1.940000000000000000e+02 4.570000000000000000e+02
3.266400000000000000e+04 6.528000000000000000e+03 -8.416000000000000000e+03 -4.624000000000000000e+03 -3.400000000000000000e+01 8.960000000000000000e+02
2.050400000000000000e+04 2.168000000000000000e+03 -6.904000000000000000e+03 -4.624000000000000000e+03 -6.200000000000000000e+01 1.429000000000000000e+03
1.277600000000000000e+04 7.160000000000000000e+02 -4.676000000000000000e+03 -4.672000000000000000e+03 -1.270000000000000000e+02 1.465000000000000000e+03
1.134000000000000000e+04 9.440000000000000000e+02 -3.072000000000000000e+03 -4.656000000000000000e+03 -1.170000000000000000e+02 6.450000000000000000e+02
1.336000000000000000e+04 1.924000000000000000e+03 -5.308000000000000000e+03 -4.640000000000000000e+03 -2.430000000000000000e+02 7.480000000000000000e+02
1.584000000000000000e+04 2.016000000000000000e+03 -6.908000000000000000e+03 -4.656000000000000000e+03 -2.640000000000000000e+02 3.290000000000000000e+02
1.656000000000000000e+04 1.948000000000000000e+03 -6.744000000000000000e+03 -4.608000000000000000e+03 -2.290000000000000000e+02 4.800000000000000000e+01
1.560000000000000000e+04 1.720000000000000000e+03 -6.736000000000000000e+03 -4.624000000000000000e+03 -2.120000000000000000e+02 -3.200000000000000000e+02
1.547600000000000000e+04 1.496000000000000000e+03 -6.484000000000000000e+03 -4.640000000000000000e+03 -2.100000000000000000e+02 -6.930000000000000000e+02
1.601600000000000000e+04 1.540000000000000000e+03 -6.532000000000000000e+03 -4.624000000000000000e+03 -2.190000000000000000e+02 -1.078000000000000000e+03
