1.368000000000000000e+03 1.772000000000000000e+03 1.424800000000000000e+04 -4.752000000000000000e+03 -2.840000000000000000e+02 -4.430000000000000000e+02
1.312000000000000000e+03 1.824000000000000000e+03 1.433600000000000000e+04 -4.800000000000000000e+03 -2.760000000000000000e+02 -9.200000000000000000e+01
1.620000000000000000e+03 1.900000000000000000e+03 1.470800000000000000e+04 -4.800000000000000000e+03 -3.410000000000000000e+02 1.290000000000000000e+02
1.492000000000000000e+03 1.868000000000000000e+03 1.524400000000000000e+04 -4.800000000000000000e+03 -4.200000000000000000e+02 2.310000000000000000e+02
1.400000000000000000e+03 1.912000000000000000e+03 1.453200000000000000e+04 -4.768000000000000000e+03 -4.350000000000000000e+02 7.900000000000000000e+01
1.244000000000000000e+03 1.976000000000000000e+03 1.364400000000000000e+04 -4.752000000000000000e+03 -4.040000000000000000e+02 -1.510000000000000000e+02
1.944000000000000000e+03 1.892000000000000000e+03 1.496800000000000000e+04 -4.768000000000000000e+03 -4.420000000000000000e+02 5.100000000000000000e+01
3.240000000000000000e+03 1.568000000000000000e+03 1.550400000000000000e+04 -4.784000000000000000e+03 -3.970000000000000000e+02 8.300000000000000000e+01
2.224000000000000000e+03 2.172000000000000000e+03 1.480400000000000000e+04 -4.768000000000000000e+03 -3.980000000000000000e+02 -5.000000000000000000e+01
1.584000000000000000e+03 1.768000000000000000e+03 1.428800000000000000e+04 -4.816000000000000000e+03 -3.510000000000000000e+02 -1.430000000000000000e+02
1.808000000000000000e+03 1.752000000000000000e+03 1.401600000000000000e+04 -4.784000000000000000e+03 -2.900000000000000000e+02 2.500000000000000000e+02
1.880000000000000000e+03 1.580000000000000000e+03 1.422000000000000000e+04 -4.768000000000000000e+03 -2.840000000000000000e+02 7.460000000000000000e+02
2.092000000000000000e+03 1.788000000000000000e+03 1.414000000000000000e+04 -4.816000000000000000e+03 -2.810000000000000000e+02 7.560000000000000000e+02
1.872000000000000000e+03 1.820000000000000000e+03 1.364000000000000000e+04 -4.784000000000000000e+03 -3.080000000000000000e+02 1.223000000000000000e+03
1.868000000000000000e+03 1.748000000000000000e+03 1.438800000000000000e+04 -4.816000000000000000e+03 -3.650000000000000000e+02 1.236000000000000000e+03
2.716000000000000000e+03 1.936000000000000000e+03 1.458400000000000000e+04 -4.784000000000000000e+03 -4.020000000000000000e+02 4.640000000000000000e+02
2.324000000000000000e+03 1.956000000000000000e+03 1.452000000000000000e+04 -4.784000000000000000e+03 -4.160000000000000000e+02 8.030000000000000000e+02
2.496000000000000000e+03 1.948000000000000000e+03 1.454400000000000000e+04 -4.832000000000000000e+03 -4.120000000000000000e+02 1.156000000000000000e+03
3.048000000000000000e+03 1.928000000000000000e+03 1.514400000000000000e+04 -4.784000000000000000e+03 -4.170000000000000000e+02 8.240000000000000000e+02
2.836000000000000000e+03 1.860000000000000000e+03 1.497200000000000000e+04 -4.800000000000000000e+03 -4.080000000000000000e+02 2.820000000000000000e+02
2.480000000000000000e+03 1.812000000000000000e+03 1.493200000000000000e+04 -4.768000000000000000e+03 -1.560000000000000000e+02 -4.340000000000000000e+02
2.116000000000000000e+03 1.804000000000000000e+03 1.505200000000000000e+04 -4.800000000000000000e+03 -1.630000000000000000e+02 -9.200000000000000000e+01
2.092000000000000000e+03 1.696000000000000000e+03 1.505600000000000000e+04 -4.800000000000000000e+03 -1.600000000000000000e+02 4.080000000000000000e+02
2.124000000000000000e+03 1.780000000000000000e+03 1.418800000000000000e+04 -4.800000000000000000e+03 -6.100000000000000000e+01 -1.310000000000000000e+02
1.688000000000000000e+03 1.672000000000000000e+03 1.311200000000000000e+04 -4.816000000000000000e+03 -7.500000000000000000e+01 -1.910000000000000000e+02
2.116000000000000000e+03 1.772000000000000000e+03 1.326000000000000000e+04 -4.768000000000000000e+03 6.400000000000000000e+01 -8.410000000000000000e+02
1.964000000000000000e+03 1.840000000000000000e+03 1.158800000000000000e+04 -4.784000000000000000e+03 1.850000000000000000e+02 -1.630000000000000000e+03
1.104000000000000000e+03 1.824000000000000000e+03 1.080000000000000000e+04 -4.800000000000000000e+03 3.730000000000000000e+02 -3.014000000000000000e+03
1.224000000000000000e+03 1.644000000000000000e+03 9.280000000000000000e+03 -4.784000000000000000e+03 2.430000000000000000e+02 -2.776000000000000000e+03
9.480000000000000000e+02 1.504000000000000000e+03 7.096000000000000000e+03 -4.784000000000000000e+03 1.800000000000000000e+01 -3.363000000000000000e+03
1.524000000000000000e+03 1.524000000000000000e+03 7.344000000000000000e+03 -4.784000000000000000e+03 2.150000000000000000e+02 -3.921000000000000000e+03
2.124000000000000000e+03 1.132000000000000000e+03 1.068800000000000000e+04 -4.800000000000000000e+03 3.380000000000000000e+02 -4.072000000000000000e+03
2.908000000000000000e+03 7.360000000000000000e+02 1.696400000000000000e+04 -4.784000000000000000e+03 2.490000000000000000e+02 -4.631000000000000000e+03
1.860000000000000000e+03 7.120000000000000000e+02 1.825600000000000000e+04 -4.800000000000000000e+03 2.850000000000000000e+02 -3.527000000000000000e+03
1.800000000000000000e+02 1.444000000000000000e+03 1.874400000000000000e+04 -4.800000000000000000e+03 5.580000000000000000e+02 -3.117000000000000000e+03
1.480000000000000000e+03 2.072000000000000000e+03 2.244400000000000000e+04 -4.784000000000000000e+03 5.530000000000000000e+02 -2.783000000000000000e+03
2.884000000000000000e+03 2.672000000000000000e+03 2.465600000000000000e+04 -4.816000000000000000e+03 3.870000000000000000e+02 -2.570000000000000000e+03
2.232000000000000000e+03 3.412000000000000000e+03 2.522000000000000000e+04 -4.768000000000000000e+03 2.470000000000000000e+02 -2.026000000000000000e+03
3.176000000000000000e+03 3.744000000000000000e+03 2.705600000000000000e+04 -4.800000000000000000e+03 -1.550000000000000000e+02 -1.543000000000000000e+03
4.536000000000000000e+03 4.096000000000000000e+03 2.949200000000000000e+04 -4.752000000000000000e+03 -2.510000000000000000e+02 -1.444000000000000000e+03
5.364000000000000000e+03 4.596000000000000000e+03 2.750800000000000000e+04 -4.784000000000000000e+03 -2.750000000000000000e+02 -4.786000000000000000e+03
6.176000000000000000e+03 5.100000000000000000e+03 2.335200000000000000e+04 -4.784000000000000000e+03 -3.820000000000000000e+02 -1.379000000000000000e+03
7.836000000000000000e+03 4.968000000000000000e+03 2.336800000000000000e+04 -4.784000000000000000e+03 -5.860000000000000000e+02 -1.857000000000000000e+03
6.160000000000000000e+03 4.408000000000000000e+03 1.580400000000000000e+04 -4.784000000000000000e+03 -7.360000000000000000e+02 -1.927000000000000000e+03
6.732000000000000000e+03 3.808000000000000000e+03 9.184000000000000000e+03 -4.768000000000000000e+03 -8.570000000000000000e+02 -2.636000000000000000e+03
6.232000000000000000e+03 3.200000000000000000e+03 7.368000000000000000e+03 -4.800000000000000000e+03 -7.810000000000000000e+02 -9.330000000000000000e+02
4.236000000000000000e+03 2.072000000000000000e+03 5.124000000000000000e+03 -4.800000000000000000e+03 -1.000000000000000000e+03 -2.186000000000000000e+03
3.700000000000000000e+03 1.396000000000000000e+03 6.400000000000000000e+03 -4.800000000000000000e+03 -8.790000000000000000e+02 -1.365000000000000000e+03
3.812000000000000000e+03 8.960000000000000000e+02 8.532000000000000000e+03 -4.800000000000000000e+03 -8.050000000000000000e+02 -1.730000000000000000e+03
2.056000000000000000e+03 6.160000000000000000e+02 5.968000000000000000e+03 -4.800000000000000000e+03 -9.280000000000000000e+02 -1.204000000000000000e+03
6.960000000000000000e+02 8.320000000000000000e+02 7.600000000000000000e+03 -4.784000000000000000e+03 -9.490000000000000000e+02 -8.460000000000000000e+02
2.908000000000000000e+03 6.520000000000000000e+02 9.624000000000000000e+03 -4.768000000000000000e+03 -6.130000000000000000e+02 -5.570000000000000000e+02
2.628000000000000000e+03 1.072000000000000000e+03 1.258800000000000000e+04 -4.800000000000000000e+03 -4.110000000000000000e+02 -1.750000000000000000e+02
3.900000000000000000e+03 2.116000000000000000e+03 1.477200000000000000e+04 -4.816000000000000000e+03 -1.460000000000000000e+02 1.490000000000000000e+02
3.244000000000000000e+03 1.900000000000000000e+03 1.330000000000000000e+04 -4.784000000000000000e+03 -2.720000000000000000e+02 3.170000000000000000e+02
5.032000000000000000e+03 2.312000000000000000e+03 1.088000000000000000e+04 -4.816000000000000000e+03 -3.270000000000000000e+02 6.620000000000000000e+02
4.840000000000000000e+03 2.480000000000000000e+03 1.142000000000000000e+04 -4.784000000000000000e+03 -6.140000000000000000e+02 1.273000000000000000e+03
4.560000000000000000e+03 1.980000000000000000e+03 1.042000000000000000e+04 -4.800000000000000000e+03 -4.240000000000000000e+02 1.287000000000000000e+03
4.796000000000000000e+03 1.564000000000000000e+03 1.171200000000000000e+04 -4.816000000000000000e+03 -3.970000000000000000e+02 1.451000000000000000e+03
6.976000000000000000e+03 1.008000000000000000e+03 1.202400000000000000e+04 -4.768000000000000000e+03 -2.220000000000000000e+02 1.649000000000000000e+03
7.164000000000000000e+03 1.236000000000000000e+03 1.064800000000000000e+04 -4.784000000000000000e+03 2.000000000000000000e+00 2.313000000000000000e+03
7.720000000000000000e+03 1.116000000000000000e+03 1.023600000000000000e+04 -4.784000000000000000e+03 -3.900000000000000000e+01 2.576000000000000000e+03
6.844000000000000000e+03 1.536000000000000000e+03 8.184000000000000000e+03 -4.816000000000000000e+03 2.400000000000000000e+01 2.810000000000000000e+03
6.628000000000000000e+03 1.144000000000000000e+03 9.660000000000000000e+03 -4.768000000000000000e+03 4.900000000000000000e+01 3.020000000000000000e+03
5.248000000000000000e+03 1.916000000000000000e+03 9.220000000000000000e+03 -4.784000000000000000e+03 1.310000000000000000e+02 2.993000000000000000e+03
6.276000000000000000e+03 1.780000000000000000e+03 8.712000000000000000e+03 -4.848000000000000000e+03 -3.400000000000000000e+01 2.441000000000000000e+03
4.348000000000000000e+03 1.276000000000000000e+03 7.992000000000000000e+03 -4.752000000000000000e+03 -4.100000000000000000e+01 2.577000000000000000e+03
6.120000000000000000e+03 1.152000000000000000e+03 9.516000000000000000e+03 -4.784000000000000000e+03 -1.530000000000000000e+02 2.430000000000000000e+03
5.196000000000000000e+03 6.560000000000000000e+02 9.644000000000000000e+03 -4.800000000000000000e+03 2.200000000000000000e+01 1.890000000000000000e+03
5.320000000000000000e+03 1.620000000000000000e+03 1.062400000000000000e+04 -4.800000000000000000e+03 -1.460000000000000000e+02 2.374000000000000000e+03
5.436000000000000000e+03 1.492000000000000000e+03 1.147200000000000000e+04 -4.800000000000000000e+03 -2.510000000000000000e+02 7.870000000000000000e+02
6.436000000000000000e+03 2.072000000000000000e+03 1.206000000000000000e+04 -4.800000000000000000e+03 -4.360000000000000000e+02 2.220000000000000000e+03
5.992000000000000000e+03 1.800000000000000000e+03 1.241200000000000000e+04 -4.800000000000000000e+03 -1.560000000000000000e+02 5.315000000000000000e+03
5.824000000000000000e+03 1.756000000000000000e+03 1.256800000000000000e+04 -4.816000000000000000e+03 -7.400000000000000000e+01 2.435000000000000000e+03
