-2.240000000000000000e+02 3.264000000000000000e+03 1.368800000000000000e+04 -4.864000000000000000e+03 -1.930000000000000000e+02 -1.263000000000000000e+03
1.252000000000000000e+03 2.712000000000000000e+03 1.484800000000000000e+04 -4.832000000000000000e+03 -1.830000000000000000e+02 -1.287000000000000000e+03
1.248000000000000000e+03 2.712000000000000000e+03 1.446800000000000000e+04 -4.832000000000000000e+03 -3.240000000000000000e+02 -1.081000000000000000e+03
1.500000000000000000e+01 2.348000000000000000e+03 1.476400000000000000e+04 -4.864000000000000000e+03 -3.140000000000000000e+02 -6.940000000000000000e+02
1.008000000000000000e+03 2.248000000000000000e+03 1.548000000000000000e+04 -4.864000000000000000e+03 -3.280000000000000000e+02 -4.950000000000000000e+02
1.616000000000000000e+03 2.308000000000000000e+03 1.523600000000000000e+04 -4.848000000000000000e+03 -4.230000000000000000e+02 -3.230000000000000000e+02
1.420000000000000000e+03 2.104000000000000000e+03 1.431600000000000000e+04 -4.864000000000000000e+03 -3.620000000000000000e+02 -8.900000000000000000e+01
1.260000000000000000e+03 1.732000000000000000e+03 1.482800000000000000e+04 -4.848000000000000000e+03 -3.080000000000000000e+02 -2.800000000000000000e+01
1.496000000000000000e+03 2.264000000000000000e+03 1.467200000000000000e+04 -4.832000000000000000e+03 -2.800000000000000000e+02 -8.340000000000000000e+02
2.000000000000000000e+03 2.224000000000000000e+03 1.408000000000000000e+04 -4.832000000000000000e+03 -2.300000000000000000e+02 -7.820000000000000000e+02
1.996000000000000000e+03 2.120000000000000000e+03 1.480000000000000000e+04 -4.880000000000000000e+03 -9.000000000000000000e+01 -7.780000000000000000e+02
2.160000000000000000e+03 2.104000000000000000e+03 1.498800000000000000e+04 -4.864000000000000000e+03 3.200000000000000000e+01 -1.037000000000000000e+03
2.052000000000000000e+03 2.396000000000000000e+03 1.395600000000000000e+04 -4.848000000000000000e+03 3.300000000000000000e+01 -1.850000000000000000e+03
1.504000000000000000e+03 2.168000000000000000e+03 1.378800000000000000e+04 -4.832000000000000000e+03 4.200000000000000000e+01 -1.924000000000000000e+03
1.216000000000000000e+03 2.204000000000000000e+03 1.422400000000000000e+04 -4.864000000000000000e+03 2.300000000000000000e+01 -2.097000000000000000e+03
1.044000000000000000e+03 2.172000000000000000e+03 1.454000000000000000e+04 -4.848000000000000000e+03 1.070000000000000000e+02 -2.008000000000000000e+03
1.760000000000000000e+03 2.140000000000000000e+03 1.408400000000000000e+04 -4.848000000000000000e+03 -1.000000000000000000e+01 -2.240000000000000000e+03
2.284000000000000000e+03 2.084000000000000000e+03 1.429600000000000000e+04 -4.848000000000000000e+03 -1.100000000000000000e+01 -1.705000000000000000e+03
2.292000000000000000e+03 2.440000000000000000e+03 1.447200000000000000e+04 -4.864000000000000000e+03 -1.250000000000000000e+02 -1.507000000000000000e+03
2.792000000000000000e+03 2.784000000000000000e+03 1.423200000000000000e+04 -4.848000000000000000e+03 -1.240000000000000000e+02 -1.176000000000000000e+03
3.224000000000000000e+03 2.940000000000000000e+03 1.424800000000000000e+04 -4.864000000000000000e+03 -2.710000000000000000e+02 -8.960000000000000000e+02
3.576000000000000000e+03 3.008000000000000000e+03 1.396000000000000000e+04 -4.864000000000000000e+03 -3.120000000000000000e+02 -2.370000000000000000e+02
3.584000000000000000e+03 3.008000000000000000e+03 1.386000000000000000e+04 -4.848000000000000000e+03 -4.910000000000000000e+02 3.090000000000000000e+02
3.180000000000000000e+03 3.120000000000000000e+03 1.348400000000000000e+04 -4.832000000000000000e+03 -5.800000000000000000e+02 2.560000000000000000e+02
3.112000000000000000e+03 3.212000000000000000e+03 1.270400000000000000e+04 -4.816000000000000000e+03 -5.500000000000000000e+02 2.480000000000000000e+02
3.064000000000000000e+03 3.104000000000000000e+03 1.210000000000000000e+04 -4.848000000000000000e+03 -5.260000000000000000e+02 1.040000000000000000e+03
3.068000000000000000e+03 3.220000000000000000e+03 9.996000000000000000e+03 -4.832000000000000000e+03 -4.740000000000000000e+02 6.470000000000000000e+02
3.072000000000000000e+03 2.444000000000000000e+03 7.312000000000000000e+03 -4.848000000000000000e+03 -3.230000000000000000e+02 3.012000000000000000e+03
2.796000000000000000e+03 1.568000000000000000e+03 7.708000000000000000e+03 -4.848000000000000000e+03 -4.990000000000000000e+02 2.177000000000000000e+03
2.532000000000000000e+03 1.312000000000000000e+03 9.572000000000000000e+03 -4.864000000000000000e+03 -4.370000000000000000e+02 7.410000000000000000e+02
2.700000000000000000e+03 1.200000000000000000e+03 1.490400000000000000e+04 -4.832000000000000000e+03 -2.570000000000000000e+02 9.230000000000000000e+02
2.912000000000000000e+03 2.256000000000000000e+03 2.108800000000000000e+04 -4.832000000000000000e+03 -1.850000000000000000e+02 5.690000000000000000e+02
3.548000000000000000e+03 3.188000000000000000e+03 2.382000000000000000e+04 -4.816000000000000000e+03 -3.980000000000000000e+02 -4.050000000000000000e+02
4.224000000000000000e+03 3.940000000000000000e+03 2.807600000000000000e+04 -4.864000000000000000e+03 -3.220000000000000000e+02 -3.680000000000000000e+02
3.032000000000000000e+03 4.316000000000000000e+03 3.276700000000000000e+04 -4.848000000000000000e+03 -4.360000000000000000e+02 -1.244000000000000000e+03
5.724000000000000000e+03 4.840000000000000000e+03 3.276700000000000000e+04 -4.832000000000000000e+03 -8.760000000000000000e+02 -1.115000000000000000e+03
6.148000000000000000e+03 5.180000000000000000e+03 3.254800000000000000e+04 -4.832000000000000000e+03 -6.330000000000000000e+02 -9.240000000000000000e+02
5.700000000000000000e+03 5.088000000000000000e+03 3.188000000000000000e+04 -4.864000000000000000e+03 -5.810000000000000000e+02 -2.600000000000000000e+02
6.400000000000000000e+03 5.172000000000000000e+03 1.885600000000000000e+04 -4.816000000000000000e+03 -2.020000000000000000e+02 -4.530000000000000000e+02
8.700000000000000000e+03 3.388000000000000000e+03 1.097200000000000000e+04 -4.864000000000000000e+03 -2.580000000000000000e+02 -4.150000000000000000e+02
9.152000000000000000e+03 2.532000000000000000e+03 4.344000000000000000e+03 -4.848000000000000000e+03 -5.500000000000000000e+01 -1.835000000000000000e+03
9.452000000000000000e+03 1.524000000000000000e+03 3.136000000000000000e+03 -4.880000000000000000e+03 -1.710000000000000000e+02 -9.910000000000000000e+02
7.840000000000000000e+03 8.840000000000000000e+02 6.840000000000000000e+02 -4.832000000000000000e+03 3.170000000000000000e+02 -3.470000000000000000e+02
6.512000000000000000e+03 5.080000000000000000e+02 -9.040000000000000000e+02 -4.848000000000000000e+03 2.089000000000000000e+03 -5.809000000000000000e+03
2.828000000000000000e+03 1.560000000000000000e+02 -3.156000000000000000e+03 -4.848000000000000000e+03 1.410000000000000000e+03 7.800000000000000000e+01
4.520000000000000000e+02 -5.600000000000000000e+02 2.364000000000000000e+03 -4.832000000000000000e+03 6.450000000000000000e+02 -8.710000000000000000e+02
-5.360000000000000000e+02 -4.720000000000000000e+02 4.540000000000000000e+03 -4.832000000000000000e+03 3.600000000000000000e+02 -1.292000000000000000e+03
2.880000000000000000e+02 8.000000000000000000e+02 1.969200000000000000e+04 -4.848000000000000000e+03 1.200000000000000000e+01 -8.900000000000000000e+01
-3.104000000000000000e+03 3.248000000000000000e+03 1.744400000000000000e+04 -4.800000000000000000e+03 -4.650000000000000000e+02 -2.870000000000000000e+02
8.212000000000000000e+03 4.280000000000000000e+03 1.509600000000000000e+04 -4.864000000000000000e+03 -3.530000000000000000e+02 -1.017000000000000000e+03
-8.384000000000000000e+03 2.872000000000000000e+03 1.544000000000000000e+04 -4.832000000000000000e+03 -3.740000000000000000e+02 1.110000000000000000e+02
4.476000000000000000e+03 2.456000000000000000e+03 1.181600000000000000e+04 -4.848000000000000000e+03 -2.370000000000000000e+02 -7.040000000000000000e+02
4.040000000000000000e+02 2.336000000000000000e+03 8.336000000000000000e+03 -4.864000000000000000e+03 2.510000000000000000e+02 -1.790000000000000000e+02
1.644000000000000000e+03 1.764000000000000000e+03 2.324000000000000000e+03 -4.864000000000000000e+03 -2.660000000000000000e+02 -9.030000000000000000e+02
1.664000000000000000e+03 7.160000000000000000e+02 3.808000000000000000e+03 -4.864000000000000000e+03 1.080000000000000000e+02 2.206000000000000000e+03
1.228000000000000000e+03 1.636000000000000000e+03 3.832000000000000000e+03 -4.864000000000000000e+03 1.750000000000000000e+02 -1.242000000000000000e+03
1.020000000000000000e+03 1.336000000000000000e+03 7.028000000000000000e+03 -4.800000000000000000e+03 -7.420000000000000000e+02 1.980000000000000000e+03
2.112000000000000000e+03 2.112000000000000000e+03 7.096000000000000000e+03 -4.848000000000000000e+03 -2.820000000000000000e+02 2.028000000000000000e+03
1.252000000000000000e+03 2.092000000000000000e+03 1.216000000000000000e+04 -4.848000000000000000e+03 -8.400000000000000000e+01 2.402000000000000000e+03
2.856000000000000000e+03 2.736000000000000000e+03 1.408800000000000000e+04 -4.832000000000000000e+03 -3.590000000000000000e+02 1.962000000000000000e+03
4.776000000000000000e+03 3.132000000000000000e+03 1.490000000000000000e+04 -4.880000000000000000e+03 -7.460000000000000000e+02 2.297000000000000000e+03
4.504000000000000000e+03 4.148000000000000000e+03 1.555200000000000000e+04 -4.784000000000000000e+03 -7.040000000000000000e+02 1.877000000000000000e+03
5.732000000000000000e+03 4.072000000000000000e+03 1.928800000000000000e+04 -4.864000000000000000e+03 -9.970000000000000000e+02 1.791000000000000000e+03
6.464000000000000000e+03 3.728000000000000000e+03 2.513200000000000000e+04 -4.864000000000000000e+03 -5.660000000000000000e+02 2.217000000000000000e+03
8.536000000000000000e+03 4.764000000000000000e+03 2.162800000000000000e+04 -4.880000000000000000e+03 -1.678000000000000000e+03 9.200000000000000000e+02
7.124000000000000000e+03 2.964000000000000000e+03 2.243200000000000000e+04 -4.848000000000000000e+03 -1.372000000000000000e+03 -1.730000000000000000e+02
6.560000000000000000e+03 3.636000000000000000e+03 2.002400000000000000e+04 -4.832000000000000000e+03 -9.380000000000000000e+02 -7.000000000000000000e+01
5.432000000000000000e+03 3.360000000000000000e+03 2.570800000000000000e+04 -4.864000000000000000e+03 -6.320000000000000000e+02 9.440000000000000000e+02
5.420000000000000000e+03 4.204000000000000000e+03 1.379600000000000000e+04 -4.848000000000000000e+03 -6.530000000000000000e+02 1.686000000000000000e+03
7.468000000000000000e+03 2.752000000000000000e+03 1.058000000000000000e+04 -4.848000000000000000e+03 -5.490000000000000000e+02 -3.180000000000000000e+02
1.460000000000000000e+03 2.848000000000000000e+03 1.256400000000000000e+04 -4.832000000000000000e+03 -2.540000000000000000e+02 -1.493000000000000000e+03
4.356000000000000000e+03 3.260000000000000000e+03 1.183600000000000000e+04 -4.832000000000000000e+03 -2.370000000000000000e+02 -6.300000000000000000e+02
3.248000000000000000e+03 3.240000000000000000e+03 1.358400000000000000e+04 -4.816000000000000000e+03 -8.500000000000000000e+01 -9.040000000000000000e+02
1.316000000000000000e+03 3.372000000000000000e+03 1.318800000000000000e+04 -4.816000000000000000e+03 3.700000000000000000e+01 -1.358000000000000000e+03
2.328000000000000000e+03 2.888000000000000000e+03 1.333600000000000000e+04 -4.880000000000000000e+03 6.600000000000000000e+01 -2.080000000000000000e+03
2.376000000000000000e+03 3.068000000000000000e+03 1.402000000000000000e+04 -4.848000000000000000e+03 1.370000000000000000e+02 -2.752000000000000000e+03
2.916000000000000000e+03 3.028000000000000000e+03 1.520800000000000000e+04 -4.832000000000000000e+03 2.330000000000000000e+02 -2.803000000000000000e+03
3.928000000000000000e+03 2.596000000000000000e+03 1.475200000000000000e+04 -4.848000000000000000e+03 2.230000000000000000e+02 -1.995000000000000000e+03
