1.425600000000000000e+04 2.568000000000000000e+03 9.044000000000000000e+03 -4.448000000000000000e+03 -1.479000000000000000e+03 2.008000000000000000e+03
4.000000000000000000e+00 1.332000000000000000e+03 1.302800000000000000e+04 -4.416000000000000000e+03 -1.185000000000000000e+03 2.140000000000000000e+03
1.242000000000000000e+04 2.160000000000000000e+03 9.916000000000000000e+03 -4.448000000000000000e+03 -8.180000000000000000e+02 2.337000000000000000e+03
1.056800000000000000e+04 1.748000000000000000e+03 8.632000000000000000e+03 -4.464000000000000000e+03 -6.720000000000000000e+02 2.492000000000000000e+03
9.492000000000000000e+03 1.444000000000000000e+03 9.240000000000000000e+03 -4.464000000000000000e+03 -5.910000000000000000e+02 2.563000000000000000e+03
1.024800000000000000e+04 1.524000000000000000e+03 1.110400000000000000e+04 -4.464000000000000000e+03 -5.470000000000000000e+02 2.948000000000000000e+03
1.135200000000000000e+04 1.508000000000000000e+03 1.174400000000000000e+04 -4.448000000000000000e+03 -4.690000000000000000e+02 3.216000000000000000e+03
1.217200000000000000e+04 1.564000000000000000e+03 1.085200000000000000e+04 -4.432000000000000000e+03 -3.670000000000000000e+02 3.737000000000000000e+03
1.221600000000000000e+04 1.052000000000000000e+03 1.014400000000000000e+04 -4.416000000000000000e+03 -2.160000000000000000e+02 4.029000000000000000e+03
1.090000000000000000e+04 1.204000000000000000e+03 9.748000000000000000e+03 -4.432000000000000000e+03 -5.100000000000000000e+01 4.462000000000000000e+03
1.022800000000000000e+04 1.384000000000000000e+03 1.024000000000000000e+04 -4.448000000000000000e+03 4.100000000000000000e+01 4.480000000000000000e+03
9.524000000000000000e+03 1.704000000000000000e+03 1.054800000000000000e+04 -4.464000000000000000e+03 1.650000000000000000e+02 4.261000000000000000e+03
9.940000000000000000e+03 1.768000000000000000e+03 1.068800000000000000e+04 -4.448000000000000000e+03 2.470000000000000000e+02 4.387000000000000000e+03
1.026000000000000000e+04 1.676000000000000000e+03 1.149600000000000000e+04 -4.432000000000000000e+03 2.860000000000000000e+02 3.973000000000000000e+03
9.744000000000000000e+03 1.636000000000000000e+03 1.238400000000000000e+04 -4.432000000000000000e+03 3.030000000000000000e+02 3.514000000000000000e+03
9.496000000000000000e+03 1.780000000000000000e+03 1.260800000000000000e+04 -4.448000000000000000e+03 3.180000000000000000e+02 3.089000000000000000e+03
9.272000000000000000e+03 1.696000000000000000e+03 1.263600000000000000e+04 -4.416000000000000000e+03 2.700000000000000000e+02 2.585000000000000000e+03
8.676000000000000000e+03 1.648000000000000000e+03 1.250800000000000000e+04 -4.400000000000000000e+03 3.280000000000000000e+02 2.177000000000000000e+03
8.244000000000000000e+03 1.536000000000000000e+03 1.279200000000000000e+04 -4.448000000000000000e+03 2.140000000000000000e+02 1.739000000000000000e+03
8.192000000000000000e+03 1.728000000000000000e+03 1.321200000000000000e+04 -4.432000000000000000e+03 1.380000000000000000e+02 1.140000000000000000e+03
8.136000000000000000e+03 1.700000000000000000e+03 1.369600000000000000e+04 -4.432000000000000000e+03 5.800000000000000000e+01 6.740000000000000000e+02
8.112000000000000000e+03 1.692000000000000000e+03 1.337200000000000000e+04 -4.416000000000000000e+03 -1.400000000000000000e+01 2.750000000000000000e+02
8.108000000000000000e+03 1.808000000000000000e+03 1.316400000000000000e+04 -4.464000000000000000e+03 -5.200000000000000000e+01 -8.600000000000000000e+01
7.936000000000000000e+03 1.912000000000000000e+03 1.299200000000000000e+04 -4.432000000000000000e+03 -1.160000000000000000e+02 -3.790000000000000000e+02
7.828000000000000000e+03 1.936000000000000000e+03 1.312400000000000000e+04 -4.432000000000000000e+03 -1.990000000000000000e+02 -5.360000000000000000e+02
7.780000000000000000e+03 1.984000000000000000e+03 1.326800000000000000e+04 -4.448000000000000000e+03 -2.250000000000000000e+02 -8.000000000000000000e+02
7.688000000000000000e+03 1.964000000000000000e+03 1.281600000000000000e+04 -4.448000000000000000e+03 -2.840000000000000000e+02 -8.310000000000000000e+02
8.168000000000000000e+03 1.840000000000000000e+03 1.294400000000000000e+04 -4.432000000000000000e+03 -2.600000000000000000e+02 -7.030000000000000000e+02
7.772000000000000000e+03 1.816000000000000000e+03 1.299200000000000000e+04 -4.432000000000000000e+03 -2.980000000000000000e+02 -5.110000000000000000e+02
8.120000000000000000e+03 1.860000000000000000e+03 1.284400000000000000e+04 -4.416000000000000000e+03 -3.260000000000000000e+02 -2.420000000000000000e+02
8.236000000000000000e+03 1.860000000000000000e+03 1.249600000000000000e+04 -4.448000000000000000e+03 -2.990000000000000000e+02 1.800000000000000000e+01
8.372000000000000000e+03 1.936000000000000000e+03 1.264800000000000000e+04 -4.432000000000000000e+03 -3.390000000000000000e+02 1.490000000000000000e+02
8.236000000000000000e+03 1.912000000000000000e+03 1.260800000000000000e+04 -4.432000000000000000e+03 -3.410000000000000000e+02 3.800000000000000000e+01
7.928000000000000000e+03 1.756000000000000000e+03 1.240800000000000000e+04 -4.448000000000000000e+03 -3.460000000000000000e+02 -6.000000000000000000e+01
8.052000000000000000e+03 1.720000000000000000e+03 1.207600000000000000e+04 -4.448000000000000000e+03 -3.660000000000000000e+02 -1.760000000000000000e+02
7.912000000000000000e+03 1.652000000000000000e+03 1.176000000000000000e+04 -4.464000000000000000e+03 -5.090000000000000000e+02 -2.630000000000000000e+02
7.792000000000000000e+03 1.644000000000000000e+03 1.062800000000000000e+04 -4.416000000000000000e+03 -5.970000000000000000e+02 -1.236000000000000000e+03
6.736000000000000000e+03 1.496000000000000000e+03 6.104000000000000000e+03 -4.432000000000000000e+03 -2.270000000000000000e+02 -2.189000000000000000e+03
4.992000000000000000e+03 8.920000000000000000e+02 3.556000000000000000e+03 -4.448000000000000000e+03 -7.400000000000000000e+01 -2.984000000000000000e+03
2.956000000000000000e+03 4.200000000000000000e+02 3.712000000000000000e+03 -4.464000000000000000e+03 7.310000000000000000e+02 -8.930000000000000000e+02
4.264000000000000000e+03 5.160000000000000000e+02 1.080800000000000000e+04 -4.432000000000000000e+03 2.150000000000000000e+02 -8.810000000000000000e+02
8.844000000000000000e+03 1.492000000000000000e+03 2.266800000000000000e+04 -4.448000000000000000e+03 1.000000000000000000e+02 -1.907000000000000000e+03
1.500400000000000000e+04 2.980000000000000000e+03 2.404000000000000000e+04 -4.416000000000000000e+03 3.040000000000000000e+02 -3.160000000000000000e+03
1.741200000000000000e+04 1.920000000000000000e+03 2.732800000000000000e+04 -4.448000000000000000e+03 1.210000000000000000e+02 -3.786000000000000000e+03
2.371200000000000000e+04 2.952000000000000000e+03 3.276700000000000000e+04 -4.432000000000000000e+03 -1.205000000000000000e+03 -4.079000000000000000e+03
2.678800000000000000e+04 4.488000000000000000e+03 3.086800000000000000e+04 -4.416000000000000000e+03 -2.950000000000000000e+02 -3.311000000000000000e+03
2.844800000000000000e+04 3.828000000000000000e+03 1.128800000000000000e+04 -4.448000000000000000e+03 -9.890000000000000000e+02 -2.919000000000000000e+03
2.336000000000000000e+04 4.840000000000000000e+02 8.860000000000000000e+03 -4.432000000000000000e+03 -4.160000000000000000e+02 -2.990000000000000000e+03
1.528800000000000000e+04 1.080000000000000000e+03 8.436000000000000000e+03 -4.432000000000000000e+03 4.000000000000000000e+02 -4.307000000000000000e+03
8.712000000000000000e+03 1.944000000000000000e+03 5.180000000000000000e+03 -4.464000000000000000e+03 1.557000000000000000e+03 -3.291000000000000000e+03
7.412000000000000000e+03 9.840000000000000000e+02 -1.484000000000000000e+03 -4.464000000000000000e+03 7.800000000000000000e+01 -5.196000000000000000e+03
4.944000000000000000e+03 4.856000000000000000e+03 -1.496000000000000000e+03 -4.432000000000000000e+03 1.990000000000000000e+02 -5.105000000000000000e+03
9.200000000000000000e+01 -3.680000000000000000e+02 -2.516000000000000000e+03 -4.464000000000000000e+03 3.060000000000000000e+02 -9.030000000000000000e+02
-5.600000000000000000e+01 -1.320000000000000000e+02 1.160000000000000000e+02 -4.432000000000000000e+03 8.420000000000000000e+02 -4.973000000000000000e+03
-3.560000000000000000e+03 7.320000000000000000e+02 -3.960000000000000000e+03 -4.448000000000000000e+03 1.512000000000000000e+03 -4.457000000000000000e+03
-1.000000000000000000e+03 -1.060000000000000000e+03 -1.484000000000000000e+03 -4.464000000000000000e+03 1.903000000000000000e+03 -9.187000000000000000e+03
5.472000000000000000e+03 -1.552000000000000000e+03 2.026000000000000000e+04 -4.416000000000000000e+03 4.850000000000000000e+02 -4.720000000000000000e+03
8.492000000000000000e+03 1.200000000000000000e+02 1.874000000000000000e+04 -4.448000000000000000e+03 4.720000000000000000e+02 -2.380000000000000000e+03
1.860800000000000000e+04 3.860000000000000000e+03 1.498400000000000000e+04 -4.464000000000000000e+03 6.710000000000000000e+02 -2.746000000000000000e+03
1.799200000000000000e+04 3.696000000000000000e+03 1.300800000000000000e+04 -4.464000000000000000e+03 4.930000000000000000e+02 -1.524000000000000000e+03
1.476400000000000000e+04 3.140000000000000000e+03 9.544000000000000000e+03 -4.448000000000000000e+03 -4.300000000000000000e+01 -1.507000000000000000e+03
1.065600000000000000e+04 2.072000000000000000e+03 6.800000000000000000e+03 -4.416000000000000000e+03 -3.240000000000000000e+02 -2.232000000000000000e+03
1.106000000000000000e+04 1.408000000000000000e+03 5.560000000000000000e+03 -4.432000000000000000e+03 -1.910000000000000000e+02 -1.181000000000000000e+03
7.072000000000000000e+03 1.524000000000000000e+03 5.204000000000000000e+03 -4.432000000000000000e+03 -7.000000000000000000e+01 -1.531000000000000000e+03
4.656000000000000000e+03 1.048000000000000000e+03 2.620000000000000000e+03 -4.448000000000000000e+03 4.000000000000000000e+01 -1.057000000000000000e+03
4.336000000000000000e+03 9.440000000000000000e+02 6.800000000000000000e+02 -4.448000000000000000e+03 -2.520000000000000000e+02 -1.014000000000000000e+03
5.152000000000000000e+03 3.640000000000000000e+02 1.564000000000000000e+03 -4.480000000000000000e+03 -4.300000000000000000e+01 -1.251000000000000000e+03
6.044000000000000000e+03 -1.600000000000000000e+01 4.720000000000000000e+03 -4.432000000000000000e+03 2.700000000000000000e+02 -7.080000000000000000e+02
1.006000000000000000e+04 7.600000000000000000e+02 7.548000000000000000e+03 -4.464000000000000000e+03 -2.330000000000000000e+02 -6.240000000000000000e+02
1.394000000000000000e+04 1.104000000000000000e+03 8.308000000000000000e+03 -4.448000000000000000e+03 -8.430000000000000000e+02 4.390000000000000000e+02
1.508400000000000000e+04 1.272000000000000000e+03 1.067200000000000000e+04 -4.464000000000000000e+03 -3.620000000000000000e+02 -4.600000000000000000e+01
1.747200000000000000e+04 2.492000000000000000e+03 1.244800000000000000e+04 -4.448000000000000000e+03 -1.160000000000000000e+02 9.800000000000000000e+01
1.421200000000000000e+04 2.300000000000000000e+03 8.596000000000000000e+03 -4.432000000000000000e+03 -8.230000000000000000e+02 -4.810000000000000000e+02
1.497600000000000000e+04 1.284000000000000000e+03 9.644000000000000000e+03 -4.432000000000000000e+03 -1.039000000000000000e+03 -3.520000000000000000e+02
1.521600000000000000e+04 1.428000000000000000e+03 8.384000000000000000e+03 -4.432000000000000000e+03 -1.135000000000000000e+03 -3.940000000000000000e+02
1.826400000000000000e+04 1.388000000000000000e+03 8.896000000000000000e+03 -4.432000000000000000e+03 -7.470000000000000000e+02 -2.490000000000000000e+02
1.973600000000000000e+04 1.536000000000000000e+03 8.940000000000000000e+03 -4.448000000000000000e+03 -7.410000000000000000e+02 -7.120000000000000000e+02
1.974400000000000000e+04 2.288000000000000000e+03 9.532000000000000000e+03 -4.464000000000000000e+03 -8.400000000000000000e+02 -1.094000000000000000e+03
2.110400000000000000e+04 2.772000000000000000e+03 9.620000000000000000e+03 -4.432000000000000000e+03 -1.029000000000000000e+03 -1.365000000000000000e+03
1.882000000000000000e+04 2.500000000000000000e+03 8.760000000000000000e+03 -4.464000000000000000e+03 -8.060000000000000000e+02 -1.105000000000000000e+03
1.713200000000000000e+04 2.464000000000000000e+03 7.788000000000000000e+03 -4.464000000000000000e+03 -7.560000000000000000e+02 -5.430000000000000000e+02
1.644400000000000000e+04 2.580000000000000000e+03 6.524000000000000000e+03 -4.464000000000000000e+03 -2.850000000000000000e+02 -5.480000000000000000e+02
1.456000000000000000e+04 1.844000000000000000e+03 1.344400000000000000e+04 -4.464000000000000000e+03 -7.820000000000000000e+02 -4.070000000000000000e+02
