2.664000000000000000e+03 1.916000000000000000e+03 1.411600000000000000e+04 -4.768000000000000000e+03 -2.550000000000000000e+02 -3.310000000000000000e+02
2.864000000000000000e+03 2.016000000000000000e+03 1.402000000000000000e+04 -4.784000000000000000e+03 -2.000000000000000000e+02 -3.070000000000000000e+02
3.024000000000000000e+03 1.964000000000000000e+03 1.458400000000000000e+04 -4.784000000000000000e+03 -1.740000000000000000e+02 3.540000000000000000e+02
2.824000000000000000e+03 1.852000000000000000e+03 1.485600000000000000e+04 -4.800000000000000000e+03 -9.700000000000000000e+01 -4.790000000000000000e+02
2.580000000000000000e+03 2.008000000000000000e+03 1.443200000000000000e+04 -4.768000000000000000e+03 -6.600000000000000000e+01 -2.750000000000000000e+02
2.476000000000000000e+03 2.016000000000000000e+03 1.475200000000000000e+04 -4.816000000000000000e+03 -5.500000000000000000e+01 1.640000000000000000e+02
2.636000000000000000e+03 1.896000000000000000e+03 1.469200000000000000e+04 -4.784000000000000000e+03 -1.140000000000000000e+02 2.520000000000000000e+02
3.180000000000000000e+03 2.084000000000000000e+03 1.471200000000000000e+04 -4.784000000000000000e+03 -1.930000000000000000e+02 6.310000000000000000e+02
2.556000000000000000e+03 2.112000000000000000e+03 1.467200000000000000e+04 -4.768000000000000000e+03 -1.810000000000000000e+02 4.250000000000000000e+02
2.328000000000000000e+03 2.196000000000000000e+03 1.452000000000000000e+04 -4.752000000000000000e+03 -3.110000000000000000e+02 1.200000000000000000e+01
2.200000000000000000e+03 1.968000000000000000e+03 1.435200000000000000e+04 -4.768000000000000000e+03 -3.140000000000000000e+02 -2.800000000000000000e+01
2.572000000000000000e+03 1.804000000000000000e+03 1.466000000000000000e+04 -4.768000000000000000e+03 -3.230000000000000000e+02 2.770000000000000000e+02
2.464000000000000000e+03 1.828000000000000000e+03 1.440400000000000000e+04 -4.800000000000000000e+03 -3.740000000000000000e+02 9.600000000000000000e+01
2.528000000000000000e+03 1.852000000000000000e+03 1.426400000000000000e+04 -4.784000000000000000e+03 -3.330000000000000000e+02 -1.900000000000000000e+01
3.008000000000000000e+03 2.000000000000000000e+03 1.430400000000000000e+04 -4.816000000000000000e+03 -2.970000000000000000e+02 -6.900000000000000000e+01
2.640000000000000000e+03 2.268000000000000000e+03 1.415600000000000000e+04 -4.768000000000000000e+03 -2.030000000000000000e+02 2.260000000000000000e+02
2.696000000000000000e+03 2.380000000000000000e+03 1.391600000000000000e+04 -4.800000000000000000e+03 -2.330000000000000000e+02 -2.400000000000000000e+01
2.548000000000000000e+03 1.952000000000000000e+03 1.422400000000000000e+04 -4.768000000000000000e+03 -2.350000000000000000e+02 2.700000000000000000e+02
2.560000000000000000e+03 2.000000000000000000e+03 1.469200000000000000e+04 -4.784000000000000000e+03 -2.230000000000000000e+02 1.940000000000000000e+02
2.192000000000000000e+03 1.812000000000000000e+03 1.463200000000000000e+04 -4.784000000000000000e+03 -2.540000000000000000e+02 -3.370000000000000000e+02
2.364000000000000000e+03 1.840000000000000000e+03 1.478000000000000000e+04 -4.816000000000000000e+03 -2.840000000000000000e+02 -6.060000000000000000e+02
2.564000000000000000e+03 1.800000000000000000e+03 1.460000000000000000e+04 -4.752000000000000000e+03 -2.630000000000000000e+02 -1.189000000000000000e+03
2.596000000000000000e+03 1.916000000000000000e+03 1.489200000000000000e+04 -4.768000000000000000e+03 -2.780000000000000000e+02 -1.247000000000000000e+03
2.680000000000000000e+03 1.960000000000000000e+03 1.448800000000000000e+04 -4.768000000000000000e+03 -2.860000000000000000e+02 -1.415000000000000000e+03
2.444000000000000000e+03 1.892000000000000000e+03 1.492000000000000000e+04 -4.752000000000000000e+03 -2.340000000000000000e+02 3.100000000000000000e+01
2.440000000000000000e+03 1.948000000000000000e+03 1.572000000000000000e+04 -4.800000000000000000e+03 -5.110000000000000000e+02 -2.582000000000000000e+03
2.320000000000000000e+03 1.852000000000000000e+03 1.639200000000000000e+04 -4.752000000000000000e+03 -5.010000000000000000e+02 -7.710000000000000000e+02
2.056000000000000000e+03 2.044000000000000000e+03 1.732400000000000000e+04 -4.768000000000000000e+03 -5.560000000000000000e+02 -2.099000000000000000e+03
1.576000000000000000e+03 1.876000000000000000e+03 1.527600000000000000e+04 -4.784000000000000000e+03 -4.600000000000000000e+02 -7.000000000000000000e+01
2.548000000000000000e+03 2.084000000000000000e+03 1.334400000000000000e+04 -4.784000000000000000e+03 -5.350000000000000000e+02 -1.800000000000000000e+01
3.224000000000000000e+03 2.024000000000000000e+03 1.098000000000000000e+04 -4.752000000000000000e+03 -2.970000000000000000e+02 -1.149000000000000000e+03
2.740000000000000000e+03 1.624000000000000000e+03 9.492000000000000000e+03 -4.800000000000000000e+03 -4.310000000000000000e+02 2.340000000000000000e+02
2.228000000000000000e+03 1.452000000000000000e+03 8.956000000000000000e+03 -4.768000000000000000e+03 -1.710000000000000000e+02 1.056000000000000000e+03
1.900000000000000000e+03 1.008000000000000000e+03 7.700000000000000000e+03 -4.736000000000000000e+03 4.200000000000000000e+01 6.100000000000000000e+02
1.944000000000000000e+03 8.720000000000000000e+02 5.916000000000000000e+03 -4.736000000000000000e+03 2.860000000000000000e+02 4.060000000000000000e+02
1.968000000000000000e+03 4.880000000000000000e+02 7.448000000000000000e+03 -4.768000000000000000e+03 2.030000000000000000e+02 5.710000000000000000e+02
3.064000000000000000e+03 5.960000000000000000e+02 1.446800000000000000e+04 -4.768000000000000000e+03 1.700000000000000000e+01 -6.500000000000000000e+01
2.848000000000000000e+03 1.092000000000000000e+03 2.036800000000000000e+04 -4.768000000000000000e+03 7.700000000000000000e+01 -7.380000000000000000e+02
2.752000000000000000e+03 2.252000000000000000e+03 2.236400000000000000e+04 -4.784000000000000000e+03 5.400000000000000000e+01 -1.458000000000000000e+03
5.124000000000000000e+03 3.556000000000000000e+03 2.520400000000000000e+04 -4.752000000000000000e+03 1.000000000000000000e+01 -2.118000000000000000e+03
6.568000000000000000e+03 3.400000000000000000e+03 2.899600000000000000e+04 -4.768000000000000000e+03 -2.190000000000000000e+02 -2.398000000000000000e+03
5.416000000000000000e+03 3.716000000000000000e+03 2.905600000000000000e+04 -4.816000000000000000e+03 -2.980000000000000000e+02 -1.718000000000000000e+03
4.056000000000000000e+03 4.096000000000000000e+03 3.009200000000000000e+04 -4.768000000000000000e+03 -3.550000000000000000e+02 -1.927000000000000000e+03
6.416000000000000000e+03 4.052000000000000000e+03 2.806400000000000000e+04 -4.800000000000000000e+03 -6.460000000000000000e+02 -1.623000000000000000e+03
6.460000000000000000e+03 4.376000000000000000e+03 2.253200000000000000e+04 -4.784000000000000000e+03 -6.410000000000000000e+02 -1.539000000000000000e+03
6.424000000000000000e+03 4.228000000000000000e+03 2.195200000000000000e+04 -4.752000000000000000e+03 -4.460000000000000000e+02 -2.233000000000000000e+03
8.480000000000000000e+03 3.336000000000000000e+03 1.550000000000000000e+04 -4.768000000000000000e+03 -5.210000000000000000e+02 -2.776000000000000000e+03
7.720000000000000000e+03 3.604000000000000000e+03 9.252000000000000000e+03 -4.752000000000000000e+03 -7.320000000000000000e+02 -1.441000000000000000e+03
5.592000000000000000e+03 2.388000000000000000e+03 5.816000000000000000e+03 -4.752000000000000000e+03 -8.840000000000000000e+02 -1.700000000000000000e+03
4.220000000000000000e+03 1.352000000000000000e+03 4.944000000000000000e+03 -4.768000000000000000e+03 -7.770000000000000000e+02 -1.370000000000000000e+03
4.676000000000000000e+03 9.440000000000000000e+02 5.276000000000000000e+03 -4.768000000000000000e+03 -7.150000000000000000e+02 -1.187000000000000000e+03
4.996000000000000000e+03 7.240000000000000000e+02 7.540000000000000000e+03 -4.768000000000000000e+03 -7.670000000000000000e+02 -1.585000000000000000e+03
3.832000000000000000e+03 2.880000000000000000e+02 6.928000000000000000e+03 -4.784000000000000000e+03 -8.550000000000000000e+02 2.510000000000000000e+02
1.412000000000000000e+03 4.360000000000000000e+02 7.636000000000000000e+03 -4.752000000000000000e+03 -6.820000000000000000e+02 -1.140000000000000000e+03
2.876000000000000000e+03 6.080000000000000000e+02 7.916000000000000000e+03 -4.784000000000000000e+03 -4.280000000000000000e+02 4.200000000000000000e+01
3.444000000000000000e+03 8.080000000000000000e+02 9.136000000000000000e+03 -4.800000000000000000e+03 -1.690000000000000000e+02 -7.280000000000000000e+02
3.132000000000000000e+03 1.216000000000000000e+03 8.696000000000000000e+03 -4.768000000000000000e+03 -3.000000000000000000e+00 -3.390000000000000000e+02
1.324000000000000000e+03 1.028000000000000000e+03 9.388000000000000000e+03 -4.768000000000000000e+03 -3.070000000000000000e+02 4.070000000000000000e+02
1.344000000000000000e+03 6.040000000000000000e+02 1.076400000000000000e+04 -4.784000000000000000e+03 1.490000000000000000e+02 1.340000000000000000e+02
2.876000000000000000e+03 7.880000000000000000e+02 9.908000000000000000e+03 -4.784000000000000000e+03 2.230000000000000000e+02 3.200000000000000000e+02
3.580000000000000000e+03 -1.200000000000000000e+01 9.416000000000000000e+03 -4.768000000000000000e+03 4.140000000000000000e+02 1.380000000000000000e+03
3.712000000000000000e+03 1.440000000000000000e+02 9.320000000000000000e+03 -4.768000000000000000e+03 7.000000000000000000e+02 1.108000000000000000e+03
2.928000000000000000e+03 2.600000000000000000e+02 7.116000000000000000e+03 -4.784000000000000000e+03 6.730000000000000000e+02 -9.000000000000000000e+00
3.672000000000000000e+03 4.280000000000000000e+02 5.816000000000000000e+03 -4.752000000000000000e+03 7.250000000000000000e+02 7.320000000000000000e+02
2.980000000000000000e+03 2.040000000000000000e+02 7.284000000000000000e+03 -4.768000000000000000e+03 6.360000000000000000e+02 5.580000000000000000e+02
2.896000000000000000e+03 1.720000000000000000e+02 7.852000000000000000e+03 -4.800000000000000000e+03 6.240000000000000000e+02 2.160000000000000000e+02
3.892000000000000000e+03 5.920000000000000000e+02 1.092400000000000000e+04 -4.768000000000000000e+03 3.580000000000000000e+02 1.334000000000000000e+03
5.220000000000000000e+03 7.360000000000000000e+02 1.158000000000000000e+04 -4.752000000000000000e+03 3.420000000000000000e+02 -6.340000000000000000e+02
5.496000000000000000e+03 1.436000000000000000e+03 1.230400000000000000e+04 -4.800000000000000000e+03 2.180000000000000000e+02 5.550000000000000000e+02
5.572000000000000000e+03 1.748000000000000000e+03 1.161600000000000000e+04 -4.784000000000000000e+03 5.790000000000000000e+02 -1.489000000000000000e+03
6.348000000000000000e+03 2.132000000000000000e+03 1.302000000000000000e+04 -4.784000000000000000e+03 4.950000000000000000e+02 -7.040000000000000000e+02
7.324000000000000000e+03 2.196000000000000000e+03 1.394000000000000000e+04 -4.784000000000000000e+03 5.040000000000000000e+02 3.088000000000000000e+03
7.816000000000000000e+03 3.072000000000000000e+03 1.551600000000000000e+04 -4.784000000000000000e+03 5.910000000000000000e+02 8.280000000000000000e+02
7.008000000000000000e+03 2.840000000000000000e+03 1.523200000000000000e+04 -4.800000000000000000e+03 2.302000000000000000e+03 3.000000000000000000e+02
7.036000000000000000e+03 2.540000000000000000e+03 1.947200000000000000e+04 -4.784000000000000000e+03 -6.570000000000000000e+02 8.780000000000000000e+02
8.576000000000000000e+03 2.324000000000000000e+03 3.276700000000000000e+04 -4.768000000000000000e+03 5.520000000000000000e+02 2.240000000000000000e+03
