1.671600000000000000e+04 1.284000000000000000e+03 1.288000000000000000e+03 -4.384000000000000000e+03 -1.370000000000000000e+02 1.900000000000000000e+02
2.000000000000000000e+00 1.252000000000000000e+03 1.524000000000000000e+03 -4.416000000000000000e+03 -1.030000000000000000e+02 4.430000000000000000e+02
1.626800000000000000e+04 1.204000000000000000e+03 1.680000000000000000e+03 -4.400000000000000000e+03 -9.400000000000000000e+01 7.110000000000000000e+02
1.652800000000000000e+04 1.380000000000000000e+03 1.704000000000000000e+03 -4.416000000000000000e+03 -5.800000000000000000e+01 9.100000000000000000e+02
1.668000000000000000e+04 1.244000000000000000e+03 1.684000000000000000e+03 -4.416000000000000000e+03 -2.000000000000000000e+01 1.010000000000000000e+03
1.655600000000000000e+04 1.148000000000000000e+03 1.972000000000000000e+03 -4.432000000000000000e+03 2.000000000000000000e+01 1.131000000000000000e+03
1.610400000000000000e+04 1.104000000000000000e+03 2.080000000000000000e+03 -4.400000000000000000e+03 4.900000000000000000e+01 1.323000000000000000e+03
1.600800000000000000e+04 1.248000000000000000e+03 2.052000000000000000e+03 -4.432000000000000000e+03 3.000000000000000000e+00 1.537000000000000000e+03
1.650000000000000000e+04 1.540000000000000000e+03 1.924000000000000000e+03 -4.400000000000000000e+03 6.000000000000000000e+01 1.621000000000000000e+03
1.696400000000000000e+04 1.864000000000000000e+03 1.176000000000000000e+03 -4.432000000000000000e+03 2.050000000000000000e+02 1.468000000000000000e+03
1.612000000000000000e+04 2.436000000000000000e+03 1.260000000000000000e+03 -4.400000000000000000e+03 2.640000000000000000e+02 1.064000000000000000e+03
1.562000000000000000e+04 2.644000000000000000e+03 1.636000000000000000e+03 -4.416000000000000000e+03 2.450000000000000000e+02 5.700000000000000000e+02
1.554400000000000000e+04 2.932000000000000000e+03 2.280000000000000000e+03 -4.432000000000000000e+03 5.880000000000000000e+02 1.760000000000000000e+02
1.656000000000000000e+04 2.984000000000000000e+03 3.580000000000000000e+03 -4.384000000000000000e+03 1.530000000000000000e+02 -3.990000000000000000e+02
1.580800000000000000e+04 3.008000000000000000e+03 5.288000000000000000e+03 -4.416000000000000000e+03 6.100000000000000000e+01 -3.260000000000000000e+02
1.533200000000000000e+04 2.124000000000000000e+03 2.884000000000000000e+03 -4.432000000000000000e+03 -4.890000000000000000e+02 -1.018000000000000000e+03
1.758000000000000000e+04 1.160000000000000000e+03 2.648000000000000000e+03 -4.400000000000000000e+03 -8.300000000000000000e+01 -6.800000000000000000e+02
1.474800000000000000e+04 -4.960000000000000000e+02 3.152000000000000000e+03 -4.368000000000000000e+03 -1.660000000000000000e+02 -4.300000000000000000e+02
1.536800000000000000e+04 -1.000000000000000000e+03 3.952000000000000000e+03 -4.416000000000000000e+03 -3.260000000000000000e+02 -4.090000000000000000e+02
1.611600000000000000e+04 -2.560000000000000000e+02 3.404000000000000000e+03 -4.400000000000000000e+03 -3.880000000000000000e+02 -1.790000000000000000e+02
1.654000000000000000e+04 3.680000000000000000e+02 3.256000000000000000e+03 -4.432000000000000000e+03 -5.250000000000000000e+02 5.300000000000000000e+01
1.685600000000000000e+04 6.720000000000000000e+02 2.420000000000000000e+03 -4.432000000000000000e+03 -4.500000000000000000e+02 2.550000000000000000e+02
1.828400000000000000e+04 1.420000000000000000e+03 2.188000000000000000e+03 -4.400000000000000000e+03 -4.950000000000000000e+02 4.450000000000000000e+02
1.691600000000000000e+04 1.632000000000000000e+03 2.652000000000000000e+03 -4.400000000000000000e+03 -5.910000000000000000e+02 7.530000000000000000e+02
1.609600000000000000e+04 1.628000000000000000e+03 2.988000000000000000e+03 -4.400000000000000000e+03 -6.920000000000000000e+02 9.420000000000000000e+02
1.698000000000000000e+04 1.644000000000000000e+03 2.532000000000000000e+03 -4.416000000000000000e+03 -7.480000000000000000e+02 1.203000000000000000e+03
1.667600000000000000e+04 1.492000000000000000e+03 1.740000000000000000e+03 -4.416000000000000000e+03 -7.830000000000000000e+02 1.334000000000000000e+03
1.560400000000000000e+04 1.356000000000000000e+03 7.400000000000000000e+02 -4.416000000000000000e+03 -7.340000000000000000e+02 1.500000000000000000e+03
1.305600000000000000e+04 1.360000000000000000e+03 0.000000000000000000e+00 -4.432000000000000000e+03 -7.540000000000000000e+02 1.502000000000000000e+03
1.029600000000000000e+04 1.496000000000000000e+03 2.600000000000000000e+02 -4.400000000000000000e+03 -4.650000000000000000e+02 1.412000000000000000e+03
8.312000000000000000e+03 1.340000000000000000e+03 1.740000000000000000e+03 -4.400000000000000000e+03 -7.360000000000000000e+02 1.014000000000000000e+03
9.004000000000000000e+03 9.960000000000000000e+02 8.456000000000000000e+03 -4.448000000000000000e+03 -8.270000000000000000e+02 2.950000000000000000e+02
1.432800000000000000e+04 1.060000000000000000e+03 8.344000000000000000e+03 -4.416000000000000000e+03 -7.300000000000000000e+02 -3.350000000000000000e+02
2.331200000000000000e+04 2.792000000000000000e+03 8.656000000000000000e+03 -4.432000000000000000e+03 -6.910000000000000000e+02 -8.660000000000000000e+02
3.010000000000000000e+04 2.976000000000000000e+03 9.516000000000000000e+03 -4.432000000000000000e+03 -6.810000000000000000e+02 -5.700000000000000000e+02
3.276700000000000000e+04 3.652000000000000000e+03 6.724000000000000000e+03 -4.416000000000000000e+03 -8.360000000000000000e+02 -6.600000000000000000e+01
3.276700000000000000e+04 4.140000000000000000e+03 4.672000000000000000e+03 -4.416000000000000000e+03 -3.880000000000000000e+02 -3.430000000000000000e+02
3.276700000000000000e+04 3.120000000000000000e+03 -9.320000000000000000e+02 -4.416000000000000000e+03 -1.840000000000000000e+02 2.900000000000000000e+01
3.276700000000000000e+04 3.352000000000000000e+03 -3.916000000000000000e+03 -4.400000000000000000e+03 -2.640000000000000000e+02 -3.290000000000000000e+02
2.084000000000000000e+04 1.980000000000000000e+03 -3.372000000000000000e+03 -4.416000000000000000e+03 -3.010000000000000000e+02 -1.620000000000000000e+02
1.376400000000000000e+04 1.136000000000000000e+03 -2.596000000000000000e+03 -4.384000000000000000e+03 -2.210000000000000000e+02 -4.700000000000000000e+01
8.200000000000000000e+03 6.160000000000000000e+02 -1.576000000000000000e+03 -4.416000000000000000e+03 -1.340000000000000000e+02 -5.030000000000000000e+02
5.420000000000000000e+03 3.080000000000000000e+02 -2.280000000000000000e+02 -4.416000000000000000e+03 -2.290000000000000000e+02 -6.740000000000000000e+02
4.096000000000000000e+03 1.200000000000000000e+02 -1.256000000000000000e+03 -4.416000000000000000e+03 -1.010000000000000000e+02 -2.037000000000000000e+03
4.364000000000000000e+03 -2.600000000000000000e+02 -1.564000000000000000e+03 -4.432000000000000000e+03 6.200000000000000000e+01 1.468000000000000000e+03
4.544000000000000000e+03 -1.400000000000000000e+02 2.556000000000000000e+03 -4.384000000000000000e+03 -1.830000000000000000e+03 -1.042000000000000000e+03
3.332000000000000000e+03 1.000000000000000000e+02 9.640000000000000000e+02 -4.400000000000000000e+03 2.600000000000000000e+02 -4.450000000000000000e+02
1.086400000000000000e+04 8.400000000000000000e+02 7.000000000000000000e+02 -4.416000000000000000e+03 1.400000000000000000e+01 -4.370000000000000000e+02
1.142000000000000000e+04 4.604000000000000000e+03 2.544000000000000000e+03 -4.416000000000000000e+03 3.500000000000000000e+01 -1.240000000000000000e+02
9.348000000000000000e+03 9.880000000000000000e+02 4.184000000000000000e+03 -4.416000000000000000e+03 1.200000000000000000e+01 -1.100000000000000000e+01
1.030400000000000000e+04 1.540000000000000000e+03 4.388000000000000000e+03 -4.384000000000000000e+03 -2.730000000000000000e+02 3.410000000000000000e+02
1.452400000000000000e+04 2.220000000000000000e+03 5.396000000000000000e+03 -4.432000000000000000e+03 -2.430000000000000000e+02 1.170000000000000000e+02
1.883600000000000000e+04 2.164000000000000000e+03 5.308000000000000000e+03 -4.416000000000000000e+03 -3.370000000000000000e+02 2.550000000000000000e+02
2.004000000000000000e+04 2.488000000000000000e+03 4.876000000000000000e+03 -4.432000000000000000e+03 -3.910000000000000000e+02 2.110000000000000000e+02
1.831200000000000000e+04 2.484000000000000000e+03 2.656000000000000000e+03 -4.400000000000000000e+03 -5.430000000000000000e+02 1.210000000000000000e+02
1.539200000000000000e+04 2.504000000000000000e+03 2.696000000000000000e+03 -4.432000000000000000e+03 -4.880000000000000000e+02 1.190000000000000000e+02
1.065600000000000000e+04 2.116000000000000000e+03 9.760000000000000000e+02 -4.432000000000000000e+03 -4.770000000000000000e+02 1.390000000000000000e+02
7.544000000000000000e+03 1.328000000000000000e+03 1.524000000000000000e+03 -4.416000000000000000e+03 -3.900000000000000000e+02 4.990000000000000000e+02
8.348000000000000000e+03 1.512000000000000000e+03 4.000000000000000000e+02 -4.400000000000000000e+03 -6.320000000000000000e+02 4.080000000000000000e+02
6.960000000000000000e+03 2.020000000000000000e+03 1.516000000000000000e+03 -4.416000000000000000e+03 -5.160000000000000000e+02 1.213000000000000000e+03
5.096000000000000000e+03 7.880000000000000000e+02 1.956000000000000000e+03 -4.416000000000000000e+03 -7.050000000000000000e+02 9.700000000000000000e+02
9.740000000000000000e+03 2.068000000000000000e+03 3.292000000000000000e+03 -4.416000000000000000e+03 -9.410000000000000000e+02 2.135000000000000000e+03
1.390400000000000000e+04 2.080000000000000000e+03 5.096000000000000000e+03 -4.432000000000000000e+03 -8.800000000000000000e+02 1.348000000000000000e+03
1.879200000000000000e+04 2.540000000000000000e+03 2.452000000000000000e+03 -4.432000000000000000e+03 -8.750000000000000000e+02 1.357000000000000000e+03
2.021600000000000000e+04 2.904000000000000000e+03 2.236000000000000000e+03 -4.416000000000000000e+03 -7.580000000000000000e+02 1.806000000000000000e+03
1.617600000000000000e+04 2.392000000000000000e+03 1.828000000000000000e+03 -4.416000000000000000e+03 -9.900000000000000000e+02 1.377000000000000000e+03
1.702400000000000000e+04 2.944000000000000000e+03 2.856000000000000000e+03 -4.416000000000000000e+03 -1.167000000000000000e+03 9.830000000000000000e+02
1.791600000000000000e+04 2.556000000000000000e+03 4.404000000000000000e+03 -4.416000000000000000e+03 -8.430000000000000000e+02 3.870000000000000000e+02
2.101200000000000000e+04 3.328000000000000000e+03 3.504000000000000000e+03 -4.400000000000000000e+03 -5.530000000000000000e+02 1.790000000000000000e+02
2.224400000000000000e+04 2.740000000000000000e+03 3.568000000000000000e+03 -4.384000000000000000e+03 -7.010000000000000000e+02 6.800000000000000000e+01
2.276800000000000000e+04 3.140000000000000000e+03 3.708000000000000000e+03 -4.432000000000000000e+03 -2.330000000000000000e+02 7.720000000000000000e+02
2.248800000000000000e+04 2.776000000000000000e+03 5.428000000000000000e+03 -4.432000000000000000e+03 -1.461000000000000000e+03 7.420000000000000000e+02
2.309200000000000000e+04 2.940000000000000000e+03 9.064000000000000000e+03 -4.416000000000000000e+03 -9.280000000000000000e+02 4.180000000000000000e+02
2.198400000000000000e+04 1.952000000000000000e+03 3.312000000000000000e+03 -4.416000000000000000e+03 -6.950000000000000000e+02 -5.150000000000000000e+02
2.062400000000000000e+04 2.636000000000000000e+03 1.908000000000000000e+03 -4.416000000000000000e+03 -5.600000000000000000e+02 -5.750000000000000000e+02
1.445600000000000000e+04 8.920000000000000000e+02 6.720000000000000000e+02 -4.432000000000000000e+03 -5.980000000000000000e+02 -8.300000000000000000e+01
1.432400000000000000e+04 1.492000000000000000e+03 7.640000000000000000e+02 -4.416000000000000000e+03 -4.250000000000000000e+02 -1.450000000000000000e+02
1.430800000000000000e+04 1.552000000000000000e+03 2.640000000000000000e+03 -4.432000000000000000e+03 -5.250000000000000000e+02 2.840000000000000000e+02
1.474000000000000000e+04 1.420000000000000000e+03 4.992000000000000000e+03 -4.400000000000000000e+03 -4.050000000000000000e+02 2.190000000000000000e+02
1.582000000000000000e+04 1.760000000000000000e+03 2.760000000000000000e+03 -4.416000000000000000e+03 -3.640000000000000000e+02 1.450000000000000000e+02
1.801200000000000000e+04 2.524000000000000000e+03 1.548000000000000000e+03 -4.400000000000000000e+03 -3.380000000000000000e+02 1.520000000000000000e+02
