-2.240000000000000000e+02 1.368000000000000000e+03 1.503600000000000000e+04 -4.464000000000000000e+03 5.000000000000000000e+00 -2.179000000000000000e+03
-3.000000000000000000e+02 1.260000000000000000e+03 1.471600000000000000e+04 -4.448000000000000000e+03 -8.300000000000000000e+01 -2.004000000000000000e+03
-2.840000000000000000e+02 1.268000000000000000e+03 1.448000000000000000e+04 -4.480000000000000000e+03 -1.330000000000000000e+02 -2.060000000000000000e+03
-6.000000000000000000e+01 1.260000000000000000e+03 1.452000000000000000e+04 -4.464000000000000000e+03 -1.530000000000000000e+02 -1.835000000000000000e+03
1.400000000000000000e+02 1.260000000000000000e+03 1.529600000000000000e+04 -4.464000000000000000e+03 -2.610000000000000000e+02 -1.491000000000000000e+03
1.520000000000000000e+02 1.592000000000000000e+03 1.491600000000000000e+04 -4.464000000000000000e+03 -3.710000000000000000e+02 -1.175000000000000000e+03
5.080000000000000000e+02 1.736000000000000000e+03 1.496000000000000000e+04 -4.448000000000000000e+03 -4.220000000000000000e+02 -1.055000000000000000e+03
5.800000000000000000e+02 1.548000000000000000e+03 1.539200000000000000e+04 -4.480000000000000000e+03 -4.010000000000000000e+02 -7.320000000000000000e+02
8.960000000000000000e+02 1.612000000000000000e+03 1.455600000000000000e+04 -4.448000000000000000e+03 -5.540000000000000000e+02 -3.510000000000000000e+02
1.448000000000000000e+03 1.508000000000000000e+03 1.408800000000000000e+04 -4.464000000000000000e+03 -5.670000000000000000e+02 -4.000000000000000000e+01
1.236000000000000000e+03 1.356000000000000000e+03 1.472800000000000000e+04 -4.496000000000000000e+03 -5.610000000000000000e+02 3.770000000000000000e+02
1.212000000000000000e+03 1.520000000000000000e+03 1.503200000000000000e+04 -4.464000000000000000e+03 -5.900000000000000000e+02 8.130000000000000000e+02
1.560000000000000000e+03 1.544000000000000000e+03 1.464000000000000000e+04 -4.464000000000000000e+03 -5.870000000000000000e+02 1.237000000000000000e+03
2.140000000000000000e+03 1.464000000000000000e+03 1.494400000000000000e+04 -4.480000000000000000e+03 -5.080000000000000000e+02 1.518000000000000000e+03
2.440000000000000000e+03 1.472000000000000000e+03 1.520800000000000000e+04 -4.496000000000000000e+03 -4.080000000000000000e+02 1.426000000000000000e+03
1.976000000000000000e+03 1.572000000000000000e+03 1.434800000000000000e+04 -4.464000000000000000e+03 -3.840000000000000000e+02 1.541000000000000000e+03
1.868000000000000000e+03 1.508000000000000000e+03 1.361600000000000000e+04 -4.432000000000000000e+03 -2.560000000000000000e+02 1.439000000000000000e+03
1.676000000000000000e+03 1.396000000000000000e+03 1.397200000000000000e+04 -4.464000000000000000e+03 -2.330000000000000000e+02 1.171000000000000000e+03
1.372000000000000000e+03 1.312000000000000000e+03 1.410000000000000000e+04 -4.448000000000000000e+03 -1.700000000000000000e+02 8.740000000000000000e+02
1.344000000000000000e+03 1.404000000000000000e+03 1.425600000000000000e+04 -4.448000000000000000e+03 -1.310000000000000000e+02 5.380000000000000000e+02
1.388000000000000000e+03 1.368000000000000000e+03 1.442800000000000000e+04 -4.448000000000000000e+03 -1.020000000000000000e+02 2.090000000000000000e+02
1.364000000000000000e+03 1.340000000000000000e+03 1.438000000000000000e+04 -4.448000000000000000e+03 -1.260000000000000000e+02 -1.180000000000000000e+02
1.440000000000000000e+03 1.380000000000000000e+03 1.458400000000000000e+04 -4.480000000000000000e+03 -1.620000000000000000e+02 -4.400000000000000000e+02
1.336000000000000000e+03 1.416000000000000000e+03 1.482400000000000000e+04 -4.464000000000000000e+03 -1.570000000000000000e+02 -6.560000000000000000e+02
1.048000000000000000e+03 1.412000000000000000e+03 1.493200000000000000e+04 -4.464000000000000000e+03 -1.660000000000000000e+02 -8.380000000000000000e+02
1.160000000000000000e+03 1.208000000000000000e+03 1.461200000000000000e+04 -4.448000000000000000e+03 -1.280000000000000000e+02 -8.940000000000000000e+02
1.100000000000000000e+03 1.276000000000000000e+03 1.459200000000000000e+04 -4.464000000000000000e+03 -1.530000000000000000e+02 -1.010000000000000000e+03
9.640000000000000000e+02 1.084000000000000000e+03 1.449600000000000000e+04 -4.448000000000000000e+03 -1.730000000000000000e+02 -1.357000000000000000e+03
1.064000000000000000e+03 1.132000000000000000e+03 1.432800000000000000e+04 -4.464000000000000000e+03 -1.400000000000000000e+02 -1.610000000000000000e+03
9.560000000000000000e+02 1.252000000000000000e+03 1.470400000000000000e+04 -4.480000000000000000e+03 -2.950000000000000000e+02 -1.843000000000000000e+03
1.176000000000000000e+03 1.460000000000000000e+03 1.457600000000000000e+04 -4.480000000000000000e+03 -5.690000000000000000e+02 -1.832000000000000000e+03
1.040000000000000000e+03 1.432000000000000000e+03 1.428400000000000000e+04 -4.464000000000000000e+03 -2.370000000000000000e+02 -1.423000000000000000e+03
9.520000000000000000e+02 1.384000000000000000e+03 1.441200000000000000e+04 -4.464000000000000000e+03 2.000000000000000000e+01 -2.179000000000000000e+03
6.520000000000000000e+02 1.476000000000000000e+03 9.488000000000000000e+03 -4.464000000000000000e+03 7.790000000000000000e+02 -2.627000000000000000e+03
1.172000000000000000e+03 9.320000000000000000e+02 3.816000000000000000e+03 -4.448000000000000000e+03 3.980000000000000000e+02 -2.583000000000000000e+03
1.732000000000000000e+03 3.200000000000000000e+02 3.348000000000000000e+03 -4.464000000000000000e+03 -2.190000000000000000e+02 -3.456000000000000000e+03
1.100000000000000000e+03 4.800000000000000000e+02 7.564000000000000000e+03 -4.464000000000000000e+03 2.640000000000000000e+02 -4.327000000000000000e+03
7.200000000000000000e+02 1.220000000000000000e+03 2.358000000000000000e+04 -4.464000000000000000e+03 8.200000000000000000e+01 -4.747000000000000000e+03
1.156000000000000000e+03 3.488000000000000000e+03 2.655600000000000000e+04 -4.432000000000000000e+03 -3.980000000000000000e+02 -6.839000000000000000e+03
4.536000000000000000e+03 2.948000000000000000e+03 2.942800000000000000e+04 -4.464000000000000000e+03 -1.295000000000000000e+03 -5.016000000000000000e+03
4.648000000000000000e+03 2.536000000000000000e+03 3.276700000000000000e+04 -4.464000000000000000e+03 -1.047000000000000000e+03 -5.994000000000000000e+03
6.104000000000000000e+03 3.420000000000000000e+03 3.276700000000000000e+04 -4.448000000000000000e+03 -5.690000000000000000e+02 -4.325000000000000000e+03
6.776000000000000000e+03 3.588000000000000000e+03 3.241200000000000000e+04 -4.464000000000000000e+03 1.410000000000000000e+02 -5.757000000000000000e+03
9.508000000000000000e+03 2.920000000000000000e+03 1.420400000000000000e+04 -4.480000000000000000e+03 3.580000000000000000e+02 -6.088000000000000000e+03
9.888000000000000000e+03 8.520000000000000000e+02 1.580800000000000000e+04 -4.480000000000000000e+03 -1.420000000000000000e+02 -7.766000000000000000e+03
8.460000000000000000e+03 2.764000000000000000e+03 1.068800000000000000e+04 -4.480000000000000000e+03 5.500000000000000000e+01 -5.794000000000000000e+03
5.544000000000000000e+03 1.628000000000000000e+03 4.712000000000000000e+03 -4.448000000000000000e+03 4.910000000000000000e+02 -6.555000000000000000e+03
7.504000000000000000e+03 5.440000000000000000e+02 3.176000000000000000e+03 -4.464000000000000000e+03 7.430000000000000000e+02 -6.444000000000000000e+03
5.444000000000000000e+03 5.520000000000000000e+02 2.616000000000000000e+03 -4.480000000000000000e+03 6.490000000000000000e+02 -5.538000000000000000e+03
1.860000000000000000e+03 5.320000000000000000e+02 2.020000000000000000e+03 -4.464000000000000000e+03 1.082000000000000000e+03 -5.811000000000000000e+03
-2.400000000000000000e+01 8.240000000000000000e+02 9.000000000000000000e+02 -4.480000000000000000e+03 1.929000000000000000e+03 -5.031000000000000000e+03
-2.044000000000000000e+03 2.960000000000000000e+02 -8.440000000000000000e+02 -4.464000000000000000e+03 1.021000000000000000e+03 -4.012000000000000000e+03
-3.560000000000000000e+02 -8.800000000000000000e+01 3.176000000000000000e+03 -4.464000000000000000e+03 9.790000000000000000e+02 -3.312000000000000000e+03
1.864000000000000000e+03 -4.640000000000000000e+02 1.191200000000000000e+04 -4.464000000000000000e+03 8.270000000000000000e+02 -3.263000000000000000e+03
7.464000000000000000e+03 7.608000000000000000e+03 1.811200000000000000e+04 -4.496000000000000000e+03 6.050000000000000000e+02 -3.453000000000000000e+03
1.228800000000000000e+04 3.764000000000000000e+03 1.954800000000000000e+04 -4.480000000000000000e+03 2.830000000000000000e+02 -3.141000000000000000e+03
1.421200000000000000e+04 2.904000000000000000e+03 1.894800000000000000e+04 -4.464000000000000000e+03 -5.700000000000000000e+01 -2.668000000000000000e+03
1.369600000000000000e+04 3.540000000000000000e+03 1.885600000000000000e+04 -4.480000000000000000e+03 1.230000000000000000e+02 -4.334000000000000000e+03
1.457600000000000000e+04 3.688000000000000000e+03 1.612800000000000000e+04 -4.480000000000000000e+03 2.800000000000000000e+01 -1.535000000000000000e+03
1.044000000000000000e+04 2.700000000000000000e+03 9.208000000000000000e+03 -4.464000000000000000e+03 -6.810000000000000000e+02 -2.671000000000000000e+03
6.420000000000000000e+03 1.408000000000000000e+03 2.684000000000000000e+03 -4.464000000000000000e+03 3.760000000000000000e+02 -3.382000000000000000e+03
2.732000000000000000e+03 -1.160000000000000000e+02 2.188000000000000000e+03 -4.448000000000000000e+03 2.960000000000000000e+02 -2.338000000000000000e+03
1.592000000000000000e+03 -8.800000000000000000e+01 -2.200000000000000000e+02 -4.464000000000000000e+03 2.740000000000000000e+02 -1.708000000000000000e+03
2.676000000000000000e+03 3.560000000000000000e+03 2.312000000000000000e+03 -4.496000000000000000e+03 3.460000000000000000e+02 -1.587000000000000000e+03
2.108000000000000000e+03 -1.196000000000000000e+03 1.380000000000000000e+03 -4.496000000000000000e+03 1.100000000000000000e+02 -8.420000000000000000e+02
4.988000000000000000e+03 -4.920000000000000000e+02 5.000000000000000000e+03 -4.480000000000000000e+03 -1.510000000000000000e+02 -2.330000000000000000e+02
7.696000000000000000e+03 9.600000000000000000e+01 8.388000000000000000e+03 -4.496000000000000000e+03 -4.420000000000000000e+02 -9.000000000000000000e+01
1.292400000000000000e+04 6.760000000000000000e+02 1.034400000000000000e+04 -4.480000000000000000e+03 -3.890000000000000000e+02 1.276000000000000000e+03
1.331200000000000000e+04 1.368000000000000000e+03 1.003600000000000000e+04 -4.448000000000000000e+03 -3.650000000000000000e+02 1.628000000000000000e+03
1.441600000000000000e+04 8.320000000000000000e+02 1.091600000000000000e+04 -4.464000000000000000e+03 -5.000000000000000000e+02 -6.880000000000000000e+02
1.498800000000000000e+04 1.596000000000000000e+03 1.054000000000000000e+04 -4.464000000000000000e+03 -6.760000000000000000e+02 1.401000000000000000e+03
1.447600000000000000e+04 1.204000000000000000e+03 1.037600000000000000e+04 -4.480000000000000000e+03 -7.440000000000000000e+02 1.384000000000000000e+03
1.558000000000000000e+04 5.000000000000000000e+02 1.225200000000000000e+04 -4.432000000000000000e+03 -4.660000000000000000e+02 4.185000000000000000e+03
1.702000000000000000e+04 1.620000000000000000e+03 1.264400000000000000e+04 -4.464000000000000000e+03 -4.260000000000000000e+02 2.085000000000000000e+03
1.813600000000000000e+04 2.652000000000000000e+03 1.368000000000000000e+04 -4.448000000000000000e+03 -6.440000000000000000e+02 2.307000000000000000e+03
1.845600000000000000e+04 3.616000000000000000e+03 1.197200000000000000e+04 -4.464000000000000000e+03 -2.990000000000000000e+02 2.670000000000000000e+03
1.653200000000000000e+04 2.608000000000000000e+03 1.074000000000000000e+04 -4.496000000000000000e+03 -3.600000000000000000e+02 3.069000000000000000e+03
1.559600000000000000e+04 1.720000000000000000e+03 8.252000000000000000e+03 -4.496000000000000000e+03 -2.430000000000000000e+02 3.347000000000000000e+03
