6.320000000000000000e+03 3.736000000000000000e+03 1.348800000000000000e+04 -4.816000000000000000e+03 -5.220000000000000000e+02 -2.055000000000000000e+03
6.644000000000000000e+03 3.748000000000000000e+03 1.308800000000000000e+04 -4.848000000000000000e+03 -5.990000000000000000e+02 -1.951000000000000000e+03
6.200000000000000000e+03 3.636000000000000000e+03 1.317600000000000000e+04 -2.015000000000000000e+03 -6.480000000000000000e+02 -1.480000000000000000e+03
6.400000000000000000e+03 3.332000000000000000e+03 1.365200000000000000e+04 -4.832000000000000000e+03 -6.730000000000000000e+02 -1.032000000000000000e+03
6.676000000000000000e+03 2.988000000000000000e+03 -3.930000000000000000e+02 -4.864000000000000000e+03 -6.990000000000000000e+02 -1.005000000000000000e+03
6.640000000000000000e+03 -4.864000000000000000e+03 1.342000000000000000e+04 -4.864000000000000000e+03 -6.660000000000000000e+02 -5.060000000000000000e+02
6.836000000000000000e+03 2.984000000000000000e+03 1.283200000000000000e+04 -4.832000000000000000e+03 -6.560000000000000000e+02 -4.000000000000000000e+01
1.372000000000000000e+04 3.008000000000000000e+03 1.256800000000000000e+04 -4.864000000000000000e+03 -6.010000000000000000e+02 -3.330000000000000000e+02
7.968000000000000000e+03 3.088000000000000000e+03 1.236000000000000000e+04 -4.864000000000000000e+03 -5.140000000000000000e+02 5.550000000000000000e+02
8.024000000000000000e+03 3.096000000000000000e+03 1.238800000000000000e+04 -4.864000000000000000e+03 -5.430000000000000000e+02 3.900000000000000000e+02
8.100000000000000000e+03 3.112000000000000000e+03 1.272000000000000000e+04 -4.816000000000000000e+03 -5.470000000000000000e+02 1.351000000000000000e+03
8.080000000000000000e+03 2.932000000000000000e+03 1.230400000000000000e+04 -4.816000000000000000e+03 -1.710000000000000000e+02 8.100000000000000000e+02
8.288000000000000000e+03 2.548000000000000000e+03 1.185600000000000000e+04 -4.864000000000000000e+03 -8.360000000000000000e+02 9.590000000000000000e+02
8.436000000000000000e+03 1.956000000000000000e+03 1.163200000000000000e+04 -4.880000000000000000e+03 -6.690000000000000000e+02 1.471000000000000000e+03
7.976000000000000000e+03 9.880000000000000000e+02 1.218000000000000000e+04 -4.848000000000000000e+03 -5.340000000000000000e+02 1.767000000000000000e+03
8.120000000000000000e+03 6.080000000000000000e+02 1.307200000000000000e+04 -4.832000000000000000e+03 -4.270000000000000000e+02 1.497000000000000000e+03
8.796000000000000000e+03 8.000000000000000000e+02 1.333200000000000000e+04 -4.832000000000000000e+03 -3.750000000000000000e+02 8.610000000000000000e+02
8.868000000000000000e+03 -3.200000000000000000e+02 1.304800000000000000e+04 -4.848000000000000000e+03 -2.710000000000000000e+02 1.465000000000000000e+03
9.088000000000000000e+03 2.004000000000000000e+03 1.190000000000000000e+04 -4.848000000000000000e+03 -2.290000000000000000e+02 1.372000000000000000e+03
8.680000000000000000e+03 2.472000000000000000e+03 1.092000000000000000e+04 -4.832000000000000000e+03 -7.700000000000000000e+01 9.950000000000000000e+02
8.004000000000000000e+03 2.492000000000000000e+03 1.194000000000000000e+04 -4.848000000000000000e+03 -1.120000000000000000e+02 7.270000000000000000e+02
7.608000000000000000e+03 2.700000000000000000e+03 1.267200000000000000e+04 -4.864000000000000000e+03 -1.260000000000000000e+02 2.920000000000000000e+02
7.448000000000000000e+03 2.692000000000000000e+03 1.259200000000000000e+04 -4.864000000000000000e+03 -8.300000000000000000e+01 2.610000000000000000e+02
7.380000000000000000e+03 2.580000000000000000e+03 1.267200000000000000e+04 -4.832000000000000000e+03 -4.000000000000000000e+00 9.390000000000000000e+02
7.536000000000000000e+03 2.836000000000000000e+03 1.302800000000000000e+04 -4.816000000000000000e+03 5.200000000000000000e+01 3.000000000000000000e+00
7.412000000000000000e+03 2.880000000000000000e+03 1.288400000000000000e+04 -4.880000000000000000e+03 1.250000000000000000e+02 4.700000000000000000e+02
7.144000000000000000e+03 3.144000000000000000e+03 1.111200000000000000e+04 -4.864000000000000000e+03 5.800000000000000000e+01 3.710000000000000000e+02
7.348000000000000000e+03 2.912000000000000000e+03 9.328000000000000000e+03 -4.832000000000000000e+03 -4.200000000000000000e+01 8.850000000000000000e+02
7.192000000000000000e+03 2.488000000000000000e+03 7.852000000000000000e+03 -4.832000000000000000e+03 -1.200000000000000000e+02 1.049000000000000000e+03
6.668000000000000000e+03 2.292000000000000000e+03 7.928000000000000000e+03 -4.848000000000000000e+03 -8.800000000000000000e+01 1.445000000000000000e+03
5.476000000000000000e+03 2.252000000000000000e+03 9.784000000000000000e+03 -4.864000000000000000e+03 8.000000000000000000e+00 1.212000000000000000e+03
5.012000000000000000e+03 2.500000000000000000e+03 1.111200000000000000e+04 -4.848000000000000000e+03 -9.100000000000000000e+01 1.121000000000000000e+03
5.252000000000000000e+03 2.728000000000000000e+03 1.331200000000000000e+04 -4.864000000000000000e+03 -4.000000000000000000e+02 9.910000000000000000e+02
5.664000000000000000e+03 3.452000000000000000e+03 1.354000000000000000e+04 -4.848000000000000000e+03 -7.580000000000000000e+02 2.106000000000000000e+03
6.028000000000000000e+03 3.100000000000000000e+03 1.559600000000000000e+04 -4.864000000000000000e+03 -8.820000000000000000e+02 1.105000000000000000e+03
7.756000000000000000e+03 3.440000000000000000e+03 2.002400000000000000e+04 -4.816000000000000000e+03 -4.550000000000000000e+02 1.424000000000000000e+03
7.896000000000000000e+03 3.880000000000000000e+03 2.554000000000000000e+04 -4.864000000000000000e+03 -8.970000000000000000e+02 2.260000000000000000e+03
9.224000000000000000e+03 4.720000000000000000e+03 3.036800000000000000e+04 -4.880000000000000000e+03 -9.920000000000000000e+02 2.889000000000000000e+03
9.744000000000000000e+03 6.112000000000000000e+03 3.027600000000000000e+04 -4.832000000000000000e+03 -8.340000000000000000e+02 2.940000000000000000e+03
1.154400000000000000e+04 6.716000000000000000e+03 2.700400000000000000e+04 -4.832000000000000000e+03 -5.130000000000000000e+02 2.648000000000000000e+03
1.528800000000000000e+04 6.516000000000000000e+03 2.397200000000000000e+04 -4.848000000000000000e+03 -2.560000000000000000e+02 3.408000000000000000e+03
1.721200000000000000e+04 5.804000000000000000e+03 1.804800000000000000e+04 -4.864000000000000000e+03 -2.310000000000000000e+02 2.984000000000000000e+03
1.793600000000000000e+04 4.532000000000000000e+03 1.230800000000000000e+04 -4.848000000000000000e+03 -2.090000000000000000e+02 2.773000000000000000e+03
1.597200000000000000e+04 3.352000000000000000e+03 7.016000000000000000e+03 -4.816000000000000000e+03 1.120000000000000000e+02 2.520000000000000000e+03
1.216800000000000000e+04 2.340000000000000000e+03 4.620000000000000000e+03 -4.832000000000000000e+03 5.560000000000000000e+02 4.623000000000000000e+03
9.836000000000000000e+03 1.608000000000000000e+03 2.244000000000000000e+03 -4.864000000000000000e+03 -3.200000000000000000e+01 2.548000000000000000e+03
7.020000000000000000e+03 1.120000000000000000e+03 1.892000000000000000e+03 -4.832000000000000000e+03 1.990000000000000000e+02 2.722000000000000000e+03
4.240000000000000000e+03 5.520000000000000000e+02 1.836000000000000000e+03 -4.848000000000000000e+03 2.350000000000000000e+02 2.861000000000000000e+03
3.628000000000000000e+03 2.520000000000000000e+02 3.168000000000000000e+03 -4.864000000000000000e+03 3.570000000000000000e+02 2.743000000000000000e+03
2.196000000000000000e+03 6.280000000000000000e+02 6.660000000000000000e+03 -4.848000000000000000e+03 6.140000000000000000e+02 2.345000000000000000e+03
9.480000000000000000e+02 1.796000000000000000e+03 1.225200000000000000e+04 -4.816000000000000000e+03 2.750000000000000000e+02 2.610000000000000000e+03
6.400000000000000000e+02 2.472000000000000000e+03 1.009600000000000000e+04 -4.832000000000000000e+03 -1.800000000000000000e+02 2.202000000000000000e+03
2.124000000000000000e+03 2.416000000000000000e+03 9.420000000000000000e+03 -4.848000000000000000e+03 -1.200000000000000000e+02 1.573000000000000000e+03
-7.680000000000000000e+02 2.368000000000000000e+03 8.756000000000000000e+03 -4.832000000000000000e+03 -1.260000000000000000e+02 4.130000000000000000e+02
4.160000000000000000e+02 1.512000000000000000e+03 1.422800000000000000e+04 -4.848000000000000000e+03 -2.970000000000000000e+02 1.612000000000000000e+03
-6.840000000000000000e+02 3.400000000000000000e+03 1.794000000000000000e+04 -4.816000000000000000e+03 -4.500000000000000000e+01 2.933000000000000000e+03
-2.940000000000000000e+03 3.880000000000000000e+03 1.594800000000000000e+04 -4.832000000000000000e+03 -8.300000000000000000e+01 1.581000000000000000e+03
1.680000000000000000e+03 3.612000000000000000e+03 9.240000000000000000e+03 -4.848000000000000000e+03 7.900000000000000000e+01 2.328000000000000000e+03
1.204000000000000000e+03 2.460000000000000000e+03 7.200000000000000000e+03 -4.832000000000000000e+03 -1.470000000000000000e+02 2.187000000000000000e+03
2.124000000000000000e+03 1.192000000000000000e+03 5.452000000000000000e+03 -4.832000000000000000e+03 -6.480000000000000000e+02 2.052000000000000000e+03
9.360000000000000000e+02 1.448000000000000000e+03 2.032000000000000000e+03 -4.848000000000000000e+03 -6.300000000000000000e+02 -8.560000000000000000e+02
1.576000000000000000e+03 5.560000000000000000e+02 5.096000000000000000e+03 -4.864000000000000000e+03 -1.660000000000000000e+02 4.359000000000000000e+03
6.680000000000000000e+02 8.120000000000000000e+02 7.748000000000000000e+03 -4.832000000000000000e+03 -1.690000000000000000e+02 2.705000000000000000e+03
7.360000000000000000e+02 1.244000000000000000e+03 1.315600000000000000e+04 -4.848000000000000000e+03 -7.820000000000000000e+02 2.287000000000000000e+03
4.280000000000000000e+02 2.644000000000000000e+03 1.473600000000000000e+04 -4.816000000000000000e+03 -6.240000000000000000e+02 1.884000000000000000e+03
1.452000000000000000e+03 3.404000000000000000e+03 1.870000000000000000e+04 -4.848000000000000000e+03 -9.210000000000000000e+02 2.004000000000000000e+03
1.892000000000000000e+03 4.584000000000000000e+03 8.624000000000000000e+03 -4.864000000000000000e+03 -1.160000000000000000e+03 2.336000000000000000e+03
1.968000000000000000e+03 2.768000000000000000e+03 1.215600000000000000e+04 -4.864000000000000000e+03 -4.600000000000000000e+02 2.058000000000000000e+03
3.152000000000000000e+03 3.908000000000000000e+03 1.756000000000000000e+04 -4.848000000000000000e+03 -1.261000000000000000e+03 2.306000000000000000e+03
7.068000000000000000e+03 6.156000000000000000e+03 2.326800000000000000e+04 -4.848000000000000000e+03 -1.028000000000000000e+03 2.334000000000000000e+03
6.428000000000000000e+03 7.136000000000000000e+03 2.855200000000000000e+04 -4.848000000000000000e+03 -7.280000000000000000e+02 2.235000000000000000e+03
9.416000000000000000e+03 6.956000000000000000e+03 2.411600000000000000e+04 -4.848000000000000000e+03 -9.520000000000000000e+02 2.332000000000000000e+03
5.396000000000000000e+03 5.232000000000000000e+03 2.818000000000000000e+04 -4.832000000000000000e+03 -9.260000000000000000e+02 2.256000000000000000e+03
4.016000000000000000e+03 5.576000000000000000e+03 2.118400000000000000e+04 -4.848000000000000000e+03 -7.710000000000000000e+02 2.210000000000000000e+03
4.836000000000000000e+03 6.104000000000000000e+03 1.393600000000000000e+04 -4.880000000000000000e+03 -6.470000000000000000e+02 1.852000000000000000e+03
