1.732000000000000000e+03 2.344000000000000000e+03 1.418000000000000000e+04 -4.816000000000000000e+03 -3.790000000000000000e+02 -9.000000000000000000e+00
1.228000000000000000e+03 2.456000000000000000e+03 1.389600000000000000e+04 -4.784000000000000000e+03 -4.990000000000000000e+02 -4.300000000000000000e+02
9.000000000000000000e+02 2.520000000000000000e+03 1.479600000000000000e+04 -4.768000000000000000e+03 -5.760000000000000000e+02 -8.410000000000000000e+02
8.160000000000000000e+02 2.292000000000000000e+03 1.528800000000000000e+04 -4.816000000000000000e+03 -6.380000000000000000e+02 -9.590000000000000000e+02
7.960000000000000000e+02 2.076000000000000000e+03 1.479600000000000000e+04 -4.816000000000000000e+03 -5.870000000000000000e+02 -7.120000000000000000e+02
4.200000000000000000e+02 1.884000000000000000e+03 1.524000000000000000e+04 -4.768000000000000000e+03 -4.980000000000000000e+02 -1.084000000000000000e+03
1.136000000000000000e+03 1.688000000000000000e+03 1.547600000000000000e+04 -4.784000000000000000e+03 -4.320000000000000000e+02 -1.074000000000000000e+03
8.920000000000000000e+02 1.560000000000000000e+03 1.495600000000000000e+04 -4.816000000000000000e+03 -2.820000000000000000e+02 -6.020000000000000000e+02
6.080000000000000000e+02 1.772000000000000000e+03 1.416800000000000000e+04 -4.768000000000000000e+03 -2.150000000000000000e+02 -4.100000000000000000e+01
6.840000000000000000e+02 2.088000000000000000e+03 1.412800000000000000e+04 -4.800000000000000000e+03 -2.620000000000000000e+02 3.100000000000000000e+01
7.000000000000000000e+02 2.044000000000000000e+03 1.432800000000000000e+04 -4.800000000000000000e+03 -2.550000000000000000e+02 2.960000000000000000e+02
5.520000000000000000e+02 2.340000000000000000e+03 1.440400000000000000e+04 -4.752000000000000000e+03 -3.240000000000000000e+02 5.980000000000000000e+02
6.560000000000000000e+02 2.416000000000000000e+03 1.480000000000000000e+04 -4.816000000000000000e+03 -3.120000000000000000e+02 1.010000000000000000e+03
5.720000000000000000e+02 2.368000000000000000e+03 1.510000000000000000e+04 -4.768000000000000000e+03 -3.220000000000000000e+02 1.098000000000000000e+03
4.320000000000000000e+02 2.348000000000000000e+03 1.468000000000000000e+04 -4.784000000000000000e+03 -3.210000000000000000e+02 1.080000000000000000e+03
6.560000000000000000e+02 2.128000000000000000e+03 1.455200000000000000e+04 -4.784000000000000000e+03 -4.750000000000000000e+02 1.055000000000000000e+03
8.080000000000000000e+02 1.788000000000000000e+03 1.413200000000000000e+04 -4.784000000000000000e+03 -5.260000000000000000e+02 6.900000000000000000e+02
9.920000000000000000e+02 1.968000000000000000e+03 1.390000000000000000e+04 -4.752000000000000000e+03 -5.090000000000000000e+02 -3.300000000000000000e+01
1.060000000000000000e+03 1.904000000000000000e+03 1.418400000000000000e+04 -4.784000000000000000e+03 -5.000000000000000000e+02 2.300000000000000000e+02
1.680000000000000000e+03 2.188000000000000000e+03 1.534400000000000000e+04 -4.768000000000000000e+03 -4.610000000000000000e+02 6.530000000000000000e+02
1.660000000000000000e+03 1.932000000000000000e+03 1.506400000000000000e+04 -4.800000000000000000e+03 -4.560000000000000000e+02 4.080000000000000000e+02
1.160000000000000000e+03 2.040000000000000000e+03 1.421600000000000000e+04 -4.784000000000000000e+03 -3.890000000000000000e+02 6.640000000000000000e+02
1.272000000000000000e+03 2.016000000000000000e+03 1.402800000000000000e+04 -4.752000000000000000e+03 -4.120000000000000000e+02 9.910000000000000000e+02
1.508000000000000000e+03 1.852000000000000000e+03 1.388400000000000000e+04 -4.784000000000000000e+03 -5.100000000000000000e+02 2.440000000000000000e+02
1.476000000000000000e+03 1.940000000000000000e+03 1.472800000000000000e+04 -4.784000000000000000e+03 -8.280000000000000000e+02 -1.220000000000000000e+03
1.180000000000000000e+03 1.512000000000000000e+03 1.571600000000000000e+04 -4.768000000000000000e+03 -4.950000000000000000e+02 -9.830000000000000000e+02
4.120000000000000000e+02 1.624000000000000000e+03 1.438400000000000000e+04 -4.768000000000000000e+03 -2.990000000000000000e+02 4.640000000000000000e+02
1.400000000000000000e+02 1.740000000000000000e+03 1.462400000000000000e+04 -4.784000000000000000e+03 2.400000000000000000e+02 8.810000000000000000e+02
8.960000000000000000e+02 1.616000000000000000e+03 8.380000000000000000e+03 -4.768000000000000000e+03 7.310000000000000000e+02 -2.952000000000000000e+03
-1.600000000000000000e+01 1.484000000000000000e+03 3.644000000000000000e+03 -4.800000000000000000e+03 2.100000000000000000e+02 -1.607000000000000000e+03
1.192000000000000000e+03 9.400000000000000000e+02 3.632000000000000000e+03 -4.784000000000000000e+03 -8.400000000000000000e+01 -1.578000000000000000e+03
1.696000000000000000e+03 4.320000000000000000e+02 5.556000000000000000e+03 -4.784000000000000000e+03 5.050000000000000000e+02 -5.090000000000000000e+02
1.192000000000000000e+03 5.280000000000000000e+02 1.459600000000000000e+04 -4.784000000000000000e+03 5.250000000000000000e+02 -8.650000000000000000e+02
1.136000000000000000e+03 6.560000000000000000e+02 2.380400000000000000e+04 -4.784000000000000000e+03 4.620000000000000000e+02 -1.030000000000000000e+03
-2.220000000000000000e+03 1.220000000000000000e+03 2.297200000000000000e+04 -4.768000000000000000e+03 2.100000000000000000e+02 -1.790000000000000000e+02
1.976000000000000000e+03 3.820000000000000000e+03 2.474800000000000000e+04 -4.784000000000000000e+03 1.350000000000000000e+02 -7.000000000000000000e+02
2.356000000000000000e+03 3.536000000000000000e+03 3.068400000000000000e+04 -4.784000000000000000e+03 -6.600000000000000000e+02 -6.700000000000000000e+02
6.640000000000000000e+02 3.712000000000000000e+03 3.276700000000000000e+04 -4.768000000000000000e+03 -6.810000000000000000e+02 -1.204000000000000000e+03
-3.312000000000000000e+03 3.824000000000000000e+03 3.203600000000000000e+04 -4.768000000000000000e+03 -7.610000000000000000e+02 5.520000000000000000e+02
-3.208000000000000000e+03 3.648000000000000000e+03 3.075200000000000000e+04 -4.784000000000000000e+03 -7.340000000000000000e+02 -1.713000000000000000e+03
-2.640000000000000000e+02 3.508000000000000000e+03 2.482400000000000000e+04 -4.752000000000000000e+03 -7.170000000000000000e+02 -1.310000000000000000e+03
2.460000000000000000e+03 4.192000000000000000e+03 2.415200000000000000e+04 -4.784000000000000000e+03 -9.180000000000000000e+02 -7.230000000000000000e+02
4.608000000000000000e+03 3.208000000000000000e+03 1.490400000000000000e+04 -4.752000000000000000e+03 -8.570000000000000000e+02 -7.490000000000000000e+02
4.324000000000000000e+03 3.616000000000000000e+03 7.424000000000000000e+03 -4.800000000000000000e+03 -9.070000000000000000e+02 -1.343000000000000000e+03
2.776000000000000000e+03 2.180000000000000000e+03 7.396000000000000000e+03 -4.816000000000000000e+03 -8.340000000000000000e+02 -2.297000000000000000e+03
3.584000000000000000e+03 1.844000000000000000e+03 4.744000000000000000e+03 -4.800000000000000000e+03 -7.970000000000000000e+02 -6.920000000000000000e+02
1.128000000000000000e+03 1.500000000000000000e+03 5.612000000000000000e+03 -4.752000000000000000e+03 -9.750000000000000000e+02 -4.940000000000000000e+02
1.980000000000000000e+03 7.880000000000000000e+02 5.544000000000000000e+03 -4.768000000000000000e+03 -1.018000000000000000e+03 2.110000000000000000e+02
2.560000000000000000e+02 7.760000000000000000e+02 7.868000000000000000e+03 -4.784000000000000000e+03 -7.450000000000000000e+02 -1.022000000000000000e+03
1.024000000000000000e+03 8.320000000000000000e+02 7.700000000000000000e+03 -4.768000000000000000e+03 -3.980000000000000000e+02 4.310000000000000000e+02
8.000000000000000000e+00 1.100000000000000000e+03 1.166800000000000000e+04 -4.784000000000000000e+03 -4.370000000000000000e+02 -4.520000000000000000e+02
4.120000000000000000e+02 6.920000000000000000e+02 1.056000000000000000e+04 -4.784000000000000000e+03 -1.530000000000000000e+02 8.420000000000000000e+02
-5.320000000000000000e+02 1.024000000000000000e+03 1.044800000000000000e+04 -4.800000000000000000e+03 -1.230000000000000000e+02 4.080000000000000000e+02
5.600000000000000000e+01 1.964000000000000000e+03 9.832000000000000000e+03 -4.784000000000000000e+03 -1.900000000000000000e+01 1.179000000000000000e+03
-2.240000000000000000e+02 2.244000000000000000e+03 8.900000000000000000e+03 -4.768000000000000000e+03 1.080000000000000000e+02 1.283000000000000000e+03
2.388000000000000000e+03 1.512000000000000000e+03 9.964000000000000000e+03 -4.784000000000000000e+03 3.490000000000000000e+02 1.810000000000000000e+02
1.032000000000000000e+03 7.600000000000000000e+02 7.948000000000000000e+03 -4.800000000000000000e+03 5.210000000000000000e+02 -1.000000000000000000e+00
7.000000000000000000e+02 4.640000000000000000e+02 8.880000000000000000e+03 -4.800000000000000000e+03 6.050000000000000000e+02 4.340000000000000000e+02
2.272000000000000000e+03 9.560000000000000000e+02 7.892000000000000000e+03 -4.784000000000000000e+03 3.750000000000000000e+02 -4.100000000000000000e+02
1.784000000000000000e+03 6.600000000000000000e+02 7.404000000000000000e+03 -4.816000000000000000e+03 2.720000000000000000e+02 6.640000000000000000e+02
8.000000000000000000e+00 3.520000000000000000e+02 7.192000000000000000e+03 -4.768000000000000000e+03 5.600000000000000000e+02 1.120000000000000000e+02
2.024000000000000000e+03 1.280000000000000000e+03 9.204000000000000000e+03 -4.784000000000000000e+03 5.900000000000000000e+01 1.820000000000000000e+03
2.256000000000000000e+03 1.308000000000000000e+03 1.266000000000000000e+04 -4.784000000000000000e+03 2.220000000000000000e+02 3.390000000000000000e+02
2.088000000000000000e+03 1.352000000000000000e+03 1.532400000000000000e+04 -4.784000000000000000e+03 6.520000000000000000e+02 -2.939000000000000000e+03
1.956000000000000000e+03 1.848000000000000000e+03 1.070400000000000000e+04 -4.784000000000000000e+03 6.710000000000000000e+02 -1.417000000000000000e+03
2.072000000000000000e+03 1.976000000000000000e+03 1.097600000000000000e+04 -4.784000000000000000e+03 4.200000000000000000e+02 -2.410000000000000000e+03
3.628000000000000000e+03 9.560000000000000000e+02 1.247600000000000000e+04 -4.800000000000000000e+03 2.690000000000000000e+02 -8.660000000000000000e+02
3.296000000000000000e+03 1.620000000000000000e+03 1.281200000000000000e+04 -4.784000000000000000e+03 -8.100000000000000000e+01 1.530000000000000000e+02
2.944000000000000000e+03 2.652000000000000000e+03 1.459200000000000000e+04 -4.832000000000000000e+03 1.638000000000000000e+03 -4.960000000000000000e+02
4.112000000000000000e+03 2.408000000000000000e+03 1.760400000000000000e+04 -4.784000000000000000e+03 -1.867000000000000000e+03 5.320000000000000000e+02
4.196000000000000000e+03 2.536000000000000000e+03 1.994400000000000000e+04 -4.784000000000000000e+03 4.000000000000000000e+01 1.191000000000000000e+03
4.380000000000000000e+03 2.488000000000000000e+03 2.483600000000000000e+04 -4.768000000000000000e+03 3.330000000000000000e+02 1.205000000000000000e+03
3.240000000000000000e+03 2.280000000000000000e+03 3.276700000000000000e+04 -4.784000000000000000e+03 -1.258000000000000000e+03 -5.450000000000000000e+02
3.756000000000000000e+03 3.128000000000000000e+03 2.194000000000000000e+04 -4.736000000000000000e+03 -5.100000000000000000e+02 6.710000000000000000e+02
