9.956000000000000000e+03 2.548000000000000000e+03 1.148800000000000000e+04 -4.816000000000000000e+03 -2.430000000000000000e+02 -9.900000000000000000e+01
9.768000000000000000e+03 2.416000000000000000e+03 1.138000000000000000e+04 -4.832000000000000000e+03 -2.240000000000000000e+02 -2.400000000000000000e+02
9.960000000000000000e+03 2.548000000000000000e+03 1.131200000000000000e+04 -4.816000000000000000e+03 -1.500000000000000000e+02 -3.680000000000000000e+02
1.005600000000000000e+04 2.484000000000000000e+03 1.127600000000000000e+04 -4.832000000000000000e+03 -1.560000000000000000e+02 -4.780000000000000000e+02
1.004400000000000000e+04 2.540000000000000000e+03 1.118400000000000000e+04 -4.832000000000000000e+03 -1.180000000000000000e+02 -4.580000000000000000e+02
1.002400000000000000e+04 2.444000000000000000e+03 1.142400000000000000e+04 -4.800000000000000000e+03 -1.210000000000000000e+02 -4.020000000000000000e+02
9.900000000000000000e+03 2.480000000000000000e+03 1.136000000000000000e+04 -4.800000000000000000e+03 -1.040000000000000000e+02 -4.170000000000000000e+02
1.022800000000000000e+04 2.604000000000000000e+03 1.155600000000000000e+04 -4.784000000000000000e+03 -9.700000000000000000e+01 -4.210000000000000000e+02
1.020000000000000000e+04 2.572000000000000000e+03 1.158800000000000000e+04 -4.800000000000000000e+03 -1.140000000000000000e+02 -5.390000000000000000e+02
1.036800000000000000e+04 2.512000000000000000e+03 1.147200000000000000e+04 -4.832000000000000000e+03 -1.170000000000000000e+02 -5.560000000000000000e+02
1.031600000000000000e+04 2.532000000000000000e+03 1.125600000000000000e+04 -4.832000000000000000e+03 -1.370000000000000000e+02 -6.680000000000000000e+02
1.026800000000000000e+04 2.640000000000000000e+03 1.144800000000000000e+04 -4.800000000000000000e+03 -1.720000000000000000e+02 -7.190000000000000000e+02
1.028800000000000000e+04 2.492000000000000000e+03 1.138000000000000000e+04 -4.832000000000000000e+03 -1.850000000000000000e+02 -5.580000000000000000e+02
1.032800000000000000e+04 2.504000000000000000e+03 1.136000000000000000e+04 -4.800000000000000000e+03 -2.070000000000000000e+02 -5.990000000000000000e+02
1.060400000000000000e+04 2.544000000000000000e+03 1.123200000000000000e+04 -4.832000000000000000e+03 -2.580000000000000000e+02 -3.930000000000000000e+02
1.054800000000000000e+04 2.544000000000000000e+03 1.105200000000000000e+04 -4.832000000000000000e+03 -3.080000000000000000e+02 -1.200000000000000000e+02
1.051600000000000000e+04 2.564000000000000000e+03 1.078400000000000000e+04 -4.832000000000000000e+03 -3.000000000000000000e+02 1.030000000000000000e+02
1.063200000000000000e+04 2.580000000000000000e+03 1.094800000000000000e+04 -4.800000000000000000e+03 -3.580000000000000000e+02 2.090000000000000000e+02
1.082000000000000000e+04 2.716000000000000000e+03 1.148000000000000000e+04 -4.816000000000000000e+03 -3.780000000000000000e+02 4.440000000000000000e+02
1.048800000000000000e+04 2.572000000000000000e+03 1.068400000000000000e+04 -4.816000000000000000e+03 -3.980000000000000000e+02 4.410000000000000000e+02
1.084800000000000000e+04 2.448000000000000000e+03 1.083200000000000000e+04 -4.800000000000000000e+03 -3.450000000000000000e+02 6.930000000000000000e+02
1.030000000000000000e+04 2.320000000000000000e+03 1.097200000000000000e+04 -4.848000000000000000e+03 -3.950000000000000000e+02 6.390000000000000000e+02
1.042000000000000000e+04 2.432000000000000000e+03 1.083200000000000000e+04 -4.816000000000000000e+03 -3.470000000000000000e+02 5.100000000000000000e+02
1.072000000000000000e+04 2.516000000000000000e+03 1.146400000000000000e+04 -4.832000000000000000e+03 -3.230000000000000000e+02 5.950000000000000000e+02
1.035600000000000000e+04 2.640000000000000000e+03 1.152800000000000000e+04 -4.832000000000000000e+03 -3.000000000000000000e+02 3.970000000000000000e+02
1.072400000000000000e+04 2.616000000000000000e+03 1.109200000000000000e+04 -4.816000000000000000e+03 -2.830000000000000000e+02 2.510000000000000000e+02
1.031600000000000000e+04 2.600000000000000000e+03 1.080000000000000000e+04 -4.832000000000000000e+03 -2.070000000000000000e+02 2.120000000000000000e+02
1.030800000000000000e+04 2.588000000000000000e+03 1.088800000000000000e+04 -4.816000000000000000e+03 -1.500000000000000000e+02 8.200000000000000000e+01
1.039600000000000000e+04 2.592000000000000000e+03 1.114400000000000000e+04 -4.800000000000000000e+03 -9.400000000000000000e+01 9.600000000000000000e+01
1.040000000000000000e+04 2.460000000000000000e+03 1.116800000000000000e+04 -4.832000000000000000e+03 -1.220000000000000000e+02 -3.600000000000000000e+01
1.052400000000000000e+04 2.296000000000000000e+03 1.128400000000000000e+04 -4.816000000000000000e+03 -6.700000000000000000e+01 -2.820000000000000000e+02
1.042400000000000000e+04 2.556000000000000000e+03 1.172400000000000000e+04 -4.800000000000000000e+03 2.000000000000000000e+00 -6.110000000000000000e+02
1.031200000000000000e+04 2.540000000000000000e+03 1.194800000000000000e+04 -4.832000000000000000e+03 -8.500000000000000000e+01 -2.610000000000000000e+02
1.018400000000000000e+04 2.452000000000000000e+03 1.202800000000000000e+04 -4.816000000000000000e+03 -4.700000000000000000e+01 -6.800000000000000000e+02
8.692000000000000000e+03 2.464000000000000000e+03 1.230000000000000000e+04 -4.800000000000000000e+03 -5.800000000000000000e+01 -9.910000000000000000e+02
7.696000000000000000e+03 2.128000000000000000e+03 1.060000000000000000e+04 -4.832000000000000000e+03 -2.300000000000000000e+01 -1.618000000000000000e+03
7.760000000000000000e+03 2.388000000000000000e+03 1.037200000000000000e+04 -4.816000000000000000e+03 -1.930000000000000000e+02 -3.041000000000000000e+03
1.315200000000000000e+04 2.724000000000000000e+03 6.892000000000000000e+03 -4.816000000000000000e+03 2.510000000000000000e+02 -3.769000000000000000e+03
1.136800000000000000e+04 3.248000000000000000e+03 9.932000000000000000e+03 -4.848000000000000000e+03 -2.650000000000000000e+02 -8.720000000000000000e+02
1.288400000000000000e+04 3.036000000000000000e+03 5.496000000000000000e+03 -4.832000000000000000e+03 -4.030000000000000000e+02 -5.470000000000000000e+02
8.164000000000000000e+03 2.284000000000000000e+03 5.656000000000000000e+03 -4.816000000000000000e+03 -1.850000000000000000e+02 -3.020000000000000000e+03
6.860000000000000000e+03 1.712000000000000000e+03 6.672000000000000000e+03 -4.832000000000000000e+03 -2.340000000000000000e+02 -6.900000000000000000e+02
1.008400000000000000e+04 1.900000000000000000e+03 8.420000000000000000e+03 -4.768000000000000000e+03 -7.000000000000000000e+00 -1.219000000000000000e+03
1.284800000000000000e+04 2.632000000000000000e+03 1.355200000000000000e+04 -4.848000000000000000e+03 1.600000000000000000e+02 -2.134000000000000000e+03
1.796800000000000000e+04 3.676000000000000000e+03 1.664400000000000000e+04 -4.816000000000000000e+03 -9.000000000000000000e+00 -1.173000000000000000e+03
2.139200000000000000e+04 4.016000000000000000e+03 1.801200000000000000e+04 -4.832000000000000000e+03 5.400000000000000000e+01 -8.120000000000000000e+02
2.330400000000000000e+04 4.792000000000000000e+03 2.205200000000000000e+04 -4.816000000000000000e+03 4.300000000000000000e+01 6.360000000000000000e+02
2.510800000000000000e+04 5.364000000000000000e+03 2.475600000000000000e+04 -4.832000000000000000e+03 1.390000000000000000e+02 2.750000000000000000e+02
2.512800000000000000e+04 5.908000000000000000e+03 2.529200000000000000e+04 -4.816000000000000000e+03 -1.850000000000000000e+02 -6.040000000000000000e+02
2.465200000000000000e+04 4.264000000000000000e+03 1.330000000000000000e+04 -4.816000000000000000e+03 -4.970000000000000000e+02 -6.070000000000000000e+02
2.109600000000000000e+04 5.172000000000000000e+03 1.508000000000000000e+04 -4.816000000000000000e+03 -5.620000000000000000e+02 -6.100000000000000000e+01
1.681200000000000000e+04 3.404000000000000000e+03 8.556000000000000000e+03 -4.800000000000000000e+03 6.280000000000000000e+02 -5.750000000000000000e+02
1.356800000000000000e+04 7.240000000000000000e+02 -9.560000000000000000e+02 -4.816000000000000000e+03 1.110000000000000000e+03 -1.051000000000000000e+03
8.284000000000000000e+03 -6.400000000000000000e+01 -2.068000000000000000e+03 -4.832000000000000000e+03 5.810000000000000000e+02 -1.135000000000000000e+03
3.776000000000000000e+03 5.160000000000000000e+02 9.720000000000000000e+02 -4.832000000000000000e+03 4.280000000000000000e+02 -6.840000000000000000e+02
3.256000000000000000e+03 9.440000000000000000e+02 1.972000000000000000e+03 -4.800000000000000000e+03 1.066000000000000000e+03 -1.604000000000000000e+03
2.884000000000000000e+03 -2.160000000000000000e+02 -1.480000000000000000e+02 -4.832000000000000000e+03 1.029000000000000000e+03 -2.221000000000000000e+03
3.944000000000000000e+03 -3.360000000000000000e+02 3.280000000000000000e+02 -4.816000000000000000e+03 1.469000000000000000e+03 -1.559000000000000000e+03
4.496000000000000000e+03 3.880000000000000000e+02 2.208000000000000000e+03 -4.832000000000000000e+03 9.560000000000000000e+02 -6.530000000000000000e+02
8.560000000000000000e+03 9.840000000000000000e+02 2.868000000000000000e+03 -4.832000000000000000e+03 1.020000000000000000e+03 -1.912000000000000000e+03
3.188000000000000000e+03 1.135200000000000000e+04 1.144000000000000000e+04 -4.848000000000000000e+03 2.402000000000000000e+03 3.613000000000000000e+03
9.168000000000000000e+03 4.240000000000000000e+03 1.113200000000000000e+04 -4.800000000000000000e+03 5.390000000000000000e+02 -1.709000000000000000e+03
3.768000000000000000e+03 3.212000000000000000e+03 1.350800000000000000e+04 -4.816000000000000000e+03 1.081000000000000000e+03 -2.409000000000000000e+03
1.126800000000000000e+04 4.572000000000000000e+03 1.300400000000000000e+04 -4.832000000000000000e+03 7.350000000000000000e+02 -8.510000000000000000e+02
1.590800000000000000e+04 4.844000000000000000e+03 1.248800000000000000e+04 -4.816000000000000000e+03 3.110000000000000000e+02 -1.169000000000000000e+03
1.292800000000000000e+04 3.772000000000000000e+03 1.176400000000000000e+04 -4.816000000000000000e+03 1.690000000000000000e+02 -1.310000000000000000e+02
1.343600000000000000e+04 3.724000000000000000e+03 1.120800000000000000e+04 -4.816000000000000000e+03 -6.500000000000000000e+01 -4.980000000000000000e+02
9.200000000000000000e+03 2.384000000000000000e+03 9.312000000000000000e+03 -4.800000000000000000e+03 -5.800000000000000000e+01 -2.800000000000000000e+01
7.076000000000000000e+03 2.256000000000000000e+03 6.520000000000000000e+03 -4.816000000000000000e+03 -3.180000000000000000e+02 -6.940000000000000000e+02
3.744000000000000000e+03 9.160000000000000000e+02 1.540000000000000000e+03 -4.848000000000000000e+03 -2.320000000000000000e+02 -1.934000000000000000e+03
2.264000000000000000e+03 -9.080000000000000000e+02 -1.280000000000000000e+03 -4.816000000000000000e+03 -2.500000000000000000e+02 9.290000000000000000e+02
4.252000000000000000e+03 6.640000000000000000e+02 9.840000000000000000e+02 -4.816000000000000000e+03 4.900000000000000000e+01 -2.274000000000000000e+03
8.700000000000000000e+03 5.160000000000000000e+02 6.920000000000000000e+02 -4.816000000000000000e+03 3.400000000000000000e+01 7.850000000000000000e+02
1.107200000000000000e+04 2.024000000000000000e+03 3.896000000000000000e+03 -4.816000000000000000e+03 4.000000000000000000e+01 1.050000000000000000e+02
1.436800000000000000e+04 2.460000000000000000e+03 6.660000000000000000e+03 -4.864000000000000000e+03 4.300000000000000000e+01 1.569000000000000000e+03
1.603200000000000000e+04 3.516000000000000000e+03 1.055600000000000000e+04 -4.864000000000000000e+03 -8.500000000000000000e+01 7.670000000000000000e+02
1.745200000000000000e+04 4.496000000000000000e+03 1.334800000000000000e+04 -4.816000000000000000e+03 -5.400000000000000000e+02 1.255000000000000000e+03
1.976800000000000000e+04 4.556000000000000000e+03 1.322800000000000000e+04 -4.816000000000000000e+03 -4.190000000000000000e+02 1.103000000000000000e+03
1.802000000000000000e+04 2.044000000000000000e+03 1.153600000000000000e+04 -4.848000000000000000e+03 -3.230000000000000000e+02 2.293000000000000000e+03
1.954800000000000000e+04 2.868000000000000000e+03 1.279600000000000000e+04 -4.832000000000000000e+03 -7.010000000000000000e+02 2.267000000000000000e+03
1.616000000000000000e+04 2.260000000000000000e+03 1.178000000000000000e+04 -4.848000000000000000e+03 -1.069000000000000000e+03 2.446000000000000000e+03
1.550400000000000000e+04 3.284000000000000000e+03 1.304400000000000000e+04 -4.864000000000000000e+03 -1.318000000000000000e+03 2.396000000000000000e+03
1.549600000000000000e+04 2.948000000000000000e+03 1.251600000000000000e+04 -4.848000000000000000e+03 -9.260000000000000000e+02 9.580000000000000000e+02
1.594800000000000000e+04 2.416000000000000000e+03 1.005200000000000000e+04 -4.784000000000000000e+03 -7.250000000000000000e+02 1.792000000000000000e+03
