-7.360000000000000000e+02 2.208000000000000000e+03 1.425600000000000000e+04 -4.640000000000000000e+03 -2.330000000000000000e+02 -2.410000000000000000e+02
-6.640000000000000000e+02 2.248000000000000000e+03 1.432800000000000000e+04 -4.656000000000000000e+03 -1.950000000000000000e+02 -6.200000000000000000e+02
-4.760000000000000000e+02 2.268000000000000000e+03 1.452800000000000000e+04 -4.640000000000000000e+03 -1.740000000000000000e+02 -1.076000000000000000e+03
-5.400000000000000000e+02 2.348000000000000000e+03 1.471200000000000000e+04 -4.640000000000000000e+03 -1.700000000000000000e+02 -1.309000000000000000e+03
-3.760000000000000000e+02 2.232000000000000000e+03 1.470000000000000000e+04 -4.672000000000000000e+03 -1.290000000000000000e+02 -1.412000000000000000e+03
-1.440000000000000000e+02 2.300000000000000000e+03 1.448000000000000000e+04 -4.656000000000000000e+03 -1.130000000000000000e+02 -1.298000000000000000e+03
-1.160000000000000000e+02 2.508000000000000000e+03 1.450000000000000000e+04 -4.656000000000000000e+03 -1.410000000000000000e+02 -1.146000000000000000e+03
-4.000000000000000000e+01 2.500000000000000000e+03 1.442400000000000000e+04 -4.672000000000000000e+03 -1.780000000000000000e+02 -9.820000000000000000e+02
8.000000000000000000e+00 2.440000000000000000e+03 1.466000000000000000e+04 -4.656000000000000000e+03 -1.870000000000000000e+02 -8.070000000000000000e+02
1.080000000000000000e+02 2.508000000000000000e+03 1.466800000000000000e+04 -4.656000000000000000e+03 -1.950000000000000000e+02 -6.010000000000000000e+02
2.520000000000000000e+02 2.320000000000000000e+03 1.454000000000000000e+04 -4.656000000000000000e+03 -2.700000000000000000e+02 -3.640000000000000000e+02
2.760000000000000000e+02 2.360000000000000000e+03 1.468800000000000000e+04 -4.688000000000000000e+03 -2.650000000000000000e+02 -1.920000000000000000e+02
1.800000000000000000e+02 2.232000000000000000e+03 1.455200000000000000e+04 -4.672000000000000000e+03 -3.000000000000000000e+02 -3.000000000000000000e+00
4.160000000000000000e+02 2.408000000000000000e+03 1.455600000000000000e+04 -4.640000000000000000e+03 -3.380000000000000000e+02 1.290000000000000000e+02
3.280000000000000000e+02 2.376000000000000000e+03 1.468000000000000000e+04 -4.672000000000000000e+03 -3.360000000000000000e+02 2.200000000000000000e+02
2.680000000000000000e+02 2.420000000000000000e+03 1.445200000000000000e+04 -4.640000000000000000e+03 -3.570000000000000000e+02 1.960000000000000000e+02
3.400000000000000000e+02 2.544000000000000000e+03 1.443600000000000000e+04 -4.656000000000000000e+03 -3.060000000000000000e+02 2.010000000000000000e+02
5.080000000000000000e+02 2.744000000000000000e+03 1.455600000000000000e+04 -4.656000000000000000e+03 -3.270000000000000000e+02 2.580000000000000000e+02
4.760000000000000000e+02 2.672000000000000000e+03 1.450800000000000000e+04 -4.656000000000000000e+03 -2.990000000000000000e+02 3.690000000000000000e+02
4.080000000000000000e+02 2.616000000000000000e+03 1.436800000000000000e+04 -4.656000000000000000e+03 -3.180000000000000000e+02 4.810000000000000000e+02
3.760000000000000000e+02 2.468000000000000000e+03 1.436000000000000000e+04 -4.656000000000000000e+03 -2.600000000000000000e+02 5.980000000000000000e+02
3.320000000000000000e+02 2.324000000000000000e+03 1.424800000000000000e+04 -4.640000000000000000e+03 -2.740000000000000000e+02 6.860000000000000000e+02
3.080000000000000000e+02 2.176000000000000000e+03 1.442000000000000000e+04 -4.672000000000000000e+03 -2.520000000000000000e+02 7.230000000000000000e+02
2.880000000000000000e+02 2.248000000000000000e+03 1.426800000000000000e+04 -4.640000000000000000e+03 -2.180000000000000000e+02 7.440000000000000000e+02
1.680000000000000000e+02 2.280000000000000000e+03 1.442400000000000000e+04 -4.640000000000000000e+03 -2.030000000000000000e+02 7.770000000000000000e+02
1.960000000000000000e+02 2.272000000000000000e+03 1.449200000000000000e+04 -4.624000000000000000e+03 -1.660000000000000000e+02 7.790000000000000000e+02
1.800000000000000000e+02 2.384000000000000000e+03 1.465600000000000000e+04 -4.624000000000000000e+03 -1.700000000000000000e+02 8.030000000000000000e+02
4.000000000000000000e+00 2.452000000000000000e+03 1.477600000000000000e+04 -4.624000000000000000e+03 -1.550000000000000000e+02 8.680000000000000000e+02
4.800000000000000000e+01 2.564000000000000000e+03 1.455600000000000000e+04 -4.640000000000000000e+03 -1.600000000000000000e+02 9.140000000000000000e+02
3.200000000000000000e+01 2.512000000000000000e+03 1.448400000000000000e+04 -4.624000000000000000e+03 -1.730000000000000000e+02 9.460000000000000000e+02
-1.600000000000000000e+01 2.556000000000000000e+03 1.455200000000000000e+04 -4.640000000000000000e+03 -2.150000000000000000e+02 1.010000000000000000e+03
-9.600000000000000000e+01 2.472000000000000000e+03 1.430800000000000000e+04 -4.624000000000000000e+03 -2.230000000000000000e+02 1.056000000000000000e+03
-1.480000000000000000e+02 2.432000000000000000e+03 1.444800000000000000e+04 -4.640000000000000000e+03 -2.520000000000000000e+02 1.065000000000000000e+03
-4.840000000000000000e+02 2.624000000000000000e+03 1.472400000000000000e+04 -4.656000000000000000e+03 -3.010000000000000000e+02 1.011000000000000000e+03
-4.520000000000000000e+02 2.540000000000000000e+03 1.480400000000000000e+04 -4.624000000000000000e+03 -3.220000000000000000e+02 9.130000000000000000e+02
-3.360000000000000000e+02 2.488000000000000000e+03 1.454400000000000000e+04 -4.688000000000000000e+03 -3.540000000000000000e+02 7.850000000000000000e+02
-5.360000000000000000e+02 2.540000000000000000e+03 1.461200000000000000e+04 -4.624000000000000000e+03 -3.510000000000000000e+02 6.980000000000000000e+02
-7.200000000000000000e+02 2.556000000000000000e+03 1.463600000000000000e+04 -4.624000000000000000e+03 -3.970000000000000000e+02 6.130000000000000000e+02
-5.800000000000000000e+02 2.440000000000000000e+03 1.476000000000000000e+04 -4.672000000000000000e+03 -3.950000000000000000e+02 5.070000000000000000e+02
-8.520000000000000000e+02 2.372000000000000000e+03 1.470400000000000000e+04 -4.640000000000000000e+03 -4.370000000000000000e+02 4.290000000000000000e+02
-7.880000000000000000e+02 2.392000000000000000e+03 1.438400000000000000e+04 -4.624000000000000000e+03 -4.410000000000000000e+02 4.190000000000000000e+02
-7.960000000000000000e+02 2.452000000000000000e+03 1.452800000000000000e+04 -4.656000000000000000e+03 -4.080000000000000000e+02 3.670000000000000000e+02
-7.680000000000000000e+02 2.444000000000000000e+03 1.454000000000000000e+04 -4.640000000000000000e+03 -3.820000000000000000e+02 3.350000000000000000e+02
-8.840000000000000000e+02 2.372000000000000000e+03 1.451600000000000000e+04 -4.672000000000000000e+03 -3.900000000000000000e+02 2.940000000000000000e+02
-9.320000000000000000e+02 2.364000000000000000e+03 1.450400000000000000e+04 -4.608000000000000000e+03 -3.710000000000000000e+02 4.190000000000000000e+02
-8.600000000000000000e+02 2.236000000000000000e+03 1.429200000000000000e+04 -4.624000000000000000e+03 -3.680000000000000000e+02 6.510000000000000000e+02
-9.760000000000000000e+02 2.296000000000000000e+03 1.435600000000000000e+04 -4.656000000000000000e+03 -3.290000000000000000e+02 7.040000000000000000e+02
-8.520000000000000000e+02 2.168000000000000000e+03 1.421200000000000000e+04 -4.656000000000000000e+03 -3.330000000000000000e+02 8.250000000000000000e+02
-1.016000000000000000e+03 2.232000000000000000e+03 1.415600000000000000e+04 -4.640000000000000000e+03 -2.790000000000000000e+02 8.430000000000000000e+02
-1.164000000000000000e+03 2.332000000000000000e+03 1.442800000000000000e+04 -4.640000000000000000e+03 -2.520000000000000000e+02 8.460000000000000000e+02
-1.048000000000000000e+03 2.268000000000000000e+03 1.457600000000000000e+04 -4.624000000000000000e+03 -2.870000000000000000e+02 7.480000000000000000e+02
-1.084000000000000000e+03 2.488000000000000000e+03 1.463200000000000000e+04 -4.640000000000000000e+03 -2.510000000000000000e+02 6.440000000000000000e+02
-1.172000000000000000e+03 2.288000000000000000e+03 1.429600000000000000e+04 -4.624000000000000000e+03 -2.060000000000000000e+02 5.070000000000000000e+02
-1.304000000000000000e+03 2.328000000000000000e+03 1.444400000000000000e+04 -4.624000000000000000e+03 -1.930000000000000000e+02 3.280000000000000000e+02
-1.316000000000000000e+03 2.268000000000000000e+03 1.434400000000000000e+04 -4.640000000000000000e+03 -1.910000000000000000e+02 6.800000000000000000e+01
-1.324000000000000000e+03 2.360000000000000000e+03 1.435200000000000000e+04 -4.640000000000000000e+03 -1.720000000000000000e+02 -1.310000000000000000e+02
-1.168000000000000000e+03 2.304000000000000000e+03 1.451600000000000000e+04 -4.640000000000000000e+03 -1.870000000000000000e+02 -2.320000000000000000e+02
-1.056000000000000000e+03 2.328000000000000000e+03 1.438000000000000000e+04 -4.624000000000000000e+03 -1.740000000000000000e+02 -3.120000000000000000e+02
-1.292000000000000000e+03 2.336000000000000000e+03 1.468000000000000000e+04 -4.624000000000000000e+03 -1.920000000000000000e+02 -4.460000000000000000e+02
-1.048000000000000000e+03 2.368000000000000000e+03 1.474400000000000000e+04 -4.624000000000000000e+03 -1.820000000000000000e+02 -6.020000000000000000e+02
-9.720000000000000000e+02 2.324000000000000000e+03 1.463600000000000000e+04 -4.640000000000000000e+03 -2.100000000000000000e+02 -7.130000000000000000e+02
-1.044000000000000000e+03 2.376000000000000000e+03 1.452800000000000000e+04 -4.640000000000000000e+03 -1.850000000000000000e+02 -7.840000000000000000e+02
-7.800000000000000000e+02 2.468000000000000000e+03 1.437600000000000000e+04 -4.656000000000000000e+03 -1.710000000000000000e+02 -8.310000000000000000e+02
-8.360000000000000000e+02 2.596000000000000000e+03 1.423600000000000000e+04 -4.608000000000000000e+03 -1.550000000000000000e+02 -8.550000000000000000e+02
-7.640000000000000000e+02 2.516000000000000000e+03 1.438400000000000000e+04 -4.624000000000000000e+03 -1.610000000000000000e+02 -8.590000000000000000e+02
-6.120000000000000000e+02 2.500000000000000000e+03 1.430000000000000000e+04 -4.656000000000000000e+03 -1.460000000000000000e+02 -8.480000000000000000e+02
-5.320000000000000000e+02 2.560000000000000000e+03 1.429200000000000000e+04 -4.640000000000000000e+03 -1.610000000000000000e+02 -8.040000000000000000e+02
-5.280000000000000000e+02 2.608000000000000000e+03 1.470400000000000000e+04 -4.624000000000000000e+03 -2.040000000000000000e+02 -7.580000000000000000e+02
-3.400000000000000000e+02 2.504000000000000000e+03 1.446400000000000000e+04 -4.640000000000000000e+03 -2.040000000000000000e+02 -6.270000000000000000e+02
-2.840000000000000000e+02 2.460000000000000000e+03 1.460800000000000000e+04 -4.624000000000000000e+03 -2.170000000000000000e+02 -4.080000000000000000e+02
-1.000000000000000000e+02 2.452000000000000000e+03 1.454000000000000000e+04 -4.640000000000000000e+03 -2.720000000000000000e+02 -1.840000000000000000e+02
-4.000000000000000000e+01 2.488000000000000000e+03 1.453200000000000000e+04 -4.672000000000000000e+03 -2.930000000000000000e+02 6.400000000000000000e+01
-1.360000000000000000e+02 2.460000000000000000e+03 1.444000000000000000e+04 -4.608000000000000000e+03 -3.550000000000000000e+02 2.410000000000000000e+02
-8.000000000000000000e+01 2.544000000000000000e+03 1.445200000000000000e+04 -4.656000000000000000e+03 -3.300000000000000000e+02 4.410000000000000000e+02
-8.800000000000000000e+01 2.612000000000000000e+03 1.443600000000000000e+04 -4.624000000000000000e+03 -3.690000000000000000e+02 6.130000000000000000e+02
-3.280000000000000000e+02 2.384000000000000000e+03 1.473200000000000000e+04 -4.624000000000000000e+03 -4.070000000000000000e+02 8.380000000000000000e+02
-2.680000000000000000e+02 2.568000000000000000e+03 1.464800000000000000e+04 -4.624000000000000000e+03 -4.200000000000000000e+02 1.009000000000000000e+03
-2.360000000000000000e+02 2.492000000000000000e+03 1.443200000000000000e+04 -4.624000000000000000e+03 -4.060000000000000000e+02 1.184000000000000000e+03
-3.080000000000000000e+02 2.480000000000000000e+03 1.417200000000000000e+04 -4.608000000000000000e+03 -4.280000000000000000e+02 1.363000000000000000e+03
-5.680000000000000000e+02 2.308000000000000000e+03 1.435200000000000000e+04 -4.624000000000000000e+03 -4.530000000000000000e+02 1.482000000000000000e+03
-6.000000000000000000e+02 2.564000000000000000e+03 1.426400000000000000e+04 -4.640000000000000000e+03 -4.350000000000000000e+02 1.595000000000000000e+03
-7.680000000000000000e+02 2.476000000000000000e+03 1.444400000000000000e+04 -4.640000000000000000e+03 -4.580000000000000000e+02 1.597000000000000000e+03
-8.920000000000000000e+02 2.284000000000000000e+03 1.452400000000000000e+04 -4.656000000000000000e+03 -4.170000000000000000e+02 1.503000000000000000e+03
-1.008000000000000000e+03 2.380000000000000000e+03 1.441600000000000000e+04 -4.624000000000000000e+03 -3.870000000000000000e+02 1.283000000000000000e+03
