1.610800000000000000e+04 2.780000000000000000e+03 -5.580000000000000000e+03 -4.656000000000000000e+03 -8.860000000000000000e+02 -5.420000000000000000e+02
1.663200000000000000e+04 2.516000000000000000e+03 -6.056000000000000000e+03 -4.640000000000000000e+03 -8.810000000000000000e+02 -8.610000000000000000e+02
1.524000000000000000e+04 1.916000000000000000e+03 -6.012000000000000000e+03 -4.656000000000000000e+03 -7.260000000000000000e+02 -1.121000000000000000e+03
1.456400000000000000e+04 1.384000000000000000e+03 -6.004000000000000000e+03 -4.672000000000000000e+03 -5.700000000000000000e+02 -1.114000000000000000e+03
1.507200000000000000e+04 1.520000000000000000e+03 -6.380000000000000000e+03 -4.672000000000000000e+03 -5.170000000000000000e+02 -3.900000000000000000e+01
1.549200000000000000e+04 1.728000000000000000e+03 -6.860000000000000000e+03 -4.656000000000000000e+03 -7.390000000000000000e+02 -1.480000000000000000e+03
1.568800000000000000e+04 1.772000000000000000e+03 -7.008000000000000000e+03 -4.640000000000000000e+03 -5.290000000000000000e+02 -4.850000000000000000e+02
1.670400000000000000e+04 1.508000000000000000e+03 -6.880000000000000000e+03 -4.640000000000000000e+03 -4.370000000000000000e+02 -8.090000000000000000e+02
1.774800000000000000e+04 5.560000000000000000e+02 -6.604000000000000000e+03 -4.656000000000000000e+03 -3.380000000000000000e+02 -1.096000000000000000e+03
1.673200000000000000e+04 -1.600000000000000000e+02 -6.288000000000000000e+03 -4.656000000000000000e+03 -1.870000000000000000e+02 -1.051000000000000000e+03
1.536000000000000000e+04 -1.920000000000000000e+02 -7.676000000000000000e+03 -4.656000000000000000e+03 -3.500000000000000000e+01 -8.900000000000000000e+02
1.515200000000000000e+04 5.200000000000000000e+02 -8.580000000000000000e+03 -4.656000000000000000e+03 -4.000000000000000000e+01 -7.250000000000000000e+02
1.762000000000000000e+04 1.396000000000000000e+03 -8.168000000000000000e+03 -4.672000000000000000e+03 -4.000000000000000000e+01 -2.680000000000000000e+02
1.836000000000000000e+04 1.860000000000000000e+03 -7.932000000000000000e+03 -4.640000000000000000e+03 -1.010000000000000000e+02 -2.800000000000000000e+02
1.704800000000000000e+04 1.664000000000000000e+03 -7.948000000000000000e+03 -4.624000000000000000e+03 -8.700000000000000000e+01 2.880000000000000000e+02
1.624000000000000000e+04 1.804000000000000000e+03 -7.496000000000000000e+03 -4.640000000000000000e+03 -1.710000000000000000e+02 3.560000000000000000e+02
1.550000000000000000e+04 1.840000000000000000e+03 -7.288000000000000000e+03 -4.688000000000000000e+03 -1.860000000000000000e+02 4.620000000000000000e+02
1.623600000000000000e+04 1.812000000000000000e+03 -7.272000000000000000e+03 -4.656000000000000000e+03 -2.820000000000000000e+02 5.390000000000000000e+02
1.602400000000000000e+04 1.772000000000000000e+03 -7.672000000000000000e+03 -4.640000000000000000e+03 -2.890000000000000000e+02 5.550000000000000000e+02
1.624800000000000000e+04 1.696000000000000000e+03 -8.252000000000000000e+03 -4.624000000000000000e+03 -3.270000000000000000e+02 6.150000000000000000e+02
1.611600000000000000e+04 1.564000000000000000e+03 -7.612000000000000000e+03 -4.640000000000000000e+03 -3.420000000000000000e+02 7.000000000000000000e+02
1.570400000000000000e+04 1.968000000000000000e+03 -7.500000000000000000e+03 -4.688000000000000000e+03 -4.050000000000000000e+02 7.800000000000000000e+02
1.613200000000000000e+04 2.148000000000000000e+03 -7.796000000000000000e+03 -4.656000000000000000e+03 -4.260000000000000000e+02 6.890000000000000000e+02
1.548800000000000000e+04 2.356000000000000000e+03 -7.904000000000000000e+03 -4.640000000000000000e+03 -4.750000000000000000e+02 4.220000000000000000e+02
1.605600000000000000e+04 2.160000000000000000e+03 -7.684000000000000000e+03 -4.640000000000000000e+03 -4.800000000000000000e+02 1.430000000000000000e+02
1.584400000000000000e+04 1.860000000000000000e+03 -7.260000000000000000e+03 -4.688000000000000000e+03 -4.390000000000000000e+02 -2.070000000000000000e+02
1.530400000000000000e+04 1.864000000000000000e+03 -6.980000000000000000e+03 -4.640000000000000000e+03 -4.120000000000000000e+02 -1.230000000000000000e+02
1.548800000000000000e+04 1.896000000000000000e+03 -6.820000000000000000e+03 -4.656000000000000000e+03 -5.270000000000000000e+02 1.330000000000000000e+02
1.565200000000000000e+04 1.672000000000000000e+03 -6.720000000000000000e+03 -4.656000000000000000e+03 -5.560000000000000000e+02 1.016000000000000000e+03
1.495200000000000000e+04 1.672000000000000000e+03 -5.860000000000000000e+03 -4.688000000000000000e+03 -7.780000000000000000e+02 4.300000000000000000e+01
1.480000000000000000e+04 1.716000000000000000e+03 -5.268000000000000000e+03 -4.688000000000000000e+03 -3.680000000000000000e+02 -5.790000000000000000e+02
1.476800000000000000e+04 1.364000000000000000e+03 -4.924000000000000000e+03 -4.672000000000000000e+03 -4.320000000000000000e+02 -9.280000000000000000e+02
1.207200000000000000e+04 8.720000000000000000e+02 -5.964000000000000000e+03 -4.640000000000000000e+03 -3.980000000000000000e+02 -1.566000000000000000e+03
8.544000000000000000e+03 7.880000000000000000e+02 -5.012000000000000000e+03 -4.656000000000000000e+03 -3.510000000000000000e+02 -1.986000000000000000e+03
7.864000000000000000e+03 1.180000000000000000e+03 -1.052000000000000000e+04 -4.656000000000000000e+03 -2.960000000000000000e+02 -2.398000000000000000e+03
1.135600000000000000e+04 2.384000000000000000e+03 -9.428000000000000000e+03 -4.672000000000000000e+03 -3.010000000000000000e+02 -2.110000000000000000e+03
1.704800000000000000e+04 2.592000000000000000e+03 -1.067600000000000000e+04 -4.640000000000000000e+03 -1.910000000000000000e+02 -1.478000000000000000e+03
2.340400000000000000e+04 1.720000000000000000e+03 -1.122400000000000000e+04 -4.624000000000000000e+03 9.100000000000000000e+01 -7.350000000000000000e+02
1.911600000000000000e+04 2.768000000000000000e+03 -1.370000000000000000e+04 -4.656000000000000000e+03 3.740000000000000000e+02 -5.820000000000000000e+02
2.276000000000000000e+04 3.668000000000000000e+03 -1.528400000000000000e+04 -4.688000000000000000e+03 -2.500000000000000000e+02 -2.750000000000000000e+02
2.761200000000000000e+04 3.788000000000000000e+03 -1.692000000000000000e+04 -4.624000000000000000e+03 -3.250000000000000000e+02 -3.630000000000000000e+02
3.016800000000000000e+04 3.068000000000000000e+03 -1.590800000000000000e+04 -4.640000000000000000e+03 -3.900000000000000000e+01 -2.430000000000000000e+02
3.088800000000000000e+04 2.720000000000000000e+03 -1.563200000000000000e+04 -4.640000000000000000e+03 -3.000000000000000000e+00 -3.430000000000000000e+02
3.192000000000000000e+04 2.628000000000000000e+03 -1.351200000000000000e+04 -4.640000000000000000e+03 -3.510000000000000000e+02 -1.422000000000000000e+03
2.665200000000000000e+04 3.600000000000000000e+02 -7.880000000000000000e+03 -4.656000000000000000e+03 -1.070000000000000000e+02 -1.838000000000000000e+03
1.778800000000000000e+04 1.600000000000000000e+02 -5.524000000000000000e+03 -4.656000000000000000e+03 1.320000000000000000e+02 -1.234000000000000000e+03
1.280000000000000000e+04 7.760000000000000000e+02 -4.592000000000000000e+03 -4.656000000000000000e+03 -2.030000000000000000e+02 -8.110000000000000000e+02
8.436000000000000000e+03 8.800000000000000000e+02 -2.844000000000000000e+03 -4.624000000000000000e+03 2.900000000000000000e+02 -9.470000000000000000e+02
7.000000000000000000e+03 3.600000000000000000e+01 -4.000000000000000000e+02 -4.672000000000000000e+03 -1.221000000000000000e+03 -1.392000000000000000e+03
3.744000000000000000e+03 3.720000000000000000e+02 -1.516000000000000000e+03 -4.656000000000000000e+03 -4.070000000000000000e+02 -5.350000000000000000e+02
3.352000000000000000e+03 9.320000000000000000e+02 -5.040000000000000000e+02 -4.656000000000000000e+03 -7.300000000000000000e+01 -6.130000000000000000e+02
3.000000000000000000e+03 1.104000000000000000e+03 -6.784000000000000000e+03 -4.672000000000000000e+03 -2.940000000000000000e+02 -8.500000000000000000e+02
3.656000000000000000e+03 1.164000000000000000e+03 -4.304000000000000000e+03 -4.656000000000000000e+03 -3.470000000000000000e+02 -1.512000000000000000e+03
3.248000000000000000e+03 -9.880000000000000000e+02 -9.956000000000000000e+03 -4.656000000000000000e+03 -3.940000000000000000e+02 -8.180000000000000000e+02
7.320000000000000000e+03 3.604000000000000000e+03 -1.122400000000000000e+04 -4.672000000000000000e+03 -6.600000000000000000e+02 -5.570000000000000000e+02
1.352800000000000000e+04 4.556000000000000000e+03 -9.612000000000000000e+03 -4.656000000000000000e+03 -7.140000000000000000e+02 -2.800000000000000000e+02
2.490800000000000000e+04 3.728000000000000000e+03 -6.208000000000000000e+03 -4.688000000000000000e+03 -5.260000000000000000e+02 -1.920000000000000000e+02
2.363200000000000000e+04 2.940000000000000000e+03 -1.704000000000000000e+03 -4.704000000000000000e+03 -7.020000000000000000e+02 1.190000000000000000e+02
1.636000000000000000e+04 1.120000000000000000e+03 -1.620000000000000000e+03 -4.656000000000000000e+03 -6.150000000000000000e+02 1.910000000000000000e+02
8.696000000000000000e+03 1.084000000000000000e+03 -5.160000000000000000e+03 -4.656000000000000000e+03 -6.850000000000000000e+02 8.120000000000000000e+02
2.616000000000000000e+03 1.132000000000000000e+03 -6.380000000000000000e+03 -4.688000000000000000e+03 -2.420000000000000000e+02 1.035000000000000000e+03
1.368000000000000000e+03 1.292000000000000000e+03 -9.452000000000000000e+03 -4.656000000000000000e+03 -2.000000000000000000e+02 7.790000000000000000e+02
4.788000000000000000e+03 8.080000000000000000e+02 -1.080000000000000000e+04 -4.656000000000000000e+03 -6.700000000000000000e+02 7.820000000000000000e+02
6.636000000000000000e+03 1.864000000000000000e+03 -8.160000000000000000e+03 -4.656000000000000000e+03 -2.870000000000000000e+02 3.260000000000000000e+02
1.244800000000000000e+04 2.892000000000000000e+03 -1.191600000000000000e+04 -4.640000000000000000e+03 2.500000000000000000e+01 3.000000000000000000e+01
1.644400000000000000e+04 3.276000000000000000e+03 -1.329200000000000000e+04 -4.640000000000000000e+03 2.130000000000000000e+02 -3.060000000000000000e+02
1.561600000000000000e+04 2.324000000000000000e+03 -1.293600000000000000e+04 -4.672000000000000000e+03 2.860000000000000000e+02 -5.250000000000000000e+02
1.626400000000000000e+04 2.288000000000000000e+03 -1.138000000000000000e+04 -4.720000000000000000e+03 1.940000000000000000e+02 -5.590000000000000000e+02
1.646800000000000000e+04 2.840000000000000000e+03 -1.392400000000000000e+04 -4.704000000000000000e+03 6.520000000000000000e+02 -3.310000000000000000e+02
1.868400000000000000e+04 2.692000000000000000e+03 -1.497200000000000000e+04 -4.672000000000000000e+03 8.760000000000000000e+02 -8.080000000000000000e+02
2.072800000000000000e+04 3.836000000000000000e+03 -1.531600000000000000e+04 -4.672000000000000000e+03 7.330000000000000000e+02 -5.710000000000000000e+02
2.305600000000000000e+04 2.680000000000000000e+03 -1.388400000000000000e+04 -4.688000000000000000e+03 4.910000000000000000e+02 -7.600000000000000000e+01
1.934000000000000000e+04 2.844000000000000000e+03 -8.816000000000000000e+03 -4.672000000000000000e+03 3.140000000000000000e+02 4.000000000000000000e+01
1.850000000000000000e+04 3.536000000000000000e+03 -1.108000000000000000e+04 -4.640000000000000000e+03 3.670000000000000000e+02 3.000000000000000000e+02
1.878000000000000000e+04 7.300000000000000000e+03 -1.053600000000000000e+04 -4.656000000000000000e+03 4.380000000000000000e+02 6.860000000000000000e+02
2.862000000000000000e+04 4.116000000000000000e+03 -9.976000000000000000e+03 -4.656000000000000000e+03 2.380000000000000000e+02 1.063000000000000000e+03
1.882800000000000000e+04 2.520000000000000000e+03 -8.900000000000000000e+03 -4.656000000000000000e+03 1.350000000000000000e+02 1.458000000000000000e+03
