6.164000000000000000e+03 3.052000000000000000e+03 1.334800000000000000e+04 -4.400000000000000000e+03 -8.600000000000000000e+01 -1.294000000000000000e+03
6.192000000000000000e+03 3.280000000000000000e+03 1.330400000000000000e+04 -4.464000000000000000e+03 -1.240000000000000000e+02 -1.292000000000000000e+03
6.108000000000000000e+03 3.200000000000000000e+03 1.378800000000000000e+04 -4.432000000000000000e+03 -1.180000000000000000e+02 -1.308000000000000000e+03
5.664000000000000000e+03 2.880000000000000000e+03 1.431200000000000000e+04 -4.432000000000000000e+03 -1.420000000000000000e+02 -1.121000000000000000e+03
5.840000000000000000e+03 2.764000000000000000e+03 1.406400000000000000e+04 -4.432000000000000000e+03 -1.630000000000000000e+02 -1.117000000000000000e+03
5.948000000000000000e+03 2.700000000000000000e+03 1.338400000000000000e+04 -4.416000000000000000e+03 -1.850000000000000000e+02 -8.500000000000000000e+02
5.796000000000000000e+03 2.512000000000000000e+03 1.416800000000000000e+04 -4.448000000000000000e+03 -1.940000000000000000e+02 -5.750000000000000000e+02
5.812000000000000000e+03 2.532000000000000000e+03 1.350800000000000000e+04 -4.432000000000000000e+03 -2.860000000000000000e+02 -3.170000000000000000e+02
5.900000000000000000e+03 2.524000000000000000e+03 1.324000000000000000e+04 -4.464000000000000000e+03 -3.760000000000000000e+02 -5.600000000000000000e+01
6.560000000000000000e+03 2.912000000000000000e+03 1.348000000000000000e+04 -4.448000000000000000e+03 -4.260000000000000000e+02 9.000000000000000000e+01
6.196000000000000000e+03 2.828000000000000000e+03 1.356400000000000000e+04 -4.464000000000000000e+03 -5.210000000000000000e+02 1.000000000000000000e+02
6.208000000000000000e+03 2.876000000000000000e+03 1.384400000000000000e+04 -4.464000000000000000e+03 -6.280000000000000000e+02 2.500000000000000000e+02
6.568000000000000000e+03 2.704000000000000000e+03 1.391200000000000000e+04 -4.448000000000000000e+03 -6.560000000000000000e+02 2.890000000000000000e+02
6.892000000000000000e+03 2.576000000000000000e+03 1.340000000000000000e+04 -4.464000000000000000e+03 -6.630000000000000000e+02 4.860000000000000000e+02
7.160000000000000000e+03 2.652000000000000000e+03 1.304800000000000000e+04 -4.432000000000000000e+03 -6.550000000000000000e+02 3.800000000000000000e+02
7.148000000000000000e+03 2.664000000000000000e+03 1.261600000000000000e+04 -4.416000000000000000e+03 -6.590000000000000000e+02 1.920000000000000000e+02
7.212000000000000000e+03 2.560000000000000000e+03 1.276400000000000000e+04 -4.416000000000000000e+03 -6.210000000000000000e+02 -1.400000000000000000e+01
7.132000000000000000e+03 2.420000000000000000e+03 1.259200000000000000e+04 -4.432000000000000000e+03 -5.950000000000000000e+02 -3.190000000000000000e+02
7.052000000000000000e+03 2.436000000000000000e+03 1.242800000000000000e+04 -4.416000000000000000e+03 -6.300000000000000000e+02 -4.560000000000000000e+02
6.816000000000000000e+03 2.484000000000000000e+03 1.322400000000000000e+04 -4.464000000000000000e+03 -6.010000000000000000e+02 -5.640000000000000000e+02
6.412000000000000000e+03 2.416000000000000000e+03 1.372800000000000000e+04 -4.448000000000000000e+03 -5.290000000000000000e+02 -3.600000000000000000e+02
6.588000000000000000e+03 2.296000000000000000e+03 1.296000000000000000e+04 -4.432000000000000000e+03 -4.410000000000000000e+02 -7.890000000000000000e+02
6.728000000000000000e+03 2.232000000000000000e+03 1.258800000000000000e+04 -4.448000000000000000e+03 -4.700000000000000000e+02 -3.520000000000000000e+02
6.800000000000000000e+03 2.200000000000000000e+03 1.292000000000000000e+04 -4.448000000000000000e+03 -4.430000000000000000e+02 -2.360000000000000000e+02
7.504000000000000000e+03 2.356000000000000000e+03 1.301600000000000000e+04 -4.432000000000000000e+03 -4.160000000000000000e+02 -3.730000000000000000e+02
7.356000000000000000e+03 2.528000000000000000e+03 1.218400000000000000e+04 -4.464000000000000000e+03 -6.030000000000000000e+02 6.040000000000000000e+02
7.552000000000000000e+03 2.604000000000000000e+03 1.206400000000000000e+04 -4.448000000000000000e+03 -6.340000000000000000e+02 -6.780000000000000000e+02
7.204000000000000000e+03 2.492000000000000000e+03 1.109600000000000000e+04 -4.448000000000000000e+03 -5.710000000000000000e+02 1.264000000000000000e+03
7.132000000000000000e+03 1.988000000000000000e+03 7.648000000000000000e+03 -4.464000000000000000e+03 -2.740000000000000000e+02 -5.350000000000000000e+02
6.892000000000000000e+03 1.808000000000000000e+03 4.936000000000000000e+03 -4.416000000000000000e+03 1.240000000000000000e+02 -1.096000000000000000e+03
7.032000000000000000e+03 1.704000000000000000e+03 5.760000000000000000e+03 -4.400000000000000000e+03 4.000000000000000000e+00 -2.950000000000000000e+02
6.260000000000000000e+03 8.920000000000000000e+02 8.320000000000000000e+03 -4.448000000000000000e+03 -4.700000000000000000e+02 -3.210000000000000000e+02
4.968000000000000000e+03 3.400000000000000000e+02 1.526800000000000000e+04 -4.432000000000000000e+03 -7.400000000000000000e+01 -6.560000000000000000e+02
4.236000000000000000e+03 8.200000000000000000e+02 1.438000000000000000e+04 -4.432000000000000000e+03 -2.000000000000000000e+01 -1.161000000000000000e+03
3.900000000000000000e+03 1.832000000000000000e+03 1.550400000000000000e+04 -4.416000000000000000e+03 -1.080000000000000000e+02 -1.902000000000000000e+03
6.228000000000000000e+03 3.260000000000000000e+03 2.057600000000000000e+04 -4.432000000000000000e+03 -4.990000000000000000e+02 -1.855000000000000000e+03
8.056000000000000000e+03 3.764000000000000000e+03 2.646400000000000000e+04 -4.416000000000000000e+03 -3.430000000000000000e+02 -1.091000000000000000e+03
1.083600000000000000e+04 2.836000000000000000e+03 2.718800000000000000e+04 -4.432000000000000000e+03 -5.660000000000000000e+02 -5.820000000000000000e+02
1.128800000000000000e+04 3.264000000000000000e+03 2.708400000000000000e+04 -4.400000000000000000e+03 -4.700000000000000000e+02 -4.600000000000000000e+02
1.140800000000000000e+04 4.028000000000000000e+03 2.664800000000000000e+04 -4.416000000000000000e+03 -6.650000000000000000e+02 2.790000000000000000e+02
1.272000000000000000e+04 4.332000000000000000e+03 2.600000000000000000e+04 -4.432000000000000000e+03 -5.080000000000000000e+02 -1.365000000000000000e+03
1.364000000000000000e+04 4.648000000000000000e+03 1.596800000000000000e+04 -4.448000000000000000e+03 -4.390000000000000000e+02 -3.510000000000000000e+02
1.525200000000000000e+04 4.748000000000000000e+03 9.688000000000000000e+03 -4.432000000000000000e+03 -1.900000000000000000e+02 1.800000000000000000e+01
1.819600000000000000e+04 4.716000000000000000e+03 6.716000000000000000e+03 -4.432000000000000000e+03 1.530000000000000000e+02 -4.280000000000000000e+02
1.907200000000000000e+04 3.268000000000000000e+03 7.252000000000000000e+03 -4.432000000000000000e+03 1.140000000000000000e+02 -7.360000000000000000e+02
1.466400000000000000e+04 2.272000000000000000e+03 4.564000000000000000e+03 -4.496000000000000000e+03 1.780000000000000000e+02 -1.380000000000000000e+03
1.212400000000000000e+04 1.824000000000000000e+03 2.880000000000000000e+03 -4.464000000000000000e+03 3.470000000000000000e+02 -1.354000000000000000e+03
7.544000000000000000e+03 1.228000000000000000e+03 1.404000000000000000e+03 -4.432000000000000000e+03 1.080000000000000000e+03 -9.810000000000000000e+02
3.604000000000000000e+03 7.520000000000000000e+02 1.472000000000000000e+03 -4.416000000000000000e+03 7.830000000000000000e+02 -1.900000000000000000e+02
4.100000000000000000e+03 6.080000000000000000e+02 2.800000000000000000e+03 -4.448000000000000000e+03 6.920000000000000000e+02 -8.320000000000000000e+02
2.200000000000000000e+03 4.800000000000000000e+01 4.744000000000000000e+03 -4.464000000000000000e+03 8.460000000000000000e+02 -3.530000000000000000e+02
9.880000000000000000e+02 6.000000000000000000e+01 1.212400000000000000e+04 -4.448000000000000000e+03 1.175000000000000000e+03 -2.540000000000000000e+02
5.040000000000000000e+02 9.400000000000000000e+02 1.031600000000000000e+04 -4.432000000000000000e+03 9.120000000000000000e+02 4.200000000000000000e+01
6.960000000000000000e+02 1.716000000000000000e+03 1.017600000000000000e+04 -4.448000000000000000e+03 8.130000000000000000e+02 -6.120000000000000000e+02
6.580000000000000000e+03 2.628000000000000000e+03 1.145600000000000000e+04 -4.432000000000000000e+03 4.350000000000000000e+02 -1.380000000000000000e+03
1.408000000000000000e+03 2.456000000000000000e+03 1.563600000000000000e+04 -4.416000000000000000e+03 4.960000000000000000e+02 -7.350000000000000000e+02
5.900000000000000000e+03 2.032000000000000000e+03 1.463600000000000000e+04 -4.464000000000000000e+03 4.800000000000000000e+01 -2.016000000000000000e+03
5.352000000000000000e+03 2.800000000000000000e+03 1.428000000000000000e+04 -4.448000000000000000e+03 -1.670000000000000000e+02 -1.871000000000000000e+03
7.280000000000000000e+03 3.272000000000000000e+03 1.505600000000000000e+04 -4.464000000000000000e+03 -4.540000000000000000e+02 -2.942000000000000000e+03
8.024000000000000000e+03 3.168000000000000000e+03 1.550800000000000000e+04 -4.464000000000000000e+03 -4.910000000000000000e+02 -3.609000000000000000e+03
8.600000000000000000e+03 3.256000000000000000e+03 1.506800000000000000e+04 -4.432000000000000000e+03 -7.540000000000000000e+02 -3.916000000000000000e+03
9.572000000000000000e+03 3.124000000000000000e+03 1.256400000000000000e+04 -4.496000000000000000e+03 -7.200000000000000000e+02 -2.658000000000000000e+03
9.632000000000000000e+03 2.644000000000000000e+03 9.552000000000000000e+03 -4.464000000000000000e+03 -3.900000000000000000e+02 -3.111000000000000000e+03
7.932000000000000000e+03 2.696000000000000000e+03 4.764000000000000000e+03 -4.448000000000000000e+03 2.900000000000000000e+01 -3.533000000000000000e+03
8.096000000000000000e+03 3.368000000000000000e+03 2.288000000000000000e+03 -4.432000000000000000e+03 -6.100000000000000000e+01 -1.339000000000000000e+03
4.072000000000000000e+03 2.132000000000000000e+03 3.456000000000000000e+03 -4.416000000000000000e+03 -1.800000000000000000e+02 -9.850000000000000000e+02
3.916000000000000000e+03 1.632000000000000000e+03 5.608000000000000000e+03 -4.432000000000000000e+03 -3.710000000000000000e+02 -9.850000000000000000e+02
3.416000000000000000e+03 7.800000000000000000e+02 7.616000000000000000e+03 -4.432000000000000000e+03 -3.350000000000000000e+02 -2.245000000000000000e+03
2.112000000000000000e+03 1.760000000000000000e+02 1.104800000000000000e+04 -4.480000000000000000e+03 -6.030000000000000000e+02 -2.540000000000000000e+02
1.688000000000000000e+03 1.200000000000000000e+03 1.067200000000000000e+04 -4.448000000000000000e+03 -1.064000000000000000e+03 -1.615000000000000000e+03
6.448000000000000000e+03 6.440000000000000000e+02 7.688000000000000000e+03 -4.448000000000000000e+03 -6.070000000000000000e+02 -6.280000000000000000e+02
7.932000000000000000e+03 2.880000000000000000e+03 7.872000000000000000e+03 -4.432000000000000000e+03 -1.650000000000000000e+02 -9.900000000000000000e+02
8.340000000000000000e+03 2.236000000000000000e+03 1.368800000000000000e+04 -4.432000000000000000e+03 3.310000000000000000e+02 -7.660000000000000000e+02
1.064400000000000000e+04 2.256000000000000000e+03 1.314400000000000000e+04 -4.464000000000000000e+03 3.800000000000000000e+01 -5.230000000000000000e+02
1.197600000000000000e+04 2.144000000000000000e+03 1.502800000000000000e+04 -4.448000000000000000e+03 -1.440000000000000000e+02 -2.790000000000000000e+02
1.284400000000000000e+04 2.508000000000000000e+03 1.479200000000000000e+04 -4.464000000000000000e+03 -5.140000000000000000e+02 -1.490000000000000000e+02
