-1.128000000000000000e+03 2.732000000000000000e+03 1.494000000000000000e+04 -4.624000000000000000e+03 -5.390000000000000000e+02 4.656000000000000000e+03
1.544000000000000000e+03 2.276000000000000000e+03 8.792000000000000000e+03 -4.640000000000000000e+03 -1.340000000000000000e+02 1.087000000000000000e+03
9.000000000000000000e+00 2.596000000000000000e+03 1.453200000000000000e+04 -4.624000000000000000e+03 1.930000000000000000e+02 2.161000000000000000e+03
2.276000000000000000e+03 1.028000000000000000e+03 1.731200000000000000e+04 -4.624000000000000000e+03 -1.380000000000000000e+02 3.185000000000000000e+03
-1.108000000000000000e+03 1.728000000000000000e+03 1.675600000000000000e+04 -4.624000000000000000e+03 -2.370000000000000000e+02 3.057000000000000000e+03
-1.360000000000000000e+03 2.364000000000000000e+03 1.461200000000000000e+04 -4.624000000000000000e+03 -2.760000000000000000e+02 2.032000000000000000e+03
1.160000000000000000e+02 2.624000000000000000e+03 1.371200000000000000e+04 -4.624000000000000000e+03 -2.320000000000000000e+02 2.434000000000000000e+03
1.108000000000000000e+03 2.112000000000000000e+03 1.420000000000000000e+04 -4.624000000000000000e+03 -3.410000000000000000e+02 2.591000000000000000e+03
5.760000000000000000e+02 1.708000000000000000e+03 1.428400000000000000e+04 -4.624000000000000000e+03 -3.820000000000000000e+02 1.910000000000000000e+03
-3.800000000000000000e+02 1.660000000000000000e+03 1.482400000000000000e+04 -4.608000000000000000e+03 -3.680000000000000000e+02 1.114000000000000000e+03
-7.760000000000000000e+02 1.692000000000000000e+03 1.440000000000000000e+04 -4.624000000000000000e+03 -3.800000000000000000e+02 1.905000000000000000e+03
-1.236000000000000000e+03 1.728000000000000000e+03 1.461200000000000000e+04 -4.640000000000000000e+03 -3.610000000000000000e+02 1.733000000000000000e+03
-7.960000000000000000e+02 2.012000000000000000e+03 1.490400000000000000e+04 -4.624000000000000000e+03 -4.260000000000000000e+02 2.210000000000000000e+03
-9.200000000000000000e+02 2.284000000000000000e+03 1.439600000000000000e+04 -4.592000000000000000e+03 -5.200000000000000000e+02 1.340000000000000000e+03
-1.348000000000000000e+03 2.292000000000000000e+03 1.445600000000000000e+04 -4.656000000000000000e+03 -4.740000000000000000e+02 7.880000000000000000e+02
-1.104000000000000000e+03 2.280000000000000000e+03 1.482400000000000000e+04 -4.608000000000000000e+03 -4.580000000000000000e+02 6.560000000000000000e+02
-1.468000000000000000e+03 2.120000000000000000e+03 1.494800000000000000e+04 -4.592000000000000000e+03 -5.820000000000000000e+02 7.820000000000000000e+02
-1.960000000000000000e+03 1.888000000000000000e+03 1.506000000000000000e+04 -4.640000000000000000e+03 -5.880000000000000000e+02 1.065000000000000000e+03
-1.980000000000000000e+03 1.820000000000000000e+03 1.474800000000000000e+04 -4.624000000000000000e+03 -6.910000000000000000e+02 7.810000000000000000e+02
-1.860000000000000000e+03 1.924000000000000000e+03 1.400400000000000000e+04 -4.624000000000000000e+03 -6.160000000000000000e+02 4.210000000000000000e+02
-2.176000000000000000e+03 2.100000000000000000e+03 1.406400000000000000e+04 -4.624000000000000000e+03 -5.580000000000000000e+02 3.750000000000000000e+02
-1.888000000000000000e+03 2.016000000000000000e+03 1.417200000000000000e+04 -4.608000000000000000e+03 -4.970000000000000000e+02 2.950000000000000000e+02
-2.072000000000000000e+03 2.068000000000000000e+03 1.443200000000000000e+04 -4.624000000000000000e+03 -4.810000000000000000e+02 6.700000000000000000e+01
-2.300000000000000000e+03 1.844000000000000000e+03 1.412000000000000000e+04 -4.624000000000000000e+03 -3.950000000000000000e+02 -2.510000000000000000e+02
-2.412000000000000000e+03 1.700000000000000000e+03 1.425200000000000000e+04 -4.624000000000000000e+03 -2.850000000000000000e+02 -5.470000000000000000e+02
-2.384000000000000000e+03 1.532000000000000000e+03 1.420400000000000000e+04 -4.624000000000000000e+03 -2.210000000000000000e+02 -1.300000000000000000e+01
-2.524000000000000000e+03 1.480000000000000000e+03 1.461600000000000000e+04 -4.592000000000000000e+03 -1.770000000000000000e+02 -2.780000000000000000e+02
-1.996000000000000000e+03 1.540000000000000000e+03 1.458400000000000000e+04 -4.608000000000000000e+03 -2.490000000000000000e+02 -3.580000000000000000e+02
-1.400000000000000000e+03 1.700000000000000000e+03 1.449600000000000000e+04 -4.624000000000000000e+03 -2.050000000000000000e+02 1.990000000000000000e+02
-1.624000000000000000e+03 1.724000000000000000e+03 1.370000000000000000e+04 -4.592000000000000000e+03 -2.540000000000000000e+02 7.920000000000000000e+02
-2.032000000000000000e+03 1.756000000000000000e+03 1.302800000000000000e+04 -4.608000000000000000e+03 -3.550000000000000000e+02 9.370000000000000000e+02
-1.824000000000000000e+03 1.700000000000000000e+03 8.996000000000000000e+03 -4.608000000000000000e+03 -6.290000000000000000e+02 6.070000000000000000e+02
-1.904000000000000000e+03 1.572000000000000000e+03 7.280000000000000000e+03 -4.624000000000000000e+03 -3.290000000000000000e+02 1.088000000000000000e+03
-1.060000000000000000e+03 9.200000000000000000e+02 6.064000000000000000e+03 -4.624000000000000000e+03 -2.220000000000000000e+02 2.491000000000000000e+03
-1.088000000000000000e+03 3.320000000000000000e+02 7.024000000000000000e+03 -4.624000000000000000e+03 -1.240000000000000000e+02 6.160000000000000000e+02
-8.360000000000000000e+02 -1.840000000000000000e+02 1.239600000000000000e+04 -4.608000000000000000e+03 3.460000000000000000e+02 2.202000000000000000e+03
-5.320000000000000000e+02 2.480000000000000000e+02 2.750800000000000000e+04 -4.624000000000000000e+03 -2.470000000000000000e+02 2.951000000000000000e+03
-1.808000000000000000e+03 1.164000000000000000e+03 2.172000000000000000e+04 -4.592000000000000000e+03 -6.040000000000000000e+02 3.093000000000000000e+03
-6.536000000000000000e+03 3.704000000000000000e+03 2.269600000000000000e+04 -4.592000000000000000e+03 2.050000000000000000e+02 3.378000000000000000e+03
-4.216000000000000000e+03 2.792000000000000000e+03 3.273200000000000000e+04 -4.592000000000000000e+03 3.020000000000000000e+02 2.194000000000000000e+03
-5.396000000000000000e+03 3.132000000000000000e+03 3.158000000000000000e+04 -4.640000000000000000e+03 -2.560000000000000000e+02 1.621000000000000000e+03
-9.244000000000000000e+03 3.904000000000000000e+03 2.673200000000000000e+04 -4.608000000000000000e+03 -1.280000000000000000e+02 2.534000000000000000e+03
-8.260000000000000000e+03 4.012000000000000000e+03 2.446400000000000000e+04 -4.592000000000000000e+03 5.400000000000000000e+01 1.333000000000000000e+03
-4.176000000000000000e+03 3.892000000000000000e+03 2.246000000000000000e+04 -4.624000000000000000e+03 -4.010000000000000000e+02 1.165000000000000000e+03
-6.212000000000000000e+03 3.168000000000000000e+03 1.669600000000000000e+04 -4.624000000000000000e+03 -5.310000000000000000e+02 1.519000000000000000e+03
-3.644000000000000000e+03 3.124000000000000000e+03 8.436000000000000000e+03 -4.624000000000000000e+03 -8.150000000000000000e+02 4.830000000000000000e+02
-1.304000000000000000e+03 2.720000000000000000e+03 6.704000000000000000e+03 -4.624000000000000000e+03 -5.090000000000000000e+02 7.270000000000000000e+02
2.000000000000000000e+02 2.440000000000000000e+03 6.764000000000000000e+03 -4.624000000000000000e+03 -7.930000000000000000e+02 3.100000000000000000e+01
-9.880000000000000000e+02 1.036000000000000000e+03 5.808000000000000000e+03 -4.640000000000000000e+03 -6.780000000000000000e+02 6.290000000000000000e+02
-9.680000000000000000e+02 1.200000000000000000e+03 5.052000000000000000e+03 -4.592000000000000000e+03 -8.230000000000000000e+02 3.860000000000000000e+02
-1.296000000000000000e+03 7.640000000000000000e+02 6.396000000000000000e+03 -4.640000000000000000e+03 -9.610000000000000000e+02 1.129000000000000000e+03
-2.124000000000000000e+03 4.840000000000000000e+02 6.040000000000000000e+03 -4.592000000000000000e+03 -1.104000000000000000e+03 -1.067000000000000000e+03
-2.856000000000000000e+03 8.160000000000000000e+02 7.392000000000000000e+03 -4.608000000000000000e+03 -1.010000000000000000e+03 -2.840000000000000000e+02
-1.864000000000000000e+03 1.112000000000000000e+03 5.324000000000000000e+03 -4.640000000000000000e+03 -1.038000000000000000e+03 1.620000000000000000e+02
-3.720000000000000000e+03 1.480000000000000000e+03 2.916000000000000000e+03 -4.624000000000000000e+03 -9.450000000000000000e+02 -7.300000000000000000e+01
-3.428000000000000000e+03 8.200000000000000000e+02 3.904000000000000000e+03 -4.624000000000000000e+03 -5.000000000000000000e+02 9.610000000000000000e+02
-2.096000000000000000e+03 1.520000000000000000e+02 6.516000000000000000e+03 -4.608000000000000000e+03 -6.060000000000000000e+02 6.380000000000000000e+02
-2.328000000000000000e+03 2.600000000000000000e+02 7.248000000000000000e+03 -4.592000000000000000e+03 -5.890000000000000000e+02 -2.360000000000000000e+02
-3.160000000000000000e+03 1.200000000000000000e+02 1.141600000000000000e+04 -4.592000000000000000e+03 -4.470000000000000000e+02 -2.380000000000000000e+02
-2.440000000000000000e+03 5.520000000000000000e+02 9.000000000000000000e+03 -4.608000000000000000e+03 5.100000000000000000e+01 1.327000000000000000e+03
-4.768000000000000000e+03 9.920000000000000000e+02 1.378000000000000000e+04 -4.608000000000000000e+03 -5.290000000000000000e+02 2.235000000000000000e+03
-2.620000000000000000e+03 1.480000000000000000e+02 1.253200000000000000e+04 -4.576000000000000000e+03 -5.060000000000000000e+02 1.242000000000000000e+03
-4.444000000000000000e+03 1.468000000000000000e+03 1.464400000000000000e+04 -4.608000000000000000e+03 -3.390000000000000000e+02 1.605000000000000000e+03
-3.468000000000000000e+03 2.080000000000000000e+03 1.285200000000000000e+04 -4.624000000000000000e+03 -3.600000000000000000e+02 8.590000000000000000e+02
-4.992000000000000000e+03 1.508000000000000000e+03 1.190400000000000000e+04 -4.608000000000000000e+03 -3.950000000000000000e+02 7.520000000000000000e+02
-4.976000000000000000e+03 4.320000000000000000e+02 1.256000000000000000e+04 -4.640000000000000000e+03 -3.010000000000000000e+02 1.290000000000000000e+02
-3.484000000000000000e+03 4.920000000000000000e+02 1.364000000000000000e+04 -4.624000000000000000e+03 -1.550000000000000000e+02 7.290000000000000000e+02
-2.912000000000000000e+03 1.232000000000000000e+03 1.706800000000000000e+04 -4.624000000000000000e+03 1.160000000000000000e+02 2.536000000000000000e+03
-2.240000000000000000e+03 1.884000000000000000e+03 1.916000000000000000e+04 -4.624000000000000000e+03 -1.000000000000000000e+01 1.497000000000000000e+03
-4.404000000000000000e+03 1.936000000000000000e+03 2.234400000000000000e+04 -4.624000000000000000e+03 -1.860000000000000000e+02 2.135000000000000000e+03
-5.596000000000000000e+03 1.992000000000000000e+03 2.560400000000000000e+04 -4.592000000000000000e+03 -5.020000000000000000e+02 2.789000000000000000e+03
-6.232000000000000000e+03 2.504000000000000000e+03 3.108800000000000000e+04 -4.624000000000000000e+03 -5.050000000000000000e+02 1.876000000000000000e+03
-8.176000000000000000e+03 2.368000000000000000e+03 1.898800000000000000e+04 -4.608000000000000000e+03 -1.375000000000000000e+03 2.308000000000000000e+03
-2.018800000000000000e+04 -1.000000000000000000e+02 1.766800000000000000e+04 -4.608000000000000000e+03 -1.069000000000000000e+03 2.755000000000000000e+03
-7.040000000000000000e+03 6.120000000000000000e+02 1.357200000000000000e+04 -4.624000000000000000e+03 -1.294000000000000000e+03 2.204000000000000000e+03
-5.568000000000000000e+03 1.328000000000000000e+03 1.052400000000000000e+04 -4.608000000000000000e+03 -1.124000000000000000e+03 4.212000000000000000e+03
-5.700000000000000000e+03 1.140000000000000000e+03 6.828000000000000000e+03 -4.624000000000000000e+03 -1.085000000000000000e+03 2.723000000000000000e+03
-6.228000000000000000e+03 6.720000000000000000e+02 7.792000000000000000e+03 -4.608000000000000000e+03 -9.740000000000000000e+02 3.334000000000000000e+03
-4.956000000000000000e+03 -7.200000000000000000e+01 1.190800000000000000e+04 -4.592000000000000000e+03 -7.570000000000000000e+02 3.497000000000000000e+03
-5.124000000000000000e+03 5.600000000000000000e+01 1.193600000000000000e+04 -4.608000000000000000e+03 -7.920000000000000000e+02 2.542000000000000000e+03
-6.848000000000000000e+03 8.800000000000000000e+01 1.412000000000000000e+04 -4.592000000000000000e+03 -8.600000000000000000e+02 2.452000000000000000e+03
-5.612000000000000000e+03 1.240000000000000000e+02 1.342400000000000000e+04 -4.624000000000000000e+03 -7.980000000000000000e+02 2.647000000000000000e+03
