1.647600000000000000e+04 1.176000000000000000e+03 3.156000000000000000e+03 -4.384000000000000000e+03 -6.800000000000000000e+01 2.090000000000000000e+02
1.644400000000000000e+04 1.192000000000000000e+03 3.112000000000000000e+03 -4.432000000000000000e+03 -9.000000000000000000e+00 1.800000000000000000e+01
1.634000000000000000e+04 1.276000000000000000e+03 3.048000000000000000e+03 -4.400000000000000000e+03 -2.600000000000000000e+01 -1.220000000000000000e+02
1.632000000000000000e+04 1.468000000000000000e+03 2.860000000000000000e+03 -4.416000000000000000e+03 2.300000000000000000e+01 -2.300000000000000000e+02
1.619600000000000000e+04 1.500000000000000000e+03 3.008000000000000000e+03 -4.416000000000000000e+03 3.600000000000000000e+01 -1.660000000000000000e+02
1.634000000000000000e+04 1.788000000000000000e+03 2.736000000000000000e+03 -4.448000000000000000e+03 3.800000000000000000e+01 -1.300000000000000000e+02
1.635600000000000000e+04 1.800000000000000000e+03 2.856000000000000000e+03 -4.448000000000000000e+03 -8.000000000000000000e+00 -1.570000000000000000e+02
1.626400000000000000e+04 1.980000000000000000e+03 3.228000000000000000e+03 -4.416000000000000000e+03 -5.900000000000000000e+01 -9.500000000000000000e+01
1.631600000000000000e+04 1.796000000000000000e+03 3.188000000000000000e+03 -4.416000000000000000e+03 -8.200000000000000000e+01 -6.000000000000000000e+01
1.605200000000000000e+04 1.668000000000000000e+03 3.072000000000000000e+03 -4.400000000000000000e+03 -1.530000000000000000e+02 2.800000000000000000e+01
1.650400000000000000e+04 1.632000000000000000e+03 2.900000000000000000e+03 -4.432000000000000000e+03 -2.170000000000000000e+02 2.650000000000000000e+02
1.641200000000000000e+04 1.460000000000000000e+03 3.128000000000000000e+03 -4.432000000000000000e+03 -2.610000000000000000e+02 3.860000000000000000e+02
1.648400000000000000e+04 1.464000000000000000e+03 3.204000000000000000e+03 -4.416000000000000000e+03 -2.800000000000000000e+02 7.390000000000000000e+02
1.687200000000000000e+04 1.376000000000000000e+03 2.964000000000000000e+03 -4.432000000000000000e+03 -3.180000000000000000e+02 1.004000000000000000e+03
1.667200000000000000e+04 1.512000000000000000e+03 2.640000000000000000e+03 -4.416000000000000000e+03 -3.300000000000000000e+02 1.195000000000000000e+03
1.652000000000000000e+04 1.552000000000000000e+03 2.708000000000000000e+03 -4.400000000000000000e+03 -3.250000000000000000e+02 1.216000000000000000e+03
1.606800000000000000e+04 1.524000000000000000e+03 3.060000000000000000e+03 -4.432000000000000000e+03 -3.630000000000000000e+02 1.148000000000000000e+03
1.598000000000000000e+04 1.592000000000000000e+03 3.276000000000000000e+03 -4.432000000000000000e+03 -3.870000000000000000e+02 9.230000000000000000e+02
1.582800000000000000e+04 1.592000000000000000e+03 3.452000000000000000e+03 -4.400000000000000000e+03 -4.170000000000000000e+02 7.890000000000000000e+02
1.591200000000000000e+04 1.556000000000000000e+03 3.436000000000000000e+03 -4.416000000000000000e+03 -4.120000000000000000e+02 6.790000000000000000e+02
1.588400000000000000e+04 1.604000000000000000e+03 3.544000000000000000e+03 -4.432000000000000000e+03 -4.200000000000000000e+02 5.190000000000000000e+02
1.617600000000000000e+04 1.576000000000000000e+03 3.380000000000000000e+03 -4.416000000000000000e+03 -5.310000000000000000e+02 3.040000000000000000e+02
1.602400000000000000e+04 1.644000000000000000e+03 3.884000000000000000e+03 -4.432000000000000000e+03 -5.320000000000000000e+02 2.000000000000000000e+00
1.580400000000000000e+04 1.504000000000000000e+03 3.540000000000000000e+03 -4.400000000000000000e+03 -5.180000000000000000e+02 -2.870000000000000000e+02
1.578800000000000000e+04 1.580000000000000000e+03 3.272000000000000000e+03 -4.400000000000000000e+03 -5.470000000000000000e+02 -5.960000000000000000e+02
1.553200000000000000e+04 1.356000000000000000e+03 3.040000000000000000e+03 -4.416000000000000000e+03 -5.760000000000000000e+02 -9.170000000000000000e+02
1.482400000000000000e+04 1.308000000000000000e+03 2.640000000000000000e+03 -4.432000000000000000e+03 -5.320000000000000000e+02 -1.192000000000000000e+03
1.392000000000000000e+04 1.304000000000000000e+03 1.272000000000000000e+03 -4.432000000000000000e+03 -5.460000000000000000e+02 -1.186000000000000000e+03
1.277600000000000000e+04 1.608000000000000000e+03 3.200000000000000000e+01 -4.416000000000000000e+03 -3.290000000000000000e+02 -8.330000000000000000e+02
1.012000000000000000e+04 1.392000000000000000e+03 -6.400000000000000000e+01 -4.416000000000000000e+03 -1.300000000000000000e+02 -4.000000000000000000e+02
8.308000000000000000e+03 9.680000000000000000e+02 4.600000000000000000e+02 -4.432000000000000000e+03 -3.490000000000000000e+02 -1.412000000000000000e+03
1.000800000000000000e+04 8.920000000000000000e+02 8.744000000000000000e+03 -4.400000000000000000e+03 -4.220000000000000000e+02 -1.721000000000000000e+03
1.442400000000000000e+04 6.840000000000000000e+02 9.724000000000000000e+03 -4.400000000000000000e+03 -7.100000000000000000e+01 -1.716000000000000000e+03
2.408400000000000000e+04 2.936000000000000000e+03 7.152000000000000000e+03 -4.384000000000000000e+03 -5.370000000000000000e+02 -1.377000000000000000e+03
3.206800000000000000e+04 3.764000000000000000e+03 7.644000000000000000e+03 -4.400000000000000000e+03 -1.890000000000000000e+02 -6.620000000000000000e+02
3.276700000000000000e+04 2.780000000000000000e+03 7.004000000000000000e+03 -4.416000000000000000e+03 -2.200000000000000000e+02 -1.870000000000000000e+02
3.276700000000000000e+04 3.400000000000000000e+03 5.244000000000000000e+03 -4.400000000000000000e+03 -4.610000000000000000e+02 8.400000000000000000e+01
3.276700000000000000e+04 3.436000000000000000e+03 3.640000000000000000e+02 -4.400000000000000000e+03 -2.200000000000000000e+02 -1.070000000000000000e+02
3.254800000000000000e+04 2.004000000000000000e+03 -1.260000000000000000e+03 -4.400000000000000000e+03 -5.200000000000000000e+01 2.380000000000000000e+02
2.352400000000000000e+04 5.880000000000000000e+02 -1.344000000000000000e+03 -4.432000000000000000e+03 -2.580000000000000000e+02 -1.150000000000000000e+02
1.586800000000000000e+04 6.440000000000000000e+02 -2.148000000000000000e+03 -4.416000000000000000e+03 -1.190000000000000000e+02 -2.970000000000000000e+02
9.400000000000000000e+03 4.760000000000000000e+02 -1.968000000000000000e+03 -4.432000000000000000e+03 -8.700000000000000000e+01 -2.690000000000000000e+02
6.816000000000000000e+03 5.360000000000000000e+02 -4.680000000000000000e+02 -4.416000000000000000e+03 -6.000000000000000000e+00 -3.960000000000000000e+02
4.544000000000000000e+03 1.516000000000000000e+03 -7.520000000000000000e+02 -4.416000000000000000e+03 1.250000000000000000e+02 -3.320000000000000000e+02
2.288000000000000000e+03 5.760000000000000000e+02 -9.880000000000000000e+02 -4.432000000000000000e+03 4.300000000000000000e+01 5.720000000000000000e+02
2.084000000000000000e+03 -2.000000000000000000e+01 -5.720000000000000000e+02 -4.416000000000000000e+03 2.040000000000000000e+02 -2.120000000000000000e+02
3.444000000000000000e+03 -1.200000000000000000e+01 1.428000000000000000e+03 -4.400000000000000000e+03 1.050000000000000000e+02 3.900000000000000000e+01
6.612000000000000000e+03 4.120000000000000000e+02 5.060000000000000000e+03 -4.384000000000000000e+03 -6.000000000000000000e+01 3.580000000000000000e+02
1.363600000000000000e+04 2.268000000000000000e+03 4.108000000000000000e+03 -4.432000000000000000e+03 -1.260000000000000000e+02 3.070000000000000000e+02
1.222800000000000000e+04 2.692000000000000000e+03 5.884000000000000000e+03 -4.400000000000000000e+03 -7.800000000000000000e+01 5.090000000000000000e+02
1.472800000000000000e+04 2.236000000000000000e+03 5.128000000000000000e+03 -4.416000000000000000e+03 -2.350000000000000000e+02 -3.900000000000000000e+02
1.250000000000000000e+04 2.308000000000000000e+03 5.940000000000000000e+03 -4.416000000000000000e+03 -4.060000000000000000e+02 3.780000000000000000e+02
1.599200000000000000e+04 2.340000000000000000e+03 4.476000000000000000e+03 -4.448000000000000000e+03 -4.000000000000000000e+02 2.850000000000000000e+02
1.818800000000000000e+04 2.996000000000000000e+03 1.836000000000000000e+03 -4.384000000000000000e+03 -2.850000000000000000e+02 2.760000000000000000e+02
1.756800000000000000e+04 2.072000000000000000e+03 4.120000000000000000e+02 -4.416000000000000000e+03 -2.910000000000000000e+02 5.440000000000000000e+02
1.008000000000000000e+04 9.480000000000000000e+02 -5.120000000000000000e+02 -4.416000000000000000e+03 -3.610000000000000000e+02 5.730000000000000000e+02
6.432000000000000000e+03 2.760000000000000000e+02 -2.920000000000000000e+02 -4.416000000000000000e+03 -4.840000000000000000e+02 7.880000000000000000e+02
5.488000000000000000e+03 2.400000000000000000e+01 1.292000000000000000e+03 -4.400000000000000000e+03 -5.700000000000000000e+02 1.067000000000000000e+03
8.224000000000000000e+03 8.680000000000000000e+02 1.928000000000000000e+03 -4.432000000000000000e+03 -6.050000000000000000e+02 1.252000000000000000e+03
9.400000000000000000e+03 1.676000000000000000e+03 1.160000000000000000e+03 -4.432000000000000000e+03 -7.110000000000000000e+02 1.389000000000000000e+03
1.295200000000000000e+04 1.956000000000000000e+03 2.376000000000000000e+03 -4.432000000000000000e+03 -7.510000000000000000e+02 2.132000000000000000e+03
1.302000000000000000e+04 1.336000000000000000e+03 2.360000000000000000e+02 -4.416000000000000000e+03 -9.840000000000000000e+02 2.016000000000000000e+03
1.382400000000000000e+04 1.600000000000000000e+03 5.040000000000000000e+02 -4.432000000000000000e+03 -2.110000000000000000e+02 3.304000000000000000e+03
1.680800000000000000e+04 1.968000000000000000e+03 2.620000000000000000e+03 -4.432000000000000000e+03 -6.820000000000000000e+02 1.648000000000000000e+03
1.793600000000000000e+04 2.396000000000000000e+03 5.516000000000000000e+03 -4.400000000000000000e+03 -1.112000000000000000e+03 2.329000000000000000e+03
2.142400000000000000e+04 3.184000000000000000e+03 4.084000000000000000e+03 -4.416000000000000000e+03 -1.151000000000000000e+03 1.733000000000000000e+03
1.931200000000000000e+04 2.376000000000000000e+03 3.436000000000000000e+03 -4.432000000000000000e+03 -8.620000000000000000e+02 1.774000000000000000e+03
2.385200000000000000e+04 2.484000000000000000e+03 4.224000000000000000e+03 -4.416000000000000000e+03 -2.530000000000000000e+02 1.824000000000000000e+03
2.010400000000000000e+04 1.232000000000000000e+03 6.192000000000000000e+03 -4.464000000000000000e+03 -1.537000000000000000e+03 2.567000000000000000e+03
2.463600000000000000e+04 2.688000000000000000e+03 4.784000000000000000e+03 -4.400000000000000000e+03 -1.047000000000000000e+03 1.454000000000000000e+03
2.131200000000000000e+04 2.892000000000000000e+03 9.552000000000000000e+03 -4.448000000000000000e+03 -6.620000000000000000e+02 1.243000000000000000e+03
2.207600000000000000e+04 1.992000000000000000e+03 3.436000000000000000e+03 -4.432000000000000000e+03 -4.510000000000000000e+02 1.782000000000000000e+03
2.137200000000000000e+04 3.684000000000000000e+03 2.996000000000000000e+03 -4.448000000000000000e+03 -2.800000000000000000e+02 1.667000000000000000e+03
1.689600000000000000e+04 2.116000000000000000e+03 2.332000000000000000e+03 -4.448000000000000000e+03 -4.970000000000000000e+02 1.919000000000000000e+03
1.298000000000000000e+04 1.820000000000000000e+03 3.992000000000000000e+03 -4.416000000000000000e+03 -4.860000000000000000e+02 1.415000000000000000e+03
1.249200000000000000e+04 1.388000000000000000e+03 5.824000000000000000e+03 -4.416000000000000000e+03 -3.270000000000000000e+02 1.059000000000000000e+03
1.436800000000000000e+04 1.600000000000000000e+03 5.052000000000000000e+03 -4.432000000000000000e+03 -2.000000000000000000e+02 9.820000000000000000e+02
1.605200000000000000e+04 1.852000000000000000e+03 4.204000000000000000e+03 -4.432000000000000000e+03 -8.700000000000000000e+01 6.440000000000000000e+02
1.603200000000000000e+04 1.732000000000000000e+03 3.960000000000000000e+03 -4.416000000000000000e+03 -1.120000000000000000e+02 3.540000000000000000e+02
1.535600000000000000e+04 1.532000000000000000e+03 4.320000000000000000e+03 -4.416000000000000000e+03 -1.250000000000000000e+02 -2.400000000000000000e+01
