1.120000000000000000e+03 3.244000000000000000e+03 1.348000000000000000e+04 -4.544000000000000000e+03 -4.110000000000000000e+02 3.276000000000000000e+03
6.160000000000000000e+02 3.524000000000000000e+03 1.499600000000000000e+04 -4.560000000000000000e+03 -5.860000000000000000e+02 3.638000000000000000e+03
-3.840000000000000000e+02 3.084000000000000000e+03 1.338800000000000000e+04 -4.512000000000000000e+03 -6.070000000000000000e+02 3.764000000000000000e+03
-2.440000000000000000e+02 3.168000000000000000e+03 1.338800000000000000e+04 -4.544000000000000000e+03 -4.640000000000000000e+02 3.490000000000000000e+03
-8.440000000000000000e+02 2.896000000000000000e+03 1.360800000000000000e+04 -4.560000000000000000e+03 -6.540000000000000000e+02 3.450000000000000000e+03
-1.360000000000000000e+03 3.416000000000000000e+03 1.590800000000000000e+04 -4.528000000000000000e+03 -7.300000000000000000e+02 3.098000000000000000e+03
-1.852000000000000000e+03 3.636000000000000000e+03 1.577600000000000000e+04 -4.560000000000000000e+03 -9.000000000000000000e+02 2.422000000000000000e+03
-1.916000000000000000e+03 4.156000000000000000e+03 1.685600000000000000e+04 -4.544000000000000000e+03 -9.080000000000000000e+02 1.860000000000000000e+03
-1.860000000000000000e+03 3.300000000000000000e+03 1.530000000000000000e+04 -4.544000000000000000e+03 -9.350000000000000000e+02 1.268000000000000000e+03
-2.208000000000000000e+03 2.668000000000000000e+03 1.473600000000000000e+04 -4.544000000000000000e+03 -1.106000000000000000e+03 9.330000000000000000e+02
-2.344000000000000000e+03 1.896000000000000000e+03 1.351200000000000000e+04 -4.528000000000000000e+03 -1.212000000000000000e+03 8.860000000000000000e+02
-1.736000000000000000e+03 1.292000000000000000e+03 1.262400000000000000e+04 -4.560000000000000000e+03 -1.198000000000000000e+03 1.186000000000000000e+03
-1.232000000000000000e+03 8.160000000000000000e+02 1.218400000000000000e+04 -4.528000000000000000e+03 -1.055000000000000000e+03 1.461000000000000000e+03
-1.096000000000000000e+03 1.288000000000000000e+03 1.203200000000000000e+04 -4.528000000000000000e+03 -1.487000000000000000e+03 1.539000000000000000e+03
-9.680000000000000000e+02 1.576000000000000000e+03 1.754000000000000000e+04 -4.544000000000000000e+03 -1.630000000000000000e+03 9.870000000000000000e+02
-4.376000000000000000e+03 1.676000000000000000e+03 1.563200000000000000e+04 -4.560000000000000000e+03 -1.486000000000000000e+03 1.177000000000000000e+03
-3.288000000000000000e+03 2.092000000000000000e+03 1.393600000000000000e+04 -4.528000000000000000e+03 -1.268000000000000000e+03 7.180000000000000000e+02
-2.480000000000000000e+03 1.936000000000000000e+03 1.273600000000000000e+04 -4.544000000000000000e+03 -9.900000000000000000e+02 2.910000000000000000e+02
-2.356000000000000000e+03 2.076000000000000000e+03 1.300800000000000000e+04 -4.560000000000000000e+03 -7.480000000000000000e+02 4.230000000000000000e+02
-2.440000000000000000e+03 2.052000000000000000e+03 1.371200000000000000e+04 -4.544000000000000000e+03 -5.410000000000000000e+02 1.600000000000000000e+02
-2.860000000000000000e+03 1.908000000000000000e+03 1.457200000000000000e+04 -4.560000000000000000e+03 -5.000000000000000000e+02 3.000000000000000000e+02
-3.208000000000000000e+03 1.572000000000000000e+03 1.421200000000000000e+04 -4.560000000000000000e+03 -3.750000000000000000e+02 5.800000000000000000e+02
-2.760000000000000000e+03 1.380000000000000000e+03 1.364400000000000000e+04 -4.576000000000000000e+03 -2.600000000000000000e+02 8.650000000000000000e+02
-2.388000000000000000e+03 1.236000000000000000e+03 1.344000000000000000e+04 -4.560000000000000000e+03 -1.410000000000000000e+02 1.152000000000000000e+03
-2.280000000000000000e+03 1.272000000000000000e+03 1.420000000000000000e+04 -4.560000000000000000e+03 -2.380000000000000000e+02 1.399000000000000000e+03
-2.828000000000000000e+03 1.240000000000000000e+03 1.469200000000000000e+04 -4.560000000000000000e+03 -1.770000000000000000e+02 1.080000000000000000e+03
-3.080000000000000000e+03 1.308000000000000000e+03 1.458000000000000000e+04 -4.560000000000000000e+03 -1.820000000000000000e+02 8.590000000000000000e+02
-3.288000000000000000e+03 1.304000000000000000e+03 1.354400000000000000e+04 -4.560000000000000000e+03 -1.280000000000000000e+02 6.490000000000000000e+02
-2.952000000000000000e+03 1.356000000000000000e+03 1.354000000000000000e+04 -4.560000000000000000e+03 -9.600000000000000000e+01 3.020000000000000000e+02
-3.272000000000000000e+03 1.580000000000000000e+03 1.402400000000000000e+04 -4.544000000000000000e+03 -1.900000000000000000e+01 -1.880000000000000000e+02
-3.244000000000000000e+03 1.436000000000000000e+03 1.433200000000000000e+04 -4.560000000000000000e+03 -6.000000000000000000e+00 -6.580000000000000000e+02
-3.788000000000000000e+03 1.652000000000000000e+03 1.481600000000000000e+04 -4.544000000000000000e+03 3.000000000000000000e+01 -1.042000000000000000e+03
-3.764000000000000000e+03 1.644000000000000000e+03 1.423200000000000000e+04 -4.544000000000000000e+03 8.600000000000000000e+01 -1.112000000000000000e+03
-3.392000000000000000e+03 1.760000000000000000e+03 1.371600000000000000e+04 -4.496000000000000000e+03 1.480000000000000000e+02 -1.265000000000000000e+03
-2.980000000000000000e+03 1.924000000000000000e+03 1.384000000000000000e+04 -4.528000000000000000e+03 1.530000000000000000e+02 -1.209000000000000000e+03
-2.980000000000000000e+03 2.044000000000000000e+03 1.406400000000000000e+04 -4.560000000000000000e+03 1.790000000000000000e+02 -1.004000000000000000e+03
-2.940000000000000000e+03 2.032000000000000000e+03 1.414000000000000000e+04 -4.560000000000000000e+03 1.210000000000000000e+02 -7.890000000000000000e+02
-3.040000000000000000e+03 1.980000000000000000e+03 1.469600000000000000e+04 -4.544000000000000000e+03 4.100000000000000000e+01 -5.990000000000000000e+02
-2.860000000000000000e+03 1.840000000000000000e+03 1.455200000000000000e+04 -4.560000000000000000e+03 4.000000000000000000e+01 -5.960000000000000000e+02
-2.796000000000000000e+03 1.816000000000000000e+03 1.434800000000000000e+04 -4.560000000000000000e+03 -1.800000000000000000e+01 -1.144000000000000000e+03
-2.948000000000000000e+03 1.916000000000000000e+03 1.425200000000000000e+04 -4.544000000000000000e+03 -1.100000000000000000e+01 -1.406000000000000000e+03
-2.428000000000000000e+03 1.908000000000000000e+03 1.318800000000000000e+04 -4.544000000000000000e+03 -1.650000000000000000e+02 -1.825000000000000000e+03
-2.376000000000000000e+03 1.644000000000000000e+03 1.186800000000000000e+04 -4.544000000000000000e+03 -1.650000000000000000e+02 -2.193000000000000000e+03
-2.456000000000000000e+03 1.008000000000000000e+03 7.364000000000000000e+03 -4.560000000000000000e+03 2.190000000000000000e+02 -2.540000000000000000e+03
-8.080000000000000000e+02 1.220000000000000000e+03 5.552000000000000000e+03 -4.576000000000000000e+03 5.150000000000000000e+02 -2.531000000000000000e+03
1.640000000000000000e+02 1.680000000000000000e+03 9.632000000000000000e+03 -4.544000000000000000e+03 6.280000000000000000e+02 -2.172000000000000000e+03
7.720000000000000000e+02 2.020000000000000000e+03 1.389600000000000000e+04 -4.576000000000000000e+03 5.850000000000000000e+02 -3.585000000000000000e+03
9.480000000000000000e+02 3.372000000000000000e+03 2.281200000000000000e+04 -4.560000000000000000e+03 2.250000000000000000e+02 -3.729000000000000000e+03
-1.992000000000000000e+03 4.116000000000000000e+03 2.462800000000000000e+04 -4.560000000000000000e+03 8.000000000000000000e+02 -4.231000000000000000e+03
-1.956000000000000000e+03 4.484000000000000000e+03 2.618000000000000000e+04 -4.560000000000000000e+03 7.260000000000000000e+02 -4.265000000000000000e+03
-1.648000000000000000e+03 5.308000000000000000e+03 3.276700000000000000e+04 -4.544000000000000000e+03 -3.100000000000000000e+01 -4.951000000000000000e+03
-2.384000000000000000e+03 5.216000000000000000e+03 3.176000000000000000e+04 -4.544000000000000000e+03 5.580000000000000000e+02 -3.497000000000000000e+03
-9.800000000000000000e+02 5.016000000000000000e+03 2.767200000000000000e+04 -4.592000000000000000e+03 -3.960000000000000000e+02 -3.920000000000000000e+03
2.360000000000000000e+03 4.768000000000000000e+03 2.454000000000000000e+04 -4.528000000000000000e+03 -6.790000000000000000e+02 -4.622000000000000000e+03
3.740000000000000000e+03 3.904000000000000000e+03 1.658000000000000000e+04 -4.560000000000000000e+03 -7.670000000000000000e+02 -3.867000000000000000e+03
5.008000000000000000e+03 2.388000000000000000e+03 1.088000000000000000e+04 -4.576000000000000000e+03 -6.460000000000000000e+02 -3.890000000000000000e+03
3.672000000000000000e+03 1.508000000000000000e+03 7.852000000000000000e+03 -4.576000000000000000e+03 -6.010000000000000000e+02 -3.820000000000000000e+03
2.300000000000000000e+03 1.548000000000000000e+03 7.052000000000000000e+03 -4.560000000000000000e+03 -8.160000000000000000e+02 -3.291000000000000000e+03
2.568000000000000000e+03 1.156000000000000000e+03 5.272000000000000000e+03 -4.560000000000000000e+03 -7.810000000000000000e+02 -4.830000000000000000e+03
3.276000000000000000e+03 8.280000000000000000e+02 5.396000000000000000e+03 -4.576000000000000000e+03 -9.240000000000000000e+02 -4.719000000000000000e+03
3.000000000000000000e+03 7.400000000000000000e+02 7.104000000000000000e+03 -4.544000000000000000e+03 -1.093000000000000000e+03 -4.505000000000000000e+03
1.348000000000000000e+03 1.184000000000000000e+03 7.608000000000000000e+03 -4.560000000000000000e+03 -9.960000000000000000e+02 -4.784000000000000000e+03
1.824000000000000000e+03 1.728000000000000000e+03 7.836000000000000000e+03 -4.560000000000000000e+03 -7.190000000000000000e+02 -3.956000000000000000e+03
4.600000000000000000e+02 1.676000000000000000e+03 5.220000000000000000e+03 -4.576000000000000000e+03 -7.870000000000000000e+02 -4.327000000000000000e+03
2.952000000000000000e+03 6.720000000000000000e+02 4.160000000000000000e+03 -4.560000000000000000e+03 -6.640000000000000000e+02 -3.986000000000000000e+03
1.792000000000000000e+03 4.000000000000000000e+01 3.024000000000000000e+03 -4.560000000000000000e+03 -1.940000000000000000e+02 -4.557000000000000000e+03
5.640000000000000000e+02 3.920000000000000000e+02 5.572000000000000000e+03 -4.544000000000000000e+03 -2.170000000000000000e+02 -4.160000000000000000e+03
3.136000000000000000e+03 1.540000000000000000e+03 9.632000000000000000e+03 -4.576000000000000000e+03 1.580000000000000000e+02 -3.384000000000000000e+03
3.492000000000000000e+03 9.160000000000000000e+02 7.884000000000000000e+03 -4.592000000000000000e+03 3.270000000000000000e+02 -3.279000000000000000e+03
3.152000000000000000e+03 1.376000000000000000e+03 8.496000000000000000e+03 -4.576000000000000000e+03 8.800000000000000000e+02 -2.596000000000000000e+03
5.024000000000000000e+03 1.440000000000000000e+03 9.104000000000000000e+03 -4.560000000000000000e+03 8.880000000000000000e+02 -2.953000000000000000e+03
5.332000000000000000e+03 5.960000000000000000e+02 7.004000000000000000e+03 -4.560000000000000000e+03 5.020000000000000000e+02 -3.633000000000000000e+03
6.732000000000000000e+03 2.020000000000000000e+03 1.304400000000000000e+04 -4.528000000000000000e+03 5.560000000000000000e+02 -1.762000000000000000e+03
6.660000000000000000e+03 3.796000000000000000e+03 1.473200000000000000e+04 -4.528000000000000000e+03 1.661000000000000000e+03 -1.173000000000000000e+03
7.272000000000000000e+03 3.708000000000000000e+03 9.708000000000000000e+03 -4.560000000000000000e+03 1.303000000000000000e+03 -4.016000000000000000e+03
8.784000000000000000e+03 1.948000000000000000e+03 9.360000000000000000e+03 -4.544000000000000000e+03 7.310000000000000000e+02 4.330000000000000000e+02
1.023600000000000000e+04 3.192000000000000000e+03 1.307200000000000000e+04 -4.560000000000000000e+03 8.630000000000000000e+02 -1.909000000000000000e+03
9.804000000000000000e+03 4.452000000000000000e+03 1.478800000000000000e+04 -4.560000000000000000e+03 1.165000000000000000e+03 -2.472000000000000000e+03
1.344400000000000000e+04 4.812000000000000000e+03 2.002400000000000000e+04 -4.560000000000000000e+03 9.880000000000000000e+02 -1.678000000000000000e+03
1.342000000000000000e+04 5.040000000000000000e+03 2.174000000000000000e+04 -4.560000000000000000e+03 6.680000000000000000e+02 -1.690000000000000000e+03
1.464000000000000000e+04 5.176000000000000000e+03 2.162400000000000000e+04 -4.544000000000000000e+03 7.000000000000000000e+00 -8.190000000000000000e+02
1.477200000000000000e+04 4.120000000000000000e+03 1.785200000000000000e+04 -4.560000000000000000e+03 -6.810000000000000000e+02 -5.280000000000000000e+02
1.254800000000000000e+04 3.844000000000000000e+03 1.712000000000000000e+04 -4.576000000000000000e+03 -2.040000000000000000e+02 -2.200000000000000000e+02
