1.752800000000000000e+04 2.352000000000000000e+03 -2.120000000000000000e+02 -4.592000000000000000e+03 -2.390000000000000000e+02 1.500000000000000000e+03
1.694400000000000000e+04 2.324000000000000000e+03 -3.240000000000000000e+02 -4.624000000000000000e+03 -2.440000000000000000e+02 1.539000000000000000e+03
1.576800000000000000e+04 1.936000000000000000e+03 -7.600000000000000000e+01 -4.608000000000000000e+03 -2.360000000000000000e+02 1.621000000000000000e+03
1.603600000000000000e+04 2.172000000000000000e+03 4.000000000000000000e+02 -4.624000000000000000e+03 -2.800000000000000000e+02 1.590000000000000000e+03
1.643600000000000000e+04 2.488000000000000000e+03 9.600000000000000000e+01 -4.592000000000000000e+03 -2.400000000000000000e+02 1.364000000000000000e+03
1.625200000000000000e+04 2.492000000000000000e+03 -2.800000000000000000e+01 -4.592000000000000000e+03 -1.780000000000000000e+02 1.045000000000000000e+03
1.657200000000000000e+04 2.620000000000000000e+03 6.520000000000000000e+02 -4.560000000000000000e+03 -1.550000000000000000e+02 7.530000000000000000e+02
1.744800000000000000e+04 3.076000000000000000e+03 4.440000000000000000e+02 -4.592000000000000000e+03 -1.270000000000000000e+02 4.510000000000000000e+02
1.742800000000000000e+04 2.888000000000000000e+03 6.200000000000000000e+02 -4.592000000000000000e+03 -5.800000000000000000e+01 2.260000000000000000e+02
1.727200000000000000e+04 2.796000000000000000e+03 5.760000000000000000e+02 -4.576000000000000000e+03 -7.100000000000000000e+01 7.400000000000000000e+01
1.648800000000000000e+04 2.772000000000000000e+03 4.800000000000000000e+02 -4.608000000000000000e+03 -3.400000000000000000e+01 -2.200000000000000000e+01
1.627200000000000000e+04 2.744000000000000000e+03 6.880000000000000000e+02 -4.592000000000000000e+03 -4.000000000000000000e+01 -5.600000000000000000e+01
1.631600000000000000e+04 2.876000000000000000e+03 7.560000000000000000e+02 -4.592000000000000000e+03 -5.500000000000000000e+01 -1.950000000000000000e+02
1.624800000000000000e+04 2.876000000000000000e+03 6.400000000000000000e+02 -4.560000000000000000e+03 -5.900000000000000000e+01 -5.180000000000000000e+02
1.623600000000000000e+04 2.748000000000000000e+03 5.480000000000000000e+02 -4.608000000000000000e+03 -4.400000000000000000e+01 -7.990000000000000000e+02
1.643600000000000000e+04 2.564000000000000000e+03 6.440000000000000000e+02 -4.608000000000000000e+03 -3.800000000000000000e+01 -9.680000000000000000e+02
1.682400000000000000e+04 2.564000000000000000e+03 5.600000000000000000e+02 -4.592000000000000000e+03 -1.030000000000000000e+02 -1.044000000000000000e+03
1.699600000000000000e+04 2.656000000000000000e+03 4.480000000000000000e+02 -4.608000000000000000e+03 -1.690000000000000000e+02 -1.085000000000000000e+03
1.688000000000000000e+04 2.640000000000000000e+03 2.840000000000000000e+02 -4.608000000000000000e+03 -1.300000000000000000e+02 -1.347000000000000000e+03
1.685200000000000000e+04 2.600000000000000000e+03 2.400000000000000000e+02 -4.592000000000000000e+03 -1.600000000000000000e+02 -1.657000000000000000e+03
1.699200000000000000e+04 2.400000000000000000e+03 2.200000000000000000e+02 -4.608000000000000000e+03 -1.680000000000000000e+02 -2.124000000000000000e+03
1.722800000000000000e+04 2.600000000000000000e+03 3.160000000000000000e+02 -4.592000000000000000e+03 -7.600000000000000000e+01 -2.532000000000000000e+03
1.652400000000000000e+04 2.116000000000000000e+03 3.800000000000000000e+02 -4.576000000000000000e+03 -2.050000000000000000e+02 -3.008000000000000000e+03
1.703600000000000000e+04 2.424000000000000000e+03 -4.040000000000000000e+02 -4.592000000000000000e+03 -1.090000000000000000e+02 -3.312000000000000000e+03
1.557200000000000000e+04 2.064000000000000000e+03 -1.940000000000000000e+03 -4.592000000000000000e+03 -1.600000000000000000e+01 -3.627000000000000000e+03
1.582400000000000000e+04 1.888000000000000000e+03 -1.696000000000000000e+03 -4.592000000000000000e+03 2.400000000000000000e+01 -3.810000000000000000e+03
1.710800000000000000e+04 2.148000000000000000e+03 -1.604000000000000000e+03 -4.608000000000000000e+03 -3.000000000000000000e+00 -4.100000000000000000e+03
1.694800000000000000e+04 1.804000000000000000e+03 -1.956000000000000000e+03 -4.592000000000000000e+03 -2.600000000000000000e+01 -4.450000000000000000e+03
1.580800000000000000e+04 1.544000000000000000e+03 -2.636000000000000000e+03 -4.592000000000000000e+03 1.900000000000000000e+01 -4.721000000000000000e+03
1.530800000000000000e+04 1.300000000000000000e+03 -3.252000000000000000e+03 -4.576000000000000000e+03 3.600000000000000000e+01 -4.747000000000000000e+03
1.587600000000000000e+04 1.320000000000000000e+03 -3.248000000000000000e+03 -4.624000000000000000e+03 9.000000000000000000e+00 -4.595000000000000000e+03
1.535200000000000000e+04 1.440000000000000000e+03 -3.664000000000000000e+03 -4.608000000000000000e+03 4.100000000000000000e+01 -4.421000000000000000e+03
1.236800000000000000e+04 1.252000000000000000e+03 -4.604000000000000000e+03 -4.592000000000000000e+03 8.500000000000000000e+01 -4.631000000000000000e+03
8.356000000000000000e+03 5.200000000000000000e+02 -4.044000000000000000e+03 -4.624000000000000000e+03 2.900000000000000000e+01 -4.460000000000000000e+03
7.332000000000000000e+03 8.000000000000000000e+02 -5.552000000000000000e+03 -4.608000000000000000e+03 1.400000000000000000e+02 -4.442000000000000000e+03
1.012000000000000000e+04 8.240000000000000000e+02 -5.116000000000000000e+03 -4.592000000000000000e+03 -7.500000000000000000e+01 -4.193000000000000000e+03
2.007600000000000000e+04 2.496000000000000000e+03 -8.092000000000000000e+03 -4.592000000000000000e+03 -5.500000000000000000e+01 -4.153000000000000000e+03
2.325200000000000000e+04 2.448000000000000000e+03 -1.143200000000000000e+04 -4.592000000000000000e+03 7.800000000000000000e+01 -3.761000000000000000e+03
2.295600000000000000e+04 1.576000000000000000e+03 -1.134400000000000000e+04 -4.608000000000000000e+03 1.160000000000000000e+02 -3.310000000000000000e+03
2.540800000000000000e+04 1.608000000000000000e+03 -1.280400000000000000e+04 -4.560000000000000000e+03 1.100000000000000000e+01 -2.709000000000000000e+03
3.254800000000000000e+04 2.380000000000000000e+03 -1.300000000000000000e+04 -4.592000000000000000e+03 4.700000000000000000e+01 -2.168000000000000000e+03
3.276700000000000000e+04 2.860000000000000000e+03 -1.520800000000000000e+04 -4.592000000000000000e+03 -6.300000000000000000e+01 -1.768000000000000000e+03
3.276000000000000000e+04 2.288000000000000000e+03 -1.810400000000000000e+04 -4.576000000000000000e+03 3.180000000000000000e+02 -1.036000000000000000e+03
2.836400000000000000e+04 7.560000000000000000e+02 -1.360000000000000000e+04 -4.608000000000000000e+03 3.640000000000000000e+02 -5.070000000000000000e+02
1.906400000000000000e+04 4.280000000000000000e+02 -8.584000000000000000e+03 -4.592000000000000000e+03 1.050000000000000000e+02 -2.900000000000000000e+02
1.152000000000000000e+04 1.280000000000000000e+03 -6.420000000000000000e+03 -4.608000000000000000e+03 3.090000000000000000e+02 -9.670000000000000000e+02
7.532000000000000000e+03 1.308000000000000000e+03 -5.572000000000000000e+03 -4.592000000000000000e+03 7.650000000000000000e+02 -1.970000000000000000e+03
5.664000000000000000e+03 1.320000000000000000e+02 -4.604000000000000000e+03 -4.624000000000000000e+03 3.920000000000000000e+02 -2.834000000000000000e+03
3.900000000000000000e+03 -2.080000000000000000e+02 -2.620000000000000000e+03 -4.576000000000000000e+03 4.430000000000000000e+02 -3.329000000000000000e+03
3.116000000000000000e+03 -2.600000000000000000e+02 -3.228000000000000000e+03 -4.592000000000000000e+03 1.240000000000000000e+02 -1.998000000000000000e+03
3.576000000000000000e+03 -1.920000000000000000e+02 -3.348000000000000000e+03 -4.608000000000000000e+03 1.350000000000000000e+02 -1.132000000000000000e+03
3.304000000000000000e+03 8.400000000000000000e+01 -5.208000000000000000e+03 -4.608000000000000000e+03 -5.700000000000000000e+01 -1.026000000000000000e+03
7.316000000000000000e+03 7.760000000000000000e+02 -7.144000000000000000e+03 -4.608000000000000000e+03 -1.700000000000000000e+01 -1.024000000000000000e+03
1.137200000000000000e+04 1.364000000000000000e+03 -8.096000000000000000e+03 -4.608000000000000000e+03 -5.000000000000000000e+00 -3.360000000000000000e+02
1.562400000000000000e+04 2.888000000000000000e+03 -9.076000000000000000e+03 -4.608000000000000000e+03 -8.800000000000000000e+01 -2.910000000000000000e+02
1.837600000000000000e+04 3.304000000000000000e+03 -8.452000000000000000e+03 -4.592000000000000000e+03 4.100000000000000000e+01 3.260000000000000000e+02
1.661600000000000000e+04 3.064000000000000000e+03 -9.144000000000000000e+03 -4.592000000000000000e+03 -1.030000000000000000e+02 7.510000000000000000e+02
1.580400000000000000e+04 2.632000000000000000e+03 -8.096000000000000000e+03 -4.608000000000000000e+03 -5.600000000000000000e+01 1.071000000000000000e+03
1.558000000000000000e+04 2.456000000000000000e+03 -7.640000000000000000e+03 -4.608000000000000000e+03 -7.700000000000000000e+01 1.446000000000000000e+03
1.595200000000000000e+04 2.508000000000000000e+03 -7.856000000000000000e+03 -4.624000000000000000e+03 5.600000000000000000e+01 1.810000000000000000e+03
1.682400000000000000e+04 2.796000000000000000e+03 -7.688000000000000000e+03 -4.592000000000000000e+03 2.130000000000000000e+02 2.401000000000000000e+03
1.654400000000000000e+04 2.740000000000000000e+03 -6.076000000000000000e+03 -4.560000000000000000e+03 3.400000000000000000e+01 2.644000000000000000e+03
1.440400000000000000e+04 2.668000000000000000e+03 -2.004000000000000000e+03 -4.608000000000000000e+03 1.440000000000000000e+02 2.390000000000000000e+03
6.752000000000000000e+03 2.208000000000000000e+03 -1.980000000000000000e+03 -4.624000000000000000e+03 1.490000000000000000e+02 2.243000000000000000e+03
3.828000000000000000e+03 2.328000000000000000e+03 -5.380000000000000000e+03 -4.608000000000000000e+03 1.260000000000000000e+02 2.181000000000000000e+03
6.820000000000000000e+03 1.564000000000000000e+03 -4.260000000000000000e+03 -4.576000000000000000e+03 -3.800000000000000000e+01 2.630000000000000000e+03
5.960000000000000000e+03 1.508000000000000000e+03 -5.280000000000000000e+03 -4.592000000000000000e+03 -1.780000000000000000e+02 2.520000000000000000e+03
9.812000000000000000e+03 1.560000000000000000e+03 -7.984000000000000000e+03 -4.608000000000000000e+03 -7.000000000000000000e+01 2.982000000000000000e+03
1.577200000000000000e+04 2.056000000000000000e+03 -8.800000000000000000e+03 -4.592000000000000000e+03 -8.100000000000000000e+01 3.553000000000000000e+03
1.954400000000000000e+04 2.712000000000000000e+03 -1.019200000000000000e+04 -4.576000000000000000e+03 -2.220000000000000000e+02 4.003000000000000000e+03
2.212400000000000000e+04 3.448000000000000000e+03 -8.248000000000000000e+03 -4.592000000000000000e+03 -2.860000000000000000e+02 4.067000000000000000e+03
1.925200000000000000e+04 2.992000000000000000e+03 -8.180000000000000000e+03 -4.608000000000000000e+03 -3.190000000000000000e+02 4.247000000000000000e+03
1.835200000000000000e+04 2.660000000000000000e+03 -6.740000000000000000e+03 -4.576000000000000000e+03 -4.160000000000000000e+02 4.130000000000000000e+03
1.947600000000000000e+04 2.632000000000000000e+03 -6.396000000000000000e+03 -4.544000000000000000e+03 -6.140000000000000000e+02 3.835000000000000000e+03
1.882400000000000000e+04 3.616000000000000000e+03 -5.856000000000000000e+03 -4.608000000000000000e+03 -5.660000000000000000e+02 3.465000000000000000e+03
1.904800000000000000e+04 3.516000000000000000e+03 -5.616000000000000000e+03 -4.592000000000000000e+03 -5.310000000000000000e+02 3.088000000000000000e+03
1.983200000000000000e+04 3.888000000000000000e+03 -5.784000000000000000e+03 -4.592000000000000000e+03 -4.260000000000000000e+02 2.830000000000000000e+03
2.136800000000000000e+04 3.780000000000000000e+03 -5.872000000000000000e+03 -4.592000000000000000e+03 -6.480000000000000000e+02 2.253000000000000000e+03
2.186000000000000000e+04 3.116000000000000000e+03 9.000000000000000000e+02 -4.592000000000000000e+03 1.120000000000000000e+02 1.671000000000000000e+03
3.076800000000000000e+04 6.840000000000000000e+03 -6.020000000000000000e+03 -4.592000000000000000e+03 -2.730000000000000000e+02 9.170000000000000000e+02
2.310400000000000000e+04 2.420000000000000000e+03 -5.124000000000000000e+03 -4.624000000000000000e+03 -7.010000000000000000e+02 9.380000000000000000e+02
1.484000000000000000e+04 5.800000000000000000e+02 -3.228000000000000000e+03 -4.592000000000000000e+03 -6.960000000000000000e+02 5.990000000000000000e+02
1.349200000000000000e+04 1.028000000000000000e+03 -2.700000000000000000e+03 -4.576000000000000000e+03 -5.420000000000000000e+02 1.124000000000000000e+03
1.649200000000000000e+04 1.588000000000000000e+03 -2.572000000000000000e+03 -4.624000000000000000e+03 -6.350000000000000000e+02 5.680000000000000000e+02
