1.660400000000000000e+04 1.416000000000000000e+03 3.556000000000000000e+03 -4.448000000000000000e+03 -8.000000000000000000e+00 -2.986000000000000000e+03
1.638400000000000000e+04 1.540000000000000000e+03 3.196000000000000000e+03 -4.400000000000000000e+03 -2.800000000000000000e+01 -2.843000000000000000e+03
1.609600000000000000e+04 1.360000000000000000e+03 2.800000000000000000e+03 -4.400000000000000000e+03 -8.500000000000000000e+01 -2.480000000000000000e+03
1.577200000000000000e+04 1.248000000000000000e+03 2.448000000000000000e+03 -4.400000000000000000e+03 -1.360000000000000000e+02 -2.061000000000000000e+03
1.568400000000000000e+04 1.332000000000000000e+03 2.128000000000000000e+03 -4.416000000000000000e+03 -1.180000000000000000e+02 -1.668000000000000000e+03
1.556000000000000000e+04 1.160000000000000000e+03 1.664000000000000000e+03 -4.432000000000000000e+03 -1.430000000000000000e+02 -1.211000000000000000e+03
1.653600000000000000e+04 1.356000000000000000e+03 1.224000000000000000e+03 -4.464000000000000000e+03 -1.520000000000000000e+02 -7.950000000000000000e+02
1.712400000000000000e+04 1.364000000000000000e+03 1.136000000000000000e+03 -4.416000000000000000e+03 -1.300000000000000000e+02 -4.030000000000000000e+02
1.705200000000000000e+04 1.400000000000000000e+03 9.800000000000000000e+02 -4.464000000000000000e+03 -1.860000000000000000e+02 -2.200000000000000000e+01
1.701200000000000000e+04 1.592000000000000000e+03 9.040000000000000000e+02 -4.448000000000000000e+03 -2.100000000000000000e+02 3.480000000000000000e+02
1.678800000000000000e+04 1.480000000000000000e+03 8.080000000000000000e+02 -4.432000000000000000e+03 -2.090000000000000000e+02 7.190000000000000000e+02
1.695200000000000000e+04 1.500000000000000000e+03 8.920000000000000000e+02 -4.416000000000000000e+03 -2.520000000000000000e+02 1.109000000000000000e+03
1.689600000000000000e+04 1.324000000000000000e+03 7.560000000000000000e+02 -4.448000000000000000e+03 -2.780000000000000000e+02 1.368000000000000000e+03
1.665200000000000000e+04 1.312000000000000000e+03 8.240000000000000000e+02 -4.448000000000000000e+03 -3.040000000000000000e+02 1.606000000000000000e+03
1.658400000000000000e+04 1.376000000000000000e+03 1.028000000000000000e+03 -4.448000000000000000e+03 -3.150000000000000000e+02 1.696000000000000000e+03
1.664800000000000000e+04 1.188000000000000000e+03 1.316000000000000000e+03 -4.448000000000000000e+03 -3.030000000000000000e+02 1.822000000000000000e+03
1.684400000000000000e+04 1.252000000000000000e+03 1.104000000000000000e+03 -4.432000000000000000e+03 -2.920000000000000000e+02 1.873000000000000000e+03
1.703200000000000000e+04 1.344000000000000000e+03 1.320000000000000000e+03 -4.416000000000000000e+03 -3.130000000000000000e+02 1.854000000000000000e+03
1.671200000000000000e+04 1.296000000000000000e+03 1.532000000000000000e+03 -4.400000000000000000e+03 -3.230000000000000000e+02 1.833000000000000000e+03
1.678000000000000000e+04 1.436000000000000000e+03 1.836000000000000000e+03 -4.400000000000000000e+03 -3.070000000000000000e+02 1.707000000000000000e+03
1.670800000000000000e+04 1.484000000000000000e+03 1.892000000000000000e+03 -4.432000000000000000e+03 -3.060000000000000000e+02 1.483000000000000000e+03
1.665200000000000000e+04 1.356000000000000000e+03 2.044000000000000000e+03 -4.432000000000000000e+03 -3.440000000000000000e+02 1.100000000000000000e+03
1.626800000000000000e+04 1.440000000000000000e+03 2.396000000000000000e+03 -4.400000000000000000e+03 -3.620000000000000000e+02 7.250000000000000000e+02
1.613200000000000000e+04 1.372000000000000000e+03 2.680000000000000000e+03 -4.400000000000000000e+03 -3.840000000000000000e+02 3.200000000000000000e+02
1.600400000000000000e+04 1.380000000000000000e+03 2.672000000000000000e+03 -4.432000000000000000e+03 -3.660000000000000000e+02 -1.100000000000000000e+01
1.564000000000000000e+04 1.364000000000000000e+03 2.296000000000000000e+03 -4.400000000000000000e+03 -3.510000000000000000e+02 -2.850000000000000000e+02
1.507600000000000000e+04 1.536000000000000000e+03 1.376000000000000000e+03 -4.384000000000000000e+03 -3.440000000000000000e+02 -3.170000000000000000e+02
1.383200000000000000e+04 1.492000000000000000e+03 4.480000000000000000e+02 -4.432000000000000000e+03 -2.780000000000000000e+02 -4.480000000000000000e+02
1.132800000000000000e+04 1.272000000000000000e+03 2.920000000000000000e+02 -4.448000000000000000e+03 3.260000000000000000e+02 -1.245000000000000000e+03
9.284000000000000000e+03 1.036000000000000000e+03 4.720000000000000000e+02 -4.432000000000000000e+03 -2.720000000000000000e+02 -1.688000000000000000e+03
7.612000000000000000e+03 9.840000000000000000e+02 5.828000000000000000e+03 -4.432000000000000000e+03 -4.130000000000000000e+02 -1.486000000000000000e+03
1.062400000000000000e+04 8.040000000000000000e+02 6.972000000000000000e+03 -4.432000000000000000e+03 -1.400000000000000000e+01 -1.481000000000000000e+03
1.874000000000000000e+04 1.736000000000000000e+03 3.552000000000000000e+03 -4.432000000000000000e+03 -4.400000000000000000e+01 -2.780000000000000000e+02
2.739600000000000000e+04 2.244000000000000000e+03 4.068000000000000000e+03 -4.432000000000000000e+03 -4.800000000000000000e+01 3.140000000000000000e+02
2.804800000000000000e+04 1.764000000000000000e+03 7.192000000000000000e+03 -4.416000000000000000e+03 -2.070000000000000000e+02 7.690000000000000000e+02
3.276700000000000000e+04 2.340000000000000000e+03 4.796000000000000000e+03 -4.400000000000000000e+03 -9.000000000000000000e+00 7.180000000000000000e+02
3.276700000000000000e+04 3.676000000000000000e+03 3.020000000000000000e+03 -4.416000000000000000e+03 1.920000000000000000e+02 8.100000000000000000e+02
3.276700000000000000e+04 1.448000000000000000e+03 -4.280000000000000000e+02 -4.400000000000000000e+03 -9.300000000000000000e+01 -6.280000000000000000e+02
3.276700000000000000e+04 1.692000000000000000e+03 -4.372000000000000000e+03 -4.432000000000000000e+03 3.550000000000000000e+02 1.022000000000000000e+03
2.233600000000000000e+04 1.076000000000000000e+03 -2.816000000000000000e+03 -4.416000000000000000e+03 2.910000000000000000e+02 9.700000000000000000e+01
1.536800000000000000e+04 -1.880000000000000000e+02 -2.364000000000000000e+03 -4.448000000000000000e+03 1.890000000000000000e+02 -9.670000000000000000e+02
9.128000000000000000e+03 8.360000000000000000e+02 -1.852000000000000000e+03 -4.432000000000000000e+03 2.170000000000000000e+02 -2.919000000000000000e+03
6.344000000000000000e+03 7.040000000000000000e+02 -1.884000000000000000e+03 -4.432000000000000000e+03 4.560000000000000000e+02 -4.105000000000000000e+03
4.244000000000000000e+03 2.800000000000000000e+02 -3.200000000000000000e+01 -4.416000000000000000e+03 4.280000000000000000e+02 3.749000000000000000e+03
3.456000000000000000e+03 -9.600000000000000000e+01 -3.440000000000000000e+02 -4.432000000000000000e+03 9.480000000000000000e+02 -1.410000000000000000e+02
1.628000000000000000e+03 8.400000000000000000e+01 -1.436000000000000000e+03 -4.432000000000000000e+03 -3.440000000000000000e+02 1.104000000000000000e+03
8.640000000000000000e+02 -1.680000000000000000e+02 -5.960000000000000000e+02 -4.416000000000000000e+03 2.690000000000000000e+02 1.036000000000000000e+03
2.468000000000000000e+03 -2.920000000000000000e+02 6.204000000000000000e+03 -4.400000000000000000e+03 3.060000000000000000e+02 1.404000000000000000e+03
6.360000000000000000e+03 6.760000000000000000e+02 6.092000000000000000e+03 -4.384000000000000000e+03 2.750000000000000000e+02 1.340000000000000000e+03
8.756000000000000000e+03 8.932000000000000000e+03 5.528000000000000000e+03 -4.400000000000000000e+03 -1.320000000000000000e+02 1.413000000000000000e+03
1.889200000000000000e+04 3.176000000000000000e+03 3.960000000000000000e+03 -4.448000000000000000e+03 -2.520000000000000000e+02 7.830000000000000000e+02
2.211200000000000000e+04 3.640000000000000000e+03 3.220000000000000000e+03 -4.448000000000000000e+03 -5.100000000000000000e+01 6.580000000000000000e+02
2.088800000000000000e+04 2.584000000000000000e+03 3.676000000000000000e+03 -4.432000000000000000e+03 -2.300000000000000000e+01 7.970000000000000000e+02
1.701200000000000000e+04 1.952000000000000000e+03 2.696000000000000000e+03 -4.400000000000000000e+03 -2.930000000000000000e+02 8.020000000000000000e+02
1.434800000000000000e+04 2.192000000000000000e+03 -1.560000000000000000e+02 -4.432000000000000000e+03 -1.800000000000000000e+02 7.420000000000000000e+02
9.648000000000000000e+03 1.236000000000000000e+03 -8.480000000000000000e+02 -4.400000000000000000e+03 -1.320000000000000000e+02 1.328000000000000000e+03
4.336000000000000000e+03 2.280000000000000000e+02 -4.800000000000000000e+02 -4.448000000000000000e+03 -2.200000000000000000e+01 2.065000000000000000e+03
3.092000000000000000e+03 8.000000000000000000e+00 -1.304000000000000000e+03 -4.400000000000000000e+03 -3.860000000000000000e+02 1.774000000000000000e+03
3.588000000000000000e+03 4.720000000000000000e+02 -8.800000000000000000e+02 -4.432000000000000000e+03 -9.480000000000000000e+02 2.235000000000000000e+03
8.548000000000000000e+03 1.432000000000000000e+03 -1.236000000000000000e+03 -4.448000000000000000e+03 -4.430000000000000000e+02 8.810000000000000000e+02
1.198000000000000000e+04 1.560000000000000000e+03 3.244000000000000000e+03 -4.448000000000000000e+03 1.750000000000000000e+02 3.031000000000000000e+03
1.802400000000000000e+04 1.760000000000000000e+03 5.652000000000000000e+03 -4.448000000000000000e+03 -5.370000000000000000e+02 2.963000000000000000e+03
2.388400000000000000e+04 4.204000000000000000e+03 1.064000000000000000e+03 -4.448000000000000000e+03 -6.880000000000000000e+02 3.264000000000000000e+03
2.044000000000000000e+04 3.144000000000000000e+03 2.312000000000000000e+03 -4.400000000000000000e+03 -8.510000000000000000e+02 3.047000000000000000e+03
1.522000000000000000e+04 2.036000000000000000e+03 3.744000000000000000e+03 -4.384000000000000000e+03 -5.440000000000000000e+02 2.656000000000000000e+03
1.780800000000000000e+04 2.236000000000000000e+03 6.208000000000000000e+03 -4.432000000000000000e+03 -6.380000000000000000e+02 2.429000000000000000e+03
2.261200000000000000e+04 2.732000000000000000e+03 5.524000000000000000e+03 -4.432000000000000000e+03 -7.630000000000000000e+02 2.584000000000000000e+03
2.426800000000000000e+04 3.292000000000000000e+03 4.848000000000000000e+03 -4.432000000000000000e+03 -5.060000000000000000e+02 2.789000000000000000e+03
2.630800000000000000e+04 2.812000000000000000e+03 4.652000000000000000e+03 -4.400000000000000000e+03 -8.340000000000000000e+02 7.420000000000000000e+02
2.455600000000000000e+04 2.340000000000000000e+03 3.968000000000000000e+03 -4.464000000000000000e+03 -6.770000000000000000e+02 1.257000000000000000e+03
2.006400000000000000e+04 2.432000000000000000e+03 8.092000000000000000e+03 -4.416000000000000000e+03 -4.900000000000000000e+02 1.110000000000000000e+03
1.979200000000000000e+04 2.288000000000000000e+03 6.160000000000000000e+03 -4.432000000000000000e+03 -4.150000000000000000e+02 9.170000000000000000e+02
2.010000000000000000e+04 3.872000000000000000e+03 3.752000000000000000e+03 -4.464000000000000000e+03 -5.140000000000000000e+02 7.070000000000000000e+02
1.572000000000000000e+04 2.660000000000000000e+03 4.432000000000000000e+03 -4.432000000000000000e+03 -5.990000000000000000e+02 5.090000000000000000e+02
1.436800000000000000e+04 2.264000000000000000e+03 5.500000000000000000e+03 -4.432000000000000000e+03 -5.830000000000000000e+02 1.380000000000000000e+02
1.432000000000000000e+04 2.000000000000000000e+03 5.944000000000000000e+03 -4.432000000000000000e+03 -5.340000000000000000e+02 3.820000000000000000e+02
1.568800000000000000e+04 2.140000000000000000e+03 5.284000000000000000e+03 -4.432000000000000000e+03 -5.300000000000000000e+02 -1.480000000000000000e+02
1.543600000000000000e+04 2.376000000000000000e+03 4.508000000000000000e+03 -4.448000000000000000e+03 -5.540000000000000000e+02 -2.470000000000000000e+02
1.549200000000000000e+04 1.912000000000000000e+03 4.648000000000000000e+03 -4.432000000000000000e+03 -5.870000000000000000e+02 -4.800000000000000000e+02
