-1.496000000000000000e+03 7.440000000000000000e+02 9.004000000000000000e+03 -4.608000000000000000e+03 -4.350000000000000000e+02 3.515000000000000000e+03
-1.528000000000000000e+03 4.280000000000000000e+02 1.720000000000000000e+04 -4.624000000000000000e+03 3.550000000000000000e+02 3.406000000000000000e+03
-3.460000000000000000e+03 9.720000000000000000e+02 2.028000000000000000e+04 -4.608000000000000000e+03 -5.240000000000000000e+02 2.659000000000000000e+03
-7.240000000000000000e+03 2.120000000000000000e+03 1.646000000000000000e+04 -4.624000000000000000e+03 -5.870000000000000000e+02 5.005000000000000000e+03
-6.944000000000000000e+03 2.628000000000000000e+03 1.313600000000000000e+04 -4.656000000000000000e+03 -4.450000000000000000e+02 2.928000000000000000e+03
-4.672000000000000000e+03 2.236000000000000000e+03 1.212000000000000000e+04 -4.624000000000000000e+03 -5.340000000000000000e+02 3.183000000000000000e+03
-2.920000000000000000e+03 1.564000000000000000e+03 1.383200000000000000e+04 -4.624000000000000000e+03 -3.920000000000000000e+02 3.408000000000000000e+03
-3.832000000000000000e+03 1.208000000000000000e+03 1.445600000000000000e+04 -4.608000000000000000e+03 -5.320000000000000000e+02 2.601000000000000000e+03
-5.096000000000000000e+03 1.008000000000000000e+03 1.444800000000000000e+04 -4.624000000000000000e+03 -6.610000000000000000e+02 3.364000000000000000e+03
-5.692000000000000000e+03 1.024000000000000000e+03 1.483200000000000000e+04 -4.608000000000000000e+03 -7.540000000000000000e+02 2.604000000000000000e+03
-5.736000000000000000e+03 1.480000000000000000e+03 1.387600000000000000e+04 -4.608000000000000000e+03 -8.890000000000000000e+02 2.448000000000000000e+03
-5.864000000000000000e+03 1.696000000000000000e+03 1.289600000000000000e+04 -4.624000000000000000e+03 -8.590000000000000000e+02 2.124000000000000000e+03
-5.940000000000000000e+03 1.428000000000000000e+03 1.339600000000000000e+04 -4.624000000000000000e+03 -8.220000000000000000e+02 1.770000000000000000e+03
-5.704000000000000000e+03 1.092000000000000000e+03 1.328000000000000000e+04 -4.640000000000000000e+03 -8.360000000000000000e+02 1.658000000000000000e+03
-7.012000000000000000e+03 8.240000000000000000e+02 1.333600000000000000e+04 -4.624000000000000000e+03 -7.690000000000000000e+02 1.304000000000000000e+03
-7.364000000000000000e+03 7.400000000000000000e+02 1.337200000000000000e+04 -4.592000000000000000e+03 -7.420000000000000000e+02 1.247000000000000000e+03
-6.944000000000000000e+03 9.600000000000000000e+02 1.251200000000000000e+04 -4.608000000000000000e+03 -6.350000000000000000e+02 9.780000000000000000e+02
-7.496000000000000000e+03 8.600000000000000000e+02 1.282400000000000000e+04 -4.608000000000000000e+03 -6.130000000000000000e+02 1.061000000000000000e+03
-6.908000000000000000e+03 1.480000000000000000e+03 1.252000000000000000e+04 -4.576000000000000000e+03 -5.920000000000000000e+02 9.440000000000000000e+02
-7.248000000000000000e+03 1.052000000000000000e+03 1.233200000000000000e+04 -4.624000000000000000e+03 -4.960000000000000000e+02 9.700000000000000000e+02
-7.020000000000000000e+03 9.480000000000000000e+02 1.236800000000000000e+04 -4.608000000000000000e+03 -4.560000000000000000e+02 9.340000000000000000e+02
-7.128000000000000000e+03 9.160000000000000000e+02 1.221600000000000000e+04 -4.608000000000000000e+03 -3.880000000000000000e+02 8.120000000000000000e+02
-7.248000000000000000e+03 6.520000000000000000e+02 1.247600000000000000e+04 -4.592000000000000000e+03 -3.610000000000000000e+02 7.460000000000000000e+02
-7.292000000000000000e+03 6.080000000000000000e+02 1.244800000000000000e+04 -4.624000000000000000e+03 -2.970000000000000000e+02 1.120000000000000000e+03
-7.396000000000000000e+03 5.920000000000000000e+02 1.291600000000000000e+04 -4.608000000000000000e+03 -3.100000000000000000e+02 6.920000000000000000e+02
-7.280000000000000000e+03 7.640000000000000000e+02 1.206400000000000000e+04 -4.640000000000000000e+03 -1.900000000000000000e+02 9.370000000000000000e+02
-7.144000000000000000e+03 9.000000000000000000e+02 1.260000000000000000e+04 -4.592000000000000000e+03 -2.480000000000000000e+02 1.207000000000000000e+03
-7.428000000000000000e+03 7.520000000000000000e+02 1.222000000000000000e+04 -4.608000000000000000e+03 -1.740000000000000000e+02 1.049000000000000000e+03
-8.272000000000000000e+03 9.960000000000000000e+02 1.124400000000000000e+04 -4.640000000000000000e+03 -2.080000000000000000e+02 1.639000000000000000e+03
-8.236000000000000000e+03 6.240000000000000000e+02 1.130000000000000000e+04 -4.624000000000000000e+03 -1.650000000000000000e+02 1.397000000000000000e+03
-7.752000000000000000e+03 4.480000000000000000e+02 1.066400000000000000e+04 -4.656000000000000000e+03 -3.030000000000000000e+02 1.437000000000000000e+03
-7.616000000000000000e+03 4.240000000000000000e+02 8.136000000000000000e+03 -4.608000000000000000e+03 -4.530000000000000000e+02 2.433000000000000000e+03
-6.996000000000000000e+03 2.800000000000000000e+02 4.108000000000000000e+03 -4.592000000000000000e+03 -3.900000000000000000e+02 1.300000000000000000e+03
-5.588000000000000000e+03 -1.040000000000000000e+02 5.864000000000000000e+03 -4.608000000000000000e+03 -2.060000000000000000e+02 7.500000000000000000e+02
-3.044000000000000000e+03 -3.120000000000000000e+02 7.028000000000000000e+03 -4.624000000000000000e+03 6.800000000000000000e+01 2.100000000000000000e+02
-5.368000000000000000e+03 -3.040000000000000000e+02 1.460000000000000000e+04 -4.640000000000000000e+03 3.360000000000000000e+02 5.700000000000000000e+02
-5.200000000000000000e+03 2.040000000000000000e+02 1.958000000000000000e+04 -4.624000000000000000e+03 1.400000000000000000e+01 3.920000000000000000e+02
-1.008000000000000000e+04 8.600000000000000000e+02 2.004400000000000000e+04 -4.592000000000000000e+03 4.900000000000000000e+01 -7.810000000000000000e+02
-1.298000000000000000e+04 1.292000000000000000e+03 2.350000000000000000e+04 -4.608000000000000000e+03 1.370000000000000000e+02 -1.669000000000000000e+03
-1.309600000000000000e+04 1.620000000000000000e+03 2.740800000000000000e+04 -4.656000000000000000e+03 2.410000000000000000e+02 -6.070000000000000000e+02
-1.638000000000000000e+04 2.120000000000000000e+03 2.528800000000000000e+04 -4.608000000000000000e+03 9.900000000000000000e+01 -6.260000000000000000e+02
-1.909200000000000000e+04 2.848000000000000000e+03 2.450000000000000000e+04 -4.640000000000000000e+03 3.100000000000000000e+01 -6.610000000000000000e+02
-1.525600000000000000e+04 2.612000000000000000e+03 2.374400000000000000e+04 -4.624000000000000000e+03 -2.530000000000000000e+02 -2.963000000000000000e+03
-1.398800000000000000e+04 2.572000000000000000e+03 2.160800000000000000e+04 -4.608000000000000000e+03 -5.360000000000000000e+02 -4.600000000000000000e+01
-1.312800000000000000e+04 1.576000000000000000e+03 1.632800000000000000e+04 -4.624000000000000000e+03 -5.110000000000000000e+02 -9.250000000000000000e+02
-1.264800000000000000e+04 1.620000000000000000e+03 1.111600000000000000e+04 -4.640000000000000000e+03 -6.320000000000000000e+02 -5.870000000000000000e+02
-7.940000000000000000e+03 1.636000000000000000e+03 5.804000000000000000e+03 -4.640000000000000000e+03 -8.910000000000000000e+02 -6.740000000000000000e+02
-6.000000000000000000e+03 9.600000000000000000e+02 5.524000000000000000e+03 -4.640000000000000000e+03 -8.110000000000000000e+02 1.285000000000000000e+03
-2.656000000000000000e+03 8.720000000000000000e+02 3.376000000000000000e+03 -4.608000000000000000e+03 -8.990000000000000000e+02 -2.714000000000000000e+03
-2.360000000000000000e+03 3.080000000000000000e+02 4.188000000000000000e+03 -4.640000000000000000e+03 -1.090000000000000000e+03 1.960000000000000000e+02
-1.596000000000000000e+03 1.960000000000000000e+02 4.572000000000000000e+03 -4.624000000000000000e+03 -6.970000000000000000e+02 -2.737000000000000000e+03
-3.632000000000000000e+03 2.800000000000000000e+01 2.824000000000000000e+03 -4.608000000000000000e+03 -1.005000000000000000e+03 1.502000000000000000e+03
-4.840000000000000000e+03 -2.160000000000000000e+02 1.912000000000000000e+03 -4.592000000000000000e+03 -5.800000000000000000e+02 -5.710000000000000000e+02
-4.344000000000000000e+03 -3.640000000000000000e+02 -8.480000000000000000e+02 -4.640000000000000000e+03 -1.169000000000000000e+03 -9.860000000000000000e+02
-2.860000000000000000e+03 2.960000000000000000e+02 8.840000000000000000e+02 -4.624000000000000000e+03 -4.250000000000000000e+02 -5.310000000000000000e+02
-1.292000000000000000e+03 4.440000000000000000e+02 9.496000000000000000e+03 -4.624000000000000000e+03 2.120000000000000000e+02 3.800000000000000000e+01
-2.800000000000000000e+03 -5.840000000000000000e+02 4.348000000000000000e+03 -4.592000000000000000e+03 -2.310000000000000000e+02 -9.340000000000000000e+02
-5.764000000000000000e+03 -4.520000000000000000e+02 7.412000000000000000e+03 -4.624000000000000000e+03 -2.820000000000000000e+02 -1.146000000000000000e+03
-4.760000000000000000e+03 -9.360000000000000000e+02 9.340000000000000000e+03 -4.608000000000000000e+03 1.740000000000000000e+02 -7.620000000000000000e+02
-5.684000000000000000e+03 3.640000000000000000e+02 1.121200000000000000e+04 -4.608000000000000000e+03 1.870000000000000000e+02 -1.292000000000000000e+03
-4.832000000000000000e+03 8.160000000000000000e+02 1.051200000000000000e+04 -4.592000000000000000e+03 1.910000000000000000e+02 1.950000000000000000e+02
-6.632000000000000000e+03 2.840000000000000000e+02 1.035200000000000000e+04 -4.608000000000000000e+03 -2.100000000000000000e+01 -1.629000000000000000e+03
-7.388000000000000000e+03 -3.640000000000000000e+02 1.068800000000000000e+04 -4.624000000000000000e+03 3.330000000000000000e+02 -7.750000000000000000e+02
-7.124000000000000000e+03 -3.200000000000000000e+01 1.008000000000000000e+04 -4.592000000000000000e+03 1.990000000000000000e+02 -1.067000000000000000e+03
-5.060000000000000000e+03 9.680000000000000000e+02 1.156400000000000000e+04 -4.608000000000000000e+03 4.060000000000000000e+02 -1.136000000000000000e+03
-3.008000000000000000e+03 9.640000000000000000e+02 1.436800000000000000e+04 -4.640000000000000000e+03 1.980000000000000000e+02 -1.166000000000000000e+03
-4.288000000000000000e+03 9.880000000000000000e+02 1.543600000000000000e+04 -4.624000000000000000e+03 7.480000000000000000e+02 5.680000000000000000e+02
-4.484000000000000000e+03 1.540000000000000000e+03 1.745600000000000000e+04 -4.624000000000000000e+03 6.230000000000000000e+02 1.375000000000000000e+03
-5.268000000000000000e+03 1.848000000000000000e+03 2.303600000000000000e+04 -4.592000000000000000e+03 5.260000000000000000e+02 1.072000000000000000e+03
-7.072000000000000000e+03 1.456000000000000000e+03 2.550000000000000000e+04 -4.640000000000000000e+03 2.910000000000000000e+02 -4.070000000000000000e+02
-9.612000000000000000e+03 2.244000000000000000e+03 3.202000000000000000e+04 -4.640000000000000000e+03 6.310000000000000000e+02 9.880000000000000000e+02
-1.062800000000000000e+04 2.504000000000000000e+03 2.535600000000000000e+04 -4.624000000000000000e+03 -9.680000000000000000e+02 2.971000000000000000e+03
-2.115600000000000000e+04 2.420000000000000000e+03 1.965200000000000000e+04 -4.624000000000000000e+03 -3.880000000000000000e+02 2.599000000000000000e+03
-9.612000000000000000e+03 3.368000000000000000e+03 1.591200000000000000e+04 -4.608000000000000000e+03 -6.250000000000000000e+02 2.908000000000000000e+03
-6.140000000000000000e+03 2.216000000000000000e+03 1.185200000000000000e+04 -4.624000000000000000e+03 -9.950000000000000000e+02 3.651000000000000000e+03
-7.212000000000000000e+03 5.000000000000000000e+02 7.808000000000000000e+03 -4.640000000000000000e+03 -8.680000000000000000e+02 3.444000000000000000e+03
-6.580000000000000000e+03 -2.400000000000000000e+01 4.824000000000000000e+03 -4.640000000000000000e+03 -7.660000000000000000e+02 3.552000000000000000e+03
-5.028000000000000000e+03 9.200000000000000000e+01 3.896000000000000000e+03 -4.608000000000000000e+03 -4.610000000000000000e+02 3.822000000000000000e+03
-3.892000000000000000e+03 3.000000000000000000e+02 5.944000000000000000e+03 -4.608000000000000000e+03 -1.060000000000000000e+02 2.808000000000000000e+03
-4.544000000000000000e+03 2.520000000000000000e+02 1.029200000000000000e+04 -4.624000000000000000e+03 1.470000000000000000e+02 4.689000000000000000e+03
-5.632000000000000000e+03 6.680000000000000000e+02 1.837600000000000000e+04 -4.608000000000000000e+03 -1.210000000000000000e+02 3.199000000000000000e+03
