1.271200000000000000e+04 2.200000000000000000e+03 1.780000000000000000e+03 -4.752000000000000000e+03 -2.700000000000000000e+02 -1.250000000000000000e+02
1.350000000000000000e+04 1.860000000000000000e+03 2.276000000000000000e+03 -4.784000000000000000e+03 -1.630000000000000000e+02 -4.700000000000000000e+02
1.542400000000000000e+04 2.204000000000000000e+03 3.532000000000000000e+03 -4.736000000000000000e+03 -2.530000000000000000e+02 3.410000000000000000e+02
1.812000000000000000e+04 2.556000000000000000e+03 3.744000000000000000e+03 -4.784000000000000000e+03 -1.970000000000000000e+02 -1.131000000000000000e+03
1.861200000000000000e+04 2.172000000000000000e+03 2.536000000000000000e+03 -4.752000000000000000e+03 -1.730000000000000000e+02 -1.250000000000000000e+02
1.513600000000000000e+04 1.904000000000000000e+03 3.056000000000000000e+03 -4.768000000000000000e+03 -1.680000000000000000e+02 -1.644000000000000000e+03
1.498000000000000000e+04 1.668000000000000000e+03 2.420000000000000000e+03 -4.720000000000000000e+03 -2.320000000000000000e+02 -4.140000000000000000e+02
1.571200000000000000e+04 1.616000000000000000e+03 2.548000000000000000e+03 -4.736000000000000000e+03 -1.240000000000000000e+02 -2.950000000000000000e+02
1.576400000000000000e+04 1.888000000000000000e+03 3.472000000000000000e+03 -4.736000000000000000e+03 -2.440000000000000000e+02 -6.030000000000000000e+02
1.624000000000000000e+04 1.776000000000000000e+03 2.692000000000000000e+03 -4.752000000000000000e+03 -2.690000000000000000e+02 -7.130000000000000000e+02
1.662000000000000000e+04 2.020000000000000000e+03 2.292000000000000000e+03 -4.752000000000000000e+03 -2.780000000000000000e+02 -6.600000000000000000e+02
1.563600000000000000e+04 2.088000000000000000e+03 2.940000000000000000e+03 -4.736000000000000000e+03 -2.900000000000000000e+02 -4.680000000000000000e+02
1.668400000000000000e+04 2.096000000000000000e+03 2.312000000000000000e+03 -4.736000000000000000e+03 -3.620000000000000000e+02 -2.240000000000000000e+02
1.661200000000000000e+04 2.060000000000000000e+03 2.380000000000000000e+03 -4.752000000000000000e+03 -4.360000000000000000e+02 4.900000000000000000e+01
1.635600000000000000e+04 2.008000000000000000e+03 2.904000000000000000e+03 -4.736000000000000000e+03 -4.420000000000000000e+02 -2.940000000000000000e+02
1.681200000000000000e+04 1.820000000000000000e+03 2.548000000000000000e+03 -4.752000000000000000e+03 -4.270000000000000000e+02 -3.700000000000000000e+01
1.654400000000000000e+04 1.696000000000000000e+03 2.188000000000000000e+03 -4.752000000000000000e+03 -4.390000000000000000e+02 -3.450000000000000000e+02
1.641200000000000000e+04 1.552000000000000000e+03 1.580000000000000000e+03 -4.768000000000000000e+03 -4.330000000000000000e+02 -1.800000000000000000e+01
1.599600000000000000e+04 1.620000000000000000e+03 2.392000000000000000e+03 -4.736000000000000000e+03 -3.880000000000000000e+02 2.000000000000000000e+01
1.656400000000000000e+04 1.564000000000000000e+03 1.888000000000000000e+03 -4.752000000000000000e+03 -4.070000000000000000e+02 -2.760000000000000000e+02
1.630000000000000000e+04 1.620000000000000000e+03 1.992000000000000000e+03 -4.720000000000000000e+03 -3.780000000000000000e+02 -6.040000000000000000e+02
1.625200000000000000e+04 1.664000000000000000e+03 2.152000000000000000e+03 -4.768000000000000000e+03 -3.190000000000000000e+02 -6.040000000000000000e+02
1.595200000000000000e+04 1.692000000000000000e+03 2.004000000000000000e+03 -4.720000000000000000e+03 -2.630000000000000000e+02 -1.560000000000000000e+02
1.587200000000000000e+04 1.872000000000000000e+03 2.268000000000000000e+03 -4.768000000000000000e+03 -2.540000000000000000e+02 -6.570000000000000000e+02
1.633600000000000000e+04 1.744000000000000000e+03 1.832000000000000000e+03 -4.736000000000000000e+03 -2.260000000000000000e+02 -6.380000000000000000e+02
1.647600000000000000e+04 1.724000000000000000e+03 1.704000000000000000e+03 -4.752000000000000000e+03 -1.650000000000000000e+02 -6.690000000000000000e+02
1.642000000000000000e+04 1.660000000000000000e+03 1.716000000000000000e+03 -4.736000000000000000e+03 -1.650000000000000000e+02 -5.520000000000000000e+02
1.657200000000000000e+04 1.496000000000000000e+03 1.832000000000000000e+03 -4.720000000000000000e+03 -1.720000000000000000e+02 -7.390000000000000000e+02
1.680800000000000000e+04 1.660000000000000000e+03 1.784000000000000000e+03 -4.752000000000000000e+03 -1.590000000000000000e+02 -3.510000000000000000e+02
1.618800000000000000e+04 1.692000000000000000e+03 2.072000000000000000e+03 -4.736000000000000000e+03 -1.370000000000000000e+02 3.940000000000000000e+02
1.703200000000000000e+04 1.792000000000000000e+03 1.436000000000000000e+03 -4.752000000000000000e+03 -2.090000000000000000e+02 -1.760000000000000000e+02
1.625200000000000000e+04 1.640000000000000000e+03 1.032000000000000000e+03 -4.736000000000000000e+03 -1.360000000000000000e+02 -3.500000000000000000e+01
1.538400000000000000e+04 1.528000000000000000e+03 7.720000000000000000e+02 -4.784000000000000000e+03 -1.690000000000000000e+02 -1.496000000000000000e+03
1.120800000000000000e+04 9.960000000000000000e+02 -6.800000000000000000e+01 -4.752000000000000000e+03 6.300000000000000000e+01 1.970000000000000000e+02
8.048000000000000000e+03 5.160000000000000000e+02 -8.280000000000000000e+02 -4.768000000000000000e+03 -2.300000000000000000e+01 -5.700000000000000000e+01
7.348000000000000000e+03 5.080000000000000000e+02 3.880000000000000000e+02 -4.784000000000000000e+03 -2.720000000000000000e+02 -1.133000000000000000e+03
1.241200000000000000e+04 3.520000000000000000e+02 1.560000000000000000e+03 -4.752000000000000000e+03 -1.570000000000000000e+02 -1.680000000000000000e+03
2.190400000000000000e+04 2.196000000000000000e+03 3.584000000000000000e+03 -4.736000000000000000e+03 -1.210000000000000000e+02 -2.440000000000000000e+03
2.280400000000000000e+04 2.228000000000000000e+03 2.148000000000000000e+03 -4.752000000000000000e+03 -2.060000000000000000e+02 -3.410000000000000000e+02
2.292000000000000000e+04 2.724000000000000000e+03 2.800000000000000000e+03 -4.752000000000000000e+03 -2.180000000000000000e+02 -1.439000000000000000e+03
3.030000000000000000e+04 4.912000000000000000e+03 4.132000000000000000e+03 -4.752000000000000000e+03 -3.740000000000000000e+02 -1.902000000000000000e+03
3.276700000000000000e+04 4.924000000000000000e+03 4.488000000000000000e+03 -4.752000000000000000e+03 -2.210000000000000000e+02 -1.031000000000000000e+03
3.276700000000000000e+04 4.180000000000000000e+03 2.964000000000000000e+03 -4.720000000000000000e+03 -3.150000000000000000e+02 -1.724000000000000000e+03
2.835200000000000000e+04 2.784000000000000000e+03 1.680000000000000000e+03 -4.768000000000000000e+03 -4.530000000000000000e+02 -1.058000000000000000e+03
2.748800000000000000e+04 2.440000000000000000e+03 1.852000000000000000e+03 -4.768000000000000000e+03 -3.850000000000000000e+02 -5.940000000000000000e+02
2.142000000000000000e+04 1.880000000000000000e+03 -8.400000000000000000e+01 -4.720000000000000000e+03 -4.190000000000000000e+02 -2.036000000000000000e+03
1.570000000000000000e+04 1.132000000000000000e+03 -2.728000000000000000e+03 -4.768000000000000000e+03 -2.570000000000000000e+02 -1.845000000000000000e+03
1.189200000000000000e+04 8.840000000000000000e+02 -2.816000000000000000e+03 -4.752000000000000000e+03 3.700000000000000000e+01 -1.657000000000000000e+03
1.008400000000000000e+04 8.400000000000000000e+02 -1.696000000000000000e+03 -4.784000000000000000e+03 -6.800000000000000000e+01 -1.921000000000000000e+03
1.055600000000000000e+04 9.280000000000000000e+02 -1.184000000000000000e+03 -4.736000000000000000e+03 -1.720000000000000000e+02 -1.871000000000000000e+03
9.332000000000000000e+03 1.048000000000000000e+03 -3.440000000000000000e+02 -4.752000000000000000e+03 -2.530000000000000000e+02 1.027000000000000000e+03
8.544000000000000000e+03 7.480000000000000000e+02 2.040000000000000000e+02 -4.768000000000000000e+03 -5.500000000000000000e+01 -3.016000000000000000e+03
9.028000000000000000e+03 7.200000000000000000e+02 6.440000000000000000e+02 -4.784000000000000000e+03 -2.420000000000000000e+02 -2.636000000000000000e+03
7.692000000000000000e+03 1.252000000000000000e+03 5.680000000000000000e+02 -4.736000000000000000e+03 2.790000000000000000e+02 -1.207000000000000000e+03
4.768000000000000000e+03 5.680000000000000000e+02 -8.400000000000000000e+02 -4.752000000000000000e+03 -9.700000000000000000e+01 -2.438000000000000000e+03
4.632000000000000000e+03 2.240000000000000000e+02 -1.568000000000000000e+03 -4.784000000000000000e+03 -2.700000000000000000e+02 -9.640000000000000000e+02
5.384000000000000000e+03 -4.160000000000000000e+02 -5.600000000000000000e+02 -4.752000000000000000e+03 -5.400000000000000000e+01 -9.990000000000000000e+02
1.336000000000000000e+04 1.132000000000000000e+03 5.360000000000000000e+02 -4.752000000000000000e+03 -1.440000000000000000e+02 -1.030000000000000000e+03
1.568800000000000000e+04 4.240000000000000000e+02 2.800000000000000000e+01 -4.752000000000000000e+03 -4.040000000000000000e+02 7.000000000000000000e+02
1.465200000000000000e+04 1.120000000000000000e+03 4.800000000000000000e+01 -4.736000000000000000e+03 -5.630000000000000000e+02 1.590000000000000000e+02
1.198800000000000000e+04 -1.800000000000000000e+02 -1.820000000000000000e+03 -4.752000000000000000e+03 -2.030000000000000000e+02 8.030000000000000000e+02
1.220400000000000000e+04 3.160000000000000000e+02 -1.740000000000000000e+03 -4.736000000000000000e+03 -2.060000000000000000e+02 8.500000000000000000e+02
1.351600000000000000e+04 8.760000000000000000e+02 -1.840000000000000000e+02 -4.752000000000000000e+03 -5.970000000000000000e+02 7.710000000000000000e+02
1.244400000000000000e+04 4.920000000000000000e+02 -9.080000000000000000e+02 -4.720000000000000000e+03 -4.830000000000000000e+02 1.511000000000000000e+03
1.470000000000000000e+04 -6.400000000000000000e+01 -3.936000000000000000e+03 -4.720000000000000000e+03 -3.410000000000000000e+02 1.706000000000000000e+03
1.581200000000000000e+04 9.280000000000000000e+02 -3.560000000000000000e+03 -4.752000000000000000e+03 -3.390000000000000000e+02 1.688000000000000000e+03
1.412400000000000000e+04 1.112000000000000000e+03 -2.560000000000000000e+03 -4.768000000000000000e+03 -4.000000000000000000e+02 1.665000000000000000e+03
1.562000000000000000e+04 6.600000000000000000e+02 -2.376000000000000000e+03 -4.752000000000000000e+03 -5.140000000000000000e+02 1.245000000000000000e+03
1.729200000000000000e+04 1.040000000000000000e+03 -4.156000000000000000e+03 -4.752000000000000000e+03 -2.670000000000000000e+02 1.235000000000000000e+03
1.768800000000000000e+04 1.176000000000000000e+03 -4.620000000000000000e+03 -4.752000000000000000e+03 -1.800000000000000000e+01 6.740000000000000000e+02
2.007200000000000000e+04 1.708000000000000000e+03 -3.000000000000000000e+03 -4.784000000000000000e+03 5.870000000000000000e+02 2.470000000000000000e+02
2.394000000000000000e+04 3.252000000000000000e+03 -1.568000000000000000e+03 -4.720000000000000000e+03 -2.720000000000000000e+02 -4.200000000000000000e+01
2.561200000000000000e+04 3.280000000000000000e+03 -1.108000000000000000e+03 -4.736000000000000000e+03 -2.700000000000000000e+02 3.400000000000000000e+01
2.567200000000000000e+04 2.108000000000000000e+03 -7.200000000000000000e+02 -4.720000000000000000e+03 -9.500000000000000000e+01 4.060000000000000000e+02
2.822000000000000000e+04 3.156000000000000000e+03 2.140000000000000000e+03 -4.768000000000000000e+03 -7.900000000000000000e+01 6.360000000000000000e+02
2.605600000000000000e+04 2.228000000000000000e+03 6.360000000000000000e+02 -4.752000000000000000e+03 -9.400000000000000000e+01 4.180000000000000000e+02
2.469200000000000000e+04 2.852000000000000000e+03 -3.520000000000000000e+02 -4.752000000000000000e+03 -1.550000000000000000e+02 8.980000000000000000e+02
1.827600000000000000e+04 2.416000000000000000e+03 -1.212000000000000000e+03 -4.768000000000000000e+03 -2.060000000000000000e+02 9.780000000000000000e+02
1.607600000000000000e+04 1.976000000000000000e+03 -2.088000000000000000e+03 -4.768000000000000000e+03 -1.820000000000000000e+02 1.247000000000000000e+03
1.265200000000000000e+04 1.944000000000000000e+03 -1.020000000000000000e+03 -4.736000000000000000e+03 -2.480000000000000000e+02 4.960000000000000000e+02
