7.652000000000000000e+03 2.560000000000000000e+03 1.317600000000000000e+04 -4.640000000000000000e+03 -2.190000000000000000e+02 -3.270000000000000000e+02
7.780000000000000000e+03 2.320000000000000000e+03 1.335200000000000000e+04 -4.624000000000000000e+03 -2.490000000000000000e+02 -1.350000000000000000e+02
7.908000000000000000e+03 2.184000000000000000e+03 1.345200000000000000e+04 -4.640000000000000000e+03 -2.650000000000000000e+02 -8.100000000000000000e+01
7.632000000000000000e+03 1.968000000000000000e+03 1.258000000000000000e+04 -4.640000000000000000e+03 -2.940000000000000000e+02 3.600000000000000000e+01
7.816000000000000000e+03 1.964000000000000000e+03 1.249600000000000000e+04 -4.672000000000000000e+03 -2.380000000000000000e+02 1.620000000000000000e+02
7.972000000000000000e+03 2.196000000000000000e+03 1.248800000000000000e+04 -4.624000000000000000e+03 -2.740000000000000000e+02 5.220000000000000000e+02
7.868000000000000000e+03 2.060000000000000000e+03 1.230000000000000000e+04 -4.640000000000000000e+03 -2.950000000000000000e+02 2.140000000000000000e+02
8.256000000000000000e+03 2.196000000000000000e+03 1.316000000000000000e+04 -4.624000000000000000e+03 -3.210000000000000000e+02 8.020000000000000000e+02
7.912000000000000000e+03 1.704000000000000000e+03 1.340800000000000000e+04 -4.624000000000000000e+03 -4.450000000000000000e+02 6.500000000000000000e+02
8.052000000000000000e+03 1.208000000000000000e+03 1.272400000000000000e+04 -4.640000000000000000e+03 -6.850000000000000000e+02 8.860000000000000000e+02
8.320000000000000000e+03 8.480000000000000000e+02 1.368000000000000000e+04 -4.640000000000000000e+03 -7.720000000000000000e+02 7.010000000000000000e+02
8.632000000000000000e+03 4.040000000000000000e+02 1.335600000000000000e+04 -4.624000000000000000e+03 -9.400000000000000000e+02 9.880000000000000000e+02
8.340000000000000000e+03 8.960000000000000000e+02 1.366400000000000000e+04 -4.624000000000000000e+03 -8.860000000000000000e+02 1.150000000000000000e+03
7.160000000000000000e+03 1.684000000000000000e+03 1.468400000000000000e+04 -4.640000000000000000e+03 -8.240000000000000000e+02 1.121000000000000000e+03
7.612000000000000000e+03 1.964000000000000000e+03 1.308000000000000000e+04 -4.608000000000000000e+03 -8.130000000000000000e+02 7.250000000000000000e+02
7.640000000000000000e+03 2.140000000000000000e+03 1.193200000000000000e+04 -4.624000000000000000e+03 -7.240000000000000000e+02 8.540000000000000000e+02
7.868000000000000000e+03 2.432000000000000000e+03 1.188000000000000000e+04 -4.640000000000000000e+03 -6.800000000000000000e+02 9.100000000000000000e+02
7.456000000000000000e+03 2.600000000000000000e+03 1.309600000000000000e+04 -4.640000000000000000e+03 -5.980000000000000000e+02 1.700000000000000000e+03
7.808000000000000000e+03 2.696000000000000000e+03 1.351600000000000000e+04 -4.624000000000000000e+03 -5.150000000000000000e+02 7.510000000000000000e+02
8.020000000000000000e+03 2.468000000000000000e+03 1.289600000000000000e+04 -4.592000000000000000e+03 -3.790000000000000000e+02 8.210000000000000000e+02
7.728000000000000000e+03 2.428000000000000000e+03 1.269200000000000000e+04 -4.624000000000000000e+03 -3.910000000000000000e+02 9.110000000000000000e+02
7.244000000000000000e+03 2.268000000000000000e+03 1.248000000000000000e+04 -4.640000000000000000e+03 -3.360000000000000000e+02 1.100000000000000000e+03
6.308000000000000000e+03 2.256000000000000000e+03 1.308000000000000000e+04 -4.640000000000000000e+03 -2.820000000000000000e+02 1.121000000000000000e+03
6.928000000000000000e+03 1.932000000000000000e+03 1.246000000000000000e+04 -4.640000000000000000e+03 -3.090000000000000000e+02 1.109000000000000000e+03
7.080000000000000000e+03 2.048000000000000000e+03 1.270000000000000000e+04 -4.624000000000000000e+03 -3.120000000000000000e+02 9.480000000000000000e+02
7.032000000000000000e+03 2.304000000000000000e+03 1.320400000000000000e+04 -4.624000000000000000e+03 -2.800000000000000000e+02 7.580000000000000000e+02
6.824000000000000000e+03 2.512000000000000000e+03 1.395600000000000000e+04 -4.640000000000000000e+03 -4.300000000000000000e+02 6.060000000000000000e+02
6.612000000000000000e+03 2.336000000000000000e+03 1.328400000000000000e+04 -4.640000000000000000e+03 -4.160000000000000000e+02 8.200000000000000000e+02
6.180000000000000000e+03 2.388000000000000000e+03 1.306400000000000000e+04 -4.608000000000000000e+03 -1.470000000000000000e+02 9.150000000000000000e+02
5.360000000000000000e+03 2.180000000000000000e+03 1.110800000000000000e+04 -4.656000000000000000e+03 2.580000000000000000e+02 9.180000000000000000e+02
3.756000000000000000e+03 1.384000000000000000e+03 6.256000000000000000e+03 -4.624000000000000000e+03 3.200000000000000000e+02 5.510000000000000000e+02
3.312000000000000000e+03 1.136000000000000000e+03 4.196000000000000000e+03 -4.656000000000000000e+03 -1.840000000000000000e+02 -7.520000000000000000e+02
4.264000000000000000e+03 1.520000000000000000e+03 6.868000000000000000e+03 -4.624000000000000000e+03 -2.230000000000000000e+02 1.340000000000000000e+02
4.584000000000000000e+03 2.556000000000000000e+03 1.672800000000000000e+04 -4.640000000000000000e+03 1.600000000000000000e+02 -4.300000000000000000e+02
8.984000000000000000e+03 3.700000000000000000e+03 2.198000000000000000e+04 -4.608000000000000000e+03 1.360000000000000000e+02 -1.270000000000000000e+02
1.146000000000000000e+04 2.476000000000000000e+03 1.916000000000000000e+04 -4.640000000000000000e+03 -7.300000000000000000e+01 -7.440000000000000000e+02
1.222400000000000000e+04 3.332000000000000000e+03 2.336000000000000000e+04 -4.624000000000000000e+03 -4.530000000000000000e+02 -4.420000000000000000e+02
1.096000000000000000e+04 4.288000000000000000e+03 3.144400000000000000e+04 -4.656000000000000000e+03 2.500000000000000000e+02 -2.280000000000000000e+02
1.452800000000000000e+04 4.836000000000000000e+03 3.119200000000000000e+04 -4.624000000000000000e+03 -2.970000000000000000e+02 -8.500000000000000000e+01
1.570400000000000000e+04 5.672000000000000000e+03 3.094000000000000000e+04 -4.624000000000000000e+03 -3.230000000000000000e+02 -6.000000000000000000e+00
1.486400000000000000e+04 4.792000000000000000e+03 2.460800000000000000e+04 -4.624000000000000000e+03 4.990000000000000000e+02 -8.850000000000000000e+02
1.555200000000000000e+04 3.328000000000000000e+03 1.560400000000000000e+04 -4.656000000000000000e+03 5.020000000000000000e+02 -9.370000000000000000e+02
1.232400000000000000e+04 2.636000000000000000e+03 8.804000000000000000e+03 -4.640000000000000000e+03 6.230000000000000000e+02 -7.520000000000000000e+02
6.180000000000000000e+03 2.184000000000000000e+03 4.732000000000000000e+03 -4.624000000000000000e+03 5.350000000000000000e+02 -8.860000000000000000e+02
4.428000000000000000e+03 9.720000000000000000e+02 1.684000000000000000e+03 -4.656000000000000000e+03 6.600000000000000000e+02 1.864000000000000000e+03
1.712000000000000000e+03 -6.000000000000000000e+01 2.092000000000000000e+03 -4.656000000000000000e+03 6.510000000000000000e+02 -1.312000000000000000e+03
7.000000000000000000e+02 -2.120000000000000000e+02 1.764000000000000000e+03 -4.656000000000000000e+03 1.523000000000000000e+03 2.990000000000000000e+03
-4.840000000000000000e+02 -8.400000000000000000e+01 -3.840000000000000000e+02 -4.624000000000000000e+03 6.338000000000000000e+03 -1.701000000000000000e+03
-5.588000000000000000e+03 -7.040000000000000000e+02 3.820000000000000000e+03 -4.640000000000000000e+03 1.106000000000000000e+03 -1.120000000000000000e+03
5.440000000000000000e+02 -5.440000000000000000e+02 2.048000000000000000e+03 -4.624000000000000000e+03 7.320000000000000000e+02 -1.366000000000000000e+03
-8.640000000000000000e+02 2.163600000000000000e+04 -1.272000000000000000e+03 -4.656000000000000000e+03 3.560000000000000000e+02 -4.970000000000000000e+02
1.218000000000000000e+04 5.480000000000000000e+03 1.822000000000000000e+04 -4.640000000000000000e+03 2.000000000000000000e+00 -1.109000000000000000e+03
4.012000000000000000e+03 2.316000000000000000e+03 1.990800000000000000e+04 -4.656000000000000000e+03 -2.190000000000000000e+02 -8.640000000000000000e+02
8.996000000000000000e+03 3.468000000000000000e+03 1.664000000000000000e+04 -4.624000000000000000e+03 -2.180000000000000000e+02 -1.114000000000000000e+03
3.656000000000000000e+03 6.960000000000000000e+02 8.824000000000000000e+03 -4.624000000000000000e+03 8.000000000000000000e+01 -1.021000000000000000e+03
3.700000000000000000e+03 4.280000000000000000e+02 5.392000000000000000e+03 -4.640000000000000000e+03 -1.070000000000000000e+02 -1.352000000000000000e+03
2.308000000000000000e+03 2.520000000000000000e+02 3.548000000000000000e+03 -4.640000000000000000e+03 1.410000000000000000e+02 -1.279000000000000000e+03
2.384000000000000000e+03 6.640000000000000000e+02 3.784000000000000000e+03 -4.656000000000000000e+03 1.870000000000000000e+02 -1.308000000000000000e+03
2.912000000000000000e+03 7.000000000000000000e+02 3.436000000000000000e+03 -4.640000000000000000e+03 3.500000000000000000e+01 -9.920000000000000000e+02
1.956000000000000000e+03 2.048000000000000000e+03 5.740000000000000000e+03 -4.624000000000000000e+03 -2.400000000000000000e+01 -9.920000000000000000e+02
5.800000000000000000e+03 3.056000000000000000e+03 1.113600000000000000e+04 -4.624000000000000000e+03 -6.780000000000000000e+02 -2.299000000000000000e+03
7.940000000000000000e+03 3.744000000000000000e+03 1.477600000000000000e+04 -4.656000000000000000e+03 1.720000000000000000e+02 -8.590000000000000000e+02
8.412000000000000000e+03 3.984000000000000000e+03 1.732000000000000000e+04 -4.640000000000000000e+03 -5.100000000000000000e+01 1.600000000000000000e+02
1.258000000000000000e+04 3.636000000000000000e+03 1.083200000000000000e+04 -4.656000000000000000e+03 2.890000000000000000e+02 1.180000000000000000e+02
1.038400000000000000e+04 5.032000000000000000e+03 1.154400000000000000e+04 -4.640000000000000000e+03 -2.900000000000000000e+01 -1.120000000000000000e+02
1.182000000000000000e+04 5.052000000000000000e+03 1.384000000000000000e+04 -4.656000000000000000e+03 -2.480000000000000000e+02 -1.950000000000000000e+02
1.174800000000000000e+04 4.396000000000000000e+03 1.558400000000000000e+04 -4.624000000000000000e+03 -3.550000000000000000e+02 -4.360000000000000000e+02
1.628400000000000000e+04 5.636000000000000000e+03 1.776400000000000000e+04 -4.624000000000000000e+03 3.000000000000000000e+01 -1.207000000000000000e+03
1.344800000000000000e+04 6.024000000000000000e+03 1.943200000000000000e+04 -4.640000000000000000e+03 -2.330000000000000000e+02 -5.510000000000000000e+02
1.401200000000000000e+04 6.100000000000000000e+03 1.769200000000000000e+04 -4.656000000000000000e+03 -6.500000000000000000e+01 6.300000000000000000e+01
8.848000000000000000e+03 7.272000000000000000e+03 2.675200000000000000e+04 -4.640000000000000000e+03 -1.350000000000000000e+02 2.040000000000000000e+02
1.196000000000000000e+04 4.408000000000000000e+03 1.581200000000000000e+04 -4.624000000000000000e+03 -3.010000000000000000e+02 1.150000000000000000e+02
1.103600000000000000e+04 2.912000000000000000e+03 9.104000000000000000e+03 -4.672000000000000000e+03 -5.450000000000000000e+02 -8.390000000000000000e+02
7.748000000000000000e+03 2.236000000000000000e+03 1.018800000000000000e+04 -4.624000000000000000e+03 -5.380000000000000000e+02 -1.054000000000000000e+03
6.832000000000000000e+03 2.400000000000000000e+03 1.332400000000000000e+04 -4.640000000000000000e+03 -5.400000000000000000e+02 -3.360000000000000000e+02
7.764000000000000000e+03 3.416000000000000000e+03 1.388800000000000000e+04 -4.656000000000000000e+03 -6.190000000000000000e+02 -8.010000000000000000e+02
8.668000000000000000e+03 3.948000000000000000e+03 1.290400000000000000e+04 -4.640000000000000000e+03 -5.710000000000000000e+02 -5.370000000000000000e+02
1.018400000000000000e+04 4.140000000000000000e+03 1.131200000000000000e+04 -4.624000000000000000e+03 -7.340000000000000000e+02 -1.693000000000000000e+03
9.880000000000000000e+03 4.172000000000000000e+03 1.160800000000000000e+04 -4.640000000000000000e+03 -6.980000000000000000e+02 -1.952000000000000000e+03
9.544000000000000000e+03 3.688000000000000000e+03 1.205200000000000000e+04 -4.624000000000000000e+03 -6.080000000000000000e+02 -1.350000000000000000e+03
