1.742000000000000000e+04 5.040000000000000000e+02 -3.532000000000000000e+03 -4.640000000000000000e+03 -4.310000000000000000e+02 -8.870000000000000000e+02
1.670000000000000000e+04 6.440000000000000000e+02 -3.992000000000000000e+03 -4.624000000000000000e+03 -4.290000000000000000e+02 -6.610000000000000000e+02
1.693200000000000000e+04 7.160000000000000000e+02 -4.148000000000000000e+03 -4.672000000000000000e+03 -4.170000000000000000e+02 -4.760000000000000000e+02
1.638000000000000000e+04 7.000000000000000000e+02 -3.564000000000000000e+03 -4.624000000000000000e+03 -4.900000000000000000e+02 -3.110000000000000000e+02
1.667600000000000000e+04 6.760000000000000000e+02 -3.720000000000000000e+03 -4.608000000000000000e+03 -5.570000000000000000e+02 -4.360000000000000000e+02
1.632400000000000000e+04 6.280000000000000000e+02 -3.476000000000000000e+03 -4.624000000000000000e+03 -5.480000000000000000e+02 -1.720000000000000000e+02
1.596400000000000000e+04 2.960000000000000000e+02 -3.508000000000000000e+03 -4.608000000000000000e+03 -5.580000000000000000e+02 -2.200000000000000000e+02
1.598400000000000000e+04 1.960000000000000000e+02 -3.652000000000000000e+03 -4.624000000000000000e+03 -5.400000000000000000e+02 -3.310000000000000000e+02
1.612400000000000000e+04 1.200000000000000000e+02 -3.716000000000000000e+03 -4.608000000000000000e+03 -5.110000000000000000e+02 -4.190000000000000000e+02
1.656000000000000000e+04 2.200000000000000000e+02 -4.296000000000000000e+03 -4.656000000000000000e+03 -4.960000000000000000e+02 -4.600000000000000000e+02
1.667200000000000000e+04 2.840000000000000000e+02 -4.372000000000000000e+03 -4.640000000000000000e+03 -4.770000000000000000e+02 -2.570000000000000000e+02
1.678400000000000000e+04 4.560000000000000000e+02 -4.320000000000000000e+03 -4.624000000000000000e+03 -4.890000000000000000e+02 -9.100000000000000000e+01
1.677600000000000000e+04 4.640000000000000000e+02 -4.468000000000000000e+03 -4.640000000000000000e+03 -5.100000000000000000e+02 7.200000000000000000e+01
1.655600000000000000e+04 4.640000000000000000e+02 -4.604000000000000000e+03 -4.608000000000000000e+03 -4.870000000000000000e+02 3.330000000000000000e+02
1.634800000000000000e+04 5.600000000000000000e+02 -4.704000000000000000e+03 -4.608000000000000000e+03 -4.810000000000000000e+02 5.200000000000000000e+02
1.656000000000000000e+04 6.640000000000000000e+02 -4.720000000000000000e+03 -4.640000000000000000e+03 -4.960000000000000000e+02 7.560000000000000000e+02
1.648800000000000000e+04 7.400000000000000000e+02 -4.596000000000000000e+03 -4.640000000000000000e+03 -4.980000000000000000e+02 9.450000000000000000e+02
1.665600000000000000e+04 7.600000000000000000e+02 -4.564000000000000000e+03 -4.656000000000000000e+03 -4.920000000000000000e+02 1.065000000000000000e+03
1.688000000000000000e+04 7.440000000000000000e+02 -4.660000000000000000e+03 -4.656000000000000000e+03 -4.700000000000000000e+02 1.348000000000000000e+03
1.711600000000000000e+04 8.640000000000000000e+02 -4.788000000000000000e+03 -4.624000000000000000e+03 -4.570000000000000000e+02 1.427000000000000000e+03
1.739200000000000000e+04 8.800000000000000000e+02 -4.840000000000000000e+03 -4.640000000000000000e+03 -4.840000000000000000e+02 1.583000000000000000e+03
1.736000000000000000e+04 1.072000000000000000e+03 -4.616000000000000000e+03 -4.640000000000000000e+03 -4.160000000000000000e+02 1.789000000000000000e+03
1.732000000000000000e+04 1.180000000000000000e+03 -4.740000000000000000e+03 -4.640000000000000000e+03 -4.260000000000000000e+02 1.987000000000000000e+03
1.707200000000000000e+04 1.144000000000000000e+03 -4.240000000000000000e+03 -4.640000000000000000e+03 -3.870000000000000000e+02 2.009000000000000000e+03
1.670000000000000000e+04 1.172000000000000000e+03 -3.916000000000000000e+03 -4.608000000000000000e+03 -3.770000000000000000e+02 1.833000000000000000e+03
1.691600000000000000e+04 1.224000000000000000e+03 -3.912000000000000000e+03 -4.656000000000000000e+03 -3.620000000000000000e+02 1.799000000000000000e+03
1.695600000000000000e+04 1.176000000000000000e+03 -3.628000000000000000e+03 -4.624000000000000000e+03 -3.460000000000000000e+02 1.512000000000000000e+03
1.764400000000000000e+04 1.364000000000000000e+03 -3.408000000000000000e+03 -4.624000000000000000e+03 -3.000000000000000000e+02 1.194000000000000000e+03
1.742000000000000000e+04 1.420000000000000000e+03 -2.852000000000000000e+03 -4.624000000000000000e+03 -3.310000000000000000e+02 9.990000000000000000e+02
1.628000000000000000e+04 1.332000000000000000e+03 -2.600000000000000000e+03 -4.624000000000000000e+03 -3.140000000000000000e+02 9.360000000000000000e+02
1.507600000000000000e+04 1.380000000000000000e+03 -2.356000000000000000e+03 -4.640000000000000000e+03 -2.970000000000000000e+02 1.155000000000000000e+03
1.167600000000000000e+04 1.156000000000000000e+03 -2.048000000000000000e+03 -4.656000000000000000e+03 -2.910000000000000000e+02 -2.400000000000000000e+01
8.888000000000000000e+03 1.008000000000000000e+03 -2.244000000000000000e+03 -4.608000000000000000e+03 -3.350000000000000000e+02 -2.560000000000000000e+02
8.216000000000000000e+03 8.280000000000000000e+02 -2.304000000000000000e+03 -4.608000000000000000e+03 -4.930000000000000000e+02 -5.650000000000000000e+02
1.154800000000000000e+04 9.880000000000000000e+02 -1.668000000000000000e+03 -4.576000000000000000e+03 -1.850000000000000000e+02 -1.376000000000000000e+03
1.919600000000000000e+04 1.576000000000000000e+03 -6.840000000000000000e+02 -4.608000000000000000e+03 -1.120000000000000000e+02 -2.030000000000000000e+03
2.522400000000000000e+04 1.580000000000000000e+03 -2.680000000000000000e+03 -4.624000000000000000e+03 -4.170000000000000000e+02 -1.039000000000000000e+03
2.966400000000000000e+04 1.624000000000000000e+03 -3.372000000000000000e+03 -4.608000000000000000e+03 1.660000000000000000e+02 -2.122000000000000000e+03
3.276700000000000000e+04 2.360000000000000000e+03 -2.436000000000000000e+03 -4.640000000000000000e+03 2.270000000000000000e+02 -2.254000000000000000e+03
3.276700000000000000e+04 2.092000000000000000e+03 -4.744000000000000000e+03 -4.608000000000000000e+03 2.810000000000000000e+02 -3.800000000000000000e+02
3.276700000000000000e+04 1.292000000000000000e+03 -8.184000000000000000e+03 -4.656000000000000000e+03 4.730000000000000000e+02 -1.595000000000000000e+03
3.124400000000000000e+04 1.452000000000000000e+03 -7.612000000000000000e+03 -4.592000000000000000e+03 3.750000000000000000e+02 -2.098000000000000000e+03
2.138000000000000000e+04 8.240000000000000000e+02 -8.780000000000000000e+03 -4.656000000000000000e+03 5.260000000000000000e+02 -1.543000000000000000e+03
1.360400000000000000e+04 -1.600000000000000000e+01 -7.836000000000000000e+03 -4.608000000000000000e+03 3.610000000000000000e+02 -2.089000000000000000e+03
1.040400000000000000e+04 -1.800000000000000000e+02 -6.672000000000000000e+03 -4.656000000000000000e+03 3.450000000000000000e+02 -2.490000000000000000e+03
6.092000000000000000e+03 -5.040000000000000000e+02 -4.316000000000000000e+03 -4.608000000000000000e+03 3.620000000000000000e+02 -1.765000000000000000e+03
4.832000000000000000e+03 -6.320000000000000000e+02 -2.676000000000000000e+03 -4.624000000000000000e+03 3.130000000000000000e+02 -1.740000000000000000e+03
2.768000000000000000e+03 -2.360000000000000000e+02 -2.244000000000000000e+03 -4.624000000000000000e+03 6.850000000000000000e+02 9.330000000000000000e+02
9.000000000000000000e+02 8.400000000000000000e+01 -1.236000000000000000e+03 -4.640000000000000000e+03 -1.790000000000000000e+02 -2.150000000000000000e+03
1.956000000000000000e+03 1.080000000000000000e+02 -1.816000000000000000e+03 -4.624000000000000000e+03 -9.300000000000000000e+01 -2.347000000000000000e+03
8.196000000000000000e+03 1.564000000000000000e+03 -4.312000000000000000e+03 -4.624000000000000000e+03 3.800000000000000000e+01 -2.457000000000000000e+03
8.264000000000000000e+03 2.668000000000000000e+03 1.920000000000000000e+02 -4.624000000000000000e+03 -3.140000000000000000e+02 -1.809000000000000000e+03
1.521200000000000000e+04 1.872000000000000000e+03 -2.412000000000000000e+03 -4.624000000000000000e+03 -1.510000000000000000e+02 -4.160000000000000000e+02
1.896000000000000000e+04 2.848000000000000000e+03 -4.528000000000000000e+03 -4.624000000000000000e+03 2.630000000000000000e+02 -8.210000000000000000e+02
1.739200000000000000e+04 8.760000000000000000e+02 -3.292000000000000000e+03 -4.672000000000000000e+03 -1.410000000000000000e+02 -5.930000000000000000e+02
1.991600000000000000e+04 1.076000000000000000e+03 -4.380000000000000000e+03 -4.640000000000000000e+03 -2.180000000000000000e+02 -9.600000000000000000e+02
1.984400000000000000e+04 7.000000000000000000e+02 -5.976000000000000000e+03 -4.640000000000000000e+03 8.000000000000000000e+00 -8.620000000000000000e+02
1.684000000000000000e+04 1.900000000000000000e+03 -4.112000000000000000e+03 -4.624000000000000000e+03 -1.970000000000000000e+02 -7.860000000000000000e+02
1.360000000000000000e+04 1.684000000000000000e+03 -2.548000000000000000e+03 -4.608000000000000000e+03 -4.900000000000000000e+01 -7.960000000000000000e+02
6.752000000000000000e+03 1.468000000000000000e+03 -8.120000000000000000e+02 -4.608000000000000000e+03 -3.930000000000000000e+02 -2.240000000000000000e+02
5.200000000000000000e+03 1.412000000000000000e+03 -2.720000000000000000e+03 -4.624000000000000000e+03 -1.540000000000000000e+02 -4.750000000000000000e+02
4.124000000000000000e+03 4.760000000000000000e+02 -3.064000000000000000e+03 -4.608000000000000000e+03 -2.000000000000000000e+01 6.170000000000000000e+02
7.108000000000000000e+03 1.100000000000000000e+03 -3.940000000000000000e+03 -4.608000000000000000e+03 -3.870000000000000000e+02 5.000000000000000000e+00
1.176400000000000000e+04 9.120000000000000000e+02 -6.376000000000000000e+03 -4.624000000000000000e+03 -1.760000000000000000e+02 1.456000000000000000e+03
1.580400000000000000e+04 1.520000000000000000e+02 -7.984000000000000000e+03 -4.624000000000000000e+03 -1.700000000000000000e+01 7.800000000000000000e+02
1.800000000000000000e+04 1.576000000000000000e+03 -7.116000000000000000e+03 -4.640000000000000000e+03 -3.680000000000000000e+02 1.423000000000000000e+03
1.589600000000000000e+04 1.108000000000000000e+03 -7.268000000000000000e+03 -4.608000000000000000e+03 -3.530000000000000000e+02 1.930000000000000000e+03
1.476800000000000000e+04 -1.960000000000000000e+02 -9.588000000000000000e+03 -4.640000000000000000e+03 3.000000000000000000e+00 2.066000000000000000e+03
2.089200000000000000e+04 1.144000000000000000e+03 -1.033600000000000000e+04 -4.624000000000000000e+03 -2.300000000000000000e+02 2.212000000000000000e+03
2.248400000000000000e+04 1.688000000000000000e+03 -8.436000000000000000e+03 -4.624000000000000000e+03 -1.680000000000000000e+02 2.848000000000000000e+03
2.555200000000000000e+04 1.428000000000000000e+03 -1.033200000000000000e+04 -4.624000000000000000e+03 -1.400000000000000000e+02 3.268000000000000000e+03
2.593200000000000000e+04 1.600000000000000000e+03 -9.100000000000000000e+03 -4.640000000000000000e+03 -7.720000000000000000e+02 2.892000000000000000e+03
2.380000000000000000e+04 1.544000000000000000e+03 -6.908000000000000000e+03 -4.624000000000000000e+03 -4.020000000000000000e+02 2.807000000000000000e+03
2.139600000000000000e+04 2.600000000000000000e+02 -8.224000000000000000e+03 -4.624000000000000000e+03 -1.140000000000000000e+02 2.679000000000000000e+03
2.066400000000000000e+04 1.320000000000000000e+03 -4.808000000000000000e+03 -4.624000000000000000e+03 1.000000000000000000e+00 2.903000000000000000e+03
1.642400000000000000e+04 1.640000000000000000e+03 -4.984000000000000000e+03 -4.624000000000000000e+03 -2.580000000000000000e+02 2.884000000000000000e+03
1.620000000000000000e+04 1.576000000000000000e+03 -5.344000000000000000e+03 -4.608000000000000000e+03 -3.840000000000000000e+02 3.018000000000000000e+03
1.624800000000000000e+04 1.032000000000000000e+03 -4.580000000000000000e+03 -4.656000000000000000e+03 -3.920000000000000000e+02 2.506000000000000000e+03
1.724000000000000000e+04 7.680000000000000000e+02 -4.416000000000000000e+03 -4.656000000000000000e+03 -2.670000000000000000e+02 2.107000000000000000e+03
1.660000000000000000e+04 5.640000000000000000e+02 -4.252000000000000000e+03 -4.608000000000000000e+03 -2.780000000000000000e+02 1.703000000000000000e+03
