1.631200000000000000e+04 1.056000000000000000e+03 -4.648000000000000000e+03 -4.640000000000000000e+03 -4.300000000000000000e+02 -1.783000000000000000e+03
1.632000000000000000e+04 9.320000000000000000e+02 -4.980000000000000000e+03 -4.640000000000000000e+03 -4.600000000000000000e+02 -1.515000000000000000e+03
1.601600000000000000e+04 6.840000000000000000e+02 -5.304000000000000000e+03 -4.656000000000000000e+03 -4.350000000000000000e+02 -1.723000000000000000e+03
1.767600000000000000e+04 1.028000000000000000e+03 -5.916000000000000000e+03 -4.608000000000000000e+03 -3.230000000000000000e+02 -1.781000000000000000e+03
1.732400000000000000e+04 1.052000000000000000e+03 -6.628000000000000000e+03 -4.624000000000000000e+03 -1.700000000000000000e+02 -1.695000000000000000e+03
1.661600000000000000e+04 9.160000000000000000e+02 -6.776000000000000000e+03 -4.624000000000000000e+03 -1.630000000000000000e+02 -1.780000000000000000e+03
1.653600000000000000e+04 9.080000000000000000e+02 -6.324000000000000000e+03 -4.624000000000000000e+03 -1.240000000000000000e+02 -1.633000000000000000e+03
1.680000000000000000e+04 7.800000000000000000e+02 -6.420000000000000000e+03 -4.656000000000000000e+03 -1.700000000000000000e+02 -1.507000000000000000e+03
1.638400000000000000e+04 6.160000000000000000e+02 -6.836000000000000000e+03 -4.640000000000000000e+03 -1.870000000000000000e+02 -1.129000000000000000e+03
1.613200000000000000e+04 3.800000000000000000e+02 -7.424000000000000000e+03 -4.640000000000000000e+03 -2.980000000000000000e+02 -1.400000000000000000e+03
1.553600000000000000e+04 4.720000000000000000e+02 -7.112000000000000000e+03 -4.640000000000000000e+03 -2.580000000000000000e+02 -8.660000000000000000e+02
1.564000000000000000e+04 4.120000000000000000e+02 -7.344000000000000000e+03 -4.640000000000000000e+03 -3.460000000000000000e+02 -4.440000000000000000e+02
1.531200000000000000e+04 3.160000000000000000e+02 -7.400000000000000000e+03 -4.624000000000000000e+03 -3.390000000000000000e+02 -2.050000000000000000e+02
1.589600000000000000e+04 3.320000000000000000e+02 -7.824000000000000000e+03 -4.640000000000000000e+03 -3.630000000000000000e+02 1.940000000000000000e+02
1.598800000000000000e+04 4.800000000000000000e+02 -7.748000000000000000e+03 -4.656000000000000000e+03 -4.120000000000000000e+02 4.380000000000000000e+02
1.562400000000000000e+04 3.840000000000000000e+02 -7.676000000000000000e+03 -4.624000000000000000e+03 -4.360000000000000000e+02 7.010000000000000000e+02
1.558800000000000000e+04 5.720000000000000000e+02 -7.688000000000000000e+03 -4.640000000000000000e+03 -4.290000000000000000e+02 8.060000000000000000e+02
1.582000000000000000e+04 7.560000000000000000e+02 -7.212000000000000000e+03 -4.640000000000000000e+03 -4.820000000000000000e+02 9.740000000000000000e+02
1.625200000000000000e+04 7.200000000000000000e+02 -7.112000000000000000e+03 -4.608000000000000000e+03 -5.430000000000000000e+02 1.315000000000000000e+03
1.633600000000000000e+04 5.560000000000000000e+02 -7.344000000000000000e+03 -4.624000000000000000e+03 -5.360000000000000000e+02 2.104000000000000000e+03
1.632400000000000000e+04 6.560000000000000000e+02 -7.460000000000000000e+03 -4.608000000000000000e+03 -6.640000000000000000e+02 1.887000000000000000e+03
1.508800000000000000e+04 7.040000000000000000e+02 -6.880000000000000000e+03 -4.624000000000000000e+03 -5.870000000000000000e+02 1.861000000000000000e+03
1.550000000000000000e+04 7.400000000000000000e+02 -6.884000000000000000e+03 -4.624000000000000000e+03 -6.190000000000000000e+02 1.666000000000000000e+03
1.542800000000000000e+04 6.520000000000000000e+02 -6.748000000000000000e+03 -4.640000000000000000e+03 -5.870000000000000000e+02 1.775000000000000000e+03
1.676400000000000000e+04 8.360000000000000000e+02 -7.212000000000000000e+03 -4.624000000000000000e+03 -5.960000000000000000e+02 1.512000000000000000e+03
1.625600000000000000e+04 8.080000000000000000e+02 -6.912000000000000000e+03 -4.624000000000000000e+03 -4.790000000000000000e+02 1.241000000000000000e+03
1.614400000000000000e+04 5.960000000000000000e+02 -7.108000000000000000e+03 -4.640000000000000000e+03 -4.840000000000000000e+02 9.490000000000000000e+02
1.655600000000000000e+04 7.000000000000000000e+02 -6.872000000000000000e+03 -4.624000000000000000e+03 -4.370000000000000000e+02 9.740000000000000000e+02
1.610000000000000000e+04 7.520000000000000000e+02 -6.152000000000000000e+03 -4.624000000000000000e+03 -3.720000000000000000e+02 6.230000000000000000e+02
1.516000000000000000e+04 6.640000000000000000e+02 -5.592000000000000000e+03 -4.640000000000000000e+03 -3.440000000000000000e+02 4.740000000000000000e+02
1.366000000000000000e+04 7.040000000000000000e+02 -5.024000000000000000e+03 -4.624000000000000000e+03 -3.690000000000000000e+02 -8.900000000000000000e+01
1.324400000000000000e+04 6.240000000000000000e+02 -5.412000000000000000e+03 -4.624000000000000000e+03 -2.090000000000000000e+02 2.080000000000000000e+02
1.211200000000000000e+04 6.840000000000000000e+02 -5.660000000000000000e+03 -4.592000000000000000e+03 -2.250000000000000000e+02 1.410000000000000000e+02
1.014000000000000000e+04 5.560000000000000000e+02 -5.320000000000000000e+03 -4.640000000000000000e+03 -2.610000000000000000e+02 1.220000000000000000e+02
1.106800000000000000e+04 4.560000000000000000e+02 -5.764000000000000000e+03 -4.640000000000000000e+03 -7.200000000000000000e+01 -6.560000000000000000e+02
1.736000000000000000e+04 6.360000000000000000e+02 -5.336000000000000000e+03 -4.624000000000000000e+03 -2.720000000000000000e+02 -1.160000000000000000e+03
2.580000000000000000e+04 1.196000000000000000e+03 -5.428000000000000000e+03 -4.624000000000000000e+03 -3.150000000000000000e+02 -8.710000000000000000e+02
3.032000000000000000e+04 9.880000000000000000e+02 -7.448000000000000000e+03 -4.624000000000000000e+03 -3.670000000000000000e+02 -1.067000000000000000e+03
3.276700000000000000e+04 9.840000000000000000e+02 -1.346800000000000000e+04 -4.624000000000000000e+03 3.000000000000000000e+00 -5.030000000000000000e+02
3.276700000000000000e+04 1.480000000000000000e+03 -1.498800000000000000e+04 -4.608000000000000000e+03 1.660000000000000000e+02 5.100000000000000000e+01
3.276700000000000000e+04 1.296000000000000000e+03 -1.663600000000000000e+04 -4.656000000000000000e+03 3.550000000000000000e+02 1.390000000000000000e+02
2.684000000000000000e+04 4.440000000000000000e+02 -1.427600000000000000e+04 -4.640000000000000000e+03 1.000000000000000000e+02 2.370000000000000000e+02
1.764800000000000000e+04 7.760000000000000000e+02 -1.098800000000000000e+04 -4.656000000000000000e+03 1.370000000000000000e+02 9.150000000000000000e+02
1.093600000000000000e+04 4.960000000000000000e+02 -8.388000000000000000e+03 -4.624000000000000000e+03 3.080000000000000000e+02 5.200000000000000000e+02
7.928000000000000000e+03 -1.440000000000000000e+02 -7.636000000000000000e+03 -4.656000000000000000e+03 1.450000000000000000e+02 3.010000000000000000e+02
4.556000000000000000e+03 -2.120000000000000000e+02 -5.408000000000000000e+03 -4.608000000000000000e+03 1.390000000000000000e+02 1.900000000000000000e+02
3.864000000000000000e+03 2.280000000000000000e+02 -3.644000000000000000e+03 -4.624000000000000000e+03 1.260000000000000000e+02 2.780000000000000000e+02
4.252000000000000000e+03 -3.200000000000000000e+01 -2.752000000000000000e+03 -4.608000000000000000e+03 3.110000000000000000e+02 -2.040000000000000000e+02
4.680000000000000000e+03 -2.000000000000000000e+02 -3.604000000000000000e+03 -4.656000000000000000e+03 1.390000000000000000e+02 -7.050000000000000000e+02
3.976000000000000000e+03 -1.680000000000000000e+02 -2.800000000000000000e+03 -4.656000000000000000e+03 -8.380000000000000000e+02 1.360000000000000000e+03
8.852000000000000000e+03 2.800000000000000000e+03 -3.232000000000000000e+03 -4.640000000000000000e+03 1.720000000000000000e+02 1.530000000000000000e+02
8.724000000000000000e+03 1.296000000000000000e+03 -2.960000000000000000e+02 -4.608000000000000000e+03 -7.000000000000000000e+01 -8.500000000000000000e+01
1.190800000000000000e+04 2.092000000000000000e+03 -7.440000000000000000e+02 -4.624000000000000000e+03 -3.200000000000000000e+01 2.420000000000000000e+02
1.443200000000000000e+04 1.276000000000000000e+03 -1.852000000000000000e+03 -4.640000000000000000e+03 -3.410000000000000000e+02 3.690000000000000000e+02
2.000800000000000000e+04 1.612000000000000000e+03 -3.228000000000000000e+03 -4.656000000000000000e+03 2.840000000000000000e+02 1.003000000000000000e+03
2.292400000000000000e+04 1.300000000000000000e+03 -6.276000000000000000e+03 -4.640000000000000000e+03 -4.700000000000000000e+01 9.620000000000000000e+02
1.729200000000000000e+04 7.880000000000000000e+02 -4.620000000000000000e+03 -4.640000000000000000e+03 1.370000000000000000e+02 1.161000000000000000e+03
9.756000000000000000e+03 7.800000000000000000e+02 -2.704000000000000000e+03 -4.624000000000000000e+03 7.700000000000000000e+01 3.310000000000000000e+02
5.624000000000000000e+03 6.720000000000000000e+02 -2.884000000000000000e+03 -4.672000000000000000e+03 5.100000000000000000e+01 1.493000000000000000e+03
4.612000000000000000e+03 6.680000000000000000e+02 -3.496000000000000000e+03 -4.640000000000000000e+03 -8.100000000000000000e+01 2.343000000000000000e+03
8.528000000000000000e+03 1.476000000000000000e+03 -4.392000000000000000e+03 -4.656000000000000000e+03 2.400000000000000000e+01 2.130000000000000000e+03
9.188000000000000000e+03 1.300000000000000000e+03 -3.680000000000000000e+03 -4.624000000000000000e+03 1.010000000000000000e+02 2.126000000000000000e+03
1.091600000000000000e+04 -8.000000000000000000e+01 -6.252000000000000000e+03 -4.624000000000000000e+03 -2.010000000000000000e+02 2.939000000000000000e+03
1.730400000000000000e+04 8.000000000000000000e+02 -8.368000000000000000e+03 -4.608000000000000000e+03 -5.010000000000000000e+02 3.057000000000000000e+03
2.045200000000000000e+04 2.336000000000000000e+03 -6.356000000000000000e+03 -4.624000000000000000e+03 -1.680000000000000000e+02 2.962000000000000000e+03
1.982800000000000000e+04 1.988000000000000000e+03 -6.052000000000000000e+03 -4.624000000000000000e+03 -1.210000000000000000e+02 3.115000000000000000e+03
2.111600000000000000e+04 1.592000000000000000e+03 -6.260000000000000000e+03 -4.624000000000000000e+03 -1.340000000000000000e+02 2.840000000000000000e+03
1.794000000000000000e+04 4.520000000000000000e+02 -4.428000000000000000e+03 -4.640000000000000000e+03 -3.620000000000000000e+02 2.711000000000000000e+03
2.009200000000000000e+04 1.196000000000000000e+03 -4.668000000000000000e+03 -4.640000000000000000e+03 -6.870000000000000000e+02 1.967000000000000000e+03
2.040000000000000000e+04 1.880000000000000000e+03 -3.600000000000000000e+03 -4.656000000000000000e+03 -3.160000000000000000e+02 1.898000000000000000e+03
2.238800000000000000e+04 1.160000000000000000e+03 -6.588000000000000000e+03 -4.656000000000000000e+03 -5.330000000000000000e+02 2.086000000000000000e+03
2.051200000000000000e+04 9.560000000000000000e+02 -5.836000000000000000e+03 -4.640000000000000000e+03 -4.530000000000000000e+02 8.430000000000000000e+02
2.138800000000000000e+04 1.028000000000000000e+03 -5.104000000000000000e+03 -4.592000000000000000e+03 1.990000000000000000e+02 4.130000000000000000e+02
2.490400000000000000e+04 1.132000000000000000e+03 -3.544000000000000000e+03 -4.624000000000000000e+03 -1.056000000000000000e+03 1.006000000000000000e+03
1.994000000000000000e+04 1.140000000000000000e+03 -3.136000000000000000e+03 -4.640000000000000000e+03 -1.158000000000000000e+03 -2.200000000000000000e+02
1.546400000000000000e+04 1.104000000000000000e+03 -3.572000000000000000e+03 -4.624000000000000000e+03 -8.470000000000000000e+02 -1.460000000000000000e+02
1.340400000000000000e+04 1.132000000000000000e+03 -2.512000000000000000e+03 -4.624000000000000000e+03 -4.510000000000000000e+02 -2.480000000000000000e+02
1.448800000000000000e+04 4.680000000000000000e+02 -3.064000000000000000e+03 -4.640000000000000000e+03 -4.930000000000000000e+02 -1.920000000000000000e+02
1.759200000000000000e+04 4.920000000000000000e+02 -3.864000000000000000e+03 -4.624000000000000000e+03 -7.720000000000000000e+02 1.120000000000000000e+02
1.776000000000000000e+04 4.440000000000000000e+02 -4.032000000000000000e+03 -4.640000000000000000e+03 -8.860000000000000000e+02 -8.100000000000000000e+01
1.757200000000000000e+04 6.560000000000000000e+02 -4.232000000000000000e+03 -4.608000000000000000e+03 -7.280000000000000000e+02 -4.250000000000000000e+02
1.710400000000000000e+04 7.280000000000000000e+02 -3.972000000000000000e+03 -4.608000000000000000e+03 -6.280000000000000000e+02 -6.750000000000000000e+02
