1.421600000000000000e+04 6.000000000000000000e+01 -9.692000000000000000e+03 -4.784000000000000000e+03 -2.500000000000000000e+02 -2.880000000000000000e+02
1.508000000000000000e+04 2.240000000000000000e+02 -9.844000000000000000e+03 -4.752000000000000000e+03 -2.450000000000000000e+02 -3.560000000000000000e+02
1.492000000000000000e+04 1.680000000000000000e+02 -9.680000000000000000e+03 -4.736000000000000000e+03 -2.140000000000000000e+02 -7.990000000000000000e+02
1.437200000000000000e+04 5.600000000000000000e+01 -9.676000000000000000e+03 -4.800000000000000000e+03 -1.990000000000000000e+02 -5.960000000000000000e+02
1.415600000000000000e+04 4.800000000000000000e+01 -9.500000000000000000e+03 -4.768000000000000000e+03 -1.700000000000000000e+02 -1.300000000000000000e+02
1.489200000000000000e+04 -1.200000000000000000e+02 -9.688000000000000000e+03 -4.752000000000000000e+03 -8.400000000000000000e+01 -6.840000000000000000e+02
1.542400000000000000e+04 -3.360000000000000000e+02 -1.007600000000000000e+04 -4.752000000000000000e+03 -1.020000000000000000e+02 -1.192000000000000000e+03
1.561200000000000000e+04 -1.200000000000000000e+01 -9.940000000000000000e+03 -4.768000000000000000e+03 -1.530000000000000000e+02 -1.616000000000000000e+03
1.518400000000000000e+04 -4.800000000000000000e+01 -1.001600000000000000e+04 -4.784000000000000000e+03 -1.020000000000000000e+02 -1.064000000000000000e+03
1.424000000000000000e+04 3.200000000000000000e+01 -9.924000000000000000e+03 -4.768000000000000000e+03 -2.800000000000000000e+01 -1.237000000000000000e+03
1.440000000000000000e+04 6.800000000000000000e+01 -1.004000000000000000e+04 -4.752000000000000000e+03 5.000000000000000000e+01 -1.024000000000000000e+03
1.496800000000000000e+04 2.000000000000000000e+02 -1.011200000000000000e+04 -4.752000000000000000e+03 2.000000000000000000e+01 -1.610000000000000000e+03
1.514000000000000000e+04 2.640000000000000000e+02 -1.023600000000000000e+04 -4.752000000000000000e+03 8.000000000000000000e+00 -1.380000000000000000e+03
1.490400000000000000e+04 2.240000000000000000e+02 -1.039200000000000000e+04 -4.752000000000000000e+03 4.600000000000000000e+01 -1.104000000000000000e+03
1.447600000000000000e+04 2.480000000000000000e+02 -1.042800000000000000e+04 -4.784000000000000000e+03 9.500000000000000000e+01 -7.900000000000000000e+02
1.457600000000000000e+04 2.000000000000000000e+02 -1.076800000000000000e+04 -4.720000000000000000e+03 7.500000000000000000e+01 -6.560000000000000000e+02
1.448800000000000000e+04 2.640000000000000000e+02 -1.073200000000000000e+04 -4.752000000000000000e+03 3.700000000000000000e+01 -1.833000000000000000e+03
1.454800000000000000e+04 7.600000000000000000e+01 -1.114800000000000000e+04 -4.752000000000000000e+03 1.300000000000000000e+01 -1.256000000000000000e+03
1.426000000000000000e+04 1.800000000000000000e+02 -1.072400000000000000e+04 -4.784000000000000000e+03 -2.000000000000000000e+01 -1.118000000000000000e+03
1.390800000000000000e+04 1.280000000000000000e+02 -1.078000000000000000e+04 -4.768000000000000000e+03 1.050000000000000000e+02 -7.630000000000000000e+02
1.386000000000000000e+04 3.600000000000000000e+01 -1.100000000000000000e+04 -4.704000000000000000e+03 2.000000000000000000e+01 -7.850000000000000000e+02
1.430800000000000000e+04 -4.000000000000000000e+00 -1.146000000000000000e+04 -4.784000000000000000e+03 3.400000000000000000e+01 -1.109000000000000000e+03
1.447600000000000000e+04 4.000000000000000000e+00 -1.140800000000000000e+04 -4.736000000000000000e+03 3.000000000000000000e+00 -1.067000000000000000e+03
1.450000000000000000e+04 1.600000000000000000e+01 -1.131600000000000000e+04 -4.736000000000000000e+03 -2.500000000000000000e+01 -6.170000000000000000e+02
1.267600000000000000e+04 -4.000000000000000000e+00 -1.048400000000000000e+04 -4.784000000000000000e+03 1.400000000000000000e+01 -6.400000000000000000e+01
1.204400000000000000e+04 -1.480000000000000000e+02 -1.045600000000000000e+04 -4.752000000000000000e+03 -1.700000000000000000e+01 2.210000000000000000e+02
1.300000000000000000e+04 -2.840000000000000000e+02 -1.126400000000000000e+04 -4.752000000000000000e+03 -1.400000000000000000e+01 4.330000000000000000e+02
1.381600000000000000e+04 -1.800000000000000000e+02 -1.145600000000000000e+04 -4.752000000000000000e+03 -9.300000000000000000e+01 9.080000000000000000e+02
1.376400000000000000e+04 -1.320000000000000000e+02 -1.133200000000000000e+04 -4.736000000000000000e+03 2.300000000000000000e+01 8.230000000000000000e+02
1.288800000000000000e+04 -1.000000000000000000e+02 -1.084400000000000000e+04 -4.752000000000000000e+03 -8.300000000000000000e+01 3.400000000000000000e+01
1.502400000000000000e+04 -2.640000000000000000e+02 -1.233200000000000000e+04 -4.768000000000000000e+03 -3.220000000000000000e+02 8.260000000000000000e+02
1.541200000000000000e+04 -4.560000000000000000e+02 -1.292400000000000000e+04 -4.752000000000000000e+03 -3.790000000000000000e+02 1.001000000000000000e+03
1.344000000000000000e+04 -4.920000000000000000e+02 -1.178000000000000000e+04 -4.784000000000000000e+03 -2.710000000000000000e+02 1.159000000000000000e+03
1.111200000000000000e+04 -4.880000000000000000e+02 -9.816000000000000000e+03 -4.752000000000000000e+03 -3.630000000000000000e+02 -1.346000000000000000e+03
1.107200000000000000e+04 -1.920000000000000000e+02 -9.040000000000000000e+03 -4.736000000000000000e+03 -4.360000000000000000e+02 -5.560000000000000000e+02
1.082000000000000000e+04 -1.760000000000000000e+02 -8.796000000000000000e+03 -4.752000000000000000e+03 -6.450000000000000000e+02 -5.540000000000000000e+02
9.736000000000000000e+03 -4.560000000000000000e+02 -8.652000000000000000e+03 -4.736000000000000000e+03 -6.760000000000000000e+02 -1.272000000000000000e+03
6.348000000000000000e+03 -9.400000000000000000e+02 -7.476000000000000000e+03 -4.736000000000000000e+03 -4.040000000000000000e+02 -1.752000000000000000e+03
7.908000000000000000e+03 -8.600000000000000000e+02 -7.908000000000000000e+03 -4.784000000000000000e+03 -5.180000000000000000e+02 -3.051000000000000000e+03
1.166800000000000000e+04 -1.400000000000000000e+02 -7.356000000000000000e+03 -4.736000000000000000e+03 -7.000000000000000000e+02 6.500000000000000000e+02
1.861200000000000000e+04 -2.240000000000000000e+02 -1.357600000000000000e+04 -4.752000000000000000e+03 -4.360000000000000000e+02 -3.171000000000000000e+03
2.147200000000000000e+04 -3.760000000000000000e+02 -1.708000000000000000e+04 -4.768000000000000000e+03 -3.360000000000000000e+02 -1.863000000000000000e+03
2.208400000000000000e+04 6.000000000000000000e+01 -1.714800000000000000e+04 -4.784000000000000000e+03 -3.320000000000000000e+02 -1.984000000000000000e+03
2.778400000000000000e+04 5.400000000000000000e+02 -2.074000000000000000e+04 -4.736000000000000000e+03 -1.600000000000000000e+02 -5.860000000000000000e+02
3.085600000000000000e+04 6.360000000000000000e+02 -2.359600000000000000e+04 -4.736000000000000000e+03 -2.240000000000000000e+02 -9.030000000000000000e+02
2.302800000000000000e+04 2.680000000000000000e+02 -2.293200000000000000e+04 -4.752000000000000000e+03 2.300000000000000000e+01 -1.893000000000000000e+03
1.740400000000000000e+04 8.800000000000000000e+01 -2.195600000000000000e+04 -4.720000000000000000e+03 -9.900000000000000000e+01 -1.179000000000000000e+03
2.031200000000000000e+04 -4.600000000000000000e+02 -2.129600000000000000e+04 -4.768000000000000000e+03 -2.020000000000000000e+02 -1.092000000000000000e+03
1.385600000000000000e+04 1.960000000000000000e+02 -1.393200000000000000e+04 -4.752000000000000000e+03 -8.600000000000000000e+01 -6.740000000000000000e+02
9.364000000000000000e+03 3.680000000000000000e+02 -9.636000000000000000e+03 -4.720000000000000000e+03 6.800000000000000000e+01 -1.367000000000000000e+03
8.404000000000000000e+03 -5.280000000000000000e+02 -9.824000000000000000e+03 -4.800000000000000000e+03 2.270000000000000000e+02 -9.800000000000000000e+02
5.040000000000000000e+03 -1.144000000000000000e+03 -7.272000000000000000e+03 -4.784000000000000000e+03 2.090000000000000000e+02 -1.563000000000000000e+03
7.244000000000000000e+03 -7.240000000000000000e+02 -7.788000000000000000e+03 -4.768000000000000000e+03 2.320000000000000000e+02 -1.506000000000000000e+03
8.040000000000000000e+03 -1.120000000000000000e+02 -7.016000000000000000e+03 -4.736000000000000000e+03 2.260000000000000000e+02 -8.380000000000000000e+02
7.064000000000000000e+03 1.600000000000000000e+01 -6.088000000000000000e+03 -4.768000000000000000e+03 -2.700000000000000000e+01 -1.007000000000000000e+03
7.420000000000000000e+03 -1.880000000000000000e+02 -7.820000000000000000e+03 -4.752000000000000000e+03 -1.800000000000000000e+01 -2.270000000000000000e+02
8.492000000000000000e+03 -2.320000000000000000e+02 -8.516000000000000000e+03 -4.800000000000000000e+03 -2.200000000000000000e+02 1.950000000000000000e+02
5.488000000000000000e+03 1.332000000000000000e+03 -4.492000000000000000e+03 -4.752000000000000000e+03 -4.240000000000000000e+02 5.560000000000000000e+02
7.804000000000000000e+03 1.880000000000000000e+02 -5.000000000000000000e+03 -4.752000000000000000e+03 -6.320000000000000000e+02 7.170000000000000000e+02
8.560000000000000000e+03 -6.720000000000000000e+02 -8.472000000000000000e+03 -4.752000000000000000e+03 -7.520000000000000000e+02 7.600000000000000000e+02
7.616000000000000000e+03 -3.600000000000000000e+02 -7.816000000000000000e+03 -4.768000000000000000e+03 -8.360000000000000000e+02 1.507000000000000000e+03
1.022000000000000000e+04 -5.640000000000000000e+02 -1.143200000000000000e+04 -4.752000000000000000e+03 -9.220000000000000000e+02 9.000000000000000000e+02
1.168000000000000000e+04 -4.160000000000000000e+02 -1.240000000000000000e+04 -4.752000000000000000e+03 -1.017000000000000000e+03 2.595000000000000000e+03
1.219200000000000000e+04 -8.400000000000000000e+01 -1.226000000000000000e+04 -4.736000000000000000e+03 -1.349000000000000000e+03 2.950000000000000000e+03
1.219200000000000000e+04 -7.560000000000000000e+02 -1.246000000000000000e+04 -4.768000000000000000e+03 -9.850000000000000000e+02 2.910000000000000000e+03
1.102000000000000000e+04 -6.840000000000000000e+02 -1.159600000000000000e+04 -4.784000000000000000e+03 -1.151000000000000000e+03 1.904000000000000000e+03
9.860000000000000000e+03 -5.000000000000000000e+02 -1.094000000000000000e+04 -4.784000000000000000e+03 -6.450000000000000000e+02 1.417000000000000000e+03
9.156000000000000000e+03 6.440000000000000000e+02 -9.992000000000000000e+03 -4.736000000000000000e+03 -7.730000000000000000e+02 2.594000000000000000e+03
1.026400000000000000e+04 5.680000000000000000e+02 -1.245600000000000000e+04 -4.768000000000000000e+03 -7.620000000000000000e+02 2.178000000000000000e+03
1.162400000000000000e+04 -3.280000000000000000e+02 -1.394400000000000000e+04 -4.752000000000000000e+03 -4.850000000000000000e+02 2.128000000000000000e+03
1.419600000000000000e+04 -1.012000000000000000e+03 -1.595200000000000000e+04 -4.784000000000000000e+03 -4.850000000000000000e+02 4.861000000000000000e+03
1.366000000000000000e+04 -1.128000000000000000e+03 -1.444800000000000000e+04 -4.736000000000000000e+03 -4.530000000000000000e+02 2.202000000000000000e+03
1.304800000000000000e+04 8.400000000000000000e+01 -1.260800000000000000e+04 -4.752000000000000000e+03 -3.910000000000000000e+02 -6.970000000000000000e+02
1.214800000000000000e+04 1.320000000000000000e+02 -1.224000000000000000e+04 -4.752000000000000000e+03 -5.650000000000000000e+02 3.810000000000000000e+03
1.330000000000000000e+04 -1.352000000000000000e+03 -1.614800000000000000e+04 -4.752000000000000000e+03 1.190000000000000000e+02 5.847000000000000000e+03
1.314800000000000000e+04 -7.720000000000000000e+02 -1.582000000000000000e+04 -4.784000000000000000e+03 8.990000000000000000e+02 2.805000000000000000e+03
1.637600000000000000e+04 -4.480000000000000000e+02 -1.809200000000000000e+04 -4.784000000000000000e+03 4.530000000000000000e+02 3.184000000000000000e+03
1.568400000000000000e+04 4.080000000000000000e+02 -1.449600000000000000e+04 -4.768000000000000000e+03 -2.240000000000000000e+02 1.898000000000000000e+03
