8.120000000000000000e+02 1.488000000000000000e+03 1.124800000000000000e+04 -4.752000000000000000e+03 6.500000000000000000e+01 1.277000000000000000e+03
5.760000000000000000e+02 1.400000000000000000e+03 1.534000000000000000e+04 -4.784000000000000000e+03 6.300000000000000000e+01 1.159000000000000000e+03
-1.760000000000000000e+02 1.472000000000000000e+03 1.513600000000000000e+04 -4.784000000000000000e+03 6.400000000000000000e+01 8.940000000000000000e+02
-9.680000000000000000e+02 2.020000000000000000e+03 1.615200000000000000e+04 -4.784000000000000000e+03 -4.400000000000000000e+01 1.270000000000000000e+02
5.520000000000000000e+02 1.952000000000000000e+03 1.615200000000000000e+04 -4.800000000000000000e+03 -3.900000000000000000e+01 2.020000000000000000e+02
1.200000000000000000e+02 1.800000000000000000e+03 1.547600000000000000e+04 -4.800000000000000000e+03 -8.700000000000000000e+01 -2.800000000000000000e+01
-5.800000000000000000e+02 1.552000000000000000e+03 1.420400000000000000e+04 -4.768000000000000000e+03 -1.460000000000000000e+02 -1.410000000000000000e+02
-5.440000000000000000e+02 1.400000000000000000e+03 1.474800000000000000e+04 -4.784000000000000000e+03 -2.340000000000000000e+02 -2.910000000000000000e+02
-6.160000000000000000e+02 1.468000000000000000e+03 1.520800000000000000e+04 -4.800000000000000000e+03 -2.910000000000000000e+02 1.470000000000000000e+02
-7.680000000000000000e+02 1.668000000000000000e+03 1.481600000000000000e+04 -4.800000000000000000e+03 -3.380000000000000000e+02 -4.100000000000000000e+01
-1.120000000000000000e+03 1.912000000000000000e+03 1.497200000000000000e+04 -4.784000000000000000e+03 -4.190000000000000000e+02 1.550000000000000000e+02
-6.560000000000000000e+02 1.984000000000000000e+03 1.512800000000000000e+04 -4.784000000000000000e+03 -4.520000000000000000e+02 5.820000000000000000e+02
-5.760000000000000000e+02 1.848000000000000000e+03 1.496000000000000000e+04 -4.768000000000000000e+03 -4.500000000000000000e+02 8.190000000000000000e+02
-7.960000000000000000e+02 1.752000000000000000e+03 1.480800000000000000e+04 -4.784000000000000000e+03 -5.120000000000000000e+02 1.171000000000000000e+03
-7.280000000000000000e+02 1.792000000000000000e+03 1.474000000000000000e+04 -4.784000000000000000e+03 -4.760000000000000000e+02 1.014000000000000000e+03
-5.960000000000000000e+02 1.864000000000000000e+03 1.439200000000000000e+04 -4.752000000000000000e+03 -5.580000000000000000e+02 1.123000000000000000e+03
-7.800000000000000000e+02 1.924000000000000000e+03 1.422800000000000000e+04 -4.752000000000000000e+03 -5.290000000000000000e+02 7.150000000000000000e+02
-7.200000000000000000e+02 1.808000000000000000e+03 1.392400000000000000e+04 -4.768000000000000000e+03 -4.930000000000000000e+02 7.910000000000000000e+02
-8.000000000000000000e+02 1.704000000000000000e+03 1.376800000000000000e+04 -4.800000000000000000e+03 -4.570000000000000000e+02 7.250000000000000000e+02
-4.000000000000000000e+02 1.648000000000000000e+03 1.419200000000000000e+04 -4.752000000000000000e+03 -5.070000000000000000e+02 4.080000000000000000e+02
-5.240000000000000000e+02 1.484000000000000000e+03 1.484400000000000000e+04 -4.752000000000000000e+03 -4.500000000000000000e+02 5.900000000000000000e+01
-9.760000000000000000e+02 1.632000000000000000e+03 1.518800000000000000e+04 -4.784000000000000000e+03 -4.650000000000000000e+02 -3.200000000000000000e+01
-1.388000000000000000e+03 1.728000000000000000e+03 1.476800000000000000e+04 -4.784000000000000000e+03 -4.650000000000000000e+02 -2.980000000000000000e+02
-1.468000000000000000e+03 1.692000000000000000e+03 1.477600000000000000e+04 -4.768000000000000000e+03 -4.400000000000000000e+02 -1.090000000000000000e+02
-1.408000000000000000e+03 1.524000000000000000e+03 1.481200000000000000e+04 -4.752000000000000000e+03 -4.300000000000000000e+02 -5.050000000000000000e+02
-1.380000000000000000e+03 1.416000000000000000e+03 1.483200000000000000e+04 -4.784000000000000000e+03 -4.100000000000000000e+02 -1.207000000000000000e+03
-1.308000000000000000e+03 1.524000000000000000e+03 1.485600000000000000e+04 -4.784000000000000000e+03 -3.980000000000000000e+02 -1.760000000000000000e+03
-1.520000000000000000e+03 1.568000000000000000e+03 1.431200000000000000e+04 -4.768000000000000000e+03 -3.390000000000000000e+02 -8.390000000000000000e+02
-1.948000000000000000e+03 1.592000000000000000e+03 1.338000000000000000e+04 -4.800000000000000000e+03 -2.560000000000000000e+02 -1.493000000000000000e+03
-1.928000000000000000e+03 1.692000000000000000e+03 1.277200000000000000e+04 -4.800000000000000000e+03 -4.090000000000000000e+02 -9.170000000000000000e+02
-1.580000000000000000e+03 1.488000000000000000e+03 1.326800000000000000e+04 -4.800000000000000000e+03 -2.820000000000000000e+02 -1.572000000000000000e+03
-1.260000000000000000e+03 1.360000000000000000e+03 1.092800000000000000e+04 -4.784000000000000000e+03 -1.280000000000000000e+02 -1.730000000000000000e+03
-2.512000000000000000e+03 1.364000000000000000e+03 7.764000000000000000e+03 -4.784000000000000000e+03 8.400000000000000000e+01 -1.182000000000000000e+03
-1.348000000000000000e+03 1.156000000000000000e+03 7.324000000000000000e+03 -4.800000000000000000e+03 -1.400000000000000000e+01 -1.529000000000000000e+03
8.400000000000000000e+01 5.960000000000000000e+02 1.098400000000000000e+04 -4.768000000000000000e+03 -5.000000000000000000e+00 -1.141000000000000000e+03
6.240000000000000000e+02 2.720000000000000000e+02 1.540400000000000000e+04 -4.816000000000000000e+03 6.200000000000000000e+01 -2.120000000000000000e+03
-1.604000000000000000e+03 5.600000000000000000e+02 1.842000000000000000e+04 -4.784000000000000000e+03 3.460000000000000000e+02 -2.080000000000000000e+02
-2.096000000000000000e+03 1.344000000000000000e+03 2.156000000000000000e+04 -4.816000000000000000e+03 1.300000000000000000e+02 -2.370000000000000000e+02
0.000000000000000000e+00 2.224000000000000000e+03 2.677600000000000000e+04 -4.784000000000000000e+03 4.600000000000000000e+01 -8.390000000000000000e+02
6.080000000000000000e+02 3.124000000000000000e+03 2.996400000000000000e+04 -4.784000000000000000e+03 1.320000000000000000e+02 -1.756000000000000000e+03
-1.696000000000000000e+03 3.636000000000000000e+03 3.171600000000000000e+04 -4.800000000000000000e+03 -4.280000000000000000e+02 -7.510000000000000000e+02
-2.140000000000000000e+03 3.724000000000000000e+03 3.050800000000000000e+04 -4.784000000000000000e+03 1.800000000000000000e+01 -1.699000000000000000e+03
-6.840000000000000000e+02 3.572000000000000000e+03 2.584400000000000000e+04 -4.784000000000000000e+03 -1.330000000000000000e+02 -8.030000000000000000e+02
1.920000000000000000e+03 3.316000000000000000e+03 2.399200000000000000e+04 -4.768000000000000000e+03 -2.020000000000000000e+02 -7.280000000000000000e+02
2.728000000000000000e+03 3.408000000000000000e+03 1.608800000000000000e+04 -4.736000000000000000e+03 -3.110000000000000000e+02 -9.700000000000000000e+02
2.256000000000000000e+03 3.636000000000000000e+03 1.026800000000000000e+04 -4.768000000000000000e+03 -3.620000000000000000e+02 -1.970000000000000000e+03
2.132000000000000000e+03 1.744000000000000000e+03 7.980000000000000000e+03 -4.784000000000000000e+03 -4.020000000000000000e+02 -1.838000000000000000e+03
2.572000000000000000e+03 1.128000000000000000e+03 7.220000000000000000e+03 -4.768000000000000000e+03 -4.790000000000000000e+02 -1.549000000000000000e+03
1.592000000000000000e+03 4.760000000000000000e+02 7.456000000000000000e+03 -4.784000000000000000e+03 -5.100000000000000000e+02 -3.260000000000000000e+02
1.164000000000000000e+03 6.360000000000000000e+02 7.052000000000000000e+03 -4.768000000000000000e+03 -5.290000000000000000e+02 -2.650000000000000000e+03
1.116000000000000000e+03 9.080000000000000000e+02 6.940000000000000000e+03 -4.768000000000000000e+03 -4.800000000000000000e+02 -2.092000000000000000e+03
8.120000000000000000e+02 9.200000000000000000e+02 6.868000000000000000e+03 -4.784000000000000000e+03 -4.660000000000000000e+02 9.000000000000000000e+01
4.800000000000000000e+01 1.084000000000000000e+03 6.596000000000000000e+03 -4.800000000000000000e+03 -4.070000000000000000e+02 -1.318000000000000000e+03
-1.960000000000000000e+02 1.288000000000000000e+03 7.156000000000000000e+03 -4.784000000000000000e+03 -6.600000000000000000e+01 -4.460000000000000000e+02
8.960000000000000000e+02 1.116000000000000000e+03 1.145200000000000000e+04 -4.784000000000000000e+03 1.760000000000000000e+02 -8.400000000000000000e+01
1.388000000000000000e+03 1.608000000000000000e+03 7.216000000000000000e+03 -4.784000000000000000e+03 -2.550000000000000000e+02 -2.400000000000000000e+01
-2.016000000000000000e+03 2.048000000000000000e+03 1.135200000000000000e+04 -4.784000000000000000e+03 -5.500000000000000000e+01 -2.340000000000000000e+02
1.620000000000000000e+03 1.052000000000000000e+03 1.120000000000000000e+04 -4.784000000000000000e+03 1.180000000000000000e+02 7.400000000000000000e+02
9.320000000000000000e+02 5.960000000000000000e+02 1.028000000000000000e+04 -4.768000000000000000e+03 1.320000000000000000e+02 7.810000000000000000e+02
2.260000000000000000e+03 1.292000000000000000e+03 8.696000000000000000e+03 -4.800000000000000000e+03 3.850000000000000000e+02 1.106000000000000000e+03
2.108000000000000000e+03 1.320000000000000000e+03 9.176000000000000000e+03 -4.784000000000000000e+03 3.770000000000000000e+02 1.496000000000000000e+03
2.240000000000000000e+02 4.320000000000000000e+02 7.760000000000000000e+03 -4.752000000000000000e+03 3.350000000000000000e+02 -1.008000000000000000e+03
1.860000000000000000e+03 1.320000000000000000e+03 9.356000000000000000e+03 -4.752000000000000000e+03 5.610000000000000000e+02 3.144000000000000000e+03
1.208000000000000000e+03 8.720000000000000000e+02 1.237600000000000000e+04 -4.816000000000000000e+03 2.380000000000000000e+02 1.289000000000000000e+03
1.668000000000000000e+03 1.300000000000000000e+03 1.289600000000000000e+04 -4.784000000000000000e+03 6.600000000000000000e+01 6.460000000000000000e+02
1.496000000000000000e+03 1.272000000000000000e+03 1.317600000000000000e+04 -4.768000000000000000e+03 1.890000000000000000e+02 8.960000000000000000e+02
2.072000000000000000e+03 1.480000000000000000e+03 1.288400000000000000e+04 -4.832000000000000000e+03 1.700000000000000000e+01 1.575000000000000000e+03
2.820000000000000000e+03 1.844000000000000000e+03 1.382800000000000000e+04 -4.784000000000000000e+03 2.070000000000000000e+02 8.570000000000000000e+02
2.864000000000000000e+03 1.900000000000000000e+03 1.487200000000000000e+04 -4.816000000000000000e+03 1.390000000000000000e+02 1.703000000000000000e+03
2.340000000000000000e+03 1.876000000000000000e+03 1.234800000000000000e+04 -4.736000000000000000e+03 1.630000000000000000e+02 2.309000000000000000e+03
1.820000000000000000e+03 2.028000000000000000e+03 1.541200000000000000e+04 -4.800000000000000000e+03 -1.200000000000000000e+01 2.360000000000000000e+03
3.848000000000000000e+03 1.888000000000000000e+03 1.792000000000000000e+04 -4.768000000000000000e+03 3.000000000000000000e+00 1.382000000000000000e+03
4.216000000000000000e+03 2.492000000000000000e+03 1.916000000000000000e+04 -4.752000000000000000e+03 -2.560000000000000000e+02 8.120000000000000000e+02
3.180000000000000000e+03 2.780000000000000000e+03 1.965200000000000000e+04 -4.784000000000000000e+03 -5.620000000000000000e+02 2.983000000000000000e+03
2.740000000000000000e+03 3.628000000000000000e+03 2.167600000000000000e+04 -4.784000000000000000e+03 -1.786000000000000000e+03 2.680000000000000000e+03
2.200000000000000000e+03 3.892000000000000000e+03 2.552400000000000000e+04 -4.816000000000000000e+03 -1.740000000000000000e+03 1.393000000000000000e+03
1.980000000000000000e+03 4.252000000000000000e+03 3.081600000000000000e+04 -4.800000000000000000e+03 -1.250000000000000000e+03 1.060000000000000000e+02
