3.720000000000000000e+02 1.880000000000000000e+03 1.344800000000000000e+04 -4.816000000000000000e+03 -1.770000000000000000e+02 -2.130000000000000000e+02
8.440000000000000000e+02 2.508000000000000000e+03 1.293600000000000000e+04 -4.864000000000000000e+03 -9.900000000000000000e+01 -8.260000000000000000e+02
1.244000000000000000e+03 2.360000000000000000e+03 1.461200000000000000e+04 -4.848000000000000000e+03 -1.310000000000000000e+02 -3.620000000000000000e+02
1.088000000000000000e+03 5.320000000000000000e+02 1.552000000000000000e+04 -4.848000000000000000e+03 -2.060000000000000000e+02 -2.260000000000000000e+02
7.200000000000000000e+02 3.716000000000000000e+03 1.481600000000000000e+04 -4.848000000000000000e+03 -2.880000000000000000e+02 -2.610000000000000000e+02
-2.960000000000000000e+02 3.496000000000000000e+03 1.358800000000000000e+04 -4.848000000000000000e+03 -2.920000000000000000e+02 -6.000000000000000000e+02
-4.160000000000000000e+02 2.736000000000000000e+03 1.257600000000000000e+04 -4.864000000000000000e+03 -2.180000000000000000e+02 -2.450000000000000000e+02
4.200000000000000000e+02 3.268000000000000000e+03 1.294800000000000000e+04 -4.816000000000000000e+03 -2.400000000000000000e+02 -3.280000000000000000e+02
1.196000000000000000e+03 3.168000000000000000e+03 1.438800000000000000e+04 -4.864000000000000000e+03 -2.340000000000000000e+02 -2.500000000000000000e+01
2.312000000000000000e+03 3.208000000000000000e+03 1.467200000000000000e+04 -4.848000000000000000e+03 -2.510000000000000000e+02 2.630000000000000000e+02
2.092000000000000000e+03 3.228000000000000000e+03 1.458400000000000000e+04 -4.832000000000000000e+03 -3.000000000000000000e+02 5.370000000000000000e+02
1.304000000000000000e+03 3.296000000000000000e+03 1.357200000000000000e+04 -4.816000000000000000e+03 -3.020000000000000000e+02 7.940000000000000000e+02
7.480000000000000000e+02 3.196000000000000000e+03 1.422800000000000000e+04 -4.816000000000000000e+03 -3.430000000000000000e+02 8.360000000000000000e+02
1.396000000000000000e+03 3.120000000000000000e+03 1.454000000000000000e+04 -4.832000000000000000e+03 -3.170000000000000000e+02 8.890000000000000000e+02
2.464000000000000000e+03 3.224000000000000000e+03 1.494800000000000000e+04 -4.832000000000000000e+03 -3.330000000000000000e+02 8.740000000000000000e+02
1.972000000000000000e+03 3.012000000000000000e+03 1.461600000000000000e+04 -4.816000000000000000e+03 -3.320000000000000000e+02 7.290000000000000000e+02
1.596000000000000000e+03 2.928000000000000000e+03 1.421200000000000000e+04 -4.864000000000000000e+03 -3.350000000000000000e+02 5.860000000000000000e+02
6.800000000000000000e+02 2.728000000000000000e+03 1.409600000000000000e+04 -4.864000000000000000e+03 -3.310000000000000000e+02 4.440000000000000000e+02
1.284000000000000000e+03 2.704000000000000000e+03 1.386400000000000000e+04 -4.864000000000000000e+03 -3.100000000000000000e+02 3.160000000000000000e+02
1.488000000000000000e+03 2.572000000000000000e+03 1.427600000000000000e+04 -4.880000000000000000e+03 -2.930000000000000000e+02 2.040000000000000000e+02
1.484000000000000000e+03 2.480000000000000000e+03 1.444400000000000000e+04 -4.816000000000000000e+03 -3.220000000000000000e+02 2.030000000000000000e+02
1.080000000000000000e+03 2.560000000000000000e+03 1.482800000000000000e+04 -4.880000000000000000e+03 -3.230000000000000000e+02 2.710000000000000000e+02
7.880000000000000000e+02 2.624000000000000000e+03 1.497600000000000000e+04 -4.848000000000000000e+03 -4.050000000000000000e+02 3.710000000000000000e+02
7.600000000000000000e+02 2.764000000000000000e+03 1.463600000000000000e+04 -4.848000000000000000e+03 -4.620000000000000000e+02 3.730000000000000000e+02
8.560000000000000000e+02 2.760000000000000000e+03 1.466400000000000000e+04 -4.848000000000000000e+03 -6.450000000000000000e+02 9.000000000000000000e+00
8.320000000000000000e+02 2.548000000000000000e+03 1.485600000000000000e+04 -4.864000000000000000e+03 -7.430000000000000000e+02 2.170000000000000000e+02
1.120000000000000000e+03 2.416000000000000000e+03 1.527200000000000000e+04 -4.864000000000000000e+03 -5.560000000000000000e+02 9.170000000000000000e+02
8.400000000000000000e+02 2.640000000000000000e+03 1.550800000000000000e+04 -4.832000000000000000e+03 -3.270000000000000000e+02 8.280000000000000000e+02
6.320000000000000000e+02 2.708000000000000000e+03 1.500800000000000000e+04 -4.848000000000000000e+03 2.860000000000000000e+02 1.446000000000000000e+03
7.680000000000000000e+02 2.680000000000000000e+03 1.326400000000000000e+04 -4.864000000000000000e+03 -4.550000000000000000e+02 -1.150000000000000000e+02
6.200000000000000000e+02 2.420000000000000000e+03 8.320000000000000000e+03 -4.832000000000000000e+03 -7.380000000000000000e+02 2.020000000000000000e+02
2.160000000000000000e+02 1.760000000000000000e+03 4.644000000000000000e+03 -4.848000000000000000e+03 -3.730000000000000000e+02 -1.800000000000000000e+02
2.400000000000000000e+02 1.092000000000000000e+03 5.556000000000000000e+03 -4.832000000000000000e+03 -4.760000000000000000e+02 -8.780000000000000000e+02
8.040000000000000000e+02 1.296000000000000000e+03 9.948000000000000000e+03 -4.832000000000000000e+03 -5.040000000000000000e+02 -2.064000000000000000e+03
1.044000000000000000e+03 1.880000000000000000e+03 1.633200000000000000e+04 -4.816000000000000000e+03 -8.990000000000000000e+02 -2.797000000000000000e+03
7.960000000000000000e+02 2.292000000000000000e+03 1.749200000000000000e+04 -4.800000000000000000e+03 -8.450000000000000000e+02 -2.767000000000000000e+03
7.200000000000000000e+01 2.740000000000000000e+03 1.835200000000000000e+04 -4.848000000000000000e+03 -6.540000000000000000e+02 -2.859000000000000000e+03
-2.860000000000000000e+03 2.548000000000000000e+03 2.488000000000000000e+04 -4.832000000000000000e+03 -7.750000000000000000e+02 -2.823000000000000000e+03
1.140000000000000000e+03 3.748000000000000000e+03 2.974400000000000000e+04 -4.864000000000000000e+03 -1.196000000000000000e+03 -2.773000000000000000e+03
1.928000000000000000e+03 3.948000000000000000e+03 3.143600000000000000e+04 -4.864000000000000000e+03 -1.190000000000000000e+03 -2.252000000000000000e+03
1.676000000000000000e+03 4.772000000000000000e+03 2.938000000000000000e+04 -4.832000000000000000e+03 -7.800000000000000000e+02 -1.484000000000000000e+03
-4.840000000000000000e+02 4.704000000000000000e+03 3.099600000000000000e+04 -4.832000000000000000e+03 -7.180000000000000000e+02 -3.228000000000000000e+03
-1.520000000000000000e+02 5.444000000000000000e+03 3.052000000000000000e+04 -4.848000000000000000e+03 -5.430000000000000000e+02 -2.272000000000000000e+03
1.864000000000000000e+03 5.496000000000000000e+03 2.786800000000000000e+04 -4.864000000000000000e+03 -4.270000000000000000e+02 -2.436000000000000000e+03
2.540000000000000000e+03 5.088000000000000000e+03 1.466000000000000000e+04 -4.848000000000000000e+03 -2.300000000000000000e+01 -2.320000000000000000e+03
5.740000000000000000e+03 2.748000000000000000e+03 6.616000000000000000e+03 -4.816000000000000000e+03 -7.700000000000000000e+01 -3.112000000000000000e+03
5.876000000000000000e+03 1.348000000000000000e+03 3.236000000000000000e+03 -4.832000000000000000e+03 -1.800000000000000000e+02 -1.384000000000000000e+03
6.788000000000000000e+03 5.920000000000000000e+02 1.948000000000000000e+03 -4.832000000000000000e+03 1.131000000000000000e+03 -1.537000000000000000e+03
4.960000000000000000e+03 3.880000000000000000e+02 1.092000000000000000e+03 -4.848000000000000000e+03 2.596000000000000000e+03 -1.247000000000000000e+03
3.948000000000000000e+03 1.320000000000000000e+02 -2.188000000000000000e+03 -4.848000000000000000e+03 1.013000000000000000e+03 -1.027000000000000000e+03
1.640000000000000000e+03 -6.560000000000000000e+02 -2.320000000000000000e+03 -4.848000000000000000e+03 1.198000000000000000e+03 -8.490000000000000000e+02
-5.640000000000000000e+02 -1.760000000000000000e+02 4.120000000000000000e+02 -4.896000000000000000e+03 5.370000000000000000e+02 -2.500000000000000000e+01
8.840000000000000000e+02 -3.200000000000000000e+01 6.320000000000000000e+02 -4.832000000000000000e+03 4.940000000000000000e+02 -4.000000000000000000e+01
-2.400000000000000000e+02 -1.656000000000000000e+03 1.722400000000000000e+04 -4.832000000000000000e+03 5.680000000000000000e+02 -1.499000000000000000e+03
-2.336000000000000000e+03 -5.672000000000000000e+03 1.890000000000000000e+04 -4.832000000000000000e+03 4.180000000000000000e+02 3.630000000000000000e+02
1.464000000000000000e+03 4.860000000000000000e+03 1.986400000000000000e+04 -4.816000000000000000e+03 3.080000000000000000e+02 -1.195000000000000000e+03
-2.628000000000000000e+03 3.648000000000000000e+03 1.748000000000000000e+04 -4.832000000000000000e+03 5.070000000000000000e+02 2.380000000000000000e+02
3.268000000000000000e+03 2.348000000000000000e+03 9.908000000000000000e+03 -4.848000000000000000e+03 2.640000000000000000e+02 -5.630000000000000000e+02
6.572000000000000000e+03 6.560000000000000000e+02 7.588000000000000000e+03 -4.864000000000000000e+03 6.190000000000000000e+02 -4.900000000000000000e+01
3.824000000000000000e+03 4.760000000000000000e+02 3.580000000000000000e+03 -4.816000000000000000e+03 -1.360000000000000000e+02 -1.541000000000000000e+03
9.840000000000000000e+02 9.840000000000000000e+02 3.216000000000000000e+03 -4.832000000000000000e+03 -2.150000000000000000e+02 1.201000000000000000e+03
4.280000000000000000e+02 4.040000000000000000e+02 3.840000000000000000e+03 -4.832000000000000000e+03 -2.240000000000000000e+02 1.249000000000000000e+03
1.108000000000000000e+03 9.640000000000000000e+02 1.904000000000000000e+03 -4.848000000000000000e+03 -3.820000000000000000e+02 3.027000000000000000e+03
2.440000000000000000e+02 7.920000000000000000e+02 6.876000000000000000e+03 -4.880000000000000000e+03 -3.970000000000000000e+02 -6.610000000000000000e+02
1.360000000000000000e+02 1.024000000000000000e+03 1.076000000000000000e+04 -4.848000000000000000e+03 -6.980000000000000000e+02 -3.700000000000000000e+02
1.860000000000000000e+03 3.428000000000000000e+03 1.486800000000000000e+04 -4.848000000000000000e+03 -7.100000000000000000e+02 1.960000000000000000e+02
2.160000000000000000e+02 2.828000000000000000e+03 1.547600000000000000e+04 -4.832000000000000000e+03 -7.110000000000000000e+02 -1.024000000000000000e+03
8.220000000000000000e+03 2.660000000000000000e+03 1.520000000000000000e+04 -4.864000000000000000e+03 -3.780000000000000000e+02 -2.018000000000000000e+03
3.148000000000000000e+03 2.348000000000000000e+03 1.682400000000000000e+04 -4.864000000000000000e+03 -8.910000000000000000e+02 -1.818000000000000000e+03
3.552000000000000000e+03 3.676000000000000000e+03 2.090400000000000000e+04 -4.848000000000000000e+03 -8.450000000000000000e+02 -3.322000000000000000e+03
5.548000000000000000e+03 6.448000000000000000e+03 2.619600000000000000e+04 -4.848000000000000000e+03 -9.270000000000000000e+02 -5.604000000000000000e+03
6.516000000000000000e+03 6.020000000000000000e+03 2.736800000000000000e+04 -4.848000000000000000e+03 -4.970000000000000000e+02 -9.271000000000000000e+03
1.278800000000000000e+04 5.332000000000000000e+03 2.338000000000000000e+04 -4.848000000000000000e+03 5.910000000000000000e+02 -2.925000000000000000e+03
4.296000000000000000e+03 4.340000000000000000e+03 1.548800000000000000e+04 -4.864000000000000000e+03 4.490000000000000000e+02 -3.462000000000000000e+03
2.184000000000000000e+03 2.652000000000000000e+03 9.200000000000000000e+03 -4.832000000000000000e+03 3.250000000000000000e+02 -3.305000000000000000e+03
