6.976000000000000000e+03 2.052000000000000000e+03 1.251200000000000000e+04 -4.752000000000000000e+03 -1.560000000000000000e+02 4.620000000000000000e+02
7.472000000000000000e+03 2.188000000000000000e+03 1.282000000000000000e+04 -4.736000000000000000e+03 -1.390000000000000000e+02 3.980000000000000000e+02
7.888000000000000000e+03 2.220000000000000000e+03 1.224800000000000000e+04 -4.736000000000000000e+03 -4.400000000000000000e+01 1.000000000000000000e+01
7.620000000000000000e+03 2.188000000000000000e+03 1.316000000000000000e+04 -4.752000000000000000e+03 -9.000000000000000000e+00 1.620000000000000000e+02
7.252000000000000000e+03 2.020000000000000000e+03 1.292000000000000000e+04 -4.736000000000000000e+03 4.300000000000000000e+01 -6.130000000000000000e+02
7.600000000000000000e+03 2.260000000000000000e+03 1.294400000000000000e+04 -4.752000000000000000e+03 1.280000000000000000e+02 -1.133000000000000000e+03
7.856000000000000000e+03 2.256000000000000000e+03 1.237600000000000000e+04 -4.752000000000000000e+03 9.800000000000000000e+01 -1.217000000000000000e+03
8.048000000000000000e+03 2.128000000000000000e+03 1.230000000000000000e+04 -4.736000000000000000e+03 5.800000000000000000e+01 -1.610000000000000000e+03
8.244000000000000000e+03 2.404000000000000000e+03 1.300400000000000000e+04 -4.720000000000000000e+03 2.000000000000000000e+00 -2.036000000000000000e+03
7.888000000000000000e+03 2.340000000000000000e+03 1.330400000000000000e+04 -4.752000000000000000e+03 -3.600000000000000000e+01 -2.153000000000000000e+03
8.084000000000000000e+03 2.368000000000000000e+03 1.321200000000000000e+04 -4.752000000000000000e+03 -7.700000000000000000e+01 -1.942000000000000000e+03
8.008000000000000000e+03 2.176000000000000000e+03 1.264000000000000000e+04 -4.752000000000000000e+03 -8.000000000000000000e+01 -2.104000000000000000e+03
8.576000000000000000e+03 2.392000000000000000e+03 1.240400000000000000e+04 -4.736000000000000000e+03 -8.500000000000000000e+01 -1.950000000000000000e+03
8.280000000000000000e+03 2.340000000000000000e+03 1.266400000000000000e+04 -4.720000000000000000e+03 -1.570000000000000000e+02 -1.532000000000000000e+03
8.664000000000000000e+03 2.552000000000000000e+03 1.260400000000000000e+04 -4.720000000000000000e+03 -2.650000000000000000e+02 -1.147000000000000000e+03
8.880000000000000000e+03 2.600000000000000000e+03 1.283200000000000000e+04 -4.720000000000000000e+03 -2.910000000000000000e+02 -7.440000000000000000e+02
9.216000000000000000e+03 2.640000000000000000e+03 1.274800000000000000e+04 -4.752000000000000000e+03 -3.070000000000000000e+02 -2.780000000000000000e+02
9.240000000000000000e+03 2.548000000000000000e+03 1.218000000000000000e+04 -4.704000000000000000e+03 -2.940000000000000000e+02 1.150000000000000000e+02
9.244000000000000000e+03 2.272000000000000000e+03 1.155200000000000000e+04 -4.736000000000000000e+03 -3.380000000000000000e+02 4.450000000000000000e+02
9.068000000000000000e+03 2.304000000000000000e+03 1.152800000000000000e+04 -4.736000000000000000e+03 -3.180000000000000000e+02 7.370000000000000000e+02
8.648000000000000000e+03 2.252000000000000000e+03 1.143200000000000000e+04 -4.752000000000000000e+03 -2.990000000000000000e+02 6.080000000000000000e+02
8.956000000000000000e+03 2.264000000000000000e+03 1.174400000000000000e+04 -4.704000000000000000e+03 -3.110000000000000000e+02 7.890000000000000000e+02
8.828000000000000000e+03 2.244000000000000000e+03 1.180400000000000000e+04 -4.720000000000000000e+03 -3.050000000000000000e+02 1.076000000000000000e+03
8.836000000000000000e+03 2.292000000000000000e+03 1.250800000000000000e+04 -4.752000000000000000e+03 -3.060000000000000000e+02 1.255000000000000000e+03
9.128000000000000000e+03 2.336000000000000000e+03 1.237600000000000000e+04 -4.720000000000000000e+03 -2.720000000000000000e+02 1.231000000000000000e+03
9.396000000000000000e+03 2.628000000000000000e+03 1.290000000000000000e+04 -4.752000000000000000e+03 -3.050000000000000000e+02 1.063000000000000000e+03
9.388000000000000000e+03 2.596000000000000000e+03 1.327600000000000000e+04 -4.736000000000000000e+03 -2.660000000000000000e+02 1.354000000000000000e+03
8.960000000000000000e+03 2.556000000000000000e+03 1.279200000000000000e+04 -4.704000000000000000e+03 -3.130000000000000000e+02 1.489000000000000000e+03
8.516000000000000000e+03 2.204000000000000000e+03 1.242000000000000000e+04 -4.720000000000000000e+03 -3.000000000000000000e+02 1.577000000000000000e+03
8.008000000000000000e+03 2.144000000000000000e+03 1.203600000000000000e+04 -4.752000000000000000e+03 -2.980000000000000000e+02 1.050000000000000000e+03
7.468000000000000000e+03 2.120000000000000000e+03 1.210800000000000000e+04 -4.752000000000000000e+03 -3.690000000000000000e+02 1.303000000000000000e+03
7.380000000000000000e+03 2.056000000000000000e+03 1.225200000000000000e+04 -4.736000000000000000e+03 -3.260000000000000000e+02 1.012000000000000000e+03
7.328000000000000000e+03 2.040000000000000000e+03 1.217600000000000000e+04 -4.736000000000000000e+03 -4.150000000000000000e+02 6.080000000000000000e+02
7.044000000000000000e+03 1.912000000000000000e+03 1.182400000000000000e+04 -4.720000000000000000e+03 -3.350000000000000000e+02 2.950000000000000000e+02
6.468000000000000000e+03 1.684000000000000000e+03 1.056800000000000000e+04 -4.736000000000000000e+03 -2.400000000000000000e+02 9.100000000000000000e+01
5.776000000000000000e+03 1.516000000000000000e+03 8.352000000000000000e+03 -4.736000000000000000e+03 1.310000000000000000e+02 7.000000000000000000e+00
5.640000000000000000e+03 1.548000000000000000e+03 7.036000000000000000e+03 -4.752000000000000000e+03 4.070000000000000000e+02 -3.060000000000000000e+02
5.740000000000000000e+03 1.888000000000000000e+03 7.980000000000000000e+03 -4.768000000000000000e+03 1.780000000000000000e+02 -6.280000000000000000e+02
7.104000000000000000e+03 2.812000000000000000e+03 1.463600000000000000e+04 -4.720000000000000000e+03 6.900000000000000000e+01 -1.340000000000000000e+03
1.009600000000000000e+04 3.696000000000000000e+03 2.029600000000000000e+04 -4.704000000000000000e+03 3.160000000000000000e+02 -1.820000000000000000e+03
1.204000000000000000e+04 3.912000000000000000e+03 2.138400000000000000e+04 -4.736000000000000000e+03 1.030000000000000000e+02 -2.472000000000000000e+03
1.298000000000000000e+04 4.428000000000000000e+03 2.368400000000000000e+04 -4.704000000000000000e+03 -5.280000000000000000e+02 -3.482000000000000000e+03
1.494400000000000000e+04 5.680000000000000000e+03 2.815200000000000000e+04 -4.688000000000000000e+03 -3.470000000000000000e+02 -2.913000000000000000e+03
1.912400000000000000e+04 5.460000000000000000e+03 2.478400000000000000e+04 -4.736000000000000000e+03 -5.000000000000000000e+02 -3.259000000000000000e+03
1.758400000000000000e+04 4.752000000000000000e+03 2.090400000000000000e+04 -4.752000000000000000e+03 -6.950000000000000000e+02 -2.257000000000000000e+03
1.514000000000000000e+04 4.040000000000000000e+03 1.584400000000000000e+04 -4.736000000000000000e+03 -8.190000000000000000e+02 -1.987000000000000000e+03
1.334000000000000000e+04 3.180000000000000000e+03 9.984000000000000000e+03 -4.736000000000000000e+03 -1.079000000000000000e+03 -1.172000000000000000e+03
1.046000000000000000e+04 1.960000000000000000e+03 7.152000000000000000e+03 -4.736000000000000000e+03 -9.240000000000000000e+02 -8.950000000000000000e+02
7.740000000000000000e+03 1.448000000000000000e+03 7.256000000000000000e+03 -4.736000000000000000e+03 -7.580000000000000000e+02 -8.800000000000000000e+02
6.204000000000000000e+03 1.320000000000000000e+03 8.268000000000000000e+03 -4.784000000000000000e+03 -8.000000000000000000e+02 -1.837000000000000000e+03
6.012000000000000000e+03 1.096000000000000000e+03 8.300000000000000000e+03 -4.720000000000000000e+03 -1.088000000000000000e+03 -9.840000000000000000e+02
5.768000000000000000e+03 8.480000000000000000e+02 7.576000000000000000e+03 -4.736000000000000000e+03 -1.237000000000000000e+03 -1.130000000000000000e+03
5.432000000000000000e+03 7.720000000000000000e+02 7.492000000000000000e+03 -4.736000000000000000e+03 -1.282000000000000000e+03 -1.708000000000000000e+03
4.772000000000000000e+03 8.640000000000000000e+02 7.744000000000000000e+03 -4.752000000000000000e+03 -9.380000000000000000e+02 -2.044000000000000000e+03
4.024000000000000000e+03 9.280000000000000000e+02 5.700000000000000000e+03 -4.784000000000000000e+03 -9.070000000000000000e+02 3.990000000000000000e+02
2.996000000000000000e+03 4.880000000000000000e+02 3.604000000000000000e+03 -4.752000000000000000e+03 -6.960000000000000000e+02 -2.518000000000000000e+03
2.828000000000000000e+03 -2.480000000000000000e+02 1.448000000000000000e+03 -4.736000000000000000e+03 -3.870000000000000000e+02 -1.666000000000000000e+03
2.228000000000000000e+03 -2.760000000000000000e+02 3.772000000000000000e+03 -4.720000000000000000e+03 -1.350000000000000000e+02 -1.853000000000000000e+03
4.844000000000000000e+03 -2.160000000000000000e+02 2.464000000000000000e+03 -4.736000000000000000e+03 -2.370000000000000000e+02 -8.230000000000000000e+02
5.660000000000000000e+03 9.080000000000000000e+02 7.368000000000000000e+03 -4.704000000000000000e+03 1.250000000000000000e+02 -9.840000000000000000e+02
8.924000000000000000e+03 1.200000000000000000e+03 6.748000000000000000e+03 -4.752000000000000000e+03 1.620000000000000000e+02 -8.480000000000000000e+02
9.356000000000000000e+03 1.576000000000000000e+03 8.964000000000000000e+03 -4.688000000000000000e+03 3.130000000000000000e+02 -5.410000000000000000e+02
9.044000000000000000e+03 4.160000000000000000e+02 7.840000000000000000e+03 -4.736000000000000000e+03 2.470000000000000000e+02 5.300000000000000000e+01
1.068000000000000000e+04 9.720000000000000000e+02 1.009600000000000000e+04 -4.704000000000000000e+03 2.800000000000000000e+01 3.610000000000000000e+02
1.062400000000000000e+04 3.120000000000000000e+02 9.380000000000000000e+03 -4.720000000000000000e+03 1.950000000000000000e+02 7.140000000000000000e+02
1.101600000000000000e+04 1.168000000000000000e+03 1.104400000000000000e+04 -4.752000000000000000e+03 3.660000000000000000e+02 1.221000000000000000e+03
1.156800000000000000e+04 1.700000000000000000e+03 1.245600000000000000e+04 -4.768000000000000000e+03 3.000000000000000000e+02 1.402000000000000000e+03
1.192400000000000000e+04 1.976000000000000000e+03 1.071600000000000000e+04 -4.752000000000000000e+03 3.600000000000000000e+02 2.238000000000000000e+03
1.123200000000000000e+04 1.368000000000000000e+03 9.260000000000000000e+03 -4.704000000000000000e+03 2.580000000000000000e+02 2.500000000000000000e+03
1.244800000000000000e+04 1.596000000000000000e+03 9.960000000000000000e+03 -4.720000000000000000e+03 2.570000000000000000e+02 2.232000000000000000e+03
1.448400000000000000e+04 2.356000000000000000e+03 1.310800000000000000e+04 -4.720000000000000000e+03 3.130000000000000000e+02 2.196000000000000000e+03
1.370000000000000000e+04 2.248000000000000000e+03 1.528400000000000000e+04 -4.752000000000000000e+03 1.600000000000000000e+02 1.757000000000000000e+03
1.492400000000000000e+04 2.820000000000000000e+03 1.757600000000000000e+04 -4.752000000000000000e+03 -5.300000000000000000e+01 1.525000000000000000e+03
1.511600000000000000e+04 2.544000000000000000e+03 1.602800000000000000e+04 -4.720000000000000000e+03 4.620000000000000000e+02 2.954000000000000000e+03
1.453600000000000000e+04 2.264000000000000000e+03 1.464000000000000000e+04 -4.736000000000000000e+03 -3.870000000000000000e+02 2.140000000000000000e+03
1.200400000000000000e+04 3.428000000000000000e+03 1.940400000000000000e+04 -4.736000000000000000e+03 -5.200000000000000000e+02 2.608000000000000000e+03
1.209600000000000000e+04 2.832000000000000000e+03 1.591600000000000000e+04 -4.736000000000000000e+03 -4.080000000000000000e+02 2.779000000000000000e+03
1.055200000000000000e+04 2.088000000000000000e+03 1.031600000000000000e+04 -4.720000000000000000e+03 -4.980000000000000000e+02 3.004000000000000000e+03
8.268000000000000000e+03 1.664000000000000000e+03 1.037200000000000000e+04 -4.736000000000000000e+03 -5.030000000000000000e+02 3.202000000000000000e+03
8.300000000000000000e+03 2.140000000000000000e+03 1.120400000000000000e+04 -4.736000000000000000e+03 -6.260000000000000000e+02 2.890000000000000000e+03
8.700000000000000000e+03 2.896000000000000000e+03 1.304800000000000000e+04 -4.720000000000000000e+03 -8.720000000000000000e+02 3.626000000000000000e+03
9.000000000000000000e+03 3.044000000000000000e+03 1.396400000000000000e+04 -4.720000000000000000e+03 -7.910000000000000000e+02 3.239000000000000000e+03
9.240000000000000000e+03 2.568000000000000000e+03 1.300400000000000000e+04 -4.736000000000000000e+03 -7.900000000000000000e+02 3.976000000000000000e+03
