5.300000000000000000e+03 2.160000000000000000e+03 1.415200000000000000e+04 -4.832000000000000000e+03 -3.190000000000000000e+02 -1.622000000000000000e+03
5.452000000000000000e+03 2.084000000000000000e+03 1.393600000000000000e+04 -4.832000000000000000e+03 -3.620000000000000000e+02 -1.518000000000000000e+03
5.868000000000000000e+03 1.908000000000000000e+03 1.398400000000000000e+04 -4.832000000000000000e+03 -3.810000000000000000e+02 -1.150000000000000000e+03
5.968000000000000000e+03 1.908000000000000000e+03 1.411200000000000000e+04 -4.800000000000000000e+03 -3.790000000000000000e+02 -1.538000000000000000e+03
6.252000000000000000e+03 1.800000000000000000e+03 1.343600000000000000e+04 -4.832000000000000000e+03 -3.690000000000000000e+02 -1.482000000000000000e+03
6.140000000000000000e+03 1.960000000000000000e+03 1.340400000000000000e+04 -4.832000000000000000e+03 -3.280000000000000000e+02 -1.144000000000000000e+03
6.152000000000000000e+03 1.908000000000000000e+03 1.305600000000000000e+04 -4.848000000000000000e+03 -3.400000000000000000e+02 -9.330000000000000000e+02
6.184000000000000000e+03 1.864000000000000000e+03 1.309600000000000000e+04 -4.848000000000000000e+03 -3.730000000000000000e+02 -9.310000000000000000e+02
6.224000000000000000e+03 2.144000000000000000e+03 1.361600000000000000e+04 -4.816000000000000000e+03 -3.460000000000000000e+02 -6.400000000000000000e+02
6.440000000000000000e+03 2.036000000000000000e+03 1.297600000000000000e+04 -4.800000000000000000e+03 -3.320000000000000000e+02 -5.050000000000000000e+02
6.620000000000000000e+03 2.120000000000000000e+03 1.337600000000000000e+04 -4.848000000000000000e+03 -3.480000000000000000e+02 -1.500000000000000000e+02
6.736000000000000000e+03 1.952000000000000000e+03 1.320800000000000000e+04 -4.848000000000000000e+03 -3.890000000000000000e+02 -1.080000000000000000e+02
6.796000000000000000e+03 2.080000000000000000e+03 1.341600000000000000e+04 -4.816000000000000000e+03 -3.530000000000000000e+02 1.680000000000000000e+02
6.836000000000000000e+03 1.992000000000000000e+03 1.323200000000000000e+04 -4.800000000000000000e+03 -3.460000000000000000e+02 1.740000000000000000e+02
6.832000000000000000e+03 1.872000000000000000e+03 1.347200000000000000e+04 -4.816000000000000000e+03 -3.820000000000000000e+02 2.730000000000000000e+02
6.984000000000000000e+03 2.016000000000000000e+03 1.374800000000000000e+04 -4.848000000000000000e+03 -4.300000000000000000e+02 6.380000000000000000e+02
6.960000000000000000e+03 2.044000000000000000e+03 1.360400000000000000e+04 -4.832000000000000000e+03 -3.910000000000000000e+02 7.670000000000000000e+02
6.524000000000000000e+03 2.172000000000000000e+03 1.414000000000000000e+04 -4.816000000000000000e+03 -3.740000000000000000e+02 8.820000000000000000e+02
6.984000000000000000e+03 2.064000000000000000e+03 1.302800000000000000e+04 -4.816000000000000000e+03 -3.730000000000000000e+02 1.002000000000000000e+03
6.440000000000000000e+03 1.892000000000000000e+03 1.314800000000000000e+04 -4.784000000000000000e+03 -3.680000000000000000e+02 1.414000000000000000e+03
5.988000000000000000e+03 1.916000000000000000e+03 1.327600000000000000e+04 -4.832000000000000000e+03 -4.090000000000000000e+02 1.279000000000000000e+03
5.444000000000000000e+03 1.708000000000000000e+03 1.243200000000000000e+04 -4.832000000000000000e+03 -5.210000000000000000e+02 1.260000000000000000e+03
4.920000000000000000e+03 1.444000000000000000e+03 1.078400000000000000e+04 -4.816000000000000000e+03 -5.070000000000000000e+02 8.520000000000000000e+02
3.552000000000000000e+03 8.440000000000000000e+02 6.892000000000000000e+03 -4.800000000000000000e+03 -2.910000000000000000e+02 1.141000000000000000e+03
3.332000000000000000e+03 4.440000000000000000e+02 4.308000000000000000e+03 -4.832000000000000000e+03 -1.110000000000000000e+02 2.952000000000000000e+03
4.320000000000000000e+03 8.160000000000000000e+02 6.276000000000000000e+03 -4.832000000000000000e+03 2.890000000000000000e+02 4.450000000000000000e+02
3.652000000000000000e+03 2.276000000000000000e+03 1.665200000000000000e+04 -4.832000000000000000e+03 -6.200000000000000000e+01 -2.360000000000000000e+02
5.584000000000000000e+03 2.916000000000000000e+03 2.157200000000000000e+04 -4.800000000000000000e+03 -2.190000000000000000e+02 8.330000000000000000e+02
8.080000000000000000e+03 2.824000000000000000e+03 2.044400000000000000e+04 -4.784000000000000000e+03 3.200000000000000000e+02 -4.800000000000000000e+01
8.536000000000000000e+03 3.068000000000000000e+03 2.314000000000000000e+04 -4.832000000000000000e+03 3.590000000000000000e+02 9.590000000000000000e+02
8.484000000000000000e+03 4.404000000000000000e+03 3.042000000000000000e+04 -4.832000000000000000e+03 1.590000000000000000e+02 -2.987000000000000000e+03
9.048000000000000000e+03 5.080000000000000000e+03 3.276700000000000000e+04 -4.816000000000000000e+03 2.180000000000000000e+02 -2.989000000000000000e+03
1.575600000000000000e+04 5.224000000000000000e+03 2.998400000000000000e+04 -4.832000000000000000e+03 6.000000000000000000e+01 -1.984000000000000000e+03
1.448400000000000000e+04 4.548000000000000000e+03 2.819600000000000000e+04 -4.816000000000000000e+03 -2.750000000000000000e+02 -2.436000000000000000e+03
1.248000000000000000e+04 3.760000000000000000e+03 2.274400000000000000e+04 -4.816000000000000000e+03 4.600000000000000000e+01 -1.729000000000000000e+03
1.027600000000000000e+04 2.088000000000000000e+03 1.362000000000000000e+04 -4.832000000000000000e+03 3.250000000000000000e+02 -1.973000000000000000e+03
8.820000000000000000e+03 1.256000000000000000e+03 7.828000000000000000e+03 -4.816000000000000000e+03 4.680000000000000000e+02 -2.123000000000000000e+03
6.340000000000000000e+03 7.360000000000000000e+02 3.652000000000000000e+03 -4.832000000000000000e+03 4.630000000000000000e+02 -1.590000000000000000e+03
3.204000000000000000e+03 5.280000000000000000e+02 3.068000000000000000e+03 -4.832000000000000000e+03 7.090000000000000000e+02 -1.937000000000000000e+03
1.676000000000000000e+03 2.280000000000000000e+02 4.720000000000000000e+02 -4.848000000000000000e+03 9.680000000000000000e+02 -2.227000000000000000e+03
1.200000000000000000e+03 -1.160000000000000000e+02 -1.260000000000000000e+03 -4.832000000000000000e+03 1.072000000000000000e+03 -1.432000000000000000e+03
8.640000000000000000e+02 4.000000000000000000e+01 -1.316000000000000000e+03 -4.816000000000000000e+03 1.356000000000000000e+03 -9.460000000000000000e+02
1.568000000000000000e+03 5.000000000000000000e+02 1.164000000000000000e+03 -4.816000000000000000e+03 1.254000000000000000e+03 1.599000000000000000e+03
5.040000000000000000e+03 1.988000000000000000e+03 6.120000000000000000e+03 -4.848000000000000000e+03 2.358000000000000000e+03 -3.010000000000000000e+03
1.924000000000000000e+03 3.468000000000000000e+03 1.448000000000000000e+04 -4.832000000000000000e+03 1.514000000000000000e+03 2.220000000000000000e+02
6.680000000000000000e+03 4.828000000000000000e+03 1.910400000000000000e+04 -4.848000000000000000e+03 1.393000000000000000e+03 -1.700000000000000000e+03
4.688000000000000000e+03 2.804000000000000000e+03 1.504400000000000000e+04 -4.848000000000000000e+03 1.088000000000000000e+03 -1.970000000000000000e+02
6.812000000000000000e+03 3.444000000000000000e+03 1.472000000000000000e+04 -4.816000000000000000e+03 4.880000000000000000e+02 -7.450000000000000000e+02
5.628000000000000000e+03 3.984000000000000000e+03 1.337200000000000000e+04 -4.784000000000000000e+03 1.800000000000000000e+02 -2.510000000000000000e+02
3.208000000000000000e+03 2.816000000000000000e+03 7.756000000000000000e+03 -4.816000000000000000e+03 3.880000000000000000e+02 -9.470000000000000000e+02
2.824000000000000000e+03 1.648000000000000000e+03 3.540000000000000000e+03 -4.816000000000000000e+03 1.180000000000000000e+02 1.130000000000000000e+02
3.144000000000000000e+03 1.408000000000000000e+03 1.912000000000000000e+03 -4.832000000000000000e+03 1.520000000000000000e+02 -8.560000000000000000e+02
2.844000000000000000e+03 1.164000000000000000e+03 2.440000000000000000e+03 -4.816000000000000000e+03 5.500000000000000000e+01 1.862000000000000000e+03
5.584000000000000000e+03 1.880000000000000000e+03 3.412000000000000000e+03 -4.848000000000000000e+03 1.020000000000000000e+02 9.150000000000000000e+02
7.652000000000000000e+03 1.952000000000000000e+03 6.024000000000000000e+03 -4.800000000000000000e+03 2.000000000000000000e+01 6.820000000000000000e+02
9.008000000000000000e+03 2.640000000000000000e+03 9.848000000000000000e+03 -4.832000000000000000e+03 -1.000000000000000000e+01 7.640000000000000000e+02
9.476000000000000000e+03 3.932000000000000000e+03 1.356800000000000000e+04 -4.832000000000000000e+03 -3.650000000000000000e+02 1.370000000000000000e+03
1.050400000000000000e+04 3.704000000000000000e+03 1.180800000000000000e+04 -4.832000000000000000e+03 -6.930000000000000000e+02 1.924000000000000000e+03
1.165200000000000000e+04 4.720000000000000000e+03 1.685600000000000000e+04 -4.800000000000000000e+03 -6.410000000000000000e+02 2.259000000000000000e+03
1.124000000000000000e+04 5.528000000000000000e+03 1.950800000000000000e+04 -4.848000000000000000e+03 -6.490000000000000000e+02 8.680000000000000000e+02
1.110800000000000000e+04 4.708000000000000000e+03 2.091200000000000000e+04 -4.800000000000000000e+03 -6.910000000000000000e+02 1.086000000000000000e+03
8.844000000000000000e+03 2.960000000000000000e+03 1.791600000000000000e+04 -4.848000000000000000e+03 -1.009000000000000000e+03 1.314000000000000000e+03
1.014800000000000000e+04 3.824000000000000000e+03 1.923600000000000000e+04 -4.816000000000000000e+03 -1.310000000000000000e+03 3.870000000000000000e+02
9.396000000000000000e+03 4.280000000000000000e+03 1.866400000000000000e+04 -4.832000000000000000e+03 -1.078000000000000000e+03 -6.920000000000000000e+02
9.024000000000000000e+03 4.840000000000000000e+03 1.674000000000000000e+04 -4.832000000000000000e+03 -9.730000000000000000e+02 -7.470000000000000000e+02
9.696000000000000000e+03 4.692000000000000000e+03 1.574000000000000000e+04 -4.816000000000000000e+03 -7.880000000000000000e+02 -6.740000000000000000e+02
9.272000000000000000e+03 4.100000000000000000e+03 1.327200000000000000e+04 -4.848000000000000000e+03 -7.000000000000000000e+01 -2.470000000000000000e+02
8.500000000000000000e+03 3.892000000000000000e+03 1.454400000000000000e+04 -4.816000000000000000e+03 -1.093000000000000000e+03 -6.540000000000000000e+02
5.460000000000000000e+03 3.604000000000000000e+03 1.661600000000000000e+04 -4.848000000000000000e+03 -8.330000000000000000e+02 -1.290000000000000000e+03
7.668000000000000000e+03 2.628000000000000000e+03 1.064000000000000000e+04 -4.816000000000000000e+03 -6.550000000000000000e+02 -1.201000000000000000e+03
7.732000000000000000e+03 2.260000000000000000e+03 1.055600000000000000e+04 -4.816000000000000000e+03 -4.750000000000000000e+02 -1.492000000000000000e+03
8.004000000000000000e+03 2.272000000000000000e+03 1.150800000000000000e+04 -4.816000000000000000e+03 -5.570000000000000000e+02 -3.920000000000000000e+02
8.672000000000000000e+03 2.620000000000000000e+03 1.238000000000000000e+04 -4.800000000000000000e+03 -5.140000000000000000e+02 -7.520000000000000000e+02
8.808000000000000000e+03 2.776000000000000000e+03 1.304400000000000000e+04 -4.832000000000000000e+03 -5.220000000000000000e+02 -8.600000000000000000e+02
8.524000000000000000e+03 2.696000000000000000e+03 1.321600000000000000e+04 -4.816000000000000000e+03 -5.490000000000000000e+02 -9.330000000000000000e+02
7.996000000000000000e+03 2.332000000000000000e+03 1.229600000000000000e+04 -4.832000000000000000e+03 -3.660000000000000000e+02 -6.200000000000000000e+02
8.316000000000000000e+03 2.276000000000000000e+03 1.136000000000000000e+04 -4.816000000000000000e+03 -3.240000000000000000e+02 -3.120000000000000000e+02
8.548000000000000000e+03 2.484000000000000000e+03 1.167200000000000000e+04 -4.848000000000000000e+03 -3.040000000000000000e+02 -1.120000000000000000e+02
8.588000000000000000e+03 2.396000000000000000e+03 1.163200000000000000e+04 -4.832000000000000000e+03 -3.300000000000000000e+02 1.670000000000000000e+02
8.604000000000000000e+03 2.544000000000000000e+03 1.262400000000000000e+04 -4.832000000000000000e+03 -3.590000000000000000e+02 2.900000000000000000e+02
8.600000000000000000e+03 2.348000000000000000e+03 1.254400000000000000e+04 -4.848000000000000000e+03 -3.140000000000000000e+02 2.030000000000000000e+02
8.624000000000000000e+03 2.248000000000000000e+03 1.237600000000000000e+04 -4.832000000000000000e+03 -3.730000000000000000e+02 3.360000000000000000e+02
8.848000000000000000e+03 2.176000000000000000e+03 1.239200000000000000e+04 -4.832000000000000000e+03 -3.360000000000000000e+02 3.530000000000000000e+02
8.972000000000000000e+03 2.224000000000000000e+03 1.242800000000000000e+04 -4.848000000000000000e+03 -3.930000000000000000e+02 2.570000000000000000e+02
