1.388000000000000000e+04 1.812000000000000000e+03 5.656000000000000000e+03 -4.832000000000000000e+03 -7.970000000000000000e+02 -2.128000000000000000e+03
-4.832000000000000000e+03 -6.420000000000000000e+02 -2.697000000000000000e+03 -4.832000000000000000e+03 -5.370000000000000000e+02 -2.967000000000000000e+03
1.408000000000000000e+04 1.640000000000000000e+03 4.896000000000000000e+03 -4.832000000000000000e+03 -4.220000000000000000e+02 -2.991000000000000000e+03
1.440000000000000000e+04 1.508000000000000000e+03 5.268000000000000000e+03 -4.864000000000000000e+03 -2.640000000000000000e+02 -3.097000000000000000e+03
1.459600000000000000e+04 9.040000000000000000e+02 5.208000000000000000e+03 -4.848000000000000000e+03 -2.110000000000000000e+02 -3.024000000000000000e+03
1.494400000000000000e+04 2.680000000000000000e+02 4.304000000000000000e+03 -4.848000000000000000e+03 -1.730000000000000000e+02 -2.886000000000000000e+03
1.559600000000000000e+04 4.000000000000000000e+01 3.652000000000000000e+03 -4.832000000000000000e+03 -2.080000000000000000e+02 -2.592000000000000000e+03
1.544400000000000000e+04 9.200000000000000000e+01 3.836000000000000000e+03 -4.864000000000000000e+03 -4.500000000000000000e+01 -2.800000000000000000e+03
1.643200000000000000e+04 8.680000000000000000e+02 3.996000000000000000e+03 -4.832000000000000000e+03 -2.630000000000000000e+02 -2.368000000000000000e+03
1.597600000000000000e+04 2.560000000000000000e+02 4.160000000000000000e+03 -4.816000000000000000e+03 -2.910000000000000000e+02 -2.319000000000000000e+03
1.604000000000000000e+04 2.040000000000000000e+02 3.844000000000000000e+03 -4.832000000000000000e+03 -1.960000000000000000e+02 -1.814000000000000000e+03
1.624800000000000000e+04 1.416000000000000000e+03 3.848000000000000000e+03 -4.864000000000000000e+03 -1.760000000000000000e+02 -1.481000000000000000e+03
1.658400000000000000e+04 2.048000000000000000e+03 3.744000000000000000e+03 -4.832000000000000000e+03 -1.600000000000000000e+02 -1.131000000000000000e+03
1.626800000000000000e+04 1.656000000000000000e+03 2.676000000000000000e+03 -4.832000000000000000e+03 -7.400000000000000000e+01 -9.140000000000000000e+02
1.539200000000000000e+04 1.500000000000000000e+03 2.068000000000000000e+03 -4.816000000000000000e+03 2.300000000000000000e+01 -6.540000000000000000e+02
1.571600000000000000e+04 1.524000000000000000e+03 2.604000000000000000e+03 -4.832000000000000000e+03 8.000000000000000000e+00 -3.970000000000000000e+02
1.650800000000000000e+04 1.588000000000000000e+03 3.732000000000000000e+03 -4.848000000000000000e+03 -1.260000000000000000e+02 -1.000000000000000000e+01
1.701600000000000000e+04 1.808000000000000000e+03 3.904000000000000000e+03 -4.848000000000000000e+03 -1.800000000000000000e+02 3.300000000000000000e+02
1.683200000000000000e+04 1.812000000000000000e+03 3.240000000000000000e+03 -4.800000000000000000e+03 -2.430000000000000000e+02 7.700000000000000000e+02
1.687200000000000000e+04 1.892000000000000000e+03 3.012000000000000000e+03 -4.832000000000000000e+03 -3.040000000000000000e+02 1.150000000000000000e+03
1.638800000000000000e+04 2.252000000000000000e+03 3.028000000000000000e+03 -4.816000000000000000e+03 -3.440000000000000000e+02 1.419000000000000000e+03
1.602800000000000000e+04 2.376000000000000000e+03 3.456000000000000000e+03 -4.816000000000000000e+03 -3.830000000000000000e+02 1.474000000000000000e+03
1.576400000000000000e+04 2.172000000000000000e+03 3.344000000000000000e+03 -4.832000000000000000e+03 -3.910000000000000000e+02 1.381000000000000000e+03
1.608800000000000000e+04 2.264000000000000000e+03 3.772000000000000000e+03 -4.832000000000000000e+03 -4.290000000000000000e+02 1.228000000000000000e+03
1.664400000000000000e+04 2.460000000000000000e+03 4.008000000000000000e+03 -4.816000000000000000e+03 -4.080000000000000000e+02 1.057000000000000000e+03
1.673600000000000000e+04 2.396000000000000000e+03 3.924000000000000000e+03 -4.832000000000000000e+03 -3.720000000000000000e+02 8.280000000000000000e+02
1.590400000000000000e+04 2.296000000000000000e+03 3.712000000000000000e+03 -4.848000000000000000e+03 -4.200000000000000000e+02 6.170000000000000000e+02
1.520400000000000000e+04 2.384000000000000000e+03 3.564000000000000000e+03 -4.848000000000000000e+03 -3.640000000000000000e+02 8.440000000000000000e+02
1.441600000000000000e+04 2.352000000000000000e+03 4.284000000000000000e+03 -4.800000000000000000e+03 -4.420000000000000000e+02 6.760000000000000000e+02
1.372000000000000000e+04 2.292000000000000000e+03 4.060000000000000000e+03 -4.832000000000000000e+03 -4.870000000000000000e+02 6.680000000000000000e+02
1.103600000000000000e+04 1.728000000000000000e+03 2.264000000000000000e+03 -4.816000000000000000e+03 -4.050000000000000000e+02 6.110000000000000000e+02
8.228000000000000000e+03 1.448000000000000000e+03 9.680000000000000000e+02 -4.864000000000000000e+03 -4.020000000000000000e+02 6.580000000000000000e+02
8.568000000000000000e+03 1.868000000000000000e+03 1.112000000000000000e+03 -4.816000000000000000e+03 -3.680000000000000000e+02 8.210000000000000000e+02
9.912000000000000000e+03 1.532000000000000000e+03 1.536000000000000000e+03 -4.848000000000000000e+03 -1.590000000000000000e+02 1.107000000000000000e+03
1.475600000000000000e+04 1.744000000000000000e+03 2.600000000000000000e+03 -4.864000000000000000e+03 -5.340000000000000000e+02 1.278000000000000000e+03
2.151600000000000000e+04 3.500000000000000000e+03 1.053600000000000000e+04 -4.832000000000000000e+03 -8.140000000000000000e+02 -7.500000000000000000e+01
2.118000000000000000e+04 2.572000000000000000e+03 8.008000000000000000e+03 -4.848000000000000000e+03 -4.700000000000000000e+02 4.120000000000000000e+02
2.328800000000000000e+04 2.284000000000000000e+03 6.000000000000000000e+03 -4.848000000000000000e+03 -3.070000000000000000e+02 -5.710000000000000000e+02
2.531600000000000000e+04 3.372000000000000000e+03 9.908000000000000000e+03 -4.832000000000000000e+03 -6.000000000000000000e+02 -1.284000000000000000e+03
2.844000000000000000e+04 4.048000000000000000e+03 1.047200000000000000e+04 -4.848000000000000000e+03 -4.830000000000000000e+02 -1.862000000000000000e+03
3.033200000000000000e+04 4.876000000000000000e+03 8.256000000000000000e+03 -4.848000000000000000e+03 -2.700000000000000000e+02 -2.080000000000000000e+03
3.054400000000000000e+04 5.196000000000000000e+03 6.780000000000000000e+03 -4.848000000000000000e+03 -1.460000000000000000e+02 -2.057000000000000000e+03
2.924000000000000000e+04 4.644000000000000000e+03 7.532000000000000000e+03 -4.848000000000000000e+03 -1.000000000000000000e+00 -8.390000000000000000e+02
2.739600000000000000e+04 4.476000000000000000e+03 6.176000000000000000e+03 -4.832000000000000000e+03 -2.750000000000000000e+02 -8.340000000000000000e+02
2.178000000000000000e+04 3.188000000000000000e+03 2.048000000000000000e+03 -4.848000000000000000e+03 -3.980000000000000000e+02 -1.482000000000000000e+03
1.451200000000000000e+04 1.736000000000000000e+03 -3.640000000000000000e+02 -4.848000000000000000e+03 -3.220000000000000000e+02 -7.010000000000000000e+02
9.064000000000000000e+03 9.320000000000000000e+02 -1.804000000000000000e+03 -4.864000000000000000e+03 -2.600000000000000000e+01 -7.300000000000000000e+02
5.280000000000000000e+03 7.560000000000000000e+02 -1.020000000000000000e+03 -4.848000000000000000e+03 7.700000000000000000e+01 -7.270000000000000000e+02
4.900000000000000000e+03 -1.760000000000000000e+02 -1.820000000000000000e+03 -4.816000000000000000e+03 -9.800000000000000000e+01 -1.002000000000000000e+03
4.364000000000000000e+03 1.240000000000000000e+02 -1.476000000000000000e+03 -4.832000000000000000e+03 -7.660000000000000000e+02 -2.499000000000000000e+03
3.284000000000000000e+03 2.912000000000000000e+03 -8.400000000000000000e+02 -4.848000000000000000e+03 2.690000000000000000e+02 -2.588000000000000000e+03
6.928000000000000000e+03 -3.840000000000000000e+02 -1.436000000000000000e+03 -4.832000000000000000e+03 -1.610000000000000000e+02 7.850000000000000000e+02
7.396000000000000000e+03 1.656000000000000000e+03 3.956000000000000000e+03 -4.848000000000000000e+03 -8.500000000000000000e+01 2.400000000000000000e+01
1.204800000000000000e+04 2.140000000000000000e+03 3.484000000000000000e+03 -4.864000000000000000e+03 -4.800000000000000000e+01 -9.040000000000000000e+02
1.394400000000000000e+04 2.064000000000000000e+03 3.744000000000000000e+03 -4.832000000000000000e+03 5.510000000000000000e+02 -2.380000000000000000e+02
1.361600000000000000e+04 6.036000000000000000e+03 2.856000000000000000e+03 -4.816000000000000000e+03 -5.600000000000000000e+02 -1.120000000000000000e+02
1.698400000000000000e+04 3.812000000000000000e+03 4.552000000000000000e+03 -4.864000000000000000e+03 -2.900000000000000000e+02 3.360000000000000000e+02
1.864000000000000000e+04 4.536000000000000000e+03 5.940000000000000000e+03 -4.832000000000000000e+03 -2.650000000000000000e+02 8.410000000000000000e+02
2.078400000000000000e+04 3.732000000000000000e+03 5.504000000000000000e+03 -4.816000000000000000e+03 -3.920000000000000000e+02 7.540000000000000000e+02
1.743200000000000000e+04 3.204000000000000000e+03 5.500000000000000000e+03 -4.848000000000000000e+03 -5.250000000000000000e+02 6.520000000000000000e+02
1.400400000000000000e+04 2.624000000000000000e+03 4.080000000000000000e+03 -4.864000000000000000e+03 -6.850000000000000000e+02 1.221000000000000000e+03
8.252000000000000000e+03 2.324000000000000000e+03 3.860000000000000000e+03 -4.832000000000000000e+03 -3.400000000000000000e+02 -9.950000000000000000e+02
5.056000000000000000e+03 1.840000000000000000e+03 1.836000000000000000e+03 -4.816000000000000000e+03 -3.040000000000000000e+02 2.810000000000000000e+02
5.036000000000000000e+03 1.284000000000000000e+03 -1.164000000000000000e+03 -4.816000000000000000e+03 -1.950000000000000000e+02 -5.790000000000000000e+02
4.964000000000000000e+03 4.360000000000000000e+02 -1.600000000000000000e+02 -4.832000000000000000e+03 -1.390000000000000000e+02 2.129000000000000000e+03
9.764000000000000000e+03 1.172000000000000000e+03 3.520000000000000000e+02 -4.848000000000000000e+03 -4.000000000000000000e+01 -1.261000000000000000e+03
1.572000000000000000e+04 1.844000000000000000e+03 2.540000000000000000e+03 -4.864000000000000000e+03 -3.280000000000000000e+02 9.780000000000000000e+02
1.387600000000000000e+04 1.700000000000000000e+03 1.284000000000000000e+03 -4.816000000000000000e+03 -1.760000000000000000e+02 1.184000000000000000e+03
1.431200000000000000e+04 2.284000000000000000e+03 2.628000000000000000e+03 -4.832000000000000000e+03 -2.020000000000000000e+02 2.389000000000000000e+03
1.502000000000000000e+04 1.836000000000000000e+03 1.400000000000000000e+03 -4.832000000000000000e+03 -3.960000000000000000e+02 1.873000000000000000e+03
1.782000000000000000e+04 2.836000000000000000e+03 -3.200000000000000000e+02 -4.848000000000000000e+03 -2.820000000000000000e+02 2.291000000000000000e+03
1.834400000000000000e+04 3.412000000000000000e+03 2.328000000000000000e+03 -4.832000000000000000e+03 -5.800000000000000000e+01 2.716000000000000000e+03
1.949600000000000000e+04 3.912000000000000000e+03 5.292000000000000000e+03 -4.816000000000000000e+03 1.100000000000000000e+01 2.197000000000000000e+03
2.040800000000000000e+04 4.320000000000000000e+03 5.444000000000000000e+03 -4.848000000000000000e+03 -4.490000000000000000e+02 2.970000000000000000e+03
2.146800000000000000e+04 3.940000000000000000e+03 4.172000000000000000e+03 -4.848000000000000000e+03 -1.940000000000000000e+02 2.294000000000000000e+03
1.958000000000000000e+04 3.236000000000000000e+03 3.892000000000000000e+03 -4.832000000000000000e+03 -2.020000000000000000e+02 2.103000000000000000e+03
1.937600000000000000e+04 3.584000000000000000e+03 7.448000000000000000e+03 -4.864000000000000000e+03 -8.800000000000000000e+01 1.033000000000000000e+03
2.080000000000000000e+04 4.340000000000000000e+03 7.004000000000000000e+03 -4.832000000000000000e+03 -4.900000000000000000e+01 8.800000000000000000e+02
1.813600000000000000e+04 3.752000000000000000e+03 5.712000000000000000e+03 -4.848000000000000000e+03 -8.600000000000000000e+01 4.800000000000000000e+02
1.920800000000000000e+04 3.344000000000000000e+03 6.468000000000000000e+03 -4.848000000000000000e+03 -2.060000000000000000e+02 -1.126000000000000000e+03
1.675600000000000000e+04 2.696000000000000000e+03 7.244000000000000000e+03 -4.864000000000000000e+03 -1.010000000000000000e+02 -1.446000000000000000e+03
1.534800000000000000e+04 1.912000000000000000e+03 4.364000000000000000e+03 -4.864000000000000000e+03 -3.200000000000000000e+01 -1.386000000000000000e+03
1.470800000000000000e+04 2.360000000000000000e+03 4.076000000000000000e+03 -4.816000000000000000e+03 2.600000000000000000e+01 -1.842000000000000000e+03
