2.996000000000000000e+03 2.808000000000000000e+03 1.400800000000000000e+04 -4.816000000000000000e+03 -2.410000000000000000e+02 -2.575000000000000000e+03
2.464000000000000000e+03 2.500000000000000000e+03 1.412400000000000000e+04 -4.848000000000000000e+03 -2.060000000000000000e+02 -2.522000000000000000e+03
2.580000000000000000e+03 2.332000000000000000e+03 1.433600000000000000e+04 -4.816000000000000000e+03 -1.960000000000000000e+02 -2.276000000000000000e+03
3.416000000000000000e+03 2.172000000000000000e+03 1.425600000000000000e+04 -4.880000000000000000e+03 -1.480000000000000000e+02 -2.246000000000000000e+03
2.400000000000000000e+01 2.148000000000000000e+03 1.466000000000000000e+04 -4.848000000000000000e+03 -1.000000000000000000e+02 -1.513000000000000000e+03
3.828000000000000000e+03 2.164000000000000000e+03 1.417600000000000000e+04 -4.816000000000000000e+03 -5.400000000000000000e+01 -1.437000000000000000e+03
3.856000000000000000e+03 1.924000000000000000e+03 1.401600000000000000e+04 -4.848000000000000000e+03 -2.600000000000000000e+01 -9.210000000000000000e+02
3.748000000000000000e+03 1.920000000000000000e+03 1.391600000000000000e+04 -4.832000000000000000e+03 1.800000000000000000e+01 -5.190000000000000000e+02
4.032000000000000000e+03 2.004000000000000000e+03 1.350400000000000000e+04 -4.832000000000000000e+03 2.400000000000000000e+01 -3.460000000000000000e+02
4.200000000000000000e+03 2.104000000000000000e+03 1.373200000000000000e+04 -4.832000000000000000e+03 -7.500000000000000000e+01 2.800000000000000000e+02
3.944000000000000000e+03 2.208000000000000000e+03 1.408400000000000000e+04 -4.832000000000000000e+03 -5.400000000000000000e+01 3.980000000000000000e+02
4.540000000000000000e+03 2.300000000000000000e+03 1.416400000000000000e+04 -4.864000000000000000e+03 -7.900000000000000000e+01 1.008000000000000000e+03
4.512000000000000000e+03 2.028000000000000000e+03 1.393200000000000000e+04 -4.848000000000000000e+03 -9.800000000000000000e+01 8.120000000000000000e+02
4.648000000000000000e+03 1.828000000000000000e+03 1.361200000000000000e+04 -4.832000000000000000e+03 -1.510000000000000000e+02 1.118000000000000000e+03
4.308000000000000000e+03 1.576000000000000000e+03 1.394000000000000000e+04 -4.832000000000000000e+03 -1.750000000000000000e+02 1.104000000000000000e+03
4.188000000000000000e+03 1.656000000000000000e+03 1.474800000000000000e+04 -4.848000000000000000e+03 -1.390000000000000000e+02 1.101000000000000000e+03
4.152000000000000000e+03 1.836000000000000000e+03 1.434000000000000000e+04 -4.848000000000000000e+03 -1.050000000000000000e+02 9.260000000000000000e+02
4.204000000000000000e+03 2.024000000000000000e+03 1.434400000000000000e+04 -4.832000000000000000e+03 -6.600000000000000000e+01 5.520000000000000000e+02
4.000000000000000000e+03 2.180000000000000000e+03 1.432000000000000000e+04 -4.816000000000000000e+03 -5.300000000000000000e+01 3.380000000000000000e+02
3.884000000000000000e+03 2.296000000000000000e+03 1.411200000000000000e+04 -4.832000000000000000e+03 -4.200000000000000000e+01 3.400000000000000000e+02
3.868000000000000000e+03 2.320000000000000000e+03 1.424800000000000000e+04 -4.832000000000000000e+03 -6.900000000000000000e+01 9.600000000000000000e+01
3.936000000000000000e+03 2.368000000000000000e+03 1.456800000000000000e+04 -4.864000000000000000e+03 -5.700000000000000000e+01 4.700000000000000000e+01
4.020000000000000000e+03 2.280000000000000000e+03 1.441600000000000000e+04 -4.832000000000000000e+03 -6.800000000000000000e+01 1.080000000000000000e+02
3.796000000000000000e+03 2.220000000000000000e+03 1.416800000000000000e+04 -4.848000000000000000e+03 -8.100000000000000000e+01 2.000000000000000000e+01
3.800000000000000000e+03 2.236000000000000000e+03 1.392000000000000000e+04 -4.848000000000000000e+03 -8.300000000000000000e+01 1.050000000000000000e+02
3.720000000000000000e+03 2.180000000000000000e+03 1.406800000000000000e+04 -4.832000000000000000e+03 -1.010000000000000000e+02 1.780000000000000000e+02
3.516000000000000000e+03 2.160000000000000000e+03 1.448000000000000000e+04 -4.848000000000000000e+03 -2.750000000000000000e+02 2.050000000000000000e+02
3.504000000000000000e+03 2.456000000000000000e+03 1.386000000000000000e+04 -4.832000000000000000e+03 -4.040000000000000000e+02 6.000000000000000000e+01
3.364000000000000000e+03 2.416000000000000000e+03 1.414800000000000000e+04 -4.816000000000000000e+03 -2.780000000000000000e+02 4.200000000000000000e+01
3.120000000000000000e+03 2.740000000000000000e+03 1.308800000000000000e+04 -4.816000000000000000e+03 -1.940000000000000000e+02 6.730000000000000000e+02
2.652000000000000000e+03 2.524000000000000000e+03 9.812000000000000000e+03 -4.832000000000000000e+03 -2.000000000000000000e+01 4.420000000000000000e+02
2.476000000000000000e+03 2.192000000000000000e+03 6.444000000000000000e+03 -4.832000000000000000e+03 6.700000000000000000e+01 8.060000000000000000e+02
1.968000000000000000e+03 1.548000000000000000e+03 5.244000000000000000e+03 -4.848000000000000000e+03 6.450000000000000000e+02 1.477000000000000000e+03
2.044000000000000000e+03 1.396000000000000000e+03 7.064000000000000000e+03 -4.832000000000000000e+03 -1.940000000000000000e+02 -1.780000000000000000e+02
2.132000000000000000e+03 1.352000000000000000e+03 1.004400000000000000e+04 -4.864000000000000000e+03 2.200000000000000000e+01 -3.160000000000000000e+02
3.608000000000000000e+03 2.072000000000000000e+03 2.099600000000000000e+04 -4.848000000000000000e+03 1.730000000000000000e+02 4.350000000000000000e+02
-2.080000000000000000e+02 3.304000000000000000e+03 2.603200000000000000e+04 -4.848000000000000000e+03 2.060000000000000000e+02 -6.900000000000000000e+01
2.500000000000000000e+03 4.476000000000000000e+03 2.473600000000000000e+04 -4.848000000000000000e+03 9.900000000000000000e+01 -2.149000000000000000e+03
7.856000000000000000e+03 4.704000000000000000e+03 2.772400000000000000e+04 -4.848000000000000000e+03 1.840000000000000000e+02 -1.709000000000000000e+03
7.760000000000000000e+03 4.796000000000000000e+03 3.244800000000000000e+04 -4.848000000000000000e+03 -2.260000000000000000e+02 -1.426000000000000000e+03
6.512000000000000000e+03 5.580000000000000000e+03 3.276700000000000000e+04 -4.848000000000000000e+03 -4.440000000000000000e+02 -1.351000000000000000e+03
8.064000000000000000e+03 5.856000000000000000e+03 3.202400000000000000e+04 -4.832000000000000000e+03 -4.450000000000000000e+02 -9.830000000000000000e+02
8.576000000000000000e+03 5.344000000000000000e+03 2.840000000000000000e+04 -4.816000000000000000e+03 -4.160000000000000000e+02 -9.530000000000000000e+02
1.096400000000000000e+04 5.312000000000000000e+03 2.129200000000000000e+04 -4.832000000000000000e+03 -4.200000000000000000e+02 -1.640000000000000000e+02
1.104400000000000000e+04 3.932000000000000000e+03 1.324400000000000000e+04 -4.832000000000000000e+03 -1.590000000000000000e+02 -1.057000000000000000e+03
8.072000000000000000e+03 2.764000000000000000e+03 7.472000000000000000e+03 -4.816000000000000000e+03 -1.290000000000000000e+02 -6.900000000000000000e+01
7.380000000000000000e+03 2.120000000000000000e+03 3.716000000000000000e+03 -4.848000000000000000e+03 -1.650000000000000000e+02 -2.190000000000000000e+02
5.320000000000000000e+03 1.832000000000000000e+03 1.516000000000000000e+03 -4.848000000000000000e+03 -4.600000000000000000e+01 -7.720000000000000000e+02
2.620000000000000000e+03 8.440000000000000000e+02 4.600000000000000000e+02 -4.832000000000000000e+03 5.800000000000000000e+01 -1.168000000000000000e+03
1.940000000000000000e+03 2.920000000000000000e+02 1.920000000000000000e+02 -4.848000000000000000e+03 -1.510000000000000000e+02 2.298000000000000000e+03
8.040000000000000000e+02 1.360000000000000000e+02 6.400000000000000000e+02 -4.832000000000000000e+03 5.110000000000000000e+02 -2.202000000000000000e+03
3.680000000000000000e+02 5.600000000000000000e+01 1.184000000000000000e+03 -4.848000000000000000e+03 -6.910000000000000000e+02 -6.460000000000000000e+02
-6.560000000000000000e+02 4.560000000000000000e+02 -1.296000000000000000e+03 -4.848000000000000000e+03 -2.370000000000000000e+02 -3.260000000000000000e+02
1.552000000000000000e+03 1.036000000000000000e+03 1.281200000000000000e+04 -4.848000000000000000e+03 -6.090000000000000000e+02 -5.500000000000000000e+02
-3.088000000000000000e+03 1.060000000000000000e+03 1.473600000000000000e+04 -4.832000000000000000e+03 -7.750000000000000000e+02 -2.350000000000000000e+02
-2.024000000000000000e+03 3.100000000000000000e+03 1.913600000000000000e+04 -4.816000000000000000e+03 -9.130000000000000000e+02 -2.820000000000000000e+02
2.744000000000000000e+03 4.712000000000000000e+03 2.018800000000000000e+04 -4.848000000000000000e+03 -5.800000000000000000e+02 -3.300000000000000000e+02
3.020000000000000000e+03 3.872000000000000000e+03 1.712800000000000000e+04 -4.880000000000000000e+03 -1.600000000000000000e+02 -4.190000000000000000e+02
3.360000000000000000e+03 4.000000000000000000e+03 1.178400000000000000e+04 -4.816000000000000000e+03 -5.000000000000000000e+01 -1.615000000000000000e+03
2.096000000000000000e+03 3.080000000000000000e+03 7.304000000000000000e+03 -4.848000000000000000e+03 -2.100000000000000000e+01 -1.290000000000000000e+02
7.960000000000000000e+02 1.624000000000000000e+03 4.316000000000000000e+03 -4.832000000000000000e+03 3.510000000000000000e+02 -9.170000000000000000e+02
1.076000000000000000e+03 1.008000000000000000e+03 3.456000000000000000e+03 -4.848000000000000000e+03 2.600000000000000000e+01 -4.600000000000000000e+02
8.360000000000000000e+02 8.840000000000000000e+02 2.568000000000000000e+03 -4.832000000000000000e+03 2.210000000000000000e+02 7.790000000000000000e+02
8.040000000000000000e+02 6.280000000000000000e+02 4.212000000000000000e+03 -4.848000000000000000e+03 5.090000000000000000e+02 -8.420000000000000000e+02
2.432000000000000000e+03 8.840000000000000000e+02 8.416000000000000000e+03 -4.832000000000000000e+03 -1.240000000000000000e+02 4.340000000000000000e+02
4.292000000000000000e+03 2.220000000000000000e+03 7.688000000000000000e+03 -4.832000000000000000e+03 4.180000000000000000e+02 1.011000000000000000e+03
5.820000000000000000e+03 2.436000000000000000e+03 1.324000000000000000e+04 -4.848000000000000000e+03 1.590000000000000000e+02 1.799000000000000000e+03
4.808000000000000000e+03 4.084000000000000000e+03 1.475600000000000000e+04 -4.800000000000000000e+03 -2.090000000000000000e+02 2.663000000000000000e+03
6.488000000000000000e+03 4.672000000000000000e+03 1.573200000000000000e+04 -4.832000000000000000e+03 -4.330000000000000000e+02 2.714000000000000000e+03
6.396000000000000000e+03 4.460000000000000000e+03 1.938800000000000000e+04 -4.832000000000000000e+03 -6.730000000000000000e+02 3.395000000000000000e+03
1.032000000000000000e+04 6.236000000000000000e+03 2.167600000000000000e+04 -4.848000000000000000e+03 -1.671000000000000000e+03 3.132000000000000000e+03
1.117200000000000000e+04 5.192000000000000000e+03 2.671600000000000000e+04 -4.848000000000000000e+03 -1.502000000000000000e+03 1.203000000000000000e+03
9.688000000000000000e+03 6.632000000000000000e+03 2.734000000000000000e+04 -4.864000000000000000e+03 -1.383000000000000000e+03 2.953000000000000000e+03
6.884000000000000000e+03 5.396000000000000000e+03 3.276700000000000000e+04 -4.832000000000000000e+03 -1.225000000000000000e+03 2.432000000000000000e+03
-3.052000000000000000e+03 6.676000000000000000e+03 1.853600000000000000e+04 -4.816000000000000000e+03 -1.245000000000000000e+03 2.765000000000000000e+03
5.312000000000000000e+03 3.440000000000000000e+03 1.292000000000000000e+04 -4.864000000000000000e+03 -9.040000000000000000e+02 3.445000000000000000e+03
5.732000000000000000e+03 3.344000000000000000e+03 8.580000000000000000e+03 -4.832000000000000000e+03 -9.850000000000000000e+02 3.311000000000000000e+03
5.184000000000000000e+03 2.552000000000000000e+03 9.448000000000000000e+03 -4.848000000000000000e+03 -1.153000000000000000e+03 1.151000000000000000e+03
1.244000000000000000e+03 2.148000000000000000e+03 1.092000000000000000e+04 -4.848000000000000000e+03 -8.930000000000000000e+02 2.099000000000000000e+03
1.028000000000000000e+03 2.404000000000000000e+03 1.976800000000000000e+04 -4.848000000000000000e+03 -8.320000000000000000e+02 2.497000000000000000e+03
