-7.236000000000000000e+03 2.264000000000000000e+03 1.324800000000000000e+04 -4.768000000000000000e+03 -4.370000000000000000e+02 8.870000000000000000e+02
-7.700000000000000000e+03 2.640000000000000000e+03 1.292000000000000000e+04 -4.752000000000000000e+03 -3.930000000000000000e+02 1.001000000000000000e+03
-7.444000000000000000e+03 2.664000000000000000e+03 1.296000000000000000e+04 -4.752000000000000000e+03 -3.530000000000000000e+02 1.187000000000000000e+03
-7.000000000000000000e+03 2.570000000000000000e+02 1.255600000000000000e+04 -4.768000000000000000e+03 -3.290000000000000000e+02 1.283000000000000000e+03
7.100000000000000000e+01 2.208000000000000000e+03 1.310800000000000000e+04 -4.752000000000000000e+03 -2.800000000000000000e+02 1.313000000000000000e+03
-6.684000000000000000e+03 2.292000000000000000e+03 1.287200000000000000e+04 -4.768000000000000000e+03 -2.660000000000000000e+02 1.336000000000000000e+03
-6.888000000000000000e+03 2.868000000000000000e+03 1.248000000000000000e+04 -4.752000000000000000e+03 -2.370000000000000000e+02 1.288000000000000000e+03
-7.572000000000000000e+03 2.608000000000000000e+03 1.258400000000000000e+04 -4.784000000000000000e+03 -2.050000000000000000e+02 1.163000000000000000e+03
-7.276000000000000000e+03 2.540000000000000000e+03 1.220000000000000000e+04 -4.768000000000000000e+03 -1.910000000000000000e+02 1.113000000000000000e+03
-7.244000000000000000e+03 1.832000000000000000e+03 1.262000000000000000e+04 -4.752000000000000000e+03 -1.710000000000000000e+02 9.020000000000000000e+02
-6.736000000000000000e+03 1.824000000000000000e+03 1.247600000000000000e+04 -4.736000000000000000e+03 -1.390000000000000000e+02 6.920000000000000000e+02
-7.172000000000000000e+03 2.012000000000000000e+03 1.254800000000000000e+04 -4.736000000000000000e+03 -1.610000000000000000e+02 4.400000000000000000e+02
-6.852000000000000000e+03 1.952000000000000000e+03 1.224400000000000000e+04 -4.768000000000000000e+03 -1.990000000000000000e+02 3.840000000000000000e+02
-6.864000000000000000e+03 2.084000000000000000e+03 1.219600000000000000e+04 -4.736000000000000000e+03 -2.930000000000000000e+02 3.480000000000000000e+02
-7.036000000000000000e+03 1.932000000000000000e+03 1.195600000000000000e+04 -4.784000000000000000e+03 -2.630000000000000000e+02 1.020000000000000000e+03
-6.868000000000000000e+03 1.940000000000000000e+03 1.256800000000000000e+04 -4.752000000000000000e+03 -4.390000000000000000e+02 3.560000000000000000e+02
-7.044000000000000000e+03 2.112000000000000000e+03 1.213600000000000000e+04 -4.752000000000000000e+03 -4.910000000000000000e+02 3.780000000000000000e+02
-7.032000000000000000e+03 2.004000000000000000e+03 1.210400000000000000e+04 -4.768000000000000000e+03 -3.370000000000000000e+02 -9.410000000000000000e+02
-7.072000000000000000e+03 1.856000000000000000e+03 1.236400000000000000e+04 -4.752000000000000000e+03 -2.660000000000000000e+02 1.850000000000000000e+02
-7.012000000000000000e+03 1.948000000000000000e+03 1.212400000000000000e+04 -4.752000000000000000e+03 -4.420000000000000000e+02 -4.490000000000000000e+02
-7.132000000000000000e+03 1.904000000000000000e+03 1.206800000000000000e+04 -4.768000000000000000e+03 -3.120000000000000000e+02 -2.150000000000000000e+02
-7.176000000000000000e+03 2.060000000000000000e+03 1.252000000000000000e+04 -4.752000000000000000e+03 -3.540000000000000000e+02 -8.150000000000000000e+02
-7.508000000000000000e+03 2.088000000000000000e+03 1.246000000000000000e+04 -4.720000000000000000e+03 -2.940000000000000000e+02 -8.190000000000000000e+02
-7.500000000000000000e+03 1.908000000000000000e+03 1.308400000000000000e+04 -4.752000000000000000e+03 -3.020000000000000000e+02 -1.390000000000000000e+03
-7.704000000000000000e+03 1.948000000000000000e+03 1.195600000000000000e+04 -4.768000000000000000e+03 -3.870000000000000000e+02 -2.072000000000000000e+03
-7.592000000000000000e+03 2.004000000000000000e+03 1.110400000000000000e+04 -4.768000000000000000e+03 -3.430000000000000000e+02 -2.494000000000000000e+03
-7.628000000000000000e+03 2.028000000000000000e+03 9.520000000000000000e+03 -4.752000000000000000e+03 -3.310000000000000000e+02 -3.014000000000000000e+03
-7.796000000000000000e+03 1.972000000000000000e+03 6.088000000000000000e+03 -4.768000000000000000e+03 -2.920000000000000000e+02 -3.124000000000000000e+03
-8.180000000000000000e+03 1.924000000000000000e+03 4.844000000000000000e+03 -4.736000000000000000e+03 -3.100000000000000000e+02 -3.450000000000000000e+03
-8.424000000000000000e+03 2.124000000000000000e+03 5.940000000000000000e+03 -4.752000000000000000e+03 -4.100000000000000000e+01 -3.210000000000000000e+03
-8.860000000000000000e+03 1.800000000000000000e+03 4.556000000000000000e+03 -4.768000000000000000e+03 -2.050000000000000000e+02 -2.830000000000000000e+03
-8.404000000000000000e+03 1.592000000000000000e+03 5.460000000000000000e+03 -4.752000000000000000e+03 1.180000000000000000e+02 -2.120000000000000000e+03
-8.168000000000000000e+03 1.324000000000000000e+03 6.732000000000000000e+03 -4.784000000000000000e+03 -1.500000000000000000e+01 -1.394000000000000000e+03
-7.984000000000000000e+03 8.600000000000000000e+02 8.928000000000000000e+03 -4.768000000000000000e+03 -1.470000000000000000e+02 -8.480000000000000000e+02
-6.608000000000000000e+03 8.360000000000000000e+02 1.115200000000000000e+04 -4.768000000000000000e+03 -6.020000000000000000e+02 -7.920000000000000000e+02
-5.104000000000000000e+03 7.360000000000000000e+02 1.206400000000000000e+04 -4.752000000000000000e+03 -4.680000000000000000e+02 -3.340000000000000000e+02
-5.408000000000000000e+03 3.200000000000000000e+02 1.300000000000000000e+04 -4.752000000000000000e+03 -2.640000000000000000e+02 -4.190000000000000000e+02
-4.408000000000000000e+03 6.840000000000000000e+02 1.364000000000000000e+04 -4.768000000000000000e+03 -2.000000000000000000e+01 -4.990000000000000000e+02
-4.228000000000000000e+03 1.136000000000000000e+03 1.417200000000000000e+04 -4.736000000000000000e+03 1.510000000000000000e+02 -4.980000000000000000e+02
-4.272000000000000000e+03 1.688000000000000000e+03 1.478800000000000000e+04 -4.752000000000000000e+03 8.500000000000000000e+01 -2.900000000000000000e+02
-6.024000000000000000e+03 2.128000000000000000e+03 1.638400000000000000e+04 -4.752000000000000000e+03 2.870000000000000000e+02 -3.180000000000000000e+02
-6.764000000000000000e+03 2.164000000000000000e+03 1.920400000000000000e+04 -4.752000000000000000e+03 3.480000000000000000e+02 -2.140000000000000000e+02
-7.268000000000000000e+03 2.232000000000000000e+03 2.187600000000000000e+04 -4.736000000000000000e+03 3.540000000000000000e+02 -1.030000000000000000e+02
-7.072000000000000000e+03 2.168000000000000000e+03 2.600800000000000000e+04 -4.784000000000000000e+03 3.270000000000000000e+02 3.570000000000000000e+02
-7.316000000000000000e+03 2.024000000000000000e+03 2.966000000000000000e+04 -4.784000000000000000e+03 1.200000000000000000e+02 5.690000000000000000e+02
-7.352000000000000000e+03 2.244000000000000000e+03 2.710000000000000000e+04 -4.752000000000000000e+03 -2.700000000000000000e+01 7.110000000000000000e+02
-7.696000000000000000e+03 2.692000000000000000e+03 2.134400000000000000e+04 -4.752000000000000000e+03 -1.310000000000000000e+02 9.560000000000000000e+02
-8.120000000000000000e+03 2.420000000000000000e+03 1.667600000000000000e+04 -4.784000000000000000e+03 -9.300000000000000000e+01 1.251000000000000000e+03
-9.132000000000000000e+03 2.248000000000000000e+03 1.625200000000000000e+04 -4.768000000000000000e+03 -1.010000000000000000e+02 1.573000000000000000e+03
-1.002800000000000000e+04 2.556000000000000000e+03 1.650400000000000000e+04 -4.752000000000000000e+03 -3.600000000000000000e+01 9.580000000000000000e+02
-1.158000000000000000e+04 3.620000000000000000e+03 1.553600000000000000e+04 -4.752000000000000000e+03 1.540000000000000000e+02 1.220000000000000000e+02
-1.297200000000000000e+04 3.260000000000000000e+03 1.470800000000000000e+04 -4.752000000000000000e+03 4.830000000000000000e+02 1.257000000000000000e+03
-1.280800000000000000e+04 2.432000000000000000e+03 1.634000000000000000e+04 -4.736000000000000000e+03 6.020000000000000000e+02 1.152000000000000000e+03
-8.904000000000000000e+03 1.664000000000000000e+03 1.584000000000000000e+04 -4.784000000000000000e+03 3.430000000000000000e+02 1.111000000000000000e+03
-5.564000000000000000e+03 1.648000000000000000e+03 1.586000000000000000e+04 -4.768000000000000000e+03 -3.280000000000000000e+02 1.463000000000000000e+03
-4.920000000000000000e+03 1.524000000000000000e+03 1.474000000000000000e+04 -4.768000000000000000e+03 -5.260000000000000000e+02 1.027000000000000000e+03
-5.404000000000000000e+03 1.424000000000000000e+03 1.240400000000000000e+04 -4.768000000000000000e+03 -1.270000000000000000e+02 1.756000000000000000e+03
-5.348000000000000000e+03 1.160000000000000000e+03 8.168000000000000000e+03 -4.752000000000000000e+03 3.300000000000000000e+01 1.793000000000000000e+03
-5.344000000000000000e+03 1.992000000000000000e+03 4.628000000000000000e+03 -4.768000000000000000e+03 -1.500000000000000000e+01 1.333000000000000000e+03
-6.228000000000000000e+03 1.864000000000000000e+03 1.824000000000000000e+03 -4.736000000000000000e+03 -4.020000000000000000e+02 1.260000000000000000e+03
-6.072000000000000000e+03 1.788000000000000000e+03 6.880000000000000000e+02 -4.768000000000000000e+03 -4.420000000000000000e+02 1.180000000000000000e+03
-4.776000000000000000e+03 1.608000000000000000e+03 6.000000000000000000e+02 -4.768000000000000000e+03 -2.960000000000000000e+02 1.302000000000000000e+03
-3.988000000000000000e+03 1.672000000000000000e+03 3.780000000000000000e+03 -4.752000000000000000e+03 -1.990000000000000000e+02 1.315000000000000000e+03
-2.552000000000000000e+03 1.216000000000000000e+03 1.018800000000000000e+04 -4.736000000000000000e+03 -2.710000000000000000e+02 1.328000000000000000e+03
-1.460000000000000000e+03 1.044000000000000000e+03 1.856800000000000000e+04 -4.736000000000000000e+03 -3.570000000000000000e+02 1.407000000000000000e+03
-8.840000000000000000e+02 7.120000000000000000e+02 1.856400000000000000e+04 -4.752000000000000000e+03 -4.580000000000000000e+02 1.673000000000000000e+03
