-4.420000000000000000e+03 1.272000000000000000e+03 1.297600000000000000e+04 -4.752000000000000000e+03 -3.620000000000000000e+02 9.840000000000000000e+02
3.120000000000000000e+02 1.824000000000000000e+03 1.436800000000000000e+04 -4.736000000000000000e+03 -3.370000000000000000e+02 7.760000000000000000e+02
-3.468000000000000000e+03 1.396000000000000000e+03 1.512000000000000000e+04 -4.768000000000000000e+03 -3.370000000000000000e+02 5.150000000000000000e+02
-1.980000000000000000e+03 1.536000000000000000e+03 1.458800000000000000e+04 -4.736000000000000000e+03 -3.850000000000000000e+02 2.000000000000000000e+02
-3.752000000000000000e+03 1.272000000000000000e+03 1.304400000000000000e+04 -4.768000000000000000e+03 -3.350000000000000000e+02 -1.260000000000000000e+02
-4.552000000000000000e+03 1.184000000000000000e+03 1.354800000000000000e+04 -4.768000000000000000e+03 -2.670000000000000000e+02 -3.280000000000000000e+02
-3.904000000000000000e+03 1.096000000000000000e+03 1.452000000000000000e+04 -4.768000000000000000e+03 -2.350000000000000000e+02 -4.720000000000000000e+02
-3.236000000000000000e+03 1.268000000000000000e+03 1.489200000000000000e+04 -4.736000000000000000e+03 -1.720000000000000000e+02 -6.700000000000000000e+02
-3.180000000000000000e+03 1.436000000000000000e+03 1.448000000000000000e+04 -4.752000000000000000e+03 -1.530000000000000000e+02 -6.230000000000000000e+02
-3.024000000000000000e+03 1.512000000000000000e+03 1.408000000000000000e+04 -4.768000000000000000e+03 -1.420000000000000000e+02 -5.220000000000000000e+02
-3.320000000000000000e+03 1.296000000000000000e+03 1.355600000000000000e+04 -4.736000000000000000e+03 -8.700000000000000000e+01 -3.130000000000000000e+02
-3.436000000000000000e+03 1.248000000000000000e+03 1.412000000000000000e+04 -4.752000000000000000e+03 -7.000000000000000000e+01 -2.920000000000000000e+02
-3.544000000000000000e+03 1.504000000000000000e+03 1.425200000000000000e+04 -4.752000000000000000e+03 -8.100000000000000000e+01 -1.300000000000000000e+01
-3.176000000000000000e+03 1.664000000000000000e+03 1.387600000000000000e+04 -4.768000000000000000e+03 -1.480000000000000000e+02 3.300000000000000000e+02
-3.512000000000000000e+03 1.744000000000000000e+03 1.403600000000000000e+04 -4.736000000000000000e+03 -2.030000000000000000e+02 6.300000000000000000e+02
-4.012000000000000000e+03 1.232000000000000000e+03 1.382400000000000000e+04 -4.784000000000000000e+03 -1.300000000000000000e+02 7.740000000000000000e+02
-3.828000000000000000e+03 1.304000000000000000e+03 1.382400000000000000e+04 -4.768000000000000000e+03 -2.900000000000000000e+02 9.990000000000000000e+02
-3.492000000000000000e+03 1.376000000000000000e+03 1.397600000000000000e+04 -4.784000000000000000e+03 -4.890000000000000000e+02 1.263000000000000000e+03
-3.772000000000000000e+03 1.372000000000000000e+03 1.392400000000000000e+04 -4.752000000000000000e+03 -6.000000000000000000e+02 1.437000000000000000e+03
-3.572000000000000000e+03 1.384000000000000000e+03 1.381200000000000000e+04 -4.720000000000000000e+03 -6.190000000000000000e+02 1.295000000000000000e+03
-4.028000000000000000e+03 1.496000000000000000e+03 1.372000000000000000e+04 -4.736000000000000000e+03 -6.570000000000000000e+02 1.197000000000000000e+03
-4.292000000000000000e+03 1.380000000000000000e+03 1.414400000000000000e+04 -4.752000000000000000e+03 -7.390000000000000000e+02 1.690000000000000000e+03
-3.944000000000000000e+03 1.332000000000000000e+03 1.448000000000000000e+04 -4.768000000000000000e+03 -7.020000000000000000e+02 1.449000000000000000e+03
-4.008000000000000000e+03 1.384000000000000000e+03 1.388400000000000000e+04 -4.752000000000000000e+03 -7.470000000000000000e+02 1.151000000000000000e+03
-4.116000000000000000e+03 1.392000000000000000e+03 1.390400000000000000e+04 -4.752000000000000000e+03 -6.100000000000000000e+02 7.200000000000000000e+02
-4.056000000000000000e+03 1.352000000000000000e+03 1.459600000000000000e+04 -4.784000000000000000e+03 -7.090000000000000000e+02 2.680000000000000000e+02
-4.176000000000000000e+03 1.424000000000000000e+03 1.337200000000000000e+04 -4.752000000000000000e+03 -5.160000000000000000e+02 9.000000000000000000e+01
-4.028000000000000000e+03 1.504000000000000000e+03 1.140000000000000000e+04 -4.752000000000000000e+03 -4.960000000000000000e+02 2.200000000000000000e+01
-3.924000000000000000e+03 1.464000000000000000e+03 9.892000000000000000e+03 -4.736000000000000000e+03 -5.480000000000000000e+02 -9.630000000000000000e+02
-3.972000000000000000e+03 1.396000000000000000e+03 9.240000000000000000e+03 -4.752000000000000000e+03 -3.540000000000000000e+02 -8.130000000000000000e+02
-3.984000000000000000e+03 1.120000000000000000e+03 8.964000000000000000e+03 -4.720000000000000000e+03 -5.180000000000000000e+02 -1.334000000000000000e+03
-4.296000000000000000e+03 1.468000000000000000e+03 8.624000000000000000e+03 -4.752000000000000000e+03 -3.230000000000000000e+02 -1.878000000000000000e+03
-4.172000000000000000e+03 1.424000000000000000e+03 8.024000000000000000e+03 -4.768000000000000000e+03 -2.520000000000000000e+02 -2.214000000000000000e+03
-4.172000000000000000e+03 1.032000000000000000e+03 8.968000000000000000e+03 -4.720000000000000000e+03 -9.500000000000000000e+01 -2.560000000000000000e+03
-4.252000000000000000e+03 8.400000000000000000e+02 1.052800000000000000e+04 -4.768000000000000000e+03 -4.000000000000000000e+00 -2.779000000000000000e+03
-4.476000000000000000e+03 6.840000000000000000e+02 1.038400000000000000e+04 -4.768000000000000000e+03 2.630000000000000000e+02 -2.708000000000000000e+03
-4.168000000000000000e+03 7.480000000000000000e+02 1.342400000000000000e+04 -4.768000000000000000e+03 4.080000000000000000e+02 -2.294000000000000000e+03
-3.344000000000000000e+03 6.880000000000000000e+02 1.270400000000000000e+04 -4.752000000000000000e+03 6.050000000000000000e+02 -2.162000000000000000e+03
-2.960000000000000000e+03 9.320000000000000000e+02 1.391200000000000000e+04 -4.752000000000000000e+03 5.170000000000000000e+02 -2.229000000000000000e+03
-2.752000000000000000e+03 1.052000000000000000e+03 1.466800000000000000e+04 -4.736000000000000000e+03 1.620000000000000000e+02 -1.431000000000000000e+03
-2.200000000000000000e+03 1.356000000000000000e+03 1.347200000000000000e+04 -4.752000000000000000e+03 -4.160000000000000000e+02 -1.381000000000000000e+03
-1.360000000000000000e+03 1.320000000000000000e+03 1.465600000000000000e+04 -4.752000000000000000e+03 -4.940000000000000000e+02 -1.216000000000000000e+03
-2.024000000000000000e+03 1.704000000000000000e+03 1.513600000000000000e+04 -4.752000000000000000e+03 -4.260000000000000000e+02 -1.256000000000000000e+03
-3.052000000000000000e+03 1.372000000000000000e+03 1.474800000000000000e+04 -4.752000000000000000e+03 -4.640000000000000000e+02 -1.163000000000000000e+03
-3.188000000000000000e+03 1.320000000000000000e+03 1.555600000000000000e+04 -4.752000000000000000e+03 -4.450000000000000000e+02 -1.039000000000000000e+03
-4.020000000000000000e+03 1.088000000000000000e+03 1.854800000000000000e+04 -4.784000000000000000e+03 -4.810000000000000000e+02 -7.570000000000000000e+02
-3.952000000000000000e+03 1.056000000000000000e+03 2.226000000000000000e+04 -4.768000000000000000e+03 -3.980000000000000000e+02 -5.140000000000000000e+02
-4.184000000000000000e+03 1.064000000000000000e+03 2.860800000000000000e+04 -4.784000000000000000e+03 -4.030000000000000000e+02 -2.350000000000000000e+02
-5.120000000000000000e+03 1.448000000000000000e+03 3.180000000000000000e+04 -4.736000000000000000e+03 -4.230000000000000000e+02 1.140000000000000000e+02
-4.296000000000000000e+03 1.564000000000000000e+03 2.951200000000000000e+04 -4.768000000000000000e+03 -4.390000000000000000e+02 3.400000000000000000e+02
-4.520000000000000000e+03 1.716000000000000000e+03 2.238400000000000000e+04 -4.752000000000000000e+03 -4.400000000000000000e+02 5.530000000000000000e+02
-4.416000000000000000e+03 1.840000000000000000e+03 1.851200000000000000e+04 -4.752000000000000000e+03 -6.620000000000000000e+02 7.240000000000000000e+02
-4.088000000000000000e+03 1.496000000000000000e+03 1.623200000000000000e+04 -4.784000000000000000e+03 -7.330000000000000000e+02 8.100000000000000000e+02
-4.112000000000000000e+03 2.172000000000000000e+03 1.579200000000000000e+04 -4.752000000000000000e+03 -7.900000000000000000e+02 1.432000000000000000e+03
-4.540000000000000000e+03 2.668000000000000000e+03 1.525200000000000000e+04 -4.736000000000000000e+03 -6.680000000000000000e+02 2.000000000000000000e+03
-5.344000000000000000e+03 2.612000000000000000e+03 1.514800000000000000e+04 -4.816000000000000000e+03 -6.050000000000000000e+02 -4.300000000000000000e+02
-6.404000000000000000e+03 2.068000000000000000e+03 1.566000000000000000e+04 -4.784000000000000000e+03 -5.640000000000000000e+02 1.792000000000000000e+03
-8.024000000000000000e+03 1.932000000000000000e+03 1.638000000000000000e+04 -4.784000000000000000e+03 -4.560000000000000000e+02 6.920000000000000000e+02
-7.508000000000000000e+03 1.928000000000000000e+03 1.620400000000000000e+04 -4.752000000000000000e+03 1.480000000000000000e+02 6.740000000000000000e+02
-4.404000000000000000e+03 1.840000000000000000e+03 1.654000000000000000e+04 -4.768000000000000000e+03 8.590000000000000000e+02 1.056000000000000000e+03
-2.328000000000000000e+03 1.476000000000000000e+03 1.526400000000000000e+04 -4.752000000000000000e+03 -2.810000000000000000e+02 6.470000000000000000e+02
-1.496000000000000000e+03 1.632000000000000000e+03 1.223600000000000000e+04 -4.752000000000000000e+03 -9.680000000000000000e+02 1.159000000000000000e+03
-1.192000000000000000e+03 1.628000000000000000e+03 7.956000000000000000e+03 -4.768000000000000000e+03 -3.140000000000000000e+02 1.339000000000000000e+03
-1.096000000000000000e+03 1.608000000000000000e+03 4.868000000000000000e+03 -4.736000000000000000e+03 1.570000000000000000e+02 1.518000000000000000e+03
