-8.072000000000000000e+03 1.672000000000000000e+03 1.150000000000000000e+04 -4.720000000000000000e+03 -4.320000000000000000e+02 6.880000000000000000e+02
-8.448000000000000000e+03 1.680000000000000000e+03 1.180800000000000000e+04 -4.720000000000000000e+03 -5.230000000000000000e+02 4.710000000000000000e+02
-8.888000000000000000e+03 1.848000000000000000e+03 1.165200000000000000e+04 -4.704000000000000000e+03 -5.490000000000000000e+02 2.400000000000000000e+02
-8.884000000000000000e+03 1.884000000000000000e+03 1.146800000000000000e+04 -4.688000000000000000e+03 -5.860000000000000000e+02 5.600000000000000000e+01
-9.132000000000000000e+03 1.780000000000000000e+03 1.145600000000000000e+04 -4.720000000000000000e+03 -5.750000000000000000e+02 -1.310000000000000000e+02
-9.176000000000000000e+03 1.756000000000000000e+03 1.190400000000000000e+04 -4.704000000000000000e+03 -5.920000000000000000e+02 -2.440000000000000000e+02
-9.212000000000000000e+03 1.664000000000000000e+03 1.178400000000000000e+04 -4.672000000000000000e+03 -5.840000000000000000e+02 -3.700000000000000000e+02
-9.428000000000000000e+03 1.508000000000000000e+03 1.146400000000000000e+04 -4.704000000000000000e+03 -5.240000000000000000e+02 -4.850000000000000000e+02
-9.712000000000000000e+03 1.512000000000000000e+03 1.134400000000000000e+04 -4.672000000000000000e+03 -4.710000000000000000e+02 -5.080000000000000000e+02
-9.548000000000000000e+03 1.416000000000000000e+03 1.123600000000000000e+04 -4.688000000000000000e+03 -3.840000000000000000e+02 -5.450000000000000000e+02
-9.500000000000000000e+03 1.408000000000000000e+03 1.119600000000000000e+04 -4.688000000000000000e+03 -3.430000000000000000e+02 -5.330000000000000000e+02
-9.500000000000000000e+03 1.504000000000000000e+03 1.133600000000000000e+04 -4.688000000000000000e+03 -3.030000000000000000e+02 -4.070000000000000000e+02
-9.632000000000000000e+03 1.480000000000000000e+03 1.136000000000000000e+04 -4.720000000000000000e+03 -2.770000000000000000e+02 -2.830000000000000000e+02
-9.400000000000000000e+03 1.532000000000000000e+03 1.098800000000000000e+04 -4.720000000000000000e+03 -2.290000000000000000e+02 -5.600000000000000000e+01
-9.220000000000000000e+03 1.308000000000000000e+03 1.100400000000000000e+04 -4.672000000000000000e+03 -2.210000000000000000e+02 7.800000000000000000e+01
-9.088000000000000000e+03 1.276000000000000000e+03 1.156000000000000000e+04 -4.704000000000000000e+03 -2.070000000000000000e+02 2.680000000000000000e+02
-8.896000000000000000e+03 1.500000000000000000e+03 1.140400000000000000e+04 -4.688000000000000000e+03 -2.030000000000000000e+02 3.570000000000000000e+02
-8.908000000000000000e+03 1.444000000000000000e+03 1.115200000000000000e+04 -4.704000000000000000e+03 -1.620000000000000000e+02 4.140000000000000000e+02
-8.888000000000000000e+03 1.328000000000000000e+03 1.122800000000000000e+04 -4.688000000000000000e+03 -1.960000000000000000e+02 5.210000000000000000e+02
-8.840000000000000000e+03 1.224000000000000000e+03 1.146000000000000000e+04 -4.704000000000000000e+03 -1.650000000000000000e+02 5.990000000000000000e+02
-8.852000000000000000e+03 1.240000000000000000e+03 1.156000000000000000e+04 -4.720000000000000000e+03 -1.630000000000000000e+02 5.570000000000000000e+02
-8.860000000000000000e+03 1.292000000000000000e+03 1.134000000000000000e+04 -4.704000000000000000e+03 -1.880000000000000000e+02 4.500000000000000000e+02
-8.852000000000000000e+03 1.456000000000000000e+03 1.153200000000000000e+04 -4.704000000000000000e+03 -2.140000000000000000e+02 3.580000000000000000e+02
-8.788000000000000000e+03 1.456000000000000000e+03 1.167600000000000000e+04 -4.688000000000000000e+03 -2.530000000000000000e+02 2.930000000000000000e+02
-8.748000000000000000e+03 1.516000000000000000e+03 1.140800000000000000e+04 -4.704000000000000000e+03 -2.750000000000000000e+02 4.370000000000000000e+02
-8.692000000000000000e+03 1.448000000000000000e+03 1.161600000000000000e+04 -4.720000000000000000e+03 -3.080000000000000000e+02 1.251000000000000000e+03
-8.820000000000000000e+03 1.476000000000000000e+03 1.168800000000000000e+04 -4.736000000000000000e+03 -4.240000000000000000e+02 8.550000000000000000e+02
-9.040000000000000000e+03 1.420000000000000000e+03 1.161200000000000000e+04 -4.752000000000000000e+03 -4.810000000000000000e+02 1.037000000000000000e+03
-9.324000000000000000e+03 1.360000000000000000e+03 1.149600000000000000e+04 -4.720000000000000000e+03 -6.210000000000000000e+02 1.279000000000000000e+03
-9.404000000000000000e+03 1.492000000000000000e+03 1.103600000000000000e+04 -4.720000000000000000e+03 -3.790000000000000000e+02 7.380000000000000000e+02
-9.020000000000000000e+03 1.296000000000000000e+03 1.057600000000000000e+04 -4.752000000000000000e+03 -1.470000000000000000e+02 -6.800000000000000000e+01
-8.936000000000000000e+03 1.320000000000000000e+03 9.848000000000000000e+03 -4.720000000000000000e+03 -2.710000000000000000e+02 1.250000000000000000e+03
-9.044000000000000000e+03 1.280000000000000000e+03 7.812000000000000000e+03 -4.688000000000000000e+03 -3.110000000000000000e+02 8.890000000000000000e+02
-9.364000000000000000e+03 1.152000000000000000e+03 4.996000000000000000e+03 -4.704000000000000000e+03 -2.870000000000000000e+02 5.230000000000000000e+02
-8.328000000000000000e+03 5.760000000000000000e+02 2.384000000000000000e+03 -4.704000000000000000e+03 -3.180000000000000000e+02 1.360000000000000000e+02
-6.104000000000000000e+03 1.840000000000000000e+02 4.716000000000000000e+03 -4.720000000000000000e+03 -2.920000000000000000e+02 9.900000000000000000e+01
-4.028000000000000000e+03 1.400000000000000000e+02 5.896000000000000000e+03 -4.720000000000000000e+03 -3.240000000000000000e+02 -7.390000000000000000e+02
-4.412000000000000000e+03 3.640000000000000000e+02 6.984000000000000000e+03 -4.672000000000000000e+03 -2.290000000000000000e+02 -1.097000000000000000e+03
-4.336000000000000000e+03 6.520000000000000000e+02 8.556000000000000000e+03 -4.688000000000000000e+03 -2.470000000000000000e+02 -1.525000000000000000e+03
-5.400000000000000000e+03 1.048000000000000000e+03 9.572000000000000000e+03 -4.688000000000000000e+03 -6.000000000000000000e+01 -1.730000000000000000e+03
-5.952000000000000000e+03 1.528000000000000000e+03 1.114800000000000000e+04 -4.704000000000000000e+03 -1.770000000000000000e+02 -2.168000000000000000e+03
-7.272000000000000000e+03 1.752000000000000000e+03 1.174800000000000000e+04 -4.688000000000000000e+03 -8.000000000000000000e+00 -1.986000000000000000e+03
-9.072000000000000000e+03 1.528000000000000000e+03 1.212800000000000000e+04 -4.688000000000000000e+03 -1.750000000000000000e+02 -1.828000000000000000e+03
-1.000400000000000000e+04 1.348000000000000000e+03 1.236000000000000000e+04 -4.704000000000000000e+03 1.210000000000000000e+02 -1.584000000000000000e+03
-9.828000000000000000e+03 1.112000000000000000e+03 1.284000000000000000e+04 -4.704000000000000000e+03 -1.260000000000000000e+02 -1.234000000000000000e+03
-9.724000000000000000e+03 1.100000000000000000e+03 1.631600000000000000e+04 -4.720000000000000000e+03 -1.720000000000000000e+02 -8.640000000000000000e+02
-1.086800000000000000e+04 1.880000000000000000e+03 1.519200000000000000e+04 -4.720000000000000000e+03 -4.050000000000000000e+02 -6.420000000000000000e+02
-1.247200000000000000e+04 1.364000000000000000e+03 1.879600000000000000e+04 -4.688000000000000000e+03 -2.620000000000000000e+02 -1.006000000000000000e+03
-1.205600000000000000e+04 1.700000000000000000e+03 1.930000000000000000e+04 -4.736000000000000000e+03 -1.710000000000000000e+02 -4.370000000000000000e+02
-1.239200000000000000e+04 1.052000000000000000e+03 2.198000000000000000e+04 -4.704000000000000000e+03 -1.200000000000000000e+01 -2.580000000000000000e+02
-1.388000000000000000e+04 1.892000000000000000e+03 2.264800000000000000e+04 -4.720000000000000000e+03 8.200000000000000000e+01 -1.090000000000000000e+02
-1.431200000000000000e+04 2.684000000000000000e+03 2.019600000000000000e+04 -4.704000000000000000e+03 5.100000000000000000e+01 1.940000000000000000e+02
-1.468800000000000000e+04 2.324000000000000000e+03 1.709600000000000000e+04 -4.704000000000000000e+03 2.130000000000000000e+02 6.850000000000000000e+02
-1.405600000000000000e+04 1.844000000000000000e+03 1.543600000000000000e+04 -4.720000000000000000e+03 1.200000000000000000e+02 7.960000000000000000e+02
-1.160800000000000000e+04 1.456000000000000000e+03 1.466000000000000000e+04 -4.704000000000000000e+03 1.930000000000000000e+02 1.109000000000000000e+03
-9.064000000000000000e+03 1.296000000000000000e+03 1.453200000000000000e+04 -4.704000000000000000e+03 1.180000000000000000e+02 1.352000000000000000e+03
-7.696000000000000000e+03 1.384000000000000000e+03 1.389200000000000000e+04 -4.720000000000000000e+03 -3.000000000000000000e+01 1.404000000000000000e+03
-8.132000000000000000e+03 1.132000000000000000e+03 1.401600000000000000e+04 -4.720000000000000000e+03 -7.500000000000000000e+01 1.426000000000000000e+03
-8.500000000000000000e+03 1.144000000000000000e+03 1.430400000000000000e+04 -4.704000000000000000e+03 -3.130000000000000000e+02 1.433000000000000000e+03
-8.612000000000000000e+03 1.832000000000000000e+03 1.444400000000000000e+04 -4.720000000000000000e+03 -3.610000000000000000e+02 1.414000000000000000e+03
-9.000000000000000000e+03 1.616000000000000000e+03 1.443200000000000000e+04 -4.736000000000000000e+03 -3.050000000000000000e+02 1.420000000000000000e+03
-9.168000000000000000e+03 1.768000000000000000e+03 1.342400000000000000e+04 -4.688000000000000000e+03 -2.060000000000000000e+02 1.336000000000000000e+03
-9.388000000000000000e+03 1.404000000000000000e+03 1.190000000000000000e+04 -4.720000000000000000e+03 -8.600000000000000000e+01 1.263000000000000000e+03
-8.380000000000000000e+03 1.260000000000000000e+03 9.860000000000000000e+03 -4.720000000000000000e+03 -1.400000000000000000e+01 9.620000000000000000e+02
-7.488000000000000000e+03 1.032000000000000000e+03 6.280000000000000000e+03 -4.720000000000000000e+03 8.000000000000000000e+01 6.550000000000000000e+02
-5.852000000000000000e+03 4.760000000000000000e+02 3.876000000000000000e+03 -4.688000000000000000e+03 6.100000000000000000e+01 1.100000000000000000e+02
-3.992000000000000000e+03 2.360000000000000000e+02 2.248000000000000000e+03 -4.720000000000000000e+03 -1.840000000000000000e+02 -3.990000000000000000e+02
-2.956000000000000000e+03 2.000000000000000000e+02 2.380000000000000000e+03 -4.736000000000000000e+03 -3.430000000000000000e+02 -8.390000000000000000e+02
-2.440000000000000000e+03 5.440000000000000000e+02 3.788000000000000000e+03 -4.704000000000000000e+03 -2.060000000000000000e+02 -1.585000000000000000e+03
-3.372000000000000000e+03 9.800000000000000000e+02 7.080000000000000000e+03 -4.720000000000000000e+03 -8.200000000000000000e+01 -1.529000000000000000e+03
-5.148000000000000000e+03 1.560000000000000000e+03 1.067600000000000000e+04 -4.688000000000000000e+03 -1.630000000000000000e+02 -1.786000000000000000e+03
-7.868000000000000000e+03 2.216000000000000000e+03 1.356400000000000000e+04 -4.720000000000000000e+03 -2.700000000000000000e+02 -1.687000000000000000e+03
-1.020000000000000000e+04 2.616000000000000000e+03 1.162400000000000000e+04 -4.720000000000000000e+03 -3.470000000000000000e+02 -1.533000000000000000e+03
-1.179600000000000000e+04 1.736000000000000000e+03 1.042000000000000000e+04 -4.736000000000000000e+03 -4.030000000000000000e+02 -1.285000000000000000e+03
-1.035600000000000000e+04 1.236000000000000000e+03 1.148000000000000000e+04 -4.720000000000000000e+03 -3.830000000000000000e+02 -8.590000000000000000e+02
-8.696000000000000000e+03 1.544000000000000000e+03 1.258000000000000000e+04 -4.736000000000000000e+03 -4.760000000000000000e+02 -5.650000000000000000e+02
-8.508000000000000000e+03 1.948000000000000000e+03 1.308000000000000000e+04 -4.736000000000000000e+03 -5.810000000000000000e+02 -1.720000000000000000e+02
