2.364000000000000000e+03 2.044000000000000000e+03 1.477600000000000000e+04 -4.736000000000000000e+03 -4.350000000000000000e+02 -6.730000000000000000e+02
2.512000000000000000e+03 2.144000000000000000e+03 1.462400000000000000e+04 -4.736000000000000000e+03 -4.010000000000000000e+02 -7.210000000000000000e+02
2.272000000000000000e+03 2.280000000000000000e+03 1.456400000000000000e+04 -4.720000000000000000e+03 -3.970000000000000000e+02 -6.100000000000000000e+02
2.288000000000000000e+03 2.248000000000000000e+03 1.444400000000000000e+04 -4.736000000000000000e+03 -3.940000000000000000e+02 -4.980000000000000000e+02
2.464000000000000000e+03 2.304000000000000000e+03 1.486000000000000000e+04 -4.720000000000000000e+03 -3.900000000000000000e+02 -2.980000000000000000e+02
2.548000000000000000e+03 2.148000000000000000e+03 1.488400000000000000e+04 -4.752000000000000000e+03 -3.590000000000000000e+02 -8.700000000000000000e+01
2.436000000000000000e+03 2.252000000000000000e+03 1.466400000000000000e+04 -4.736000000000000000e+03 -3.480000000000000000e+02 8.500000000000000000e+01
2.488000000000000000e+03 2.032000000000000000e+03 1.446400000000000000e+04 -4.720000000000000000e+03 -3.440000000000000000e+02 2.240000000000000000e+02
2.208000000000000000e+03 2.132000000000000000e+03 1.433200000000000000e+04 -4.736000000000000000e+03 -3.040000000000000000e+02 4.470000000000000000e+02
2.128000000000000000e+03 2.184000000000000000e+03 1.452000000000000000e+04 -4.752000000000000000e+03 -3.340000000000000000e+02 6.170000000000000000e+02
2.392000000000000000e+03 2.160000000000000000e+03 1.431200000000000000e+04 -4.720000000000000000e+03 -3.300000000000000000e+02 7.660000000000000000e+02
2.400000000000000000e+03 2.080000000000000000e+03 1.438800000000000000e+04 -4.720000000000000000e+03 -3.450000000000000000e+02 9.000000000000000000e+02
2.348000000000000000e+03 2.120000000000000000e+03 1.402800000000000000e+04 -4.752000000000000000e+03 -4.030000000000000000e+02 8.550000000000000000e+02
2.520000000000000000e+03 1.984000000000000000e+03 1.417600000000000000e+04 -4.752000000000000000e+03 -4.150000000000000000e+02 1.003000000000000000e+03
2.496000000000000000e+03 1.800000000000000000e+03 1.416800000000000000e+04 -4.736000000000000000e+03 -3.740000000000000000e+02 9.890000000000000000e+02
2.588000000000000000e+03 1.888000000000000000e+03 1.428800000000000000e+04 -4.720000000000000000e+03 -3.730000000000000000e+02 1.094000000000000000e+03
2.408000000000000000e+03 1.872000000000000000e+03 1.427200000000000000e+04 -4.752000000000000000e+03 -3.100000000000000000e+02 1.035000000000000000e+03
2.732000000000000000e+03 2.080000000000000000e+03 1.438400000000000000e+04 -4.752000000000000000e+03 -2.480000000000000000e+02 1.034000000000000000e+03
2.836000000000000000e+03 1.944000000000000000e+03 1.464800000000000000e+04 -4.736000000000000000e+03 -2.950000000000000000e+02 1.157000000000000000e+03
2.900000000000000000e+03 2.012000000000000000e+03 1.459200000000000000e+04 -4.736000000000000000e+03 -3.840000000000000000e+02 1.402000000000000000e+03
2.948000000000000000e+03 2.064000000000000000e+03 1.449200000000000000e+04 -4.736000000000000000e+03 -3.870000000000000000e+02 1.754000000000000000e+03
2.900000000000000000e+03 2.128000000000000000e+03 1.448800000000000000e+04 -4.736000000000000000e+03 -4.670000000000000000e+02 2.024000000000000000e+03
3.044000000000000000e+03 2.000000000000000000e+03 1.416400000000000000e+04 -4.752000000000000000e+03 -6.280000000000000000e+02 2.086000000000000000e+03
3.024000000000000000e+03 1.916000000000000000e+03 1.453200000000000000e+04 -4.752000000000000000e+03 -9.400000000000000000e+02 4.610000000000000000e+02
2.992000000000000000e+03 1.720000000000000000e+03 1.498800000000000000e+04 -4.704000000000000000e+03 -8.100000000000000000e+02 3.073000000000000000e+03
2.888000000000000000e+03 1.824000000000000000e+03 1.540400000000000000e+04 -4.736000000000000000e+03 -8.000000000000000000e+01 1.202000000000000000e+03
2.712000000000000000e+03 1.956000000000000000e+03 1.478800000000000000e+04 -4.752000000000000000e+03 -3.790000000000000000e+02 1.721000000000000000e+03
2.684000000000000000e+03 1.868000000000000000e+03 1.445600000000000000e+04 -4.752000000000000000e+03 -2.630000000000000000e+02 7.360000000000000000e+02
2.980000000000000000e+03 1.976000000000000000e+03 1.438400000000000000e+04 -4.752000000000000000e+03 -3.650000000000000000e+02 7.910000000000000000e+02
2.728000000000000000e+03 1.944000000000000000e+03 1.344000000000000000e+04 -4.736000000000000000e+03 -3.320000000000000000e+02 9.390000000000000000e+02
2.380000000000000000e+03 1.716000000000000000e+03 1.004400000000000000e+04 -4.720000000000000000e+03 -1.100000000000000000e+02 1.400000000000000000e+01
2.080000000000000000e+03 1.592000000000000000e+03 3.932000000000000000e+03 -4.736000000000000000e+03 -3.030000000000000000e+02 -5.060000000000000000e+02
1.644000000000000000e+03 1.712000000000000000e+03 4.716000000000000000e+03 -4.720000000000000000e+03 -2.260000000000000000e+02 -1.235000000000000000e+03
1.772000000000000000e+03 1.452000000000000000e+03 6.932000000000000000e+03 -4.752000000000000000e+03 -1.510000000000000000e+02 -9.380000000000000000e+02
2.236000000000000000e+03 1.104000000000000000e+03 1.018400000000000000e+04 -4.768000000000000000e+03 -3.000000000000000000e+01 -1.133000000000000000e+03
1.496000000000000000e+03 1.920000000000000000e+02 1.160000000000000000e+04 -4.704000000000000000e+03 -5.400000000000000000e+01 -1.515000000000000000e+03
3.400000000000000000e+02 3.880000000000000000e+02 1.033200000000000000e+04 -4.768000000000000000e+03 -1.130000000000000000e+02 -1.436000000000000000e+03
-4.760000000000000000e+02 1.276000000000000000e+03 1.194800000000000000e+04 -4.752000000000000000e+03 7.600000000000000000e+01 -1.542000000000000000e+03
2.480000000000000000e+02 5.120000000000000000e+02 1.446800000000000000e+04 -4.752000000000000000e+03 2.330000000000000000e+02 -1.539000000000000000e+03
3.172000000000000000e+03 1.460000000000000000e+03 1.428400000000000000e+04 -4.720000000000000000e+03 2.360000000000000000e+02 -1.082000000000000000e+03
-1.160000000000000000e+03 1.588000000000000000e+03 1.449600000000000000e+04 -4.720000000000000000e+03 4.310000000000000000e+02 -1.069000000000000000e+03
3.080000000000000000e+02 1.896000000000000000e+03 1.554000000000000000e+04 -4.768000000000000000e+03 3.990000000000000000e+02 -7.270000000000000000e+02
2.116000000000000000e+03 2.308000000000000000e+03 1.640400000000000000e+04 -4.752000000000000000e+03 2.040000000000000000e+02 -3.500000000000000000e+02
1.792000000000000000e+03 1.952000000000000000e+03 1.656000000000000000e+04 -4.720000000000000000e+03 -4.330000000000000000e+02 -7.600000000000000000e+01
1.160000000000000000e+03 1.948000000000000000e+03 1.640800000000000000e+04 -4.736000000000000000e+03 -3.920000000000000000e+02 2.300000000000000000e+01
1.424000000000000000e+03 1.764000000000000000e+03 1.825200000000000000e+04 -4.720000000000000000e+03 -3.900000000000000000e+02 4.120000000000000000e+02
2.104000000000000000e+03 1.852000000000000000e+03 1.991200000000000000e+04 -4.752000000000000000e+03 -3.260000000000000000e+02 7.940000000000000000e+02
1.744000000000000000e+03 1.992000000000000000e+03 2.286800000000000000e+04 -4.752000000000000000e+03 -3.840000000000000000e+02 8.040000000000000000e+02
1.296000000000000000e+03 2.176000000000000000e+03 2.737600000000000000e+04 -4.736000000000000000e+03 -3.450000000000000000e+02 9.130000000000000000e+02
1.732000000000000000e+03 2.608000000000000000e+03 3.144400000000000000e+04 -4.736000000000000000e+03 -2.940000000000000000e+02 1.155000000000000000e+03
2.308000000000000000e+03 2.432000000000000000e+03 2.842000000000000000e+04 -4.736000000000000000e+03 -3.670000000000000000e+02 1.361000000000000000e+03
2.224000000000000000e+03 2.884000000000000000e+03 2.275600000000000000e+04 -4.720000000000000000e+03 -4.380000000000000000e+02 1.453000000000000000e+03
1.692000000000000000e+03 3.420000000000000000e+03 1.905600000000000000e+04 -4.752000000000000000e+03 -3.550000000000000000e+02 1.429000000000000000e+03
2.908000000000000000e+03 3.836000000000000000e+03 1.674400000000000000e+04 -4.736000000000000000e+03 -4.540000000000000000e+02 1.566000000000000000e+03
3.136000000000000000e+03 3.384000000000000000e+03 1.573200000000000000e+04 -4.752000000000000000e+03 -5.550000000000000000e+02 1.737000000000000000e+03
2.268000000000000000e+03 3.072000000000000000e+03 1.474400000000000000e+04 -4.704000000000000000e+03 -5.890000000000000000e+02 1.814000000000000000e+03
2.092000000000000000e+03 2.860000000000000000e+03 1.565200000000000000e+04 -4.752000000000000000e+03 -6.120000000000000000e+02 1.192000000000000000e+03
2.956000000000000000e+03 2.740000000000000000e+03 1.585600000000000000e+04 -4.720000000000000000e+03 -6.620000000000000000e+02 1.775000000000000000e+03
3.344000000000000000e+03 2.656000000000000000e+03 1.521200000000000000e+04 -4.752000000000000000e+03 -4.730000000000000000e+02 1.920000000000000000e+03
3.920000000000000000e+03 2.276000000000000000e+03 1.590000000000000000e+04 -4.720000000000000000e+03 -4.450000000000000000e+02 1.450000000000000000e+03
3.892000000000000000e+03 2.088000000000000000e+03 1.645600000000000000e+04 -4.768000000000000000e+03 -3.360000000000000000e+02 7.450000000000000000e+02
3.664000000000000000e+03 2.268000000000000000e+03 1.598400000000000000e+04 -4.720000000000000000e+03 -9.800000000000000000e+01 2.289000000000000000e+03
2.840000000000000000e+03 2.512000000000000000e+03 1.363200000000000000e+04 -4.752000000000000000e+03 2.820000000000000000e+02 1.002000000000000000e+03
2.832000000000000000e+03 2.800000000000000000e+03 1.193600000000000000e+04 -4.736000000000000000e+03 3.580000000000000000e+02 1.566000000000000000e+03
2.872000000000000000e+03 2.636000000000000000e+03 8.152000000000000000e+03 -4.736000000000000000e+03 2.900000000000000000e+01 1.982000000000000000e+03
3.276000000000000000e+03 2.560000000000000000e+03 5.188000000000000000e+03 -4.752000000000000000e+03 -8.090000000000000000e+02 1.032000000000000000e+03
2.832000000000000000e+03 2.000000000000000000e+03 3.316000000000000000e+03 -4.736000000000000000e+03 -7.150000000000000000e+02 2.197000000000000000e+03
3.620000000000000000e+03 1.988000000000000000e+03 2.408000000000000000e+03 -4.736000000000000000e+03 -2.700000000000000000e+02 2.162000000000000000e+03
3.276000000000000000e+03 1.376000000000000000e+03 3.680000000000000000e+03 -4.720000000000000000e+03 -2.590000000000000000e+02 1.846000000000000000e+03
3.132000000000000000e+03 8.840000000000000000e+02 6.368000000000000000e+03 -4.720000000000000000e+03 -2.720000000000000000e+02 1.740000000000000000e+03
