1.042400000000000000e+04 2.584000000000000000e+03 1.118400000000000000e+04 -4.656000000000000000e+03 -3.610000000000000000e+02 -2.680000000000000000e+02
1.005200000000000000e+04 2.556000000000000000e+03 1.091600000000000000e+04 -4.656000000000000000e+03 -2.730000000000000000e+02 -6.470000000000000000e+02
9.808000000000000000e+03 2.540000000000000000e+03 1.112000000000000000e+04 -4.688000000000000000e+03 -2.170000000000000000e+02 -8.030000000000000000e+02
9.868000000000000000e+03 2.480000000000000000e+03 1.145200000000000000e+04 -4.672000000000000000e+03 -2.250000000000000000e+02 -8.950000000000000000e+02
1.006800000000000000e+04 2.592000000000000000e+03 1.125200000000000000e+04 -4.688000000000000000e+03 -1.790000000000000000e+02 -9.370000000000000000e+02
9.956000000000000000e+03 2.704000000000000000e+03 1.114400000000000000e+04 -4.704000000000000000e+03 -1.490000000000000000e+02 -1.001000000000000000e+03
1.014400000000000000e+04 2.656000000000000000e+03 1.099600000000000000e+04 -4.672000000000000000e+03 -1.150000000000000000e+02 -9.490000000000000000e+02
1.022000000000000000e+04 2.556000000000000000e+03 1.096800000000000000e+04 -4.704000000000000000e+03 -1.360000000000000000e+02 -9.240000000000000000e+02
1.050400000000000000e+04 2.512000000000000000e+03 1.095600000000000000e+04 -4.656000000000000000e+03 -1.300000000000000000e+02 -7.590000000000000000e+02
1.046400000000000000e+04 2.668000000000000000e+03 1.104000000000000000e+04 -4.656000000000000000e+03 -1.240000000000000000e+02 -6.100000000000000000e+02
1.063200000000000000e+04 2.860000000000000000e+03 1.087200000000000000e+04 -4.688000000000000000e+03 -1.060000000000000000e+02 -1.560000000000000000e+02
1.050400000000000000e+04 2.684000000000000000e+03 1.049200000000000000e+04 -4.656000000000000000e+03 -1.750000000000000000e+02 -9.400000000000000000e+01
1.075600000000000000e+04 2.524000000000000000e+03 1.056000000000000000e+04 -4.672000000000000000e+03 -1.650000000000000000e+02 1.380000000000000000e+02
1.078800000000000000e+04 2.460000000000000000e+03 1.046000000000000000e+04 -4.704000000000000000e+03 -1.820000000000000000e+02 1.810000000000000000e+02
1.111600000000000000e+04 2.544000000000000000e+03 1.048000000000000000e+04 -4.688000000000000000e+03 -1.670000000000000000e+02 6.630000000000000000e+02
1.124000000000000000e+04 2.428000000000000000e+03 1.051600000000000000e+04 -4.704000000000000000e+03 -1.850000000000000000e+02 7.720000000000000000e+02
1.128000000000000000e+04 2.540000000000000000e+03 1.046400000000000000e+04 -4.672000000000000000e+03 -1.930000000000000000e+02 9.170000000000000000e+02
1.116800000000000000e+04 2.612000000000000000e+03 1.060800000000000000e+04 -4.656000000000000000e+03 -2.050000000000000000e+02 9.280000000000000000e+02
1.102800000000000000e+04 2.596000000000000000e+03 1.068800000000000000e+04 -4.688000000000000000e+03 -1.970000000000000000e+02 8.800000000000000000e+02
1.111600000000000000e+04 2.604000000000000000e+03 1.080400000000000000e+04 -4.656000000000000000e+03 -1.860000000000000000e+02 8.930000000000000000e+02
1.099600000000000000e+04 2.704000000000000000e+03 1.070000000000000000e+04 -4.640000000000000000e+03 -1.770000000000000000e+02 8.170000000000000000e+02
1.108400000000000000e+04 2.868000000000000000e+03 1.041200000000000000e+04 -4.672000000000000000e+03 -1.620000000000000000e+02 6.650000000000000000e+02
1.094800000000000000e+04 2.760000000000000000e+03 1.067200000000000000e+04 -4.656000000000000000e+03 -1.590000000000000000e+02 4.630000000000000000e+02
1.086800000000000000e+04 2.624000000000000000e+03 1.100800000000000000e+04 -4.688000000000000000e+03 -1.530000000000000000e+02 5.550000000000000000e+02
1.084800000000000000e+04 2.608000000000000000e+03 1.126400000000000000e+04 -4.688000000000000000e+03 -1.480000000000000000e+02 4.940000000000000000e+02
1.079200000000000000e+04 2.540000000000000000e+03 1.120400000000000000e+04 -4.672000000000000000e+03 -1.270000000000000000e+02 9.850000000000000000e+02
1.084400000000000000e+04 2.664000000000000000e+03 1.128800000000000000e+04 -4.672000000000000000e+03 -3.390000000000000000e+02 1.039000000000000000e+03
1.060000000000000000e+04 2.752000000000000000e+03 1.193200000000000000e+04 -4.688000000000000000e+03 -5.150000000000000000e+02 1.265000000000000000e+03
1.064800000000000000e+04 2.956000000000000000e+03 1.320800000000000000e+04 -4.688000000000000000e+03 -6.480000000000000000e+02 1.440000000000000000e+03
1.066400000000000000e+04 3.116000000000000000e+03 1.157600000000000000e+04 -4.672000000000000000e+03 -6.350000000000000000e+02 1.584000000000000000e+03
1.127200000000000000e+04 2.628000000000000000e+03 8.796000000000000000e+03 -4.688000000000000000e+03 -6.430000000000000000e+02 1.739000000000000000e+03
1.068000000000000000e+04 1.932000000000000000e+03 7.060000000000000000e+03 -4.672000000000000000e+03 -7.140000000000000000e+02 1.520000000000000000e+03
9.260000000000000000e+03 1.644000000000000000e+03 6.132000000000000000e+03 -4.640000000000000000e+03 -6.770000000000000000e+02 8.750000000000000000e+02
7.276000000000000000e+03 1.336000000000000000e+03 6.336000000000000000e+03 -4.656000000000000000e+03 -4.690000000000000000e+02 2.004000000000000000e+03
5.980000000000000000e+03 1.056000000000000000e+03 4.784000000000000000e+03 -4.656000000000000000e+03 -5.730000000000000000e+02 1.306000000000000000e+03
5.300000000000000000e+03 5.120000000000000000e+02 5.524000000000000000e+03 -4.656000000000000000e+03 -2.560000000000000000e+02 7.270000000000000000e+02
5.732000000000000000e+03 1.072000000000000000e+03 6.592000000000000000e+03 -4.688000000000000000e+03 -4.180000000000000000e+02 3.560000000000000000e+02
4.212000000000000000e+03 1.188000000000000000e+03 8.768000000000000000e+03 -4.672000000000000000e+03 -4.210000000000000000e+02 -8.900000000000000000e+01
6.120000000000000000e+03 1.788000000000000000e+03 1.270000000000000000e+04 -4.656000000000000000e+03 -3.330000000000000000e+02 1.200000000000000000e+01
6.020000000000000000e+03 2.824000000000000000e+03 1.228000000000000000e+04 -4.688000000000000000e+03 -4.670000000000000000e+02 -2.240000000000000000e+02
7.260000000000000000e+03 2.540000000000000000e+03 1.304400000000000000e+04 -4.640000000000000000e+03 -3.500000000000000000e+02 -6.570000000000000000e+02
8.748000000000000000e+03 3.300000000000000000e+03 1.375600000000000000e+04 -4.656000000000000000e+03 -4.040000000000000000e+02 -1.313000000000000000e+03
9.336000000000000000e+03 2.968000000000000000e+03 1.376000000000000000e+04 -4.688000000000000000e+03 -2.780000000000000000e+02 -1.303000000000000000e+03
1.227600000000000000e+04 3.068000000000000000e+03 1.445600000000000000e+04 -4.704000000000000000e+03 -1.790000000000000000e+02 -1.363000000000000000e+03
1.113200000000000000e+04 3.328000000000000000e+03 1.300000000000000000e+04 -4.688000000000000000e+03 -2.080000000000000000e+02 -2.178000000000000000e+03
1.068400000000000000e+04 2.636000000000000000e+03 1.370400000000000000e+04 -4.688000000000000000e+03 4.100000000000000000e+01 -2.247000000000000000e+03
1.115600000000000000e+04 3.244000000000000000e+03 1.359200000000000000e+04 -4.688000000000000000e+03 1.620000000000000000e+02 -2.397000000000000000e+03
1.075600000000000000e+04 2.568000000000000000e+03 1.398400000000000000e+04 -4.704000000000000000e+03 3.080000000000000000e+02 -2.381000000000000000e+03
1.255600000000000000e+04 2.720000000000000000e+03 1.514000000000000000e+04 -4.656000000000000000e+03 3.600000000000000000e+01 -2.406000000000000000e+03
1.129600000000000000e+04 2.824000000000000000e+03 1.782800000000000000e+04 -4.656000000000000000e+03 -1.790000000000000000e+02 -1.863000000000000000e+03
1.258400000000000000e+04 3.736000000000000000e+03 1.991600000000000000e+04 -4.688000000000000000e+03 -4.820000000000000000e+02 -1.425000000000000000e+03
1.277200000000000000e+04 4.220000000000000000e+03 1.949600000000000000e+04 -4.672000000000000000e+03 -4.950000000000000000e+02 -9.250000000000000000e+02
1.568400000000000000e+04 4.036000000000000000e+03 1.715200000000000000e+04 -4.720000000000000000e+03 -4.740000000000000000e+02 -5.470000000000000000e+02
1.675200000000000000e+04 3.452000000000000000e+03 1.410000000000000000e+04 -4.672000000000000000e+03 -4.100000000000000000e+02 -1.470000000000000000e+02
1.794000000000000000e+04 3.044000000000000000e+03 1.241200000000000000e+04 -4.672000000000000000e+03 -3.130000000000000000e+02 -9.000000000000000000e+00
1.696000000000000000e+04 2.444000000000000000e+03 1.156400000000000000e+04 -4.720000000000000000e+03 -2.700000000000000000e+02 1.930000000000000000e+02
1.523200000000000000e+04 2.260000000000000000e+03 1.120800000000000000e+04 -4.688000000000000000e+03 -1.660000000000000000e+02 7.110000000000000000e+02
1.389600000000000000e+04 2.796000000000000000e+03 1.126400000000000000e+04 -4.656000000000000000e+03 -1.790000000000000000e+02 9.420000000000000000e+02
1.282800000000000000e+04 2.924000000000000000e+03 1.105200000000000000e+04 -4.720000000000000000e+03 -2.200000000000000000e+02 1.388000000000000000e+03
1.329600000000000000e+04 3.004000000000000000e+03 1.170800000000000000e+04 -4.672000000000000000e+03 -3.920000000000000000e+02 1.387000000000000000e+03
1.260000000000000000e+04 3.052000000000000000e+03 1.241600000000000000e+04 -4.704000000000000000e+03 -4.300000000000000000e+02 1.583000000000000000e+03
1.332400000000000000e+04 3.320000000000000000e+03 1.222000000000000000e+04 -4.704000000000000000e+03 -5.400000000000000000e+02 1.715000000000000000e+03
1.311600000000000000e+04 3.284000000000000000e+03 1.102800000000000000e+04 -4.688000000000000000e+03 -5.620000000000000000e+02 1.882000000000000000e+03
1.333600000000000000e+04 3.072000000000000000e+03 9.596000000000000000e+03 -4.672000000000000000e+03 -5.100000000000000000e+02 1.532000000000000000e+03
1.327200000000000000e+04 2.316000000000000000e+03 6.832000000000000000e+03 -4.720000000000000000e+03 -4.130000000000000000e+02 1.541000000000000000e+03
1.336000000000000000e+04 1.276000000000000000e+03 4.448000000000000000e+03 -4.688000000000000000e+03 -3.700000000000000000e+02 3.024000000000000000e+03
1.238400000000000000e+04 8.080000000000000000e+02 3.360000000000000000e+03 -4.704000000000000000e+03 -3.710000000000000000e+02 6.380000000000000000e+02
9.296000000000000000e+03 6.320000000000000000e+02 2.488000000000000000e+03 -4.704000000000000000e+03 -2.300000000000000000e+01 7.740000000000000000e+02
6.688000000000000000e+03 7.040000000000000000e+02 3.412000000000000000e+03 -4.672000000000000000e+03 1.300000000000000000e+01 9.940000000000000000e+02
4.240000000000000000e+03 6.240000000000000000e+02 5.428000000000000000e+03 -4.672000000000000000e+03 -9.100000000000000000e+01 8.340000000000000000e+02
3.572000000000000000e+03 1.032000000000000000e+03 9.364000000000000000e+03 -4.688000000000000000e+03 -2.440000000000000000e+02 1.360000000000000000e+02
2.308000000000000000e+03 1.796000000000000000e+03 1.269200000000000000e+04 -4.688000000000000000e+03 -7.740000000000000000e+02 5.500000000000000000e+01
3.860000000000000000e+03 2.872000000000000000e+03 1.653600000000000000e+04 -4.720000000000000000e+03 -6.440000000000000000e+02 -3.800000000000000000e+01
6.424000000000000000e+03 4.216000000000000000e+03 1.511600000000000000e+04 -4.688000000000000000e+03 -3.700000000000000000e+02 3.070000000000000000e+02
1.024800000000000000e+04 3.968000000000000000e+03 9.432000000000000000e+03 -4.688000000000000000e+03 -2.520000000000000000e+02 -6.000000000000000000e+01
1.272000000000000000e+04 2.384000000000000000e+03 8.576000000000000000e+03 -4.656000000000000000e+03 -3.630000000000000000e+02 -4.460000000000000000e+02
1.138000000000000000e+04 1.688000000000000000e+03 1.081200000000000000e+04 -4.688000000000000000e+03 -4.970000000000000000e+02 -2.950000000000000000e+02
9.116000000000000000e+03 2.172000000000000000e+03 1.309600000000000000e+04 -4.688000000000000000e+03 -4.830000000000000000e+02 -1.296000000000000000e+03
8.168000000000000000e+03 2.912000000000000000e+03 1.298400000000000000e+04 -4.688000000000000000e+03 -2.170000000000000000e+02 -6.350000000000000000e+02
