3.168000000000000000e+03 1.500000000000000000e+03 1.309200000000000000e+04 -4.688000000000000000e+03 -2.850000000000000000e+02 -4.080000000000000000e+02
4.224000000000000000e+03 1.276000000000000000e+03 1.338800000000000000e+04 -4.672000000000000000e+03 -3.340000000000000000e+02 9.860000000000000000e+02
3.644000000000000000e+03 1.672000000000000000e+03 1.457200000000000000e+04 -4.688000000000000000e+03 -1.860000000000000000e+02 -7.900000000000000000e+01
3.776000000000000000e+03 2.024000000000000000e+03 1.433600000000000000e+04 -4.656000000000000000e+03 -1.450000000000000000e+02 2.090000000000000000e+02
4.288000000000000000e+03 1.668000000000000000e+03 1.414000000000000000e+04 -4.672000000000000000e+03 -5.700000000000000000e+01 4.400000000000000000e+01
3.712000000000000000e+03 1.384000000000000000e+03 1.392800000000000000e+04 -4.688000000000000000e+03 -1.430000000000000000e+02 6.140000000000000000e+02
3.984000000000000000e+03 1.412000000000000000e+03 1.434400000000000000e+04 -4.672000000000000000e+03 -1.350000000000000000e+02 8.270000000000000000e+02
3.488000000000000000e+03 1.580000000000000000e+03 1.464800000000000000e+04 -4.672000000000000000e+03 -7.900000000000000000e+01 8.400000000000000000e+02
4.236000000000000000e+03 1.552000000000000000e+03 1.415200000000000000e+04 -4.672000000000000000e+03 -1.560000000000000000e+02 9.620000000000000000e+02
3.856000000000000000e+03 1.864000000000000000e+03 1.409600000000000000e+04 -4.688000000000000000e+03 -1.400000000000000000e+02 9.980000000000000000e+02
3.976000000000000000e+03 1.760000000000000000e+03 1.412800000000000000e+04 -4.656000000000000000e+03 -1.300000000000000000e+02 8.560000000000000000e+02
3.740000000000000000e+03 1.772000000000000000e+03 1.463600000000000000e+04 -4.672000000000000000e+03 -1.190000000000000000e+02 7.390000000000000000e+02
3.508000000000000000e+03 1.776000000000000000e+03 1.454000000000000000e+04 -4.672000000000000000e+03 -1.210000000000000000e+02 6.130000000000000000e+02
3.396000000000000000e+03 1.864000000000000000e+03 1.462800000000000000e+04 -4.688000000000000000e+03 -1.660000000000000000e+02 4.430000000000000000e+02
3.408000000000000000e+03 1.900000000000000000e+03 1.442400000000000000e+04 -4.672000000000000000e+03 -1.560000000000000000e+02 3.270000000000000000e+02
3.264000000000000000e+03 1.780000000000000000e+03 1.449200000000000000e+04 -4.672000000000000000e+03 -1.770000000000000000e+02 2.220000000000000000e+02
3.536000000000000000e+03 1.800000000000000000e+03 1.471200000000000000e+04 -4.688000000000000000e+03 -1.960000000000000000e+02 6.100000000000000000e+01
3.232000000000000000e+03 1.704000000000000000e+03 1.468400000000000000e+04 -4.656000000000000000e+03 -2.340000000000000000e+02 -1.100000000000000000e+02
3.036000000000000000e+03 1.872000000000000000e+03 1.432400000000000000e+04 -4.704000000000000000e+03 -1.770000000000000000e+02 -3.880000000000000000e+02
2.916000000000000000e+03 1.888000000000000000e+03 1.460000000000000000e+04 -4.688000000000000000e+03 -1.840000000000000000e+02 -5.760000000000000000e+02
3.252000000000000000e+03 2.168000000000000000e+03 1.440800000000000000e+04 -4.688000000000000000e+03 -1.560000000000000000e+02 -9.890000000000000000e+02
3.200000000000000000e+03 2.088000000000000000e+03 1.450800000000000000e+04 -4.672000000000000000e+03 -1.460000000000000000e+02 -1.101000000000000000e+03
3.608000000000000000e+03 1.980000000000000000e+03 1.415600000000000000e+04 -4.672000000000000000e+03 -1.060000000000000000e+02 -1.116000000000000000e+03
3.348000000000000000e+03 2.056000000000000000e+03 1.393200000000000000e+04 -4.672000000000000000e+03 -8.600000000000000000e+01 -9.240000000000000000e+02
3.244000000000000000e+03 2.060000000000000000e+03 1.402000000000000000e+04 -4.688000000000000000e+03 -5.300000000000000000e+01 -7.150000000000000000e+02
4.124000000000000000e+03 2.076000000000000000e+03 1.398800000000000000e+04 -4.688000000000000000e+03 -6.700000000000000000e+01 -4.490000000000000000e+02
4.132000000000000000e+03 1.996000000000000000e+03 1.406400000000000000e+04 -4.688000000000000000e+03 -9.300000000000000000e+01 -1.590000000000000000e+02
3.968000000000000000e+03 2.132000000000000000e+03 1.438000000000000000e+04 -4.688000000000000000e+03 -1.840000000000000000e+02 1.220000000000000000e+02
3.820000000000000000e+03 2.044000000000000000e+03 1.348000000000000000e+04 -4.672000000000000000e+03 -2.840000000000000000e+02 2.390000000000000000e+02
3.844000000000000000e+03 1.872000000000000000e+03 1.207200000000000000e+04 -4.688000000000000000e+03 -5.600000000000000000e+02 4.820000000000000000e+02
3.296000000000000000e+03 1.824000000000000000e+03 7.740000000000000000e+03 -4.688000000000000000e+03 -7.130000000000000000e+02 8.450000000000000000e+02
3.208000000000000000e+03 8.280000000000000000e+02 6.284000000000000000e+03 -4.688000000000000000e+03 -4.320000000000000000e+02 3.100000000000000000e+02
3.612000000000000000e+03 3.360000000000000000e+02 7.424000000000000000e+03 -4.640000000000000000e+03 -5.950000000000000000e+02 9.300000000000000000e+02
2.036000000000000000e+03 7.240000000000000000e+02 5.936000000000000000e+03 -4.656000000000000000e+03 -7.530000000000000000e+02 1.522000000000000000e+03
1.860000000000000000e+03 2.440000000000000000e+02 7.660000000000000000e+03 -4.672000000000000000e+03 -2.690000000000000000e+02 3.430000000000000000e+02
3.268000000000000000e+03 8.600000000000000000e+02 1.001200000000000000e+04 -4.688000000000000000e+03 -4.000000000000000000e+02 1.006000000000000000e+03
1.168000000000000000e+03 1.808000000000000000e+03 1.102800000000000000e+04 -4.688000000000000000e+03 -3.270000000000000000e+02 1.177000000000000000e+03
1.096000000000000000e+03 1.896000000000000000e+03 1.390800000000000000e+04 -4.720000000000000000e+03 -2.980000000000000000e+02 1.128000000000000000e+03
1.796000000000000000e+03 2.052000000000000000e+03 1.501200000000000000e+04 -4.704000000000000000e+03 -2.510000000000000000e+02 8.160000000000000000e+02
2.336000000000000000e+03 2.184000000000000000e+03 1.691200000000000000e+04 -4.688000000000000000e+03 -2.820000000000000000e+02 5.370000000000000000e+02
3.120000000000000000e+03 2.128000000000000000e+03 1.803200000000000000e+04 -4.672000000000000000e+03 -3.710000000000000000e+02 2.900000000000000000e+01
4.364000000000000000e+03 2.020000000000000000e+03 1.817200000000000000e+04 -4.688000000000000000e+03 -3.260000000000000000e+02 -8.450000000000000000e+02
4.752000000000000000e+03 2.264000000000000000e+03 1.657200000000000000e+04 -4.688000000000000000e+03 -3.900000000000000000e+02 -1.232000000000000000e+03
3.876000000000000000e+03 2.460000000000000000e+03 1.508000000000000000e+04 -4.656000000000000000e+03 -7.000000000000000000e+01 -1.969000000000000000e+03
4.408000000000000000e+03 3.000000000000000000e+03 1.547200000000000000e+04 -4.688000000000000000e+03 -9.000000000000000000e+00 -1.936000000000000000e+03
3.932000000000000000e+03 2.956000000000000000e+03 1.658400000000000000e+04 -4.688000000000000000e+03 9.800000000000000000e+01 -1.774000000000000000e+03
5.244000000000000000e+03 2.700000000000000000e+03 1.910000000000000000e+04 -4.656000000000000000e+03 2.530000000000000000e+02 -2.387000000000000000e+03
4.964000000000000000e+03 2.948000000000000000e+03 2.167200000000000000e+04 -4.720000000000000000e+03 2.310000000000000000e+02 -2.180000000000000000e+03
5.044000000000000000e+03 2.624000000000000000e+03 2.539200000000000000e+04 -4.688000000000000000e+03 2.060000000000000000e+02 -1.951000000000000000e+03
6.144000000000000000e+03 2.896000000000000000e+03 2.772000000000000000e+04 -4.624000000000000000e+03 -1.570000000000000000e+02 -1.665000000000000000e+03
7.012000000000000000e+03 2.876000000000000000e+03 2.590400000000000000e+04 -4.688000000000000000e+03 -4.850000000000000000e+02 -1.338000000000000000e+03
8.452000000000000000e+03 2.740000000000000000e+03 2.126000000000000000e+04 -4.688000000000000000e+03 -4.940000000000000000e+02 -1.006000000000000000e+03
8.412000000000000000e+03 2.356000000000000000e+03 1.778400000000000000e+04 -4.656000000000000000e+03 -2.980000000000000000e+02 -1.069000000000000000e+03
7.840000000000000000e+03 2.344000000000000000e+03 1.615200000000000000e+04 -4.688000000000000000e+03 -2.990000000000000000e+02 -4.530000000000000000e+02
7.360000000000000000e+03 2.380000000000000000e+03 1.550400000000000000e+04 -4.672000000000000000e+03 -2.220000000000000000e+02 -2.790000000000000000e+02
7.296000000000000000e+03 2.116000000000000000e+03 1.540400000000000000e+04 -4.672000000000000000e+03 -1.650000000000000000e+02 -3.400000000000000000e+01
7.268000000000000000e+03 2.380000000000000000e+03 1.503600000000000000e+04 -4.704000000000000000e+03 -1.130000000000000000e+02 3.160000000000000000e+02
6.496000000000000000e+03 2.412000000000000000e+03 1.568800000000000000e+04 -4.688000000000000000e+03 -1.200000000000000000e+02 5.050000000000000000e+02
6.384000000000000000e+03 2.776000000000000000e+03 1.596400000000000000e+04 -4.688000000000000000e+03 -1.580000000000000000e+02 8.550000000000000000e+02
6.572000000000000000e+03 2.732000000000000000e+03 1.637200000000000000e+04 -4.704000000000000000e+03 -1.360000000000000000e+02 1.165000000000000000e+03
6.820000000000000000e+03 2.660000000000000000e+03 1.588400000000000000e+04 -4.624000000000000000e+03 -3.070000000000000000e+02 1.280000000000000000e+03
6.788000000000000000e+03 2.824000000000000000e+03 1.350400000000000000e+04 -4.688000000000000000e+03 -4.310000000000000000e+02 1.450000000000000000e+03
6.348000000000000000e+03 2.372000000000000000e+03 9.176000000000000000e+03 -4.688000000000000000e+03 -5.970000000000000000e+02 1.270000000000000000e+03
6.732000000000000000e+03 1.580000000000000000e+03 4.080000000000000000e+03 -4.640000000000000000e+03 -4.340000000000000000e+02 1.295000000000000000e+03
5.964000000000000000e+03 7.400000000000000000e+02 1.612000000000000000e+03 -4.688000000000000000e+03 -2.850000000000000000e+02 7.490000000000000000e+02
4.520000000000000000e+03 3.000000000000000000e+02 -1.200000000000000000e+01 -4.672000000000000000e+03 -1.340000000000000000e+02 3.650000000000000000e+02
2.724000000000000000e+03 -8.000000000000000000e+00 -1.280000000000000000e+02 -4.688000000000000000e+03 -1.380000000000000000e+02 1.026000000000000000e+03
1.080000000000000000e+03 -4.400000000000000000e+01 4.340000000000000000e+03 -4.720000000000000000e+03 2.820000000000000000e+02 4.250000000000000000e+02
8.000000000000000000e+01 -3.400000000000000000e+02 1.194800000000000000e+04 -4.720000000000000000e+03 7.470000000000000000e+02 1.094000000000000000e+03
5.120000000000000000e+02 1.080000000000000000e+02 2.486400000000000000e+04 -4.688000000000000000e+03 8.300000000000000000e+01 7.960000000000000000e+02
-1.040000000000000000e+03 4.768000000000000000e+03 2.194800000000000000e+04 -4.672000000000000000e+03 -9.890000000000000000e+02 1.190000000000000000e+02
1.936000000000000000e+03 4.508000000000000000e+03 9.792000000000000000e+03 -4.672000000000000000e+03 -7.910000000000000000e+02 -2.640000000000000000e+02
9.568000000000000000e+03 1.696000000000000000e+03 8.648000000000000000e+03 -4.688000000000000000e+03 -6.600000000000000000e+01 -8.600000000000000000e+02
7.180000000000000000e+03 6.360000000000000000e+02 1.242800000000000000e+04 -4.656000000000000000e+03 1.480000000000000000e+02 -2.180000000000000000e+02
4.024000000000000000e+03 1.704000000000000000e+03 1.771600000000000000e+04 -4.672000000000000000e+03 8.000000000000000000e+00 -2.620000000000000000e+02
1.332000000000000000e+03 2.928000000000000000e+03 1.849600000000000000e+04 -4.656000000000000000e+03 -5.520000000000000000e+02 -1.080000000000000000e+02
3.076000000000000000e+03 3.360000000000000000e+03 1.447200000000000000e+04 -4.672000000000000000e+03 -6.000000000000000000e+02 -2.100000000000000000e+02
5.488000000000000000e+03 2.624000000000000000e+03 1.125200000000000000e+04 -4.656000000000000000e+03 -3.760000000000000000e+02 -4.930000000000000000e+02
5.680000000000000000e+03 1.884000000000000000e+03 1.165200000000000000e+04 -4.688000000000000000e+03 -1.130000000000000000e+02 -1.203000000000000000e+03
3.868000000000000000e+03 2.008000000000000000e+03 1.415600000000000000e+04 -4.656000000000000000e+03 -2.010000000000000000e+02 -4.420000000000000000e+02
3.968000000000000000e+03 2.496000000000000000e+03 1.556800000000000000e+04 -4.672000000000000000e+03 -3.020000000000000000e+02 -1.006000000000000000e+03
5.576000000000000000e+03 2.612000000000000000e+03 1.389600000000000000e+04 -4.672000000000000000e+03 -3.860000000000000000e+02 -7.570000000000000000e+02
