3.520000000000000000e+02 3.052000000000000000e+03 1.472400000000000000e+04 -4.736000000000000000e+03 -7.790000000000000000e+02 6.090000000000000000e+02
2.280000000000000000e+02 7.910000000000000000e+02 1.527600000000000000e+04 -4.752000000000000000e+03 -8.250000000000000000e+02 2.770000000000000000e+02
7.000000000000000000e+00 2.804000000000000000e+03 1.444400000000000000e+04 -4.736000000000000000e+03 -7.460000000000000000e+02 -2.300000000000000000e+01
-1.320000000000000000e+02 2.668000000000000000e+03 1.412000000000000000e+04 -4.752000000000000000e+03 -6.370000000000000000e+02 -2.860000000000000000e+02
-3.920000000000000000e+02 2.704000000000000000e+03 1.432400000000000000e+04 -4.736000000000000000e+03 -6.260000000000000000e+02 -4.660000000000000000e+02
-4.680000000000000000e+02 2.776000000000000000e+03 1.442400000000000000e+04 -4.736000000000000000e+03 -5.440000000000000000e+02 -5.510000000000000000e+02
-3.440000000000000000e+02 2.624000000000000000e+03 1.437200000000000000e+04 -4.736000000000000000e+03 -4.450000000000000000e+02 -6.810000000000000000e+02
-3.120000000000000000e+02 2.496000000000000000e+03 1.454800000000000000e+04 -4.720000000000000000e+03 -3.800000000000000000e+02 -7.150000000000000000e+02
-6.360000000000000000e+02 2.536000000000000000e+03 1.457200000000000000e+04 -4.768000000000000000e+03 -2.820000000000000000e+02 -5.650000000000000000e+02
-7.960000000000000000e+02 2.448000000000000000e+03 1.400400000000000000e+04 -4.752000000000000000e+03 -2.460000000000000000e+02 -4.340000000000000000e+02
-5.280000000000000000e+02 2.244000000000000000e+03 1.427200000000000000e+04 -4.736000000000000000e+03 -2.570000000000000000e+02 -2.520000000000000000e+02
-7.280000000000000000e+02 2.376000000000000000e+03 1.448000000000000000e+04 -4.720000000000000000e+03 -1.860000000000000000e+02 -6.600000000000000000e+01
-1.040000000000000000e+03 2.568000000000000000e+03 1.450000000000000000e+04 -4.720000000000000000e+03 -2.210000000000000000e+02 1.680000000000000000e+02
-6.560000000000000000e+02 2.504000000000000000e+03 1.433200000000000000e+04 -4.736000000000000000e+03 -2.330000000000000000e+02 4.270000000000000000e+02
-5.600000000000000000e+02 2.396000000000000000e+03 1.416000000000000000e+04 -4.720000000000000000e+03 -2.480000000000000000e+02 6.820000000000000000e+02
-7.120000000000000000e+02 1.992000000000000000e+03 1.411200000000000000e+04 -4.720000000000000000e+03 -2.670000000000000000e+02 1.024000000000000000e+03
-9.480000000000000000e+02 2.004000000000000000e+03 1.434800000000000000e+04 -4.736000000000000000e+03 -2.860000000000000000e+02 1.260000000000000000e+03
-7.680000000000000000e+02 2.104000000000000000e+03 1.424400000000000000e+04 -4.736000000000000000e+03 -3.510000000000000000e+02 1.436000000000000000e+03
-8.120000000000000000e+02 2.028000000000000000e+03 1.437600000000000000e+04 -4.736000000000000000e+03 -3.230000000000000000e+02 1.584000000000000000e+03
-7.280000000000000000e+02 2.084000000000000000e+03 1.446000000000000000e+04 -4.704000000000000000e+03 -3.290000000000000000e+02 1.824000000000000000e+03
-4.280000000000000000e+02 2.192000000000000000e+03 1.452400000000000000e+04 -4.752000000000000000e+03 -3.220000000000000000e+02 2.069000000000000000e+03
-1.080000000000000000e+02 1.932000000000000000e+03 1.456400000000000000e+04 -4.736000000000000000e+03 -4.410000000000000000e+02 2.561000000000000000e+03
-2.080000000000000000e+02 1.724000000000000000e+03 1.443600000000000000e+04 -4.720000000000000000e+03 -3.190000000000000000e+02 2.670000000000000000e+03
-1.720000000000000000e+02 1.928000000000000000e+03 1.460000000000000000e+04 -4.752000000000000000e+03 -2.440000000000000000e+02 2.914000000000000000e+03
-2.560000000000000000e+02 2.072000000000000000e+03 1.454000000000000000e+04 -4.752000000000000000e+03 -2.870000000000000000e+02 3.106000000000000000e+03
-1.400000000000000000e+02 2.096000000000000000e+03 1.440400000000000000e+04 -4.752000000000000000e+03 -5.230000000000000000e+02 3.308000000000000000e+03
-2.360000000000000000e+02 2.020000000000000000e+03 1.468800000000000000e+04 -4.720000000000000000e+03 -6.730000000000000000e+02 3.321000000000000000e+03
-2.680000000000000000e+02 1.976000000000000000e+03 1.497200000000000000e+04 -4.752000000000000000e+03 -1.850000000000000000e+02 1.629000000000000000e+03
-3.160000000000000000e+02 1.972000000000000000e+03 1.374800000000000000e+04 -4.720000000000000000e+03 2.010000000000000000e+02 3.334000000000000000e+03
-4.560000000000000000e+02 1.964000000000000000e+03 1.237200000000000000e+04 -4.736000000000000000e+03 -3.260000000000000000e+02 2.864000000000000000e+03
-6.760000000000000000e+02 2.072000000000000000e+03 1.213200000000000000e+04 -4.720000000000000000e+03 -2.700000000000000000e+01 2.418000000000000000e+03
-9.240000000000000000e+02 2.276000000000000000e+03 1.269200000000000000e+04 -4.752000000000000000e+03 -2.180000000000000000e+02 2.002000000000000000e+03
-7.640000000000000000e+02 2.284000000000000000e+03 1.088400000000000000e+04 -4.704000000000000000e+03 -1.660000000000000000e+02 1.537000000000000000e+03
-1.168000000000000000e+03 2.144000000000000000e+03 5.500000000000000000e+03 -4.752000000000000000e+03 -1.430000000000000000e+02 1.011000000000000000e+03
-1.608000000000000000e+03 2.112000000000000000e+03 2.376000000000000000e+03 -4.752000000000000000e+03 -2.600000000000000000e+02 7.260000000000000000e+02
-2.156000000000000000e+03 1.988000000000000000e+03 7.432000000000000000e+03 -4.752000000000000000e+03 -9.800000000000000000e+01 1.570000000000000000e+02
-2.948000000000000000e+03 1.756000000000000000e+03 9.376000000000000000e+03 -4.784000000000000000e+03 -2.900000000000000000e+01 -3.420000000000000000e+02
-3.212000000000000000e+03 1.292000000000000000e+03 8.260000000000000000e+03 -4.752000000000000000e+03 8.600000000000000000e+01 -7.110000000000000000e+02
-2.400000000000000000e+03 6.440000000000000000e+02 1.181600000000000000e+04 -4.736000000000000000e+03 -5.000000000000000000e+00 -1.046000000000000000e+03
-1.456000000000000000e+03 1.220000000000000000e+03 1.221200000000000000e+04 -4.768000000000000000e+03 2.220000000000000000e+02 -1.121000000000000000e+03
-1.020000000000000000e+03 1.076000000000000000e+03 1.477600000000000000e+04 -4.720000000000000000e+03 2.740000000000000000e+02 -1.101000000000000000e+03
-2.648000000000000000e+03 6.280000000000000000e+02 1.426800000000000000e+04 -4.752000000000000000e+03 6.600000000000000000e+01 -9.470000000000000000e+02
-6.560000000000000000e+02 1.644000000000000000e+03 1.479600000000000000e+04 -4.752000000000000000e+03 -1.740000000000000000e+02 -8.050000000000000000e+02
-1.312000000000000000e+03 1.968000000000000000e+03 1.579200000000000000e+04 -4.752000000000000000e+03 -4.280000000000000000e+02 -7.590000000000000000e+02
-2.328000000000000000e+03 2.328000000000000000e+03 1.859200000000000000e+04 -4.736000000000000000e+03 -3.290000000000000000e+02 -8.930000000000000000e+02
-3.524000000000000000e+03 1.856000000000000000e+03 1.958000000000000000e+04 -4.736000000000000000e+03 -3.010000000000000000e+02 -9.010000000000000000e+02
-3.508000000000000000e+03 1.680000000000000000e+03 2.321600000000000000e+04 -4.768000000000000000e+03 -3.000000000000000000e+02 -7.290000000000000000e+02
-3.568000000000000000e+03 2.048000000000000000e+03 2.540400000000000000e+04 -4.704000000000000000e+03 -2.370000000000000000e+02 -5.330000000000000000e+02
-4.616000000000000000e+03 3.104000000000000000e+03 2.906000000000000000e+04 -4.736000000000000000e+03 -3.740000000000000000e+02 -1.960000000000000000e+02
-4.840000000000000000e+03 3.356000000000000000e+03 2.851600000000000000e+04 -4.688000000000000000e+03 -3.480000000000000000e+02 1.590000000000000000e+02
-5.888000000000000000e+03 4.656000000000000000e+03 2.477200000000000000e+04 -4.736000000000000000e+03 -4.210000000000000000e+02 6.160000000000000000e+02
-4.608000000000000000e+03 4.064000000000000000e+03 2.074400000000000000e+04 -4.720000000000000000e+03 -3.750000000000000000e+02 9.400000000000000000e+02
-6.348000000000000000e+03 4.572000000000000000e+03 1.862000000000000000e+04 -4.720000000000000000e+03 -4.930000000000000000e+02 1.316000000000000000e+03
-7.204000000000000000e+03 4.496000000000000000e+03 1.739200000000000000e+04 -4.768000000000000000e+03 -5.390000000000000000e+02 1.559000000000000000e+03
-6.724000000000000000e+03 4.016000000000000000e+03 1.731600000000000000e+04 -4.720000000000000000e+03 -6.340000000000000000e+02 1.577000000000000000e+03
-5.860000000000000000e+03 3.028000000000000000e+03 1.794800000000000000e+04 -4.720000000000000000e+03 -6.550000000000000000e+02 1.626000000000000000e+03
-4.576000000000000000e+03 2.788000000000000000e+03 1.691200000000000000e+04 -4.752000000000000000e+03 -5.230000000000000000e+02 1.644000000000000000e+03
-3.304000000000000000e+03 2.940000000000000000e+03 1.668000000000000000e+04 -4.752000000000000000e+03 -4.020000000000000000e+02 1.528000000000000000e+03
-2.324000000000000000e+03 2.976000000000000000e+03 1.702400000000000000e+04 -4.752000000000000000e+03 -3.050000000000000000e+02 1.459000000000000000e+03
-2.260000000000000000e+03 3.148000000000000000e+03 1.613200000000000000e+04 -4.736000000000000000e+03 -1.210000000000000000e+02 1.401000000000000000e+03
-2.612000000000000000e+03 2.916000000000000000e+03 1.363200000000000000e+04 -4.752000000000000000e+03 7.900000000000000000e+01 1.152000000000000000e+03
-2.492000000000000000e+03 2.884000000000000000e+03 1.030000000000000000e+04 -4.752000000000000000e+03 1.200000000000000000e+01 6.630000000000000000e+02
-2.320000000000000000e+03 2.884000000000000000e+03 5.876000000000000000e+03 -4.736000000000000000e+03 -6.820000000000000000e+02 6.660000000000000000e+02
-2.744000000000000000e+03 2.704000000000000000e+03 2.260000000000000000e+03 -4.720000000000000000e+03 -8.720000000000000000e+02 7.070000000000000000e+02
-2.596000000000000000e+03 2.200000000000000000e+03 9.800000000000000000e+02 -4.736000000000000000e+03 -5.820000000000000000e+02 6.040000000000000000e+02
-2.244000000000000000e+03 1.456000000000000000e+03 1.216000000000000000e+03 -4.720000000000000000e+03 -5.010000000000000000e+02 8.230000000000000000e+02
-1.772000000000000000e+03 5.720000000000000000e+02 4.000000000000000000e+03 -4.752000000000000000e+03 -5.940000000000000000e+02 6.450000000000000000e+02
-1.240000000000000000e+03 1.760000000000000000e+02 9.344000000000000000e+03 -4.736000000000000000e+03 -5.500000000000000000e+02 6.030000000000000000e+02
-5.640000000000000000e+02 5.200000000000000000e+01 1.774800000000000000e+04 -4.752000000000000000e+03 -6.690000000000000000e+02 7.130000000000000000e+02
-1.112000000000000000e+03 4.280000000000000000e+02 1.998800000000000000e+04 -4.752000000000000000e+03 -6.400000000000000000e+02 7.700000000000000000e+02
-1.432000000000000000e+03 3.840000000000000000e+02 1.430000000000000000e+04 -4.736000000000000000e+03 -5.010000000000000000e+02 7.770000000000000000e+02
-2.720000000000000000e+03 1.352000000000000000e+03 1.155600000000000000e+04 -4.720000000000000000e+03 -5.140000000000000000e+02 6.770000000000000000e+02
