-3.848000000000000000e+03 1.348000000000000000e+03 1.410800000000000000e+04 -4.704000000000000000e+03 -1.540000000000000000e+02 4.490000000000000000e+02
-3.764000000000000000e+03 1.308000000000000000e+03 1.335200000000000000e+04 -4.688000000000000000e+03 -3.110000000000000000e+02 2.940000000000000000e+02
-3.612000000000000000e+03 1.144000000000000000e+03 1.372800000000000000e+04 -4.736000000000000000e+03 -3.670000000000000000e+02 1.600000000000000000e+01
-3.592000000000000000e+03 1.064000000000000000e+03 1.455200000000000000e+04 -4.688000000000000000e+03 -4.020000000000000000e+02 -1.000000000000000000e+01
-3.704000000000000000e+03 1.084000000000000000e+03 1.529200000000000000e+04 -4.736000000000000000e+03 -4.190000000000000000e+02 -2.360000000000000000e+02
-4.252000000000000000e+03 1.312000000000000000e+03 1.455600000000000000e+04 -4.720000000000000000e+03 -4.440000000000000000e+02 -5.670000000000000000e+02
-4.380000000000000000e+03 1.352000000000000000e+03 1.411200000000000000e+04 -4.720000000000000000e+03 -4.490000000000000000e+02 -8.620000000000000000e+02
-4.380000000000000000e+03 1.344000000000000000e+03 1.391200000000000000e+04 -4.688000000000000000e+03 -4.550000000000000000e+02 -1.155000000000000000e+03
-4.408000000000000000e+03 1.416000000000000000e+03 1.425200000000000000e+04 -4.704000000000000000e+03 -3.690000000000000000e+02 -1.447000000000000000e+03
-4.228000000000000000e+03 1.320000000000000000e+03 1.384400000000000000e+04 -4.720000000000000000e+03 -2.840000000000000000e+02 -1.628000000000000000e+03
-4.404000000000000000e+03 1.408000000000000000e+03 1.408400000000000000e+04 -4.704000000000000000e+03 -2.630000000000000000e+02 -1.622000000000000000e+03
-4.428000000000000000e+03 1.360000000000000000e+03 1.398400000000000000e+04 -4.688000000000000000e+03 -2.110000000000000000e+02 -1.625000000000000000e+03
-4.304000000000000000e+03 1.392000000000000000e+03 1.372400000000000000e+04 -4.704000000000000000e+03 -1.950000000000000000e+02 -1.399000000000000000e+03
-4.092000000000000000e+03 1.256000000000000000e+03 1.397200000000000000e+04 -4.720000000000000000e+03 -1.510000000000000000e+02 -1.108000000000000000e+03
-3.972000000000000000e+03 1.376000000000000000e+03 1.404800000000000000e+04 -4.736000000000000000e+03 -1.720000000000000000e+02 -8.550000000000000000e+02
-4.056000000000000000e+03 1.356000000000000000e+03 1.394400000000000000e+04 -4.704000000000000000e+03 -1.700000000000000000e+02 -6.500000000000000000e+02
-3.796000000000000000e+03 1.392000000000000000e+03 1.393200000000000000e+04 -4.720000000000000000e+03 -1.790000000000000000e+02 -4.220000000000000000e+02
-3.608000000000000000e+03 1.348000000000000000e+03 1.419600000000000000e+04 -4.736000000000000000e+03 -1.080000000000000000e+02 -2.740000000000000000e+02
-3.496000000000000000e+03 1.356000000000000000e+03 1.403600000000000000e+04 -4.720000000000000000e+03 -7.600000000000000000e+01 3.100000000000000000e+01
-3.412000000000000000e+03 1.352000000000000000e+03 1.397200000000000000e+04 -4.720000000000000000e+03 -9.600000000000000000e+01 2.530000000000000000e+02
-3.188000000000000000e+03 1.380000000000000000e+03 1.396800000000000000e+04 -4.672000000000000000e+03 -7.800000000000000000e+01 5.180000000000000000e+02
-2.892000000000000000e+03 1.308000000000000000e+03 1.378400000000000000e+04 -4.688000000000000000e+03 -1.080000000000000000e+02 7.350000000000000000e+02
-2.800000000000000000e+03 1.492000000000000000e+03 1.405200000000000000e+04 -4.736000000000000000e+03 -1.640000000000000000e+02 7.890000000000000000e+02
-2.528000000000000000e+03 1.468000000000000000e+03 1.406000000000000000e+04 -4.688000000000000000e+03 -2.060000000000000000e+02 1.052000000000000000e+03
-2.540000000000000000e+03 1.444000000000000000e+03 1.397600000000000000e+04 -4.688000000000000000e+03 -1.860000000000000000e+02 1.634000000000000000e+03
-2.568000000000000000e+03 1.164000000000000000e+03 1.448000000000000000e+04 -4.704000000000000000e+03 -1.870000000000000000e+02 1.538000000000000000e+03
-2.628000000000000000e+03 1.348000000000000000e+03 1.430000000000000000e+04 -4.720000000000000000e+03 -3.810000000000000000e+02 1.936000000000000000e+03
-2.804000000000000000e+03 1.404000000000000000e+03 1.449200000000000000e+04 -4.736000000000000000e+03 -5.620000000000000000e+02 2.243000000000000000e+03
-2.776000000000000000e+03 1.452000000000000000e+03 1.461600000000000000e+04 -4.720000000000000000e+03 -6.890000000000000000e+02 2.269000000000000000e+03
-3.000000000000000000e+03 1.476000000000000000e+03 1.525600000000000000e+04 -4.720000000000000000e+03 -6.890000000000000000e+02 2.579000000000000000e+03
-2.860000000000000000e+03 1.676000000000000000e+03 1.608000000000000000e+04 -4.720000000000000000e+03 -6.280000000000000000e+02 2.232000000000000000e+03
-3.044000000000000000e+03 1.888000000000000000e+03 1.512000000000000000e+04 -4.688000000000000000e+03 -7.090000000000000000e+02 2.104000000000000000e+03
-3.312000000000000000e+03 1.804000000000000000e+03 1.207200000000000000e+04 -4.752000000000000000e+03 -6.120000000000000000e+02 1.910000000000000000e+03
-3.612000000000000000e+03 1.196000000000000000e+03 8.596000000000000000e+03 -4.704000000000000000e+03 -6.120000000000000000e+02 2.462000000000000000e+03
-3.496000000000000000e+03 7.280000000000000000e+02 7.440000000000000000e+03 -4.672000000000000000e+03 -5.570000000000000000e+02 2.030000000000000000e+03
-3.184000000000000000e+03 5.720000000000000000e+02 6.548000000000000000e+03 -4.720000000000000000e+03 -3.810000000000000000e+02 1.824000000000000000e+03
-3.164000000000000000e+03 2.600000000000000000e+02 6.868000000000000000e+03 -4.688000000000000000e+03 -6.170000000000000000e+02 1.087000000000000000e+03
-2.960000000000000000e+03 1.920000000000000000e+02 7.180000000000000000e+03 -4.720000000000000000e+03 -4.410000000000000000e+02 5.550000000000000000e+02
-2.788000000000000000e+03 3.480000000000000000e+02 6.516000000000000000e+03 -4.704000000000000000e+03 -5.060000000000000000e+02 1.160000000000000000e+02
-1.848000000000000000e+03 2.720000000000000000e+02 1.052400000000000000e+04 -4.720000000000000000e+03 -4.210000000000000000e+02 -9.700000000000000000e+01
-1.340000000000000000e+03 8.680000000000000000e+02 1.204000000000000000e+04 -4.720000000000000000e+03 -5.540000000000000000e+02 -6.580000000000000000e+02
-2.572000000000000000e+03 1.076000000000000000e+03 1.292800000000000000e+04 -4.688000000000000000e+03 -4.120000000000000000e+02 -1.129000000000000000e+03
-4.044000000000000000e+03 1.484000000000000000e+03 1.443200000000000000e+04 -4.704000000000000000e+03 -5.220000000000000000e+02 -1.108000000000000000e+03
-4.236000000000000000e+03 2.000000000000000000e+03 1.490800000000000000e+04 -4.720000000000000000e+03 -4.480000000000000000e+02 -1.628000000000000000e+03
-4.780000000000000000e+03 1.628000000000000000e+03 1.545600000000000000e+04 -4.704000000000000000e+03 -3.400000000000000000e+02 -1.904000000000000000e+03
-4.844000000000000000e+03 1.660000000000000000e+03 1.540400000000000000e+04 -4.704000000000000000e+03 -9.800000000000000000e+01 -1.874000000000000000e+03
-4.880000000000000000e+03 1.228000000000000000e+03 1.626000000000000000e+04 -4.720000000000000000e+03 -1.000000000000000000e+01 -1.565000000000000000e+03
-5.128000000000000000e+03 1.540000000000000000e+03 1.475600000000000000e+04 -4.720000000000000000e+03 8.300000000000000000e+01 -1.469000000000000000e+03
-5.008000000000000000e+03 1.184000000000000000e+03 1.538400000000000000e+04 -4.720000000000000000e+03 4.100000000000000000e+01 -1.142000000000000000e+03
-4.776000000000000000e+03 1.316000000000000000e+03 1.628000000000000000e+04 -4.688000000000000000e+03 -8.200000000000000000e+01 -6.100000000000000000e+02
-5.504000000000000000e+03 1.608000000000000000e+03 1.946000000000000000e+04 -4.736000000000000000e+03 -5.560000000000000000e+02 -4.270000000000000000e+02
-5.688000000000000000e+03 2.420000000000000000e+03 2.142400000000000000e+04 -4.688000000000000000e+03 -6.380000000000000000e+02 -4.490000000000000000e+02
-5.152000000000000000e+03 1.892000000000000000e+03 2.638400000000000000e+04 -4.720000000000000000e+03 -4.030000000000000000e+02 2.180000000000000000e+02
-5.672000000000000000e+03 2.032000000000000000e+03 2.810000000000000000e+04 -4.720000000000000000e+03 -1.850000000000000000e+02 -5.400000000000000000e+01
-6.580000000000000000e+03 1.732000000000000000e+03 2.672800000000000000e+04 -4.720000000000000000e+03 -1.640000000000000000e+02 1.860000000000000000e+02
-8.704000000000000000e+03 1.408000000000000000e+03 2.118000000000000000e+04 -4.720000000000000000e+03 -1.440000000000000000e+02 4.460000000000000000e+02
-8.144000000000000000e+03 1.192000000000000000e+03 1.772000000000000000e+04 -4.688000000000000000e+03 -2.050000000000000000e+02 4.240000000000000000e+02
-5.792000000000000000e+03 1.576000000000000000e+03 1.527200000000000000e+04 -4.704000000000000000e+03 -2.140000000000000000e+02 5.680000000000000000e+02
-4.472000000000000000e+03 2.252000000000000000e+03 1.604400000000000000e+04 -4.720000000000000000e+03 -2.840000000000000000e+02 4.560000000000000000e+02
-2.248000000000000000e+03 2.176000000000000000e+03 1.547600000000000000e+04 -4.720000000000000000e+03 -2.230000000000000000e+02 7.800000000000000000e+02
-2.616000000000000000e+03 1.472000000000000000e+03 1.468400000000000000e+04 -4.720000000000000000e+03 -2.700000000000000000e+02 8.900000000000000000e+02
-2.816000000000000000e+03 9.960000000000000000e+02 1.550400000000000000e+04 -4.704000000000000000e+03 -3.790000000000000000e+02 9.460000000000000000e+02
-2.692000000000000000e+03 1.596000000000000000e+03 1.512400000000000000e+04 -4.720000000000000000e+03 -4.590000000000000000e+02 1.389000000000000000e+03
-3.332000000000000000e+03 1.580000000000000000e+03 1.576800000000000000e+04 -4.736000000000000000e+03 -5.910000000000000000e+02 1.308000000000000000e+03
-2.812000000000000000e+03 1.472000000000000000e+03 1.673200000000000000e+04 -4.688000000000000000e+03 -7.030000000000000000e+02 1.183000000000000000e+03
-3.764000000000000000e+03 1.288000000000000000e+03 1.613600000000000000e+04 -4.688000000000000000e+03 -6.020000000000000000e+02 3.871000000000000000e+03
-3.676000000000000000e+03 1.656000000000000000e+03 1.472800000000000000e+04 -4.704000000000000000e+03 -5.410000000000000000e+02 1.974000000000000000e+03
-2.956000000000000000e+03 1.716000000000000000e+03 1.216000000000000000e+04 -4.720000000000000000e+03 -6.250000000000000000e+02 8.500000000000000000e+01
-2.312000000000000000e+03 1.584000000000000000e+03 7.928000000000000000e+03 -4.704000000000000000e+03 -4.900000000000000000e+01 3.350000000000000000e+02
-1.380000000000000000e+03 6.440000000000000000e+02 4.180000000000000000e+03 -4.720000000000000000e+03 9.960000000000000000e+02 1.121000000000000000e+03
-7.280000000000000000e+02 8.000000000000000000e+01 5.480000000000000000e+02 -4.720000000000000000e+03 2.610000000000000000e+02 1.856000000000000000e+03
-6.760000000000000000e+02 -3.680000000000000000e+02 -1.996000000000000000e+03 -4.704000000000000000e+03 -1.437000000000000000e+03 -7.730000000000000000e+02
-6.040000000000000000e+02 -5.440000000000000000e+02 2.764000000000000000e+03 -4.720000000000000000e+03 -1.014000000000000000e+03 9.880000000000000000e+02
-6.080000000000000000e+02 -9.480000000000000000e+02 4.720000000000000000e+03 -4.704000000000000000e+03 -1.660000000000000000e+02 1.826000000000000000e+03
-5.308000000000000000e+03 -1.348000000000000000e+03 2.655200000000000000e+04 -4.720000000000000000e+03 1.490000000000000000e+02 1.910000000000000000e+03
-1.656000000000000000e+03 3.052000000000000000e+03 2.194000000000000000e+04 -4.752000000000000000e+03 -9.200000000000000000e+01 1.730000000000000000e+02
-9.396000000000000000e+03 3.508000000000000000e+03 7.000000000000000000e+03 -4.720000000000000000e+03 -8.120000000000000000e+02 1.323000000000000000e+03
