7.428000000000000000e+03 3.260000000000000000e+03 1.326000000000000000e+04 -4.800000000000000000e+03 -3.500000000000000000e+01 -4.000000000000000000e+01
7.804000000000000000e+03 2.940000000000000000e+03 1.348400000000000000e+04 -4.800000000000000000e+03 -9.100000000000000000e+01 7.520000000000000000e+02
7.824000000000000000e+03 2.876000000000000000e+03 1.352000000000000000e+04 -4.800000000000000000e+03 -1.090000000000000000e+02 7.860000000000000000e+02
7.620000000000000000e+03 2.988000000000000000e+03 1.353200000000000000e+04 -4.800000000000000000e+03 -1.390000000000000000e+02 5.660000000000000000e+02
7.444000000000000000e+03 3.172000000000000000e+03 1.320000000000000000e+04 -4.768000000000000000e+03 -1.650000000000000000e+02 9.430000000000000000e+02
6.956000000000000000e+03 3.096000000000000000e+03 1.275200000000000000e+04 -4.784000000000000000e+03 -1.820000000000000000e+02 7.010000000000000000e+02
6.796000000000000000e+03 3.052000000000000000e+03 1.288400000000000000e+04 -4.784000000000000000e+03 -3.210000000000000000e+02 -4.010000000000000000e+02
6.940000000000000000e+03 2.912000000000000000e+03 1.276400000000000000e+04 -4.832000000000000000e+03 -3.500000000000000000e+02 -3.280000000000000000e+02
7.028000000000000000e+03 2.840000000000000000e+03 1.307600000000000000e+04 -4.800000000000000000e+03 6.700000000000000000e+01 -1.367000000000000000e+03
6.380000000000000000e+03 2.996000000000000000e+03 1.332400000000000000e+04 -4.816000000000000000e+03 6.200000000000000000e+01 -1.528000000000000000e+03
6.412000000000000000e+03 2.872000000000000000e+03 1.315200000000000000e+04 -4.800000000000000000e+03 -1.690000000000000000e+02 -1.739000000000000000e+03
6.480000000000000000e+03 2.944000000000000000e+03 1.321200000000000000e+04 -4.832000000000000000e+03 8.100000000000000000e+01 -2.088000000000000000e+03
6.000000000000000000e+03 2.720000000000000000e+03 1.312000000000000000e+04 -4.816000000000000000e+03 2.100000000000000000e+01 -2.341000000000000000e+03
6.220000000000000000e+03 2.504000000000000000e+03 1.284800000000000000e+04 -4.800000000000000000e+03 -5.000000000000000000e+01 -2.625000000000000000e+03
6.308000000000000000e+03 2.372000000000000000e+03 1.334800000000000000e+04 -4.752000000000000000e+03 6.000000000000000000e+01 -2.988000000000000000e+03
6.024000000000000000e+03 2.412000000000000000e+03 1.364000000000000000e+04 -4.800000000000000000e+03 -1.500000000000000000e+02 -2.625000000000000000e+03
6.400000000000000000e+03 2.236000000000000000e+03 1.364400000000000000e+04 -4.800000000000000000e+03 -1.030000000000000000e+02 -2.746000000000000000e+03
6.564000000000000000e+03 2.236000000000000000e+03 1.411200000000000000e+04 -4.816000000000000000e+03 -2.110000000000000000e+02 -2.724000000000000000e+03
6.464000000000000000e+03 2.192000000000000000e+03 1.363200000000000000e+04 -4.800000000000000000e+03 -2.010000000000000000e+02 -2.806000000000000000e+03
6.920000000000000000e+03 2.224000000000000000e+03 1.346000000000000000e+04 -4.800000000000000000e+03 -1.990000000000000000e+02 -2.516000000000000000e+03
6.456000000000000000e+03 2.292000000000000000e+03 1.310400000000000000e+04 -4.784000000000000000e+03 -2.250000000000000000e+02 -2.896000000000000000e+03
6.860000000000000000e+03 2.412000000000000000e+03 1.224800000000000000e+04 -4.784000000000000000e+03 -3.410000000000000000e+02 -2.274000000000000000e+03
6.924000000000000000e+03 2.672000000000000000e+03 1.054000000000000000e+04 -4.816000000000000000e+03 -1.310000000000000000e+02 -2.279000000000000000e+03
6.660000000000000000e+03 2.736000000000000000e+03 6.192000000000000000e+03 -4.784000000000000000e+03 -7.000000000000000000e+01 -2.241000000000000000e+03
6.880000000000000000e+03 2.708000000000000000e+03 5.548000000000000000e+03 -4.832000000000000000e+03 -2.540000000000000000e+02 -1.889000000000000000e+03
6.720000000000000000e+03 2.652000000000000000e+03 6.680000000000000000e+03 -4.784000000000000000e+03 -5.740000000000000000e+02 -1.776000000000000000e+03
6.412000000000000000e+03 2.556000000000000000e+03 7.696000000000000000e+03 -4.800000000000000000e+03 -7.030000000000000000e+02 -1.034000000000000000e+03
6.388000000000000000e+03 2.688000000000000000e+03 6.776000000000000000e+03 -4.816000000000000000e+03 -6.230000000000000000e+02 -8.510000000000000000e+02
6.548000000000000000e+03 2.628000000000000000e+03 8.708000000000000000e+03 -4.784000000000000000e+03 -4.330000000000000000e+02 -9.400000000000000000e+01
6.576000000000000000e+03 2.352000000000000000e+03 1.026800000000000000e+04 -4.800000000000000000e+03 -4.010000000000000000e+02 1.820000000000000000e+02
6.136000000000000000e+03 2.248000000000000000e+03 1.259200000000000000e+04 -4.784000000000000000e+03 -2.700000000000000000e+02 3.140000000000000000e+02
5.912000000000000000e+03 1.344000000000000000e+03 1.361600000000000000e+04 -4.800000000000000000e+03 -2.510000000000000000e+02 1.490000000000000000e+02
5.776000000000000000e+03 1.124000000000000000e+03 1.354000000000000000e+04 -4.784000000000000000e+03 -2.260000000000000000e+02 7.480000000000000000e+02
5.020000000000000000e+03 1.948000000000000000e+03 1.438400000000000000e+04 -4.832000000000000000e+03 -2.240000000000000000e+02 5.600000000000000000e+01
4.120000000000000000e+03 1.744000000000000000e+03 1.466800000000000000e+04 -4.816000000000000000e+03 -3.700000000000000000e+02 1.270000000000000000e+03
1.916000000000000000e+03 1.640000000000000000e+03 1.563200000000000000e+04 -4.800000000000000000e+03 -4.890000000000000000e+02 -4.200000000000000000e+02
1.812000000000000000e+03 2.532000000000000000e+03 1.733200000000000000e+04 -4.848000000000000000e+03 -5.130000000000000000e+02 1.236000000000000000e+03
4.592000000000000000e+03 2.412000000000000000e+03 1.716000000000000000e+04 -4.800000000000000000e+03 -7.010000000000000000e+02 -5.320000000000000000e+02
3.536000000000000000e+03 3.016000000000000000e+03 1.836800000000000000e+04 -4.816000000000000000e+03 -7.720000000000000000e+02 1.189000000000000000e+03
4.552000000000000000e+03 3.100000000000000000e+03 2.299600000000000000e+04 -4.816000000000000000e+03 -7.250000000000000000e+02 6.610000000000000000e+02
6.740000000000000000e+03 3.196000000000000000e+03 2.685600000000000000e+04 -4.816000000000000000e+03 -6.500000000000000000e+02 1.612000000000000000e+03
5.460000000000000000e+03 3.208000000000000000e+03 2.604800000000000000e+04 -4.768000000000000000e+03 -4.190000000000000000e+02 1.313000000000000000e+03
5.936000000000000000e+03 3.264000000000000000e+03 2.155600000000000000e+04 -4.832000000000000000e+03 -3.760000000000000000e+02 1.942000000000000000e+03
5.780000000000000000e+03 3.392000000000000000e+03 1.763200000000000000e+04 -4.784000000000000000e+03 -9.900000000000000000e+01 8.780000000000000000e+02
6.420000000000000000e+03 3.668000000000000000e+03 1.448800000000000000e+04 -4.800000000000000000e+03 1.430000000000000000e+02 1.545000000000000000e+03
6.596000000000000000e+03 3.356000000000000000e+03 1.265600000000000000e+04 -4.848000000000000000e+03 -2.050000000000000000e+02 1.783000000000000000e+03
6.976000000000000000e+03 3.288000000000000000e+03 1.294000000000000000e+04 -4.816000000000000000e+03 -8.450000000000000000e+02 1.857000000000000000e+03
7.416000000000000000e+03 4.420000000000000000e+03 1.313200000000000000e+04 -4.800000000000000000e+03 -7.140000000000000000e+02 2.312000000000000000e+03
