-8.136000000000000000e+03 1.216000000000000000e+03 1.270000000000000000e+04 -4.768000000000000000e+03 -5.400000000000000000e+02 1.585000000000000000e+03
-8.308000000000000000e+03 1.080000000000000000e+03 1.268000000000000000e+04 -4.784000000000000000e+03 -5.580000000000000000e+02 1.616000000000000000e+03
-8.532000000000000000e+03 1.236000000000000000e+03 1.249200000000000000e+04 -4.800000000000000000e+03 -5.900000000000000000e+02 1.504000000000000000e+03
-8.368000000000000000e+03 1.192000000000000000e+03 1.248800000000000000e+04 -4.768000000000000000e+03 -5.980000000000000000e+02 1.428000000000000000e+03
-8.236000000000000000e+03 1.408000000000000000e+03 1.300800000000000000e+04 -4.752000000000000000e+03 -5.840000000000000000e+02 1.242000000000000000e+03
-7.984000000000000000e+03 1.564000000000000000e+03 1.309200000000000000e+04 -4.784000000000000000e+03 -5.870000000000000000e+02 9.810000000000000000e+02
-8.300000000000000000e+03 1.972000000000000000e+03 1.263200000000000000e+04 -4.784000000000000000e+03 -5.450000000000000000e+02 7.600000000000000000e+02
-7.860000000000000000e+03 2.012000000000000000e+03 1.292800000000000000e+04 -4.752000000000000000e+03 -5.430000000000000000e+02 4.980000000000000000e+02
-7.308000000000000000e+03 2.044000000000000000e+03 1.306000000000000000e+04 -4.784000000000000000e+03 -5.270000000000000000e+02 1.160000000000000000e+02
-7.740000000000000000e+03 1.920000000000000000e+03 1.318400000000000000e+04 -4.816000000000000000e+03 -4.780000000000000000e+02 -2.890000000000000000e+02
-7.224000000000000000e+03 1.868000000000000000e+03 1.300800000000000000e+04 -4.752000000000000000e+03 -3.720000000000000000e+02 -3.600000000000000000e+02
-7.280000000000000000e+03 2.080000000000000000e+03 1.265200000000000000e+04 -4.768000000000000000e+03 -3.740000000000000000e+02 -6.780000000000000000e+02
-7.644000000000000000e+03 2.184000000000000000e+03 1.266800000000000000e+04 -4.736000000000000000e+03 -3.790000000000000000e+02 -7.860000000000000000e+02
-7.252000000000000000e+03 2.028000000000000000e+03 1.246000000000000000e+04 -4.768000000000000000e+03 -3.440000000000000000e+02 -7.910000000000000000e+02
-7.056000000000000000e+03 1.868000000000000000e+03 1.250400000000000000e+04 -4.784000000000000000e+03 -3.140000000000000000e+02 -6.270000000000000000e+02
-6.888000000000000000e+03 1.640000000000000000e+03 1.236000000000000000e+04 -4.768000000000000000e+03 -2.160000000000000000e+02 -9.230000000000000000e+02
-6.808000000000000000e+03 1.704000000000000000e+03 1.209600000000000000e+04 -4.784000000000000000e+03 -1.350000000000000000e+02 -2.181000000000000000e+03
-6.888000000000000000e+03 1.764000000000000000e+03 1.216800000000000000e+04 -4.784000000000000000e+03 -2.150000000000000000e+02 -2.478000000000000000e+03
-7.048000000000000000e+03 1.680000000000000000e+03 1.214800000000000000e+04 -4.784000000000000000e+03 -4.300000000000000000e+02 -2.232000000000000000e+03
-7.168000000000000000e+03 1.696000000000000000e+03 1.202800000000000000e+04 -4.800000000000000000e+03 -3.830000000000000000e+02 -1.794000000000000000e+03
-7.084000000000000000e+03 1.748000000000000000e+03 1.156800000000000000e+04 -4.768000000000000000e+03 9.000000000000000000e+00 -1.696000000000000000e+03
-7.244000000000000000e+03 1.728000000000000000e+03 1.179200000000000000e+04 -4.768000000000000000e+03 1.730000000000000000e+02 -2.229000000000000000e+03
-7.368000000000000000e+03 1.756000000000000000e+03 1.280000000000000000e+04 -4.736000000000000000e+03 -1.590000000000000000e+02 -2.734000000000000000e+03
-7.380000000000000000e+03 1.692000000000000000e+03 1.267200000000000000e+04 -4.800000000000000000e+03 3.000000000000000000e+00 -3.061000000000000000e+03
-7.488000000000000000e+03 1.684000000000000000e+03 1.201200000000000000e+04 -4.768000000000000000e+03 2.000000000000000000e+00 -3.289000000000000000e+03
-7.744000000000000000e+03 1.436000000000000000e+03 1.141200000000000000e+04 -4.784000000000000000e+03 -1.830000000000000000e+02 -3.369000000000000000e+03
-7.788000000000000000e+03 1.348000000000000000e+03 1.094400000000000000e+04 -4.784000000000000000e+03 -1.300000000000000000e+01 -3.164000000000000000e+03
-7.960000000000000000e+03 1.420000000000000000e+03 1.132800000000000000e+04 -4.784000000000000000e+03 -1.170000000000000000e+02 -2.907000000000000000e+03
-7.716000000000000000e+03 1.356000000000000000e+03 1.096400000000000000e+04 -4.720000000000000000e+03 -7.700000000000000000e+01 -2.515000000000000000e+03
-8.312000000000000000e+03 1.284000000000000000e+03 8.464000000000000000e+03 -4.784000000000000000e+03 -2.900000000000000000e+01 -1.942000000000000000e+03
-9.004000000000000000e+03 1.244000000000000000e+03 4.116000000000000000e+03 -4.784000000000000000e+03 9.200000000000000000e+01 -1.326000000000000000e+03
-9.112000000000000000e+03 1.304000000000000000e+03 1.848000000000000000e+03 -4.752000000000000000e+03 1.580000000000000000e+02 -7.560000000000000000e+02
-8.756000000000000000e+03 1.352000000000000000e+03 4.312000000000000000e+03 -4.768000000000000000e+03 4.130000000000000000e+02 -2.470000000000000000e+02
-8.480000000000000000e+03 1.180000000000000000e+03 7.412000000000000000e+03 -4.768000000000000000e+03 3.070000000000000000e+02 2.390000000000000000e+02
-8.752000000000000000e+03 1.296000000000000000e+03 6.596000000000000000e+03 -4.784000000000000000e+03 2.410000000000000000e+02 1.150000000000000000e+02
-9.052000000000000000e+03 1.232000000000000000e+03 9.944000000000000000e+03 -4.816000000000000000e+03 -1.100000000000000000e+01 5.580000000000000000e+02
-8.920000000000000000e+03 8.320000000000000000e+02 1.126800000000000000e+04 -4.784000000000000000e+03 9.000000000000000000e+00 4.160000000000000000e+02
-7.852000000000000000e+03 4.200000000000000000e+02 1.138800000000000000e+04 -4.752000000000000000e+03 1.710000000000000000e+02 2.080000000000000000e+02
-5.328000000000000000e+03 2.960000000000000000e+02 1.349600000000000000e+04 -4.784000000000000000e+03 2.220000000000000000e+02 1.850000000000000000e+02
-3.124000000000000000e+03 8.320000000000000000e+02 1.379600000000000000e+04 -4.768000000000000000e+03 2.390000000000000000e+02 1.960000000000000000e+02
-2.448000000000000000e+03 1.276000000000000000e+03 1.526800000000000000e+04 -4.784000000000000000e+03 3.300000000000000000e+02 2.180000000000000000e+02
-3.600000000000000000e+03 7.720000000000000000e+02 1.590800000000000000e+04 -4.800000000000000000e+03 3.750000000000000000e+02 5.500000000000000000e+01
-2.692000000000000000e+03 1.068000000000000000e+03 1.822400000000000000e+04 -4.752000000000000000e+03 3.400000000000000000e+02 -2.530000000000000000e+02
-4.064000000000000000e+03 1.108000000000000000e+03 2.132400000000000000e+04 -4.784000000000000000e+03 2.530000000000000000e+02 -4.200000000000000000e+02
-5.968000000000000000e+03 1.056000000000000000e+03 2.532000000000000000e+04 -4.800000000000000000e+03 1.780000000000000000e+02 -6.480000000000000000e+02
-5.316000000000000000e+03 1.676000000000000000e+03 2.614000000000000000e+04 -4.784000000000000000e+03 3.150000000000000000e+02 -6.950000000000000000e+02
-5.640000000000000000e+03 1.624000000000000000e+03 2.582800000000000000e+04 -4.784000000000000000e+03 2.800000000000000000e+01 -4.590000000000000000e+02
-6.116000000000000000e+03 2.100000000000000000e+03 2.205600000000000000e+04 -4.800000000000000000e+03 6.400000000000000000e+01 -2.160000000000000000e+02
-6.424000000000000000e+03 2.436000000000000000e+03 1.942000000000000000e+04 -4.784000000000000000e+03 -6.900000000000000000e+01 -4.500000000000000000e+01
-7.124000000000000000e+03 3.044000000000000000e+03 1.861600000000000000e+04 -4.784000000000000000e+03 -7.100000000000000000e+01 3.930000000000000000e+02
-7.172000000000000000e+03 3.012000000000000000e+03 1.751200000000000000e+04 -4.784000000000000000e+03 -2.450000000000000000e+02 2.230000000000000000e+02
-8.140000000000000000e+03 3.132000000000000000e+03 1.678800000000000000e+04 -4.784000000000000000e+03 -4.900000000000000000e+02 1.721000000000000000e+03
-9.176000000000000000e+03 3.016000000000000000e+03 1.658000000000000000e+04 -4.768000000000000000e+03 -5.940000000000000000e+02 4.300000000000000000e+02
-9.432000000000000000e+03 3.688000000000000000e+03 1.620000000000000000e+04 -4.800000000000000000e+03 -3.680000000000000000e+02 4.280000000000000000e+02
-9.032000000000000000e+03 3.196000000000000000e+03 1.588800000000000000e+04 -4.816000000000000000e+03 -2.250000000000000000e+02 1.219000000000000000e+03
-7.600000000000000000e+03 2.572000000000000000e+03 1.444000000000000000e+04 -4.784000000000000000e+03 -1.630000000000000000e+02 1.305000000000000000e+03
-6.740000000000000000e+03 2.272000000000000000e+03 1.601600000000000000e+04 -4.784000000000000000e+03 1.140000000000000000e+02 1.493000000000000000e+03
-6.364000000000000000e+03 2.216000000000000000e+03 1.653600000000000000e+04 -4.832000000000000000e+03 2.610000000000000000e+02 -5.600000000000000000e+01
-5.568000000000000000e+03 2.160000000000000000e+03 1.525600000000000000e+04 -4.784000000000000000e+03 -1.710000000000000000e+02 1.707000000000000000e+03
-4.620000000000000000e+03 2.048000000000000000e+03 1.543600000000000000e+04 -4.784000000000000000e+03 -6.350000000000000000e+02 1.770000000000000000e+03
-4.484000000000000000e+03 1.964000000000000000e+03 1.477600000000000000e+04 -4.784000000000000000e+03 -3.740000000000000000e+02 1.613000000000000000e+03
-4.832000000000000000e+03 1.936000000000000000e+03 1.384000000000000000e+04 -4.784000000000000000e+03 1.600000000000000000e+01 1.578000000000000000e+03
