3.216000000000000000e+03 2.352000000000000000e+03 1.448400000000000000e+04 -4.656000000000000000e+03 -1.960000000000000000e+02 4.350000000000000000e+02
3.256000000000000000e+03 2.456000000000000000e+03 1.458000000000000000e+04 -4.672000000000000000e+03 -1.990000000000000000e+02 2.960000000000000000e+02
3.468000000000000000e+03 2.320000000000000000e+03 1.441200000000000000e+04 -4.656000000000000000e+03 -2.580000000000000000e+02 -4.300000000000000000e+01
3.340000000000000000e+03 2.340000000000000000e+03 1.436000000000000000e+04 -4.672000000000000000e+03 -2.150000000000000000e+02 6.400000000000000000e+01
3.412000000000000000e+03 2.380000000000000000e+03 1.435200000000000000e+04 -4.640000000000000000e+03 -2.440000000000000000e+02 2.200000000000000000e+01
3.280000000000000000e+03 2.420000000000000000e+03 1.452400000000000000e+04 -4.656000000000000000e+03 -2.310000000000000000e+02 -1.640000000000000000e+02
3.084000000000000000e+03 2.392000000000000000e+03 1.460800000000000000e+04 -4.704000000000000000e+03 -2.440000000000000000e+02 -3.330000000000000000e+02
2.888000000000000000e+03 2.568000000000000000e+03 1.479600000000000000e+04 -4.640000000000000000e+03 -2.300000000000000000e+02 -5.120000000000000000e+02
2.460000000000000000e+03 2.760000000000000000e+03 1.441600000000000000e+04 -4.688000000000000000e+03 -1.930000000000000000e+02 -7.120000000000000000e+02
2.624000000000000000e+03 2.508000000000000000e+03 1.380800000000000000e+04 -4.640000000000000000e+03 -2.610000000000000000e+02 -6.230000000000000000e+02
2.772000000000000000e+03 2.288000000000000000e+03 1.424000000000000000e+04 -4.688000000000000000e+03 -2.510000000000000000e+02 -4.650000000000000000e+02
2.948000000000000000e+03 2.416000000000000000e+03 1.451200000000000000e+04 -4.672000000000000000e+03 -2.910000000000000000e+02 -4.300000000000000000e+02
2.896000000000000000e+03 2.492000000000000000e+03 1.446800000000000000e+04 -4.672000000000000000e+03 -2.470000000000000000e+02 -4.810000000000000000e+02
2.712000000000000000e+03 2.452000000000000000e+03 1.495200000000000000e+04 -4.656000000000000000e+03 -2.430000000000000000e+02 -1.870000000000000000e+02
2.680000000000000000e+03 2.672000000000000000e+03 1.460000000000000000e+04 -4.672000000000000000e+03 -2.440000000000000000e+02 -9.000000000000000000e+00
2.756000000000000000e+03 2.472000000000000000e+03 1.415600000000000000e+04 -4.640000000000000000e+03 -2.960000000000000000e+02 1.500000000000000000e+02
3.268000000000000000e+03 2.308000000000000000e+03 1.392800000000000000e+04 -4.688000000000000000e+03 -2.880000000000000000e+02 4.050000000000000000e+02
3.440000000000000000e+03 2.416000000000000000e+03 1.392800000000000000e+04 -4.672000000000000000e+03 -2.980000000000000000e+02 5.400000000000000000e+02
3.192000000000000000e+03 2.624000000000000000e+03 1.447600000000000000e+04 -4.688000000000000000e+03 -3.510000000000000000e+02 7.810000000000000000e+02
3.112000000000000000e+03 2.820000000000000000e+03 1.438800000000000000e+04 -4.656000000000000000e+03 -3.800000000000000000e+02 1.074000000000000000e+03
3.320000000000000000e+03 2.688000000000000000e+03 1.412800000000000000e+04 -4.672000000000000000e+03 -4.140000000000000000e+02 1.298000000000000000e+03
3.476000000000000000e+03 2.700000000000000000e+03 1.398400000000000000e+04 -4.624000000000000000e+03 -4.070000000000000000e+02 1.564000000000000000e+03
3.700000000000000000e+03 2.492000000000000000e+03 1.408400000000000000e+04 -4.656000000000000000e+03 -4.660000000000000000e+02 1.869000000000000000e+03
3.644000000000000000e+03 2.296000000000000000e+03 1.411600000000000000e+04 -4.640000000000000000e+03 -4.800000000000000000e+02 2.173000000000000000e+03
3.772000000000000000e+03 2.420000000000000000e+03 1.428000000000000000e+04 -4.656000000000000000e+03 -5.610000000000000000e+02 2.340000000000000000e+03
3.920000000000000000e+03 2.316000000000000000e+03 1.431200000000000000e+04 -4.688000000000000000e+03 -7.550000000000000000e+02 2.561000000000000000e+03
3.960000000000000000e+03 2.360000000000000000e+03 1.399200000000000000e+04 -4.656000000000000000e+03 -9.230000000000000000e+02 2.825000000000000000e+03
3.752000000000000000e+03 2.392000000000000000e+03 1.430800000000000000e+04 -4.672000000000000000e+03 -1.125000000000000000e+03 2.903000000000000000e+03
3.424000000000000000e+03 2.632000000000000000e+03 1.456800000000000000e+04 -4.640000000000000000e+03 -1.358000000000000000e+03 2.934000000000000000e+03
3.004000000000000000e+03 2.640000000000000000e+03 1.516000000000000000e+04 -4.672000000000000000e+03 -1.033000000000000000e+03 2.501000000000000000e+03
3.000000000000000000e+03 2.904000000000000000e+03 1.512000000000000000e+04 -4.656000000000000000e+03 -7.090000000000000000e+02 2.728000000000000000e+03
2.584000000000000000e+03 2.956000000000000000e+03 1.367200000000000000e+04 -4.672000000000000000e+03 -1.108000000000000000e+03 2.534000000000000000e+03
2.280000000000000000e+03 2.352000000000000000e+03 1.168400000000000000e+04 -4.656000000000000000e+03 -8.340000000000000000e+02 3.278000000000000000e+03
2.044000000000000000e+03 1.864000000000000000e+03 6.964000000000000000e+03 -4.656000000000000000e+03 -1.159000000000000000e+03 2.334000000000000000e+03
1.684000000000000000e+03 6.200000000000000000e+02 3.364000000000000000e+03 -4.656000000000000000e+03 -7.990000000000000000e+02 2.018000000000000000e+03
1.136000000000000000e+03 -5.200000000000000000e+01 7.044000000000000000e+03 -4.656000000000000000e+03 -7.610000000000000000e+02 8.210000000000000000e+02
1.200000000000000000e+02 4.480000000000000000e+02 7.924000000000000000e+03 -4.672000000000000000e+03 -9.410000000000000000e+02 1.159000000000000000e+03
5.000000000000000000e+02 3.400000000000000000e+02 9.696000000000000000e+03 -4.656000000000000000e+03 -7.970000000000000000e+02 9.730000000000000000e+02
1.600000000000000000e+03 9.640000000000000000e+02 1.208000000000000000e+04 -4.656000000000000000e+03 -6.080000000000000000e+02 1.270000000000000000e+02
1.528000000000000000e+03 1.832000000000000000e+03 1.242000000000000000e+04 -4.656000000000000000e+03 -6.910000000000000000e+02 -2.880000000000000000e+02
7.760000000000000000e+02 1.780000000000000000e+03 1.538000000000000000e+04 -4.640000000000000000e+03 -4.790000000000000000e+02 -6.160000000000000000e+02
1.140000000000000000e+03 2.760000000000000000e+03 1.551200000000000000e+04 -4.672000000000000000e+03 -4.940000000000000000e+02 -8.730000000000000000e+02
3.200000000000000000e+01 2.860000000000000000e+03 1.494400000000000000e+04 -4.672000000000000000e+03 -4.610000000000000000e+02 -1.386000000000000000e+03
9.680000000000000000e+02 1.852000000000000000e+03 1.728400000000000000e+04 -4.656000000000000000e+03 -3.840000000000000000e+02 -1.568000000000000000e+03
1.140000000000000000e+03 1.620000000000000000e+03 1.746000000000000000e+04 -4.688000000000000000e+03 -1.960000000000000000e+02 -1.858000000000000000e+03
1.324000000000000000e+03 1.924000000000000000e+03 1.688400000000000000e+04 -4.672000000000000000e+03 5.000000000000000000e+00 -1.902000000000000000e+03
2.840000000000000000e+02 2.596000000000000000e+03 1.744000000000000000e+04 -4.624000000000000000e+03 8.400000000000000000e+01 -1.951000000000000000e+03
1.520000000000000000e+02 2.708000000000000000e+03 1.790800000000000000e+04 -4.656000000000000000e+03 -1.110000000000000000e+02 -1.574000000000000000e+03
6.240000000000000000e+02 2.368000000000000000e+03 1.772400000000000000e+04 -4.672000000000000000e+03 -4.420000000000000000e+02 -9.660000000000000000e+02
8.560000000000000000e+02 1.636000000000000000e+03 1.875200000000000000e+04 -4.640000000000000000e+03 -6.540000000000000000e+02 -5.830000000000000000e+02
9.760000000000000000e+02 1.524000000000000000e+03 2.079200000000000000e+04 -4.656000000000000000e+03 -6.220000000000000000e+02 -1.890000000000000000e+02
1.680000000000000000e+03 1.932000000000000000e+03 2.406400000000000000e+04 -4.688000000000000000e+03 -6.420000000000000000e+02 2.610000000000000000e+02
9.440000000000000000e+02 2.624000000000000000e+03 2.674800000000000000e+04 -4.688000000000000000e+03 -6.490000000000000000e+02 7.350000000000000000e+02
1.000000000000000000e+03 3.020000000000000000e+03 2.525200000000000000e+04 -4.656000000000000000e+03 -5.960000000000000000e+02 8.320000000000000000e+02
1.416000000000000000e+03 2.776000000000000000e+03 2.193600000000000000e+04 -4.640000000000000000e+03 -5.010000000000000000e+02 5.260000000000000000e+02
1.808000000000000000e+03 2.736000000000000000e+03 1.948400000000000000e+04 -4.656000000000000000e+03 -4.010000000000000000e+02 9.300000000000000000e+02
2.392000000000000000e+03 2.028000000000000000e+03 1.796800000000000000e+04 -4.672000000000000000e+03 -1.870000000000000000e+02 8.550000000000000000e+02
3.300000000000000000e+03 2.064000000000000000e+03 1.633200000000000000e+04 -4.656000000000000000e+03 -1.520000000000000000e+02 7.600000000000000000e+02
2.352000000000000000e+03 1.920000000000000000e+03 1.588000000000000000e+04 -4.656000000000000000e+03 -1.590000000000000000e+02 7.230000000000000000e+02
2.468000000000000000e+03 1.932000000000000000e+03 1.588400000000000000e+04 -4.672000000000000000e+03 -2.310000000000000000e+02 7.930000000000000000e+02
2.560000000000000000e+03 1.664000000000000000e+03 1.486400000000000000e+04 -4.656000000000000000e+03 -2.800000000000000000e+02 9.040000000000000000e+02
2.516000000000000000e+03 1.572000000000000000e+03 1.497600000000000000e+04 -4.656000000000000000e+03 -3.410000000000000000e+02 9.200000000000000000e+02
1.820000000000000000e+03 1.940000000000000000e+03 1.570000000000000000e+04 -4.672000000000000000e+03 -3.030000000000000000e+02 1.077000000000000000e+03
1.640000000000000000e+03 2.220000000000000000e+03 1.536400000000000000e+04 -4.656000000000000000e+03 -2.900000000000000000e+02 1.138000000000000000e+03
1.996000000000000000e+03 2.088000000000000000e+03 1.408000000000000000e+04 -4.672000000000000000e+03 -2.900000000000000000e+02 6.740000000000000000e+02
2.124000000000000000e+03 1.588000000000000000e+03 1.227600000000000000e+04 -4.640000000000000000e+03 -1.020000000000000000e+02 6.060000000000000000e+02
2.740000000000000000e+03 9.560000000000000000e+02 1.079200000000000000e+04 -4.688000000000000000e+03 3.500000000000000000e+01 4.370000000000000000e+02
3.180000000000000000e+03 8.360000000000000000e+02 8.760000000000000000e+03 -4.656000000000000000e+03 2.110000000000000000e+02 2.130000000000000000e+02
2.756000000000000000e+03 6.440000000000000000e+02 7.252000000000000000e+03 -4.656000000000000000e+03 3.840000000000000000e+02 2.500000000000000000e+01
2.548000000000000000e+03 6.960000000000000000e+02 5.980000000000000000e+03 -4.704000000000000000e+03 2.390000000000000000e+02 -1.990000000000000000e+02
2.036000000000000000e+03 4.520000000000000000e+02 5.388000000000000000e+03 -4.656000000000000000e+03 -6.800000000000000000e+01 -3.920000000000000000e+02
1.376000000000000000e+03 2.760000000000000000e+02 6.340000000000000000e+03 -4.672000000000000000e+03 -2.280000000000000000e+02 -3.540000000000000000e+02
9.040000000000000000e+02 3.240000000000000000e+02 8.828000000000000000e+03 -4.656000000000000000e+03 -8.100000000000000000e+01 -8.030000000000000000e+02
-4.440000000000000000e+02 4.080000000000000000e+02 1.308800000000000000e+04 -4.672000000000000000e+03 1.600000000000000000e+02 -8.640000000000000000e+02
-8.320000000000000000e+02 1.352000000000000000e+03 1.778000000000000000e+04 -4.656000000000000000e+03 1.940000000000000000e+02 -9.240000000000000000e+02
-1.376000000000000000e+03 2.240000000000000000e+03 1.871600000000000000e+04 -4.688000000000000000e+03 9.100000000000000000e+01 -8.430000000000000000e+02
