-4.912000000000000000e+03 1.336000000000000000e+03 1.389200000000000000e+04 -4.800000000000000000e+03 -4.640000000000000000e+02 5.390000000000000000e+02
-4.916000000000000000e+03 1.384000000000000000e+03 1.360800000000000000e+04 -4.752000000000000000e+03 -4.320000000000000000e+02 2.920000000000000000e+02
-5.104000000000000000e+03 1.344000000000000000e+03 1.392800000000000000e+04 -4.768000000000000000e+03 -3.980000000000000000e+02 1.400000000000000000e+01
-5.352000000000000000e+03 1.348000000000000000e+03 1.386800000000000000e+04 -4.768000000000000000e+03 -3.850000000000000000e+02 -3.830000000000000000e+02
-5.376000000000000000e+03 1.320000000000000000e+03 1.388000000000000000e+04 -4.784000000000000000e+03 -3.070000000000000000e+02 -4.890000000000000000e+02
-5.472000000000000000e+03 1.172000000000000000e+03 1.369200000000000000e+04 -4.736000000000000000e+03 -2.550000000000000000e+02 -3.220000000000000000e+02
-5.160000000000000000e+03 1.172000000000000000e+03 1.364800000000000000e+04 -4.752000000000000000e+03 -2.210000000000000000e+02 1.750000000000000000e+02
-4.952000000000000000e+03 1.092000000000000000e+03 1.400000000000000000e+04 -4.768000000000000000e+03 -1.780000000000000000e+02 -1.210000000000000000e+02
-4.968000000000000000e+03 1.076000000000000000e+03 1.412400000000000000e+04 -4.768000000000000000e+03 -1.530000000000000000e+02 1.000000000000000000e+00
-4.840000000000000000e+03 1.100000000000000000e+03 1.394400000000000000e+04 -4.784000000000000000e+03 -1.450000000000000000e+02 3.120000000000000000e+02
-4.920000000000000000e+03 1.180000000000000000e+03 1.352400000000000000e+04 -4.768000000000000000e+03 -1.560000000000000000e+02 4.300000000000000000e+01
-4.792000000000000000e+03 1.216000000000000000e+03 1.357600000000000000e+04 -4.784000000000000000e+03 -3.250000000000000000e+02 -6.070000000000000000e+02
-4.404000000000000000e+03 1.368000000000000000e+03 1.391200000000000000e+04 -4.768000000000000000e+03 -2.570000000000000000e+02 5.070000000000000000e+02
-4.228000000000000000e+03 1.440000000000000000e+03 1.412000000000000000e+04 -4.752000000000000000e+03 -3.870000000000000000e+02 1.140000000000000000e+02
-4.208000000000000000e+03 1.384000000000000000e+03 1.368000000000000000e+04 -4.752000000000000000e+03 -5.800000000000000000e+02 1.790000000000000000e+02
-4.172000000000000000e+03 1.440000000000000000e+03 1.365600000000000000e+04 -4.736000000000000000e+03 -2.770000000000000000e+02 -1.750000000000000000e+02
-4.104000000000000000e+03 1.296000000000000000e+03 1.348400000000000000e+04 -4.736000000000000000e+03 -6.900000000000000000e+01 -3.000000000000000000e+02
-4.020000000000000000e+03 1.196000000000000000e+03 1.358800000000000000e+04 -4.720000000000000000e+03 -3.180000000000000000e+02 -5.990000000000000000e+02
-3.992000000000000000e+03 1.076000000000000000e+03 1.367600000000000000e+04 -4.784000000000000000e+03 -2.600000000000000000e+02 -1.258000000000000000e+03
-4.164000000000000000e+03 1.160000000000000000e+03 1.381600000000000000e+04 -4.768000000000000000e+03 -3.430000000000000000e+02 -1.681000000000000000e+03
-4.320000000000000000e+03 1.056000000000000000e+03 1.378000000000000000e+04 -4.768000000000000000e+03 -2.810000000000000000e+02 -1.913000000000000000e+03
-4.276000000000000000e+03 1.272000000000000000e+03 1.407200000000000000e+04 -4.768000000000000000e+03 -2.060000000000000000e+02 -2.140000000000000000e+03
-4.360000000000000000e+03 1.204000000000000000e+03 1.354400000000000000e+04 -4.784000000000000000e+03 -2.750000000000000000e+02 -2.456000000000000000e+03
-4.432000000000000000e+03 1.316000000000000000e+03 1.203200000000000000e+04 -4.768000000000000000e+03 -2.010000000000000000e+02 -2.300000000000000000e+03
-4.548000000000000000e+03 1.260000000000000000e+03 1.060400000000000000e+04 -4.768000000000000000e+03 -1.200000000000000000e+02 -1.989000000000000000e+03
-4.768000000000000000e+03 1.192000000000000000e+03 7.264000000000000000e+03 -4.752000000000000000e+03 -1.700000000000000000e+01 -2.399000000000000000e+03
-4.796000000000000000e+03 1.144000000000000000e+03 4.956000000000000000e+03 -4.768000000000000000e+03 -9.000000000000000000e+01 -2.022000000000000000e+03
-4.884000000000000000e+03 1.176000000000000000e+03 6.108000000000000000e+03 -4.768000000000000000e+03 -8.800000000000000000e+01 -1.111000000000000000e+03
-4.952000000000000000e+03 1.188000000000000000e+03 7.592000000000000000e+03 -4.768000000000000000e+03 -2.200000000000000000e+01 -1.306000000000000000e+03
-5.172000000000000000e+03 1.168000000000000000e+03 8.036000000000000000e+03 -4.768000000000000000e+03 3.000000000000000000e+01 -1.090000000000000000e+03
-5.168000000000000000e+03 1.004000000000000000e+03 1.002800000000000000e+04 -4.752000000000000000e+03 1.520000000000000000e+02 -1.106000000000000000e+03
-5.308000000000000000e+03 7.200000000000000000e+02 1.086000000000000000e+04 -4.752000000000000000e+03 2.770000000000000000e+02 -3.290000000000000000e+02
-5.144000000000000000e+03 6.000000000000000000e+02 1.306000000000000000e+04 -4.768000000000000000e+03 3.060000000000000000e+02 -5.350000000000000000e+02
-5.248000000000000000e+03 2.520000000000000000e+02 1.431600000000000000e+04 -4.768000000000000000e+03 4.700000000000000000e+01 -9.900000000000000000e+01
-5.608000000000000000e+03 2.640000000000000000e+02 1.526400000000000000e+04 -4.768000000000000000e+03 -3.520000000000000000e+02 -2.400000000000000000e+02
-5.444000000000000000e+03 3.400000000000000000e+02 1.502800000000000000e+04 -4.784000000000000000e+03 -1.770000000000000000e+02 -2.840000000000000000e+02
-5.000000000000000000e+03 6.560000000000000000e+02 1.630000000000000000e+04 -4.752000000000000000e+03 -4.010000000000000000e+02 -2.410000000000000000e+02
-3.852000000000000000e+03 9.440000000000000000e+02 1.637200000000000000e+04 -4.784000000000000000e+03 -4.550000000000000000e+02 7.000000000000000000e+01
-2.828000000000000000e+03 1.128000000000000000e+03 1.577200000000000000e+04 -4.752000000000000000e+03 -4.320000000000000000e+02 1.890000000000000000e+02
-2.056000000000000000e+03 1.284000000000000000e+03 1.594800000000000000e+04 -4.768000000000000000e+03 -3.860000000000000000e+02 9.300000000000000000e+01
-2.296000000000000000e+03 1.628000000000000000e+03 1.743600000000000000e+04 -4.752000000000000000e+03 -3.520000000000000000e+02 -1.500000000000000000e+01
-2.452000000000000000e+03 1.780000000000000000e+03 1.809600000000000000e+04 -4.720000000000000000e+03 -3.990000000000000000e+02 1.210000000000000000e+02
-2.776000000000000000e+03 1.696000000000000000e+03 2.232400000000000000e+04 -4.720000000000000000e+03 -4.240000000000000000e+02 1.570000000000000000e+02
-2.376000000000000000e+03 1.520000000000000000e+03 2.516400000000000000e+04 -4.784000000000000000e+03 -4.790000000000000000e+02 2.740000000000000000e+02
-3.528000000000000000e+03 1.676000000000000000e+03 2.949600000000000000e+04 -4.752000000000000000e+03 -5.650000000000000000e+02 4.090000000000000000e+02
-4.672000000000000000e+03 1.732000000000000000e+03 2.638400000000000000e+04 -4.752000000000000000e+03 -5.960000000000000000e+02 2.920000000000000000e+02
-4.820000000000000000e+03 1.680000000000000000e+03 2.072000000000000000e+04 -4.768000000000000000e+03 -6.600000000000000000e+02 3.020000000000000000e+02
-3.968000000000000000e+03 1.408000000000000000e+03 2.059600000000000000e+04 -4.768000000000000000e+03 -6.760000000000000000e+02 2.670000000000000000e+02
-4.440000000000000000e+03 1.876000000000000000e+03 1.662000000000000000e+04 -4.784000000000000000e+03 -6.010000000000000000e+02 1.150000000000000000e+02
-4.508000000000000000e+03 1.844000000000000000e+03 1.565200000000000000e+04 -4.800000000000000000e+03 -5.660000000000000000e+02 6.000000000000000000e+00
-3.496000000000000000e+03 2.208000000000000000e+03 1.516400000000000000e+04 -4.768000000000000000e+03 -4.320000000000000000e+02 -2.730000000000000000e+02
-3.716000000000000000e+03 2.100000000000000000e+03 1.508800000000000000e+04 -4.768000000000000000e+03 -3.210000000000000000e+02 -2.550000000000000000e+02
-4.036000000000000000e+03 2.880000000000000000e+03 1.524000000000000000e+04 -4.752000000000000000e+03 -2.090000000000000000e+02 -1.980000000000000000e+02
-4.044000000000000000e+03 2.144000000000000000e+03 1.542800000000000000e+04 -4.768000000000000000e+03 2.900000000000000000e+01 -1.340000000000000000e+02
-3.656000000000000000e+03 2.188000000000000000e+03 1.592800000000000000e+04 -4.768000000000000000e+03 -1.110000000000000000e+02 6.300000000000000000e+01
-5.588000000000000000e+03 2.792000000000000000e+03 1.573600000000000000e+04 -4.768000000000000000e+03 -3.340000000000000000e+02 1.970000000000000000e+02
-6.828000000000000000e+03 2.124000000000000000e+03 1.419200000000000000e+04 -4.784000000000000000e+03 -4.650000000000000000e+02 2.380000000000000000e+02
