4.600000000000000000e+02 1.888000000000000000e+03 1.468000000000000000e+04 -4.688000000000000000e+03 -1.740000000000000000e+02 1.088000000000000000e+03
2.480000000000000000e+02 1.848000000000000000e+03 1.450800000000000000e+04 -4.656000000000000000e+03 -1.320000000000000000e+02 1.231000000000000000e+03
4.280000000000000000e+02 1.872000000000000000e+03 1.434000000000000000e+04 -4.672000000000000000e+03 -1.290000000000000000e+02 1.346000000000000000e+03
9.120000000000000000e+02 2.024000000000000000e+03 1.472400000000000000e+04 -4.688000000000000000e+03 -1.800000000000000000e+02 1.405000000000000000e+03
1.008000000000000000e+03 2.020000000000000000e+03 1.503600000000000000e+04 -4.656000000000000000e+03 -4.800000000000000000e+02 1.225000000000000000e+03
1.400000000000000000e+03 2.076000000000000000e+03 1.446800000000000000e+04 -4.688000000000000000e+03 -6.810000000000000000e+02 1.258000000000000000e+03
1.144000000000000000e+03 1.796000000000000000e+03 1.397600000000000000e+04 -4.688000000000000000e+03 -6.000000000000000000e+02 1.509000000000000000e+03
1.420000000000000000e+03 1.720000000000000000e+03 1.382800000000000000e+04 -4.672000000000000000e+03 -4.600000000000000000e+02 1.062000000000000000e+03
1.580000000000000000e+03 1.756000000000000000e+03 1.411200000000000000e+04 -4.672000000000000000e+03 -4.270000000000000000e+02 1.013000000000000000e+03
1.752000000000000000e+03 1.804000000000000000e+03 1.434000000000000000e+04 -4.688000000000000000e+03 -3.460000000000000000e+02 1.189000000000000000e+03
1.848000000000000000e+03 1.676000000000000000e+03 1.470000000000000000e+04 -4.688000000000000000e+03 -3.840000000000000000e+02 7.990000000000000000e+02
1.724000000000000000e+03 1.708000000000000000e+03 1.418400000000000000e+04 -4.672000000000000000e+03 -1.590000000000000000e+02 -1.870000000000000000e+02
1.948000000000000000e+03 1.908000000000000000e+03 1.415200000000000000e+04 -4.688000000000000000e+03 -3.840000000000000000e+02 -5.600000000000000000e+02
2.232000000000000000e+03 1.932000000000000000e+03 1.420800000000000000e+04 -4.672000000000000000e+03 -1.770000000000000000e+02 -7.630000000000000000e+02
2.476000000000000000e+03 2.076000000000000000e+03 1.434400000000000000e+04 -4.656000000000000000e+03 -1.440000000000000000e+02 -5.860000000000000000e+02
2.440000000000000000e+03 2.108000000000000000e+03 1.476400000000000000e+04 -4.704000000000000000e+03 -3.830000000000000000e+02 -1.742000000000000000e+03
2.340000000000000000e+03 1.864000000000000000e+03 1.471200000000000000e+04 -4.672000000000000000e+03 -1.320000000000000000e+02 -1.443000000000000000e+03
2.284000000000000000e+03 1.648000000000000000e+03 1.454400000000000000e+04 -4.672000000000000000e+03 -3.720000000000000000e+02 -1.510000000000000000e+03
2.236000000000000000e+03 1.576000000000000000e+03 1.434800000000000000e+04 -4.656000000000000000e+03 -2.060000000000000000e+02 -1.664000000000000000e+03
2.044000000000000000e+03 1.408000000000000000e+03 1.418400000000000000e+04 -4.672000000000000000e+03 -2.400000000000000000e+02 -1.666000000000000000e+03
1.928000000000000000e+03 1.508000000000000000e+03 1.553600000000000000e+04 -4.656000000000000000e+03 -3.330000000000000000e+02 -1.859000000000000000e+03
1.612000000000000000e+03 1.692000000000000000e+03 1.564800000000000000e+04 -4.672000000000000000e+03 -2.840000000000000000e+02 -2.196000000000000000e+03
1.624000000000000000e+03 1.792000000000000000e+03 1.520400000000000000e+04 -4.704000000000000000e+03 -2.340000000000000000e+02 -1.521000000000000000e+03
1.356000000000000000e+03 1.812000000000000000e+03 1.198800000000000000e+04 -4.656000000000000000e+03 -2.760000000000000000e+02 -1.890000000000000000e+03
1.392000000000000000e+03 1.908000000000000000e+03 9.048000000000000000e+03 -4.704000000000000000e+03 -2.090000000000000000e+02 -1.483000000000000000e+03
1.168000000000000000e+03 2.072000000000000000e+03 8.464000000000000000e+03 -4.704000000000000000e+03 -1.140000000000000000e+02 -8.210000000000000000e+02
1.172000000000000000e+03 1.900000000000000000e+03 8.008000000000000000e+03 -4.656000000000000000e+03 -5.800000000000000000e+01 -4.160000000000000000e+02
1.072000000000000000e+03 1.284000000000000000e+03 8.180000000000000000e+03 -4.672000000000000000e+03 0.000000000000000000e+00 8.600000000000000000e+01
-1.600000000000000000e+01 1.200000000000000000e+03 8.452000000000000000e+03 -4.656000000000000000e+03 2.200000000000000000e+01 5.480000000000000000e+02
7.520000000000000000e+02 1.268000000000000000e+03 1.036400000000000000e+04 -4.688000000000000000e+03 1.330000000000000000e+02 1.001000000000000000e+03
7.320000000000000000e+02 1.256000000000000000e+03 1.282000000000000000e+04 -4.656000000000000000e+03 3.400000000000000000e+01 1.351000000000000000e+03
-4.400000000000000000e+01 1.092000000000000000e+03 1.288000000000000000e+04 -4.656000000000000000e+03 -1.860000000000000000e+02 1.873000000000000000e+03
-3.880000000000000000e+02 1.052000000000000000e+03 1.641600000000000000e+04 -4.656000000000000000e+03 -2.400000000000000000e+02 2.199000000000000000e+03
-2.080000000000000000e+02 5.600000000000000000e+02 1.605200000000000000e+04 -4.688000000000000000e+03 -1.660000000000000000e+02 2.429000000000000000e+03
3.640000000000000000e+02 6.680000000000000000e+02 1.556000000000000000e+04 -4.688000000000000000e+03 -1.780000000000000000e+02 2.656000000000000000e+03
1.096000000000000000e+03 7.320000000000000000e+02 1.628000000000000000e+04 -4.704000000000000000e+03 -2.410000000000000000e+02 2.770000000000000000e+03
1.412000000000000000e+03 1.544000000000000000e+03 1.564400000000000000e+04 -4.672000000000000000e+03 -2.600000000000000000e+02 2.607000000000000000e+03
6.040000000000000000e+02 2.132000000000000000e+03 1.649200000000000000e+04 -4.656000000000000000e+03 -3.310000000000000000e+02 2.744000000000000000e+03
-1.600000000000000000e+01 2.444000000000000000e+03 1.608400000000000000e+04 -4.656000000000000000e+03 -3.880000000000000000e+02 2.164000000000000000e+03
1.400000000000000000e+02 2.380000000000000000e+03 1.604800000000000000e+04 -4.656000000000000000e+03 -4.720000000000000000e+02 1.810000000000000000e+03
2.000000000000000000e+02 1.704000000000000000e+03 1.694400000000000000e+04 -4.672000000000000000e+03 -5.380000000000000000e+02 1.503000000000000000e+03
5.960000000000000000e+02 1.992000000000000000e+03 1.778000000000000000e+04 -4.672000000000000000e+03 -5.760000000000000000e+02 1.229000000000000000e+03
1.456000000000000000e+03 1.844000000000000000e+03 1.626800000000000000e+04 -4.656000000000000000e+03 -6.200000000000000000e+02 1.678000000000000000e+03
8.840000000000000000e+02 2.060000000000000000e+03 1.615200000000000000e+04 -4.672000000000000000e+03 -7.100000000000000000e+02 8.740000000000000000e+02
-4.760000000000000000e+02 2.104000000000000000e+03 1.724400000000000000e+04 -4.672000000000000000e+03 -7.030000000000000000e+02 1.504000000000000000e+03
4.120000000000000000e+02 2.008000000000000000e+03 1.837200000000000000e+04 -4.688000000000000000e+03 -6.430000000000000000e+02 5.640000000000000000e+02
6.880000000000000000e+02 2.200000000000000000e+03 1.977600000000000000e+04 -4.688000000000000000e+03 -5.180000000000000000e+02 7.500000000000000000e+01
1.128000000000000000e+03 2.132000000000000000e+03 2.261600000000000000e+04 -4.688000000000000000e+03 -4.840000000000000000e+02 1.090000000000000000e+02
2.140000000000000000e+03 1.912000000000000000e+03 2.441200000000000000e+04 -4.672000000000000000e+03 -2.060000000000000000e+02 1.090000000000000000e+02
1.676000000000000000e+03 1.704000000000000000e+03 2.399200000000000000e+04 -4.672000000000000000e+03 -7.200000000000000000e+01 4.920000000000000000e+02
2.588000000000000000e+03 1.744000000000000000e+03 2.084400000000000000e+04 -4.672000000000000000e+03 1.160000000000000000e+02 1.340000000000000000e+02
3.460000000000000000e+03 1.896000000000000000e+03 1.825200000000000000e+04 -4.688000000000000000e+03 2.430000000000000000e+02 -1.610000000000000000e+02
1.960000000000000000e+03 2.608000000000000000e+03 1.698800000000000000e+04 -4.688000000000000000e+03 -5.400000000000000000e+01 -2.240000000000000000e+02
2.360000000000000000e+03 2.824000000000000000e+03 1.655600000000000000e+04 -4.672000000000000000e+03 -4.360000000000000000e+02 -1.930000000000000000e+02
3.100000000000000000e+03 2.560000000000000000e+03 1.603600000000000000e+04 -4.704000000000000000e+03 -3.860000000000000000e+02 -4.180000000000000000e+02
2.944000000000000000e+03 2.728000000000000000e+03 1.638400000000000000e+04 -4.672000000000000000e+03 -6.800000000000000000e+01 -4.090000000000000000e+02
