4.440000000000000000e+02 1.552000000000000000e+03 1.508000000000000000e+04 -4.688000000000000000e+03 -1.153000000000000000e+03 3.716000000000000000e+03
5.000000000000000000e+02 1.632000000000000000e+03 1.522000000000000000e+04 -4.672000000000000000e+03 -1.273000000000000000e+03 2.773000000000000000e+03
6.840000000000000000e+02 1.604000000000000000e+03 1.469600000000000000e+04 -4.688000000000000000e+03 -1.159000000000000000e+03 2.745000000000000000e+03
8.200000000000000000e+02 1.552000000000000000e+03 1.453200000000000000e+04 -4.656000000000000000e+03 -7.140000000000000000e+02 2.107000000000000000e+03
7.880000000000000000e+02 1.520000000000000000e+03 1.462400000000000000e+04 -4.656000000000000000e+03 -1.128000000000000000e+03 1.591000000000000000e+03
7.080000000000000000e+02 1.408000000000000000e+03 1.448800000000000000e+04 -4.704000000000000000e+03 -5.800000000000000000e+02 1.157000000000000000e+03
5.760000000000000000e+02 1.268000000000000000e+03 1.415200000000000000e+04 -4.672000000000000000e+03 -8.270000000000000000e+02 8.960000000000000000e+02
5.600000000000000000e+02 1.276000000000000000e+03 1.401600000000000000e+04 -4.672000000000000000e+03 -6.480000000000000000e+02 3.240000000000000000e+02
5.680000000000000000e+02 1.336000000000000000e+03 1.374800000000000000e+04 -4.704000000000000000e+03 -4.340000000000000000e+02 -3.100000000000000000e+01
4.320000000000000000e+02 1.196000000000000000e+03 1.455200000000000000e+04 -4.688000000000000000e+03 -6.600000000000000000e+02 -4.690000000000000000e+02
2.680000000000000000e+02 1.244000000000000000e+03 1.522400000000000000e+04 -4.704000000000000000e+03 -3.520000000000000000e+02 -7.970000000000000000e+02
-4.800000000000000000e+01 1.440000000000000000e+03 1.516800000000000000e+04 -4.704000000000000000e+03 -3.850000000000000000e+02 -1.592000000000000000e+03
1.520000000000000000e+02 1.624000000000000000e+03 1.434400000000000000e+04 -4.688000000000000000e+03 -2.890000000000000000e+02 -1.833000000000000000e+03
4.240000000000000000e+02 1.844000000000000000e+03 1.411600000000000000e+04 -4.656000000000000000e+03 -1.150000000000000000e+02 -2.027000000000000000e+03
1.920000000000000000e+02 2.308000000000000000e+03 1.459600000000000000e+04 -4.656000000000000000e+03 8.100000000000000000e+01 -2.494000000000000000e+03
7.680000000000000000e+02 2.088000000000000000e+03 1.486800000000000000e+04 -4.640000000000000000e+03 1.450000000000000000e+02 -2.657000000000000000e+03
9.560000000000000000e+02 1.800000000000000000e+03 1.507200000000000000e+04 -4.688000000000000000e+03 1.190000000000000000e+02 -2.547000000000000000e+03
1.628000000000000000e+03 1.548000000000000000e+03 1.474400000000000000e+04 -4.672000000000000000e+03 2.890000000000000000e+02 -2.569000000000000000e+03
1.368000000000000000e+03 1.268000000000000000e+03 1.437200000000000000e+04 -4.656000000000000000e+03 4.420000000000000000e+02 -2.204000000000000000e+03
1.124000000000000000e+03 1.204000000000000000e+03 1.480400000000000000e+04 -4.672000000000000000e+03 5.310000000000000000e+02 -1.742000000000000000e+03
5.480000000000000000e+02 1.056000000000000000e+03 1.449200000000000000e+04 -4.688000000000000000e+03 5.840000000000000000e+02 -1.269000000000000000e+03
1.012000000000000000e+03 1.104000000000000000e+03 1.311600000000000000e+04 -4.672000000000000000e+03 4.910000000000000000e+02 -1.046000000000000000e+03
1.164000000000000000e+03 1.036000000000000000e+03 1.254000000000000000e+04 -4.688000000000000000e+03 2.570000000000000000e+02 -4.240000000000000000e+02
2.048000000000000000e+03 1.036000000000000000e+03 1.036800000000000000e+04 -4.688000000000000000e+03 1.080000000000000000e+02 -9.100000000000000000e+01
1.412000000000000000e+03 9.880000000000000000e+02 5.508000000000000000e+03 -4.688000000000000000e+03 1.200000000000000000e+02 1.760000000000000000e+02
5.520000000000000000e+02 1.012000000000000000e+03 6.952000000000000000e+03 -4.640000000000000000e+03 3.500000000000000000e+01 4.960000000000000000e+02
3.760000000000000000e+02 1.080000000000000000e+03 8.028000000000000000e+03 -4.640000000000000000e+03 5.700000000000000000e+01 6.740000000000000000e+02
4.400000000000000000e+01 9.560000000000000000e+02 8.124000000000000000e+03 -4.704000000000000000e+03 -5.100000000000000000e+01 9.420000000000000000e+02
-1.240000000000000000e+02 7.760000000000000000e+02 1.216400000000000000e+04 -4.688000000000000000e+03 -1.370000000000000000e+02 1.192000000000000000e+03
-1.480000000000000000e+02 9.080000000000000000e+02 1.087200000000000000e+04 -4.752000000000000000e+03 -1.310000000000000000e+02 1.532000000000000000e+03
-3.720000000000000000e+02 5.360000000000000000e+02 1.391600000000000000e+04 -4.656000000000000000e+03 -2.470000000000000000e+02 1.837000000000000000e+03
-8.480000000000000000e+02 -1.120000000000000000e+02 1.453600000000000000e+04 -4.688000000000000000e+03 -3.060000000000000000e+02 2.185000000000000000e+03
-1.120000000000000000e+03 1.560000000000000000e+02 1.466800000000000000e+04 -4.704000000000000000e+03 -3.450000000000000000e+02 2.403000000000000000e+03
-2.052000000000000000e+03 2.920000000000000000e+02 1.614000000000000000e+04 -4.656000000000000000e+03 -4.230000000000000000e+02 2.350000000000000000e+03
-2.204000000000000000e+03 -1.160000000000000000e+02 1.480400000000000000e+04 -4.656000000000000000e+03 -5.000000000000000000e+02 1.932000000000000000e+03
-1.140000000000000000e+03 3.200000000000000000e+02 1.519200000000000000e+04 -4.656000000000000000e+03 -5.730000000000000000e+02 2.339000000000000000e+03
-2.960000000000000000e+02 -2.800000000000000000e+01 1.517200000000000000e+04 -4.672000000000000000e+03 -5.960000000000000000e+02 2.014000000000000000e+03
-4.640000000000000000e+02 8.440000000000000000e+02 1.700000000000000000e+04 -4.688000000000000000e+03 -5.510000000000000000e+02 2.221000000000000000e+03
-1.392000000000000000e+03 9.960000000000000000e+02 1.709600000000000000e+04 -4.672000000000000000e+03 -4.270000000000000000e+02 1.586000000000000000e+03
-2.300000000000000000e+03 7.760000000000000000e+02 1.803600000000000000e+04 -4.688000000000000000e+03 -4.270000000000000000e+02 1.148000000000000000e+03
-2.848000000000000000e+03 7.840000000000000000e+02 2.033600000000000000e+04 -4.688000000000000000e+03 -2.380000000000000000e+02 6.720000000000000000e+02
-2.136000000000000000e+03 4.840000000000000000e+02 2.181600000000000000e+04 -4.704000000000000000e+03 -6.900000000000000000e+01 3.340000000000000000e+02
-2.388000000000000000e+03 7.880000000000000000e+02 2.504000000000000000e+04 -4.704000000000000000e+03 2.570000000000000000e+02 -1.300000000000000000e+01
-2.588000000000000000e+03 7.800000000000000000e+02 2.535600000000000000e+04 -4.688000000000000000e+03 2.620000000000000000e+02 -3.120000000000000000e+02
-3.244000000000000000e+03 1.148000000000000000e+03 2.416000000000000000e+04 -4.688000000000000000e+03 1.900000000000000000e+01 -2.160000000000000000e+02
-3.344000000000000000e+03 9.120000000000000000e+02 2.105600000000000000e+04 -4.688000000000000000e+03 -2.090000000000000000e+02 -6.620000000000000000e+02
-2.896000000000000000e+03 5.720000000000000000e+02 1.814000000000000000e+04 -4.672000000000000000e+03 -4.200000000000000000e+01 -3.730000000000000000e+02
-3.176000000000000000e+03 5.560000000000000000e+02 1.687200000000000000e+04 -4.688000000000000000e+03 1.240000000000000000e+02 -7.680000000000000000e+02
