-6.588000000000000000e+03 2.080000000000000000e+03 1.254800000000000000e+04 -4.720000000000000000e+03 -3.660000000000000000e+02 1.894000000000000000e+03
-6.560000000000000000e+03 1.828000000000000000e+03 1.306800000000000000e+04 -4.720000000000000000e+03 -3.960000000000000000e+02 1.939000000000000000e+03
-6.164000000000000000e+03 1.880000000000000000e+03 1.328400000000000000e+04 -4.720000000000000000e+03 -4.100000000000000000e+02 1.805000000000000000e+03
-6.464000000000000000e+03 2.008000000000000000e+03 1.276400000000000000e+04 -4.720000000000000000e+03 -3.980000000000000000e+02 1.295000000000000000e+03
-6.692000000000000000e+03 2.076000000000000000e+03 1.250000000000000000e+04 -4.720000000000000000e+03 -3.860000000000000000e+02 1.005000000000000000e+03
-7.140000000000000000e+03 2.016000000000000000e+03 1.267200000000000000e+04 -4.720000000000000000e+03 -4.020000000000000000e+02 6.390000000000000000e+02
-7.016000000000000000e+03 2.048000000000000000e+03 1.248800000000000000e+04 -4.720000000000000000e+03 -3.950000000000000000e+02 2.740000000000000000e+02
-6.988000000000000000e+03 2.000000000000000000e+03 1.255200000000000000e+04 -4.752000000000000000e+03 -4.300000000000000000e+02 -2.500000000000000000e+01
-7.320000000000000000e+03 2.180000000000000000e+03 1.259200000000000000e+04 -4.720000000000000000e+03 -4.420000000000000000e+02 -2.650000000000000000e+02
-7.280000000000000000e+03 2.220000000000000000e+03 1.256000000000000000e+04 -4.720000000000000000e+03 -4.730000000000000000e+02 -4.870000000000000000e+02
-7.332000000000000000e+03 2.412000000000000000e+03 1.244000000000000000e+04 -4.736000000000000000e+03 -4.640000000000000000e+02 -6.130000000000000000e+02
-7.560000000000000000e+03 2.296000000000000000e+03 1.246400000000000000e+04 -4.720000000000000000e+03 -4.470000000000000000e+02 -5.430000000000000000e+02
-7.672000000000000000e+03 2.208000000000000000e+03 1.256000000000000000e+04 -4.720000000000000000e+03 -4.580000000000000000e+02 -2.290000000000000000e+02
-7.820000000000000000e+03 2.088000000000000000e+03 1.257600000000000000e+04 -4.688000000000000000e+03 -4.930000000000000000e+02 -3.430000000000000000e+02
-7.848000000000000000e+03 1.960000000000000000e+03 1.248000000000000000e+04 -4.704000000000000000e+03 -4.880000000000000000e+02 -1.280000000000000000e+02
-8.032000000000000000e+03 1.940000000000000000e+03 1.249200000000000000e+04 -4.736000000000000000e+03 -4.920000000000000000e+02 1.280000000000000000e+02
-7.928000000000000000e+03 1.880000000000000000e+03 1.237600000000000000e+04 -4.736000000000000000e+03 -5.360000000000000000e+02 3.510000000000000000e+02
-7.936000000000000000e+03 1.804000000000000000e+03 1.230800000000000000e+04 -4.736000000000000000e+03 -5.530000000000000000e+02 6.340000000000000000e+02
-7.740000000000000000e+03 1.764000000000000000e+03 1.229200000000000000e+04 -4.720000000000000000e+03 -5.370000000000000000e+02 7.640000000000000000e+02
-7.620000000000000000e+03 1.880000000000000000e+03 1.254800000000000000e+04 -4.720000000000000000e+03 -5.210000000000000000e+02 8.150000000000000000e+02
-7.676000000000000000e+03 2.012000000000000000e+03 1.231200000000000000e+04 -4.736000000000000000e+03 -5.410000000000000000e+02 7.630000000000000000e+02
-7.504000000000000000e+03 1.920000000000000000e+03 1.232000000000000000e+04 -4.720000000000000000e+03 -4.860000000000000000e+02 8.000000000000000000e+02
-7.540000000000000000e+03 1.820000000000000000e+03 1.235600000000000000e+04 -4.720000000000000000e+03 -4.920000000000000000e+02 8.850000000000000000e+02
-7.312000000000000000e+03 1.652000000000000000e+03 1.239600000000000000e+04 -4.704000000000000000e+03 -4.840000000000000000e+02 1.303000000000000000e+03
-7.256000000000000000e+03 1.792000000000000000e+03 1.221200000000000000e+04 -4.720000000000000000e+03 -5.050000000000000000e+02 1.507000000000000000e+03
-7.344000000000000000e+03 1.704000000000000000e+03 1.254800000000000000e+04 -4.720000000000000000e+03 -5.040000000000000000e+02 2.009000000000000000e+03
-7.404000000000000000e+03 1.668000000000000000e+03 1.237200000000000000e+04 -4.704000000000000000e+03 -5.990000000000000000e+02 1.942000000000000000e+03
-7.476000000000000000e+03 1.604000000000000000e+03 1.224400000000000000e+04 -4.736000000000000000e+03 -6.410000000000000000e+02 2.459000000000000000e+03
-7.596000000000000000e+03 1.732000000000000000e+03 1.231600000000000000e+04 -4.704000000000000000e+03 -7.570000000000000000e+02 2.182000000000000000e+03
-7.548000000000000000e+03 1.644000000000000000e+03 1.220400000000000000e+04 -4.704000000000000000e+03 -5.640000000000000000e+02 2.181000000000000000e+03
-7.640000000000000000e+03 1.644000000000000000e+03 1.244800000000000000e+04 -4.736000000000000000e+03 -1.850000000000000000e+02 1.490000000000000000e+03
-7.688000000000000000e+03 1.700000000000000000e+03 1.188000000000000000e+04 -4.736000000000000000e+03 -2.550000000000000000e+02 1.894000000000000000e+03
-8.000000000000000000e+03 1.792000000000000000e+03 1.115600000000000000e+04 -4.736000000000000000e+03 -3.810000000000000000e+02 1.938000000000000000e+03
-8.452000000000000000e+03 1.568000000000000000e+03 8.928000000000000000e+03 -4.720000000000000000e+03 -2.690000000000000000e+02 2.020000000000000000e+02
-8.612000000000000000e+03 1.400000000000000000e+03 5.232000000000000000e+03 -4.720000000000000000e+03 -3.500000000000000000e+02 1.418000000000000000e+03
-8.456000000000000000e+03 1.172000000000000000e+03 1.616000000000000000e+03 -4.688000000000000000e+03 -3.470000000000000000e+02 7.570000000000000000e+02
-7.488000000000000000e+03 7.600000000000000000e+02 2.944000000000000000e+03 -4.720000000000000000e+03 -3.190000000000000000e+02 3.140000000000000000e+02
-5.400000000000000000e+03 2.520000000000000000e+02 6.128000000000000000e+03 -4.704000000000000000e+03 -3.660000000000000000e+02 -1.770000000000000000e+02
-3.080000000000000000e+03 2.800000000000000000e+02 7.124000000000000000e+03 -4.736000000000000000e+03 -2.640000000000000000e+02 -6.850000000000000000e+02
-2.988000000000000000e+03 5.640000000000000000e+02 9.292000000000000000e+03 -4.688000000000000000e+03 -2.450000000000000000e+02 -1.279000000000000000e+03
-5.348000000000000000e+03 3.520000000000000000e+02 9.716000000000000000e+03 -4.752000000000000000e+03 8.000000000000000000e+00 -1.891000000000000000e+03
-6.800000000000000000e+03 8.480000000000000000e+02 1.176800000000000000e+04 -4.736000000000000000e+03 -2.020000000000000000e+02 -2.546000000000000000e+03
-7.112000000000000000e+03 1.460000000000000000e+03 1.125600000000000000e+04 -4.720000000000000000e+03 4.300000000000000000e+02 -2.741000000000000000e+03
-7.060000000000000000e+03 1.828000000000000000e+03 1.147600000000000000e+04 -4.720000000000000000e+03 9.800000000000000000e+01 -3.392000000000000000e+03
-8.892000000000000000e+03 1.896000000000000000e+03 1.207200000000000000e+04 -4.704000000000000000e+03 5.620000000000000000e+02 -3.366000000000000000e+03
-8.984000000000000000e+03 1.716000000000000000e+03 1.256400000000000000e+04 -4.720000000000000000e+03 3.070000000000000000e+02 -3.189000000000000000e+03
-9.144000000000000000e+03 1.548000000000000000e+03 1.498400000000000000e+04 -4.720000000000000000e+03 3.760000000000000000e+02 -2.209000000000000000e+03
-9.272000000000000000e+03 1.224000000000000000e+03 1.417600000000000000e+04 -4.720000000000000000e+03 1.160000000000000000e+02 -2.315000000000000000e+03
-1.041200000000000000e+04 1.880000000000000000e+03 1.692400000000000000e+04 -4.736000000000000000e+03 2.920000000000000000e+02 -2.674000000000000000e+03
-1.150800000000000000e+04 1.676000000000000000e+03 1.745200000000000000e+04 -4.720000000000000000e+03 3.300000000000000000e+02 -1.697000000000000000e+03
-1.211600000000000000e+04 2.292000000000000000e+03 2.080000000000000000e+04 -4.704000000000000000e+03 3.430000000000000000e+02 -1.201000000000000000e+03
-1.159600000000000000e+04 1.856000000000000000e+03 2.248400000000000000e+04 -4.720000000000000000e+03 2.690000000000000000e+02 -8.390000000000000000e+02
-1.262800000000000000e+04 1.892000000000000000e+03 2.287200000000000000e+04 -4.720000000000000000e+03 1.670000000000000000e+02 -4.330000000000000000e+02
-1.496800000000000000e+04 2.664000000000000000e+03 1.995200000000000000e+04 -4.688000000000000000e+03 8.900000000000000000e+01 -1.670000000000000000e+02
-1.380000000000000000e+04 3.276000000000000000e+03 1.770400000000000000e+04 -4.752000000000000000e+03 -5.100000000000000000e+01 3.500000000000000000e+01
-1.379600000000000000e+04 2.936000000000000000e+03 1.678000000000000000e+04 -4.768000000000000000e+03 -1.300000000000000000e+02 2.700000000000000000e+02
-1.322000000000000000e+04 2.632000000000000000e+03 1.588800000000000000e+04 -4.720000000000000000e+03 -1.210000000000000000e+02 6.050000000000000000e+02
-1.067600000000000000e+04 2.276000000000000000e+03 1.596800000000000000e+04 -4.736000000000000000e+03 -2.970000000000000000e+02 9.030000000000000000e+02
-8.728000000000000000e+03 2.200000000000000000e+03 1.637600000000000000e+04 -4.768000000000000000e+03 -4.360000000000000000e+02 1.189000000000000000e+03
-7.124000000000000000e+03 2.124000000000000000e+03 1.641200000000000000e+04 -4.720000000000000000e+03 -4.010000000000000000e+02 1.750000000000000000e+03
-7.404000000000000000e+03 2.156000000000000000e+03 1.629600000000000000e+04 -4.736000000000000000e+03 -3.730000000000000000e+02 1.773000000000000000e+03
-7.548000000000000000e+03 2.036000000000000000e+03 1.564000000000000000e+04 -4.736000000000000000e+03 -2.900000000000000000e+02 2.451000000000000000e+03
-7.640000000000000000e+03 2.064000000000000000e+03 1.499600000000000000e+04 -4.736000000000000000e+03 -3.070000000000000000e+02 1.559000000000000000e+03
-8.004000000000000000e+03 2.344000000000000000e+03 1.440000000000000000e+04 -4.704000000000000000e+03 -1.230000000000000000e+02 1.253000000000000000e+03
-6.624000000000000000e+03 2.548000000000000000e+03 1.029200000000000000e+04 -4.720000000000000000e+03 6.700000000000000000e+01 1.808000000000000000e+03
-5.952000000000000000e+03 2.540000000000000000e+03 6.104000000000000000e+03 -4.736000000000000000e+03 1.490000000000000000e+02 1.928000000000000000e+03
-5.776000000000000000e+03 1.844000000000000000e+03 3.016000000000000000e+03 -4.736000000000000000e+03 -1.770000000000000000e+02 2.069000000000000000e+03
-4.064000000000000000e+03 9.680000000000000000e+02 1.648000000000000000e+03 -4.752000000000000000e+03 -5.830000000000000000e+02 1.849000000000000000e+03
-2.956000000000000000e+03 4.840000000000000000e+02 7.320000000000000000e+02 -4.720000000000000000e+03 -5.590000000000000000e+02 8.280000000000000000e+02
-2.208000000000000000e+03 1.800000000000000000e+02 2.020000000000000000e+03 -4.736000000000000000e+03 -2.630000000000000000e+02 1.495000000000000000e+03
-2.288000000000000000e+03 1.280000000000000000e+02 5.376000000000000000e+03 -4.720000000000000000e+03 -2.400000000000000000e+02 1.345000000000000000e+03
-2.072000000000000000e+03 3.440000000000000000e+02 1.119200000000000000e+04 -4.720000000000000000e+03 -3.350000000000000000e+02 7.880000000000000000e+02
-3.372000000000000000e+03 8.120000000000000000e+02 1.588800000000000000e+04 -4.720000000000000000e+03 -4.650000000000000000e+02 4.250000000000000000e+02
-4.704000000000000000e+03 1.700000000000000000e+03 1.546400000000000000e+04 -4.752000000000000000e+03 -5.550000000000000000e+02 1.870000000000000000e+02
-8.068000000000000000e+03 2.284000000000000000e+03 1.109200000000000000e+04 -4.736000000000000000e+03 -5.040000000000000000e+02 -8.500000000000000000e+01
