7.980000000000000000e+02 2.260000000000000000e+03 1.320000000000000000e+04 -4.784000000000000000e+03 -1.680000000000000000e+02 7.000000000000000000e+02
9.584000000000000000e+03 2.140000000000000000e+03 1.310800000000000000e+04 -4.784000000000000000e+03 -1.850000000000000000e+02 7.990000000000000000e+02
9.304000000000000000e+03 2.164000000000000000e+03 1.288000000000000000e+04 -4.784000000000000000e+03 -1.780000000000000000e+02 6.100000000000000000e+02
8.712000000000000000e+03 2.268000000000000000e+03 1.300000000000000000e+04 -4.784000000000000000e+03 -1.260000000000000000e+02 3.540000000000000000e+02
8.792000000000000000e+03 2.180000000000000000e+03 1.309200000000000000e+04 -4.800000000000000000e+03 -1.200000000000000000e+02 -1.423000000000000000e+03
9.032000000000000000e+03 2.180000000000000000e+03 1.336000000000000000e+04 -4.816000000000000000e+03 -1.940000000000000000e+02 7.900000000000000000e+02
9.056000000000000000e+03 2.220000000000000000e+03 1.331600000000000000e+04 -4.816000000000000000e+03 -1.690000000000000000e+02 -1.025000000000000000e+03
8.728000000000000000e+03 2.324000000000000000e+03 1.312000000000000000e+04 -4.768000000000000000e+03 -2.950000000000000000e+02 -3.300000000000000000e+01
8.164000000000000000e+03 2.312000000000000000e+03 1.308000000000000000e+04 -4.816000000000000000e+03 -3.380000000000000000e+02 -3.160000000000000000e+02
7.952000000000000000e+03 2.436000000000000000e+03 1.314400000000000000e+04 -4.784000000000000000e+03 -2.580000000000000000e+02 -1.578000000000000000e+03
8.060000000000000000e+03 2.416000000000000000e+03 1.298800000000000000e+04 -4.832000000000000000e+03 -1.720000000000000000e+02 -1.280000000000000000e+03
7.916000000000000000e+03 2.380000000000000000e+03 1.294400000000000000e+04 -4.816000000000000000e+03 -2.460000000000000000e+02 -2.358000000000000000e+03
7.704000000000000000e+03 2.444000000000000000e+03 1.292000000000000000e+04 -4.784000000000000000e+03 8.900000000000000000e+01 -2.110000000000000000e+03
7.484000000000000000e+03 2.392000000000000000e+03 1.290400000000000000e+04 -4.800000000000000000e+03 -1.680000000000000000e+02 -2.086000000000000000e+03
7.492000000000000000e+03 2.432000000000000000e+03 1.291600000000000000e+04 -4.800000000000000000e+03 7.600000000000000000e+01 -2.155000000000000000e+03
7.172000000000000000e+03 2.348000000000000000e+03 1.312400000000000000e+04 -4.784000000000000000e+03 -1.000000000000000000e+02 -2.463000000000000000e+03
7.320000000000000000e+03 2.368000000000000000e+03 1.318400000000000000e+04 -4.752000000000000000e+03 -1.560000000000000000e+02 -2.353000000000000000e+03
7.240000000000000000e+03 2.488000000000000000e+03 1.358400000000000000e+04 -4.816000000000000000e+03 -8.000000000000000000e+01 -1.929000000000000000e+03
7.120000000000000000e+03 2.408000000000000000e+03 1.390000000000000000e+04 -4.800000000000000000e+03 -1.650000000000000000e+02 -1.632000000000000000e+03
7.184000000000000000e+03 2.444000000000000000e+03 1.399600000000000000e+04 -4.800000000000000000e+03 -1.200000000000000000e+01 -1.427000000000000000e+03
7.164000000000000000e+03 2.444000000000000000e+03 1.346400000000000000e+04 -4.800000000000000000e+03 -1.700000000000000000e+01 -1.406000000000000000e+03
7.064000000000000000e+03 2.512000000000000000e+03 1.246400000000000000e+04 -4.800000000000000000e+03 -3.000000000000000000e+01 -1.302000000000000000e+03
7.272000000000000000e+03 2.380000000000000000e+03 1.010800000000000000e+04 -4.816000000000000000e+03 -3.000000000000000000e+01 -1.164000000000000000e+03
7.260000000000000000e+03 2.496000000000000000e+03 7.812000000000000000e+03 -4.784000000000000000e+03 -1.220000000000000000e+02 -1.391000000000000000e+03
7.224000000000000000e+03 2.508000000000000000e+03 7.584000000000000000e+03 -4.800000000000000000e+03 2.100000000000000000e+01 -8.390000000000000000e+02
7.120000000000000000e+03 2.664000000000000000e+03 6.988000000000000000e+03 -4.784000000000000000e+03 7.900000000000000000e+01 -8.140000000000000000e+02
6.972000000000000000e+03 2.764000000000000000e+03 6.876000000000000000e+03 -4.768000000000000000e+03 -6.000000000000000000e+00 -1.265000000000000000e+03
6.948000000000000000e+03 2.848000000000000000e+03 7.728000000000000000e+03 -4.800000000000000000e+03 -3.950000000000000000e+02 -8.930000000000000000e+02
6.888000000000000000e+03 2.712000000000000000e+03 8.080000000000000000e+03 -4.800000000000000000e+03 -7.960000000000000000e+02 -5.130000000000000000e+02
7.060000000000000000e+03 2.448000000000000000e+03 1.066000000000000000e+04 -4.768000000000000000e+03 -6.060000000000000000e+02 -4.190000000000000000e+02
6.796000000000000000e+03 2.020000000000000000e+03 1.058400000000000000e+04 -4.800000000000000000e+03 -4.340000000000000000e+02 -1.900000000000000000e+01
6.584000000000000000e+03 1.520000000000000000e+03 1.220800000000000000e+04 -4.816000000000000000e+03 -3.850000000000000000e+02 5.000000000000000000e+02
5.864000000000000000e+03 1.600000000000000000e+03 1.234800000000000000e+04 -4.800000000000000000e+03 -2.340000000000000000e+02 6.390000000000000000e+02
4.420000000000000000e+03 1.416000000000000000e+03 1.210400000000000000e+04 -4.816000000000000000e+03 -1.720000000000000000e+02 8.710000000000000000e+02
3.244000000000000000e+03 1.268000000000000000e+03 1.285200000000000000e+04 -4.800000000000000000e+03 -2.390000000000000000e+02 8.930000000000000000e+02
2.864000000000000000e+03 1.700000000000000000e+03 1.344400000000000000e+04 -4.816000000000000000e+03 -2.550000000000000000e+02 3.310000000000000000e+02
2.464000000000000000e+03 1.424000000000000000e+03 1.484400000000000000e+04 -4.800000000000000000e+03 -3.240000000000000000e+02 8.070000000000000000e+02
3.248000000000000000e+03 2.092000000000000000e+03 1.594400000000000000e+04 -4.800000000000000000e+03 -4.050000000000000000e+02 2.818000000000000000e+03
5.444000000000000000e+03 2.096000000000000000e+03 1.756000000000000000e+04 -4.800000000000000000e+03 -5.130000000000000000e+02 1.946000000000000000e+03
5.472000000000000000e+03 2.808000000000000000e+03 2.144800000000000000e+04 -4.816000000000000000e+03 -6.120000000000000000e+02 1.563000000000000000e+03
6.340000000000000000e+03 3.056000000000000000e+03 2.621600000000000000e+04 -4.784000000000000000e+03 -7.440000000000000000e+02 9.700000000000000000e+02
7.084000000000000000e+03 2.992000000000000000e+03 2.884000000000000000e+04 -4.784000000000000000e+03 -7.520000000000000000e+02 1.110000000000000000e+03
7.288000000000000000e+03 3.172000000000000000e+03 2.368400000000000000e+04 -4.816000000000000000e+03 -7.710000000000000000e+02 1.162000000000000000e+03
7.140000000000000000e+03 3.100000000000000000e+03 1.744000000000000000e+04 -4.800000000000000000e+03 -5.510000000000000000e+02 1.380000000000000000e+03
7.584000000000000000e+03 3.428000000000000000e+03 1.494800000000000000e+04 -4.816000000000000000e+03 -4.050000000000000000e+02 1.982000000000000000e+03
8.240000000000000000e+03 3.400000000000000000e+03 1.264800000000000000e+04 -4.816000000000000000e+03 -4.320000000000000000e+02 1.780000000000000000e+03
8.212000000000000000e+03 3.688000000000000000e+03 1.108000000000000000e+04 -4.784000000000000000e+03 -9.900000000000000000e+01 1.824000000000000000e+03
9.332000000000000000e+03 4.608000000000000000e+03 1.274000000000000000e+04 -4.800000000000000000e+03 -2.570000000000000000e+02 1.676000000000000000e+03
1.049600000000000000e+04 5.752000000000000000e+03 1.332400000000000000e+04 -4.800000000000000000e+03 -6.930000000000000000e+02 1.974000000000000000e+03
1.213200000000000000e+04 6.428000000000000000e+03 1.322400000000000000e+04 -4.816000000000000000e+03 -7.230000000000000000e+02 2.168000000000000000e+03
1.414800000000000000e+04 5.228000000000000000e+03 1.287600000000000000e+04 -4.816000000000000000e+03 -4.760000000000000000e+02 2.617000000000000000e+03
