-3.024000000000000000e+03 1.160000000000000000e+02 9.280000000000000000e+03 -4.688000000000000000e+03 -6.400000000000000000e+01 8.900000000000000000e+01
-1.784000000000000000e+03 1.089000000000000000e+03 1.661600000000000000e+04 -4.704000000000000000e+03 1.100000000000000000e+02 7.600000000000000000e+01
2.630000000000000000e+02 9.720000000000000000e+02 1.667200000000000000e+04 -4.640000000000000000e+03 2.360000000000000000e+02 3.190000000000000000e+02
-4.336000000000000000e+03 1.312000000000000000e+03 1.380800000000000000e+04 -4.720000000000000000e+03 2.590000000000000000e+02 1.470000000000000000e+02
-4.672000000000000000e+03 9.560000000000000000e+02 1.263600000000000000e+04 -4.704000000000000000e+03 5.000000000000000000e+01 -1.100000000000000000e+02
-3.992000000000000000e+03 7.760000000000000000e+02 1.270800000000000000e+04 -4.720000000000000000e+03 -7.700000000000000000e+01 -2.050000000000000000e+02
-3.704000000000000000e+03 6.760000000000000000e+02 1.457200000000000000e+04 -4.720000000000000000e+03 -5.800000000000000000e+01 -1.830000000000000000e+02
-3.384000000000000000e+03 8.360000000000000000e+02 1.503600000000000000e+04 -4.720000000000000000e+03 -5.700000000000000000e+01 -2.990000000000000000e+02
-3.500000000000000000e+03 1.020000000000000000e+03 1.514800000000000000e+04 -4.688000000000000000e+03 -8.800000000000000000e+01 -5.790000000000000000e+02
-3.884000000000000000e+03 1.016000000000000000e+03 1.431600000000000000e+04 -4.688000000000000000e+03 -1.290000000000000000e+02 -7.550000000000000000e+02
-4.244000000000000000e+03 8.560000000000000000e+02 1.414800000000000000e+04 -4.688000000000000000e+03 -1.560000000000000000e+02 -6.460000000000000000e+02
-4.040000000000000000e+03 8.840000000000000000e+02 1.405600000000000000e+04 -4.720000000000000000e+03 -1.900000000000000000e+02 -5.660000000000000000e+02
-3.648000000000000000e+03 9.840000000000000000e+02 1.487200000000000000e+04 -4.688000000000000000e+03 -1.960000000000000000e+02 -4.530000000000000000e+02
-3.604000000000000000e+03 1.060000000000000000e+03 1.469600000000000000e+04 -4.688000000000000000e+03 -1.260000000000000000e+02 -3.700000000000000000e+02
-3.992000000000000000e+03 1.244000000000000000e+03 1.395600000000000000e+04 -4.688000000000000000e+03 -1.710000000000000000e+02 -3.070000000000000000e+02
-4.004000000000000000e+03 1.432000000000000000e+03 1.364000000000000000e+04 -4.688000000000000000e+03 -1.900000000000000000e+02 -3.970000000000000000e+02
-3.452000000000000000e+03 1.340000000000000000e+03 1.394000000000000000e+04 -4.688000000000000000e+03 -2.110000000000000000e+02 -2.630000000000000000e+02
-3.376000000000000000e+03 1.256000000000000000e+03 1.460000000000000000e+04 -4.688000000000000000e+03 -1.710000000000000000e+02 -2.020000000000000000e+02
-3.272000000000000000e+03 1.336000000000000000e+03 1.438800000000000000e+04 -4.672000000000000000e+03 -1.690000000000000000e+02 -8.300000000000000000e+01
-3.476000000000000000e+03 1.376000000000000000e+03 1.402400000000000000e+04 -4.704000000000000000e+03 -1.720000000000000000e+02 -1.200000000000000000e+01
-3.364000000000000000e+03 1.384000000000000000e+03 1.404400000000000000e+04 -4.704000000000000000e+03 -2.020000000000000000e+02 2.200000000000000000e+02
-3.268000000000000000e+03 1.340000000000000000e+03 1.409600000000000000e+04 -4.672000000000000000e+03 -1.910000000000000000e+02 3.780000000000000000e+02
-3.100000000000000000e+03 1.424000000000000000e+03 1.421200000000000000e+04 -4.688000000000000000e+03 -2.190000000000000000e+02 6.040000000000000000e+02
-3.080000000000000000e+03 1.376000000000000000e+03 1.428400000000000000e+04 -4.704000000000000000e+03 -2.650000000000000000e+02 6.860000000000000000e+02
-3.104000000000000000e+03 1.348000000000000000e+03 1.439200000000000000e+04 -4.720000000000000000e+03 -2.490000000000000000e+02 7.350000000000000000e+02
-3.112000000000000000e+03 1.400000000000000000e+03 1.423200000000000000e+04 -4.704000000000000000e+03 -2.990000000000000000e+02 8.690000000000000000e+02
-3.136000000000000000e+03 1.528000000000000000e+03 1.390000000000000000e+04 -4.704000000000000000e+03 -3.330000000000000000e+02 9.910000000000000000e+02
-2.976000000000000000e+03 1.432000000000000000e+03 1.408800000000000000e+04 -4.656000000000000000e+03 -3.450000000000000000e+02 1.145000000000000000e+03
-2.900000000000000000e+03 1.224000000000000000e+03 1.444400000000000000e+04 -4.736000000000000000e+03 -3.760000000000000000e+02 1.204000000000000000e+03
-3.148000000000000000e+03 1.228000000000000000e+03 1.430400000000000000e+04 -4.720000000000000000e+03 -3.990000000000000000e+02 1.318000000000000000e+03
-3.268000000000000000e+03 1.328000000000000000e+03 1.426000000000000000e+04 -4.688000000000000000e+03 -3.960000000000000000e+02 1.515000000000000000e+03
-3.236000000000000000e+03 1.348000000000000000e+03 1.423200000000000000e+04 -4.720000000000000000e+03 -3.510000000000000000e+02 1.785000000000000000e+03
-3.324000000000000000e+03 1.308000000000000000e+03 1.386400000000000000e+04 -4.688000000000000000e+03 -3.640000000000000000e+02 2.086000000000000000e+03
-3.524000000000000000e+03 1.232000000000000000e+03 1.377600000000000000e+04 -4.720000000000000000e+03 -5.680000000000000000e+02 2.530000000000000000e+03
-3.764000000000000000e+03 1.236000000000000000e+03 1.378400000000000000e+04 -4.656000000000000000e+03 -6.970000000000000000e+02 2.405000000000000000e+03
-4.228000000000000000e+03 1.080000000000000000e+03 1.488000000000000000e+04 -4.688000000000000000e+03 -8.480000000000000000e+02 1.338000000000000000e+03
-4.428000000000000000e+03 1.312000000000000000e+03 1.442400000000000000e+04 -4.672000000000000000e+03 -9.060000000000000000e+02 2.193000000000000000e+03
-4.192000000000000000e+03 1.384000000000000000e+03 1.262400000000000000e+04 -4.704000000000000000e+03 -4.440000000000000000e+02 1.465000000000000000e+03
-4.496000000000000000e+03 1.232000000000000000e+03 9.328000000000000000e+03 -4.704000000000000000e+03 -2.130000000000000000e+02 1.721000000000000000e+03
-4.452000000000000000e+03 7.280000000000000000e+02 5.916000000000000000e+03 -4.688000000000000000e+03 -3.250000000000000000e+02 1.863000000000000000e+03
-4.084000000000000000e+03 1.200000000000000000e+02 3.376000000000000000e+03 -4.704000000000000000e+03 -2.040000000000000000e+02 1.725000000000000000e+03
-3.744000000000000000e+03 -2.720000000000000000e+02 6.104000000000000000e+03 -4.704000000000000000e+03 -2.730000000000000000e+02 8.580000000000000000e+02
-2.492000000000000000e+03 1.880000000000000000e+02 6.752000000000000000e+03 -4.672000000000000000e+03 -9.800000000000000000e+01 3.420000000000000000e+02
-2.380000000000000000e+03 2.920000000000000000e+02 8.360000000000000000e+03 -4.720000000000000000e+03 -2.550000000000000000e+02 1.330000000000000000e+02
-2.200000000000000000e+03 7.680000000000000000e+02 9.504000000000000000e+03 -4.688000000000000000e+03 -2.980000000000000000e+02 -2.360000000000000000e+02
-2.784000000000000000e+03 1.208000000000000000e+03 1.179600000000000000e+04 -4.704000000000000000e+03 -3.540000000000000000e+02 -7.720000000000000000e+02
-3.672000000000000000e+03 1.436000000000000000e+03 1.402000000000000000e+04 -4.720000000000000000e+03 -4.720000000000000000e+02 -1.291000000000000000e+03
-5.340000000000000000e+03 1.540000000000000000e+03 1.416400000000000000e+04 -4.672000000000000000e+03 -2.950000000000000000e+02 -1.294000000000000000e+03
-5.600000000000000000e+03 1.408000000000000000e+03 1.563600000000000000e+04 -4.704000000000000000e+03 -4.580000000000000000e+02 -1.641000000000000000e+03
-5.344000000000000000e+03 1.260000000000000000e+03 1.540400000000000000e+04 -4.720000000000000000e+03 -1.630000000000000000e+02 -1.780000000000000000e+03
-5.344000000000000000e+03 1.144000000000000000e+03 1.605600000000000000e+04 -4.704000000000000000e+03 -1.450000000000000000e+02 -1.898000000000000000e+03
-5.844000000000000000e+03 1.552000000000000000e+03 1.612000000000000000e+04 -4.688000000000000000e+03 3.000000000000000000e+00 -2.040000000000000000e+03
-5.768000000000000000e+03 1.608000000000000000e+03 1.610400000000000000e+04 -4.704000000000000000e+03 2.500000000000000000e+02 -1.863000000000000000e+03
-6.244000000000000000e+03 1.976000000000000000e+03 1.811600000000000000e+04 -4.704000000000000000e+03 1.620000000000000000e+02 -1.792000000000000000e+03
-5.052000000000000000e+03 2.172000000000000000e+03 2.014400000000000000e+04 -4.704000000000000000e+03 -9.300000000000000000e+01 -1.515000000000000000e+03
-6.144000000000000000e+03 2.028000000000000000e+03 2.330400000000000000e+04 -4.704000000000000000e+03 -4.130000000000000000e+02 -1.247000000000000000e+03
-6.728000000000000000e+03 1.744000000000000000e+03 2.761600000000000000e+04 -4.688000000000000000e+03 -2.570000000000000000e+02 -9.250000000000000000e+02
-7.840000000000000000e+03 1.792000000000000000e+03 2.849200000000000000e+04 -4.704000000000000000e+03 -2.370000000000000000e+02 -5.040000000000000000e+02
-8.992000000000000000e+03 1.748000000000000000e+03 2.494000000000000000e+04 -4.704000000000000000e+03 -3.120000000000000000e+02 -4.800000000000000000e+01
-1.000000000000000000e+04 1.756000000000000000e+03 2.023600000000000000e+04 -4.688000000000000000e+03 -3.370000000000000000e+02 2.790000000000000000e+02
-7.928000000000000000e+03 1.844000000000000000e+03 1.902800000000000000e+04 -4.720000000000000000e+03 -3.090000000000000000e+02 6.720000000000000000e+02
-4.584000000000000000e+03 2.020000000000000000e+03 1.726800000000000000e+04 -4.720000000000000000e+03 -4.170000000000000000e+02 1.024000000000000000e+03
-3.924000000000000000e+03 1.756000000000000000e+03 1.622400000000000000e+04 -4.704000000000000000e+03 -4.780000000000000000e+02 1.359000000000000000e+03
-3.152000000000000000e+03 1.776000000000000000e+03 1.536000000000000000e+04 -4.720000000000000000e+03 -4.550000000000000000e+02 1.712000000000000000e+03
-2.772000000000000000e+03 1.728000000000000000e+03 1.558400000000000000e+04 -4.704000000000000000e+03 -5.790000000000000000e+02 2.041000000000000000e+03
-2.892000000000000000e+03 1.576000000000000000e+03 1.463200000000000000e+04 -4.688000000000000000e+03 -6.200000000000000000e+02 2.276000000000000000e+03
-3.132000000000000000e+03 1.336000000000000000e+03 1.462000000000000000e+04 -4.704000000000000000e+03 -6.800000000000000000e+02 2.172000000000000000e+03
-3.112000000000000000e+03 1.340000000000000000e+03 1.389200000000000000e+04 -4.704000000000000000e+03 -7.330000000000000000e+02 2.129000000000000000e+03
-2.824000000000000000e+03 1.560000000000000000e+03 1.312400000000000000e+04 -4.704000000000000000e+03 -6.850000000000000000e+02 2.348000000000000000e+03
-2.108000000000000000e+03 1.332000000000000000e+03 1.179600000000000000e+04 -4.672000000000000000e+03 -6.350000000000000000e+02 2.246000000000000000e+03
-2.252000000000000000e+03 1.068000000000000000e+03 9.084000000000000000e+03 -4.688000000000000000e+03 -4.580000000000000000e+02 2.391000000000000000e+03
-1.528000000000000000e+03 8.720000000000000000e+02 7.136000000000000000e+03 -4.720000000000000000e+03 -2.830000000000000000e+02 2.185000000000000000e+03
-1.700000000000000000e+03 1.068000000000000000e+03 3.556000000000000000e+03 -4.704000000000000000e+03 9.400000000000000000e+01 1.498000000000000000e+03
-1.188000000000000000e+03 3.840000000000000000e+02 2.264000000000000000e+03 -4.736000000000000000e+03 5.840000000000000000e+02 1.011000000000000000e+03
-4.560000000000000000e+02 7.200000000000000000e+01 1.904000000000000000e+03 -4.720000000000000000e+03 -2.610000000000000000e+02 1.599000000000000000e+03
-1.404000000000000000e+03 -5.200000000000000000e+01 5.004000000000000000e+03 -4.736000000000000000e+03 -1.061000000000000000e+03 9.420000000000000000e+02
-1.724000000000000000e+03 -1.680000000000000000e+02 1.420400000000000000e+04 -4.688000000000000000e+03 -4.140000000000000000e+02 8.100000000000000000e+01
-3.188000000000000000e+03 6.720000000000000000e+02 2.517600000000000000e+04 -4.704000000000000000e+03 -1.470000000000000000e+02 5.720000000000000000e+02
