-8.640000000000000000e+02 1.340000000000000000e+03 1.446400000000000000e+04 -4.704000000000000000e+03 -4.600000000000000000e+02 1.426000000000000000e+03
-1.084000000000000000e+03 1.396000000000000000e+03 1.461200000000000000e+04 -4.688000000000000000e+03 -4.500000000000000000e+02 1.783000000000000000e+03
-1.364000000000000000e+03 1.484000000000000000e+03 1.445600000000000000e+04 -4.720000000000000000e+03 -4.540000000000000000e+02 1.974000000000000000e+03
-1.448000000000000000e+03 1.400000000000000000e+03 1.463200000000000000e+04 -4.672000000000000000e+03 -5.310000000000000000e+02 1.838000000000000000e+03
-1.536000000000000000e+03 1.344000000000000000e+03 1.439200000000000000e+04 -4.640000000000000000e+03 -5.730000000000000000e+02 1.749000000000000000e+03
-1.796000000000000000e+03 1.360000000000000000e+03 1.464400000000000000e+04 -4.672000000000000000e+03 -6.930000000000000000e+02 2.233000000000000000e+03
-2.192000000000000000e+03 1.496000000000000000e+03 1.446400000000000000e+04 -4.656000000000000000e+03 -9.930000000000000000e+02 1.831000000000000000e+03
-2.176000000000000000e+03 1.516000000000000000e+03 1.456000000000000000e+04 -4.688000000000000000e+03 -8.720000000000000000e+02 7.220000000000000000e+02
-2.164000000000000000e+03 1.496000000000000000e+03 1.454400000000000000e+04 -4.688000000000000000e+03 -3.050000000000000000e+02 1.134000000000000000e+03
-2.380000000000000000e+03 1.568000000000000000e+03 1.448000000000000000e+04 -4.672000000000000000e+03 -7.210000000000000000e+02 1.374000000000000000e+03
-2.252000000000000000e+03 1.512000000000000000e+03 1.447200000000000000e+04 -4.656000000000000000e+03 -3.180000000000000000e+02 2.260000000000000000e+02
-2.164000000000000000e+03 1.508000000000000000e+03 1.478400000000000000e+04 -4.688000000000000000e+03 -3.750000000000000000e+02 -5.920000000000000000e+02
-2.256000000000000000e+03 1.440000000000000000e+03 1.466800000000000000e+04 -4.688000000000000000e+03 -5.780000000000000000e+02 -5.410000000000000000e+02
-2.112000000000000000e+03 1.528000000000000000e+03 1.443600000000000000e+04 -4.656000000000000000e+03 -4.110000000000000000e+02 -7.740000000000000000e+02
-1.920000000000000000e+03 1.500000000000000000e+03 1.430400000000000000e+04 -4.656000000000000000e+03 -4.910000000000000000e+02 -1.497000000000000000e+03
-1.712000000000000000e+03 1.488000000000000000e+03 1.439600000000000000e+04 -4.688000000000000000e+03 -4.170000000000000000e+02 -1.952000000000000000e+03
-1.464000000000000000e+03 1.516000000000000000e+03 1.442000000000000000e+04 -4.672000000000000000e+03 -2.520000000000000000e+02 -2.245000000000000000e+03
-1.252000000000000000e+03 1.616000000000000000e+03 1.454400000000000000e+04 -4.672000000000000000e+03 -1.970000000000000000e+02 -2.438000000000000000e+03
-1.132000000000000000e+03 1.528000000000000000e+03 1.446800000000000000e+04 -4.704000000000000000e+03 2.250000000000000000e+02 -2.663000000000000000e+03
-9.200000000000000000e+02 1.624000000000000000e+03 1.428400000000000000e+04 -4.704000000000000000e+03 3.950000000000000000e+02 -2.514000000000000000e+03
-9.240000000000000000e+02 1.688000000000000000e+03 1.440400000000000000e+04 -4.688000000000000000e+03 4.770000000000000000e+02 -2.218000000000000000e+03
-8.680000000000000000e+02 1.596000000000000000e+03 1.473600000000000000e+04 -4.672000000000000000e+03 6.710000000000000000e+02 -1.876000000000000000e+03
-8.280000000000000000e+02 1.592000000000000000e+03 1.464400000000000000e+04 -4.704000000000000000e+03 6.700000000000000000e+02 -1.423000000000000000e+03
-6.920000000000000000e+02 1.504000000000000000e+03 1.454800000000000000e+04 -4.688000000000000000e+03 6.360000000000000000e+02 -9.180000000000000000e+02
-5.720000000000000000e+02 1.672000000000000000e+03 1.468000000000000000e+04 -4.704000000000000000e+03 4.970000000000000000e+02 -5.890000000000000000e+02
-5.480000000000000000e+02 1.588000000000000000e+03 1.401600000000000000e+04 -4.688000000000000000e+03 3.240000000000000000e+02 -5.060000000000000000e+02
-8.680000000000000000e+02 1.508000000000000000e+03 1.303600000000000000e+04 -4.704000000000000000e+03 -1.340000000000000000e+02 -1.230000000000000000e+02
-6.680000000000000000e+02 1.532000000000000000e+03 9.756000000000000000e+03 -4.672000000000000000e+03 -3.120000000000000000e+02 1.980000000000000000e+02
-9.200000000000000000e+02 1.400000000000000000e+03 4.240000000000000000e+03 -4.672000000000000000e+03 -1.370000000000000000e+02 4.590000000000000000e+02
-1.068000000000000000e+03 1.416000000000000000e+03 5.940000000000000000e+03 -4.704000000000000000e+03 -2.890000000000000000e+02 6.460000000000000000e+02
-1.052000000000000000e+03 1.588000000000000000e+03 7.852000000000000000e+03 -4.704000000000000000e+03 -2.840000000000000000e+02 8.360000000000000000e+02
-1.396000000000000000e+03 1.400000000000000000e+03 8.452000000000000000e+03 -4.672000000000000000e+03 -3.160000000000000000e+02 9.430000000000000000e+02
-1.912000000000000000e+03 1.212000000000000000e+03 1.234400000000000000e+04 -4.672000000000000000e+03 -3.070000000000000000e+02 1.166000000000000000e+03
-2.164000000000000000e+03 8.400000000000000000e+02 1.198000000000000000e+04 -4.672000000000000000e+03 -3.230000000000000000e+02 1.324000000000000000e+03
-1.852000000000000000e+03 -5.200000000000000000e+01 1.278000000000000000e+04 -4.688000000000000000e+03 -3.960000000000000000e+02 1.552000000000000000e+03
-2.068000000000000000e+03 5.280000000000000000e+02 1.523600000000000000e+04 -4.688000000000000000e+03 -4.340000000000000000e+02 1.505000000000000000e+03
-2.208000000000000000e+03 5.880000000000000000e+02 1.511600000000000000e+04 -4.688000000000000000e+03 -5.700000000000000000e+02 9.220000000000000000e+02
-2.448000000000000000e+03 4.600000000000000000e+02 1.505200000000000000e+04 -4.688000000000000000e+03 -6.610000000000000000e+02 1.328000000000000000e+03
-2.084000000000000000e+03 7.880000000000000000e+02 1.496800000000000000e+04 -4.704000000000000000e+03 -8.950000000000000000e+02 1.127000000000000000e+03
-5.680000000000000000e+02 5.880000000000000000e+02 1.490400000000000000e+04 -4.704000000000000000e+03 -9.300000000000000000e+02 9.630000000000000000e+02
-1.196000000000000000e+03 9.080000000000000000e+02 1.618400000000000000e+04 -4.656000000000000000e+03 -9.940000000000000000e+02 1.152000000000000000e+03
-2.632000000000000000e+03 1.328000000000000000e+03 1.607200000000000000e+04 -4.688000000000000000e+03 -9.690000000000000000e+02 2.510000000000000000e+02
-3.348000000000000000e+03 1.504000000000000000e+03 1.726000000000000000e+04 -4.704000000000000000e+03 -8.520000000000000000e+02 4.020000000000000000e+02
-3.236000000000000000e+03 1.344000000000000000e+03 1.934400000000000000e+04 -4.688000000000000000e+03 -7.310000000000000000e+02 5.720000000000000000e+02
-1.960000000000000000e+03 1.116000000000000000e+03 2.239600000000000000e+04 -4.672000000000000000e+03 -5.090000000000000000e+02 4.800000000000000000e+02
-2.744000000000000000e+03 1.328000000000000000e+03 2.607200000000000000e+04 -4.672000000000000000e+03 -1.830000000000000000e+02 1.043000000000000000e+03
-2.972000000000000000e+03 1.936000000000000000e+03 2.840000000000000000e+04 -4.704000000000000000e+03 -5.200000000000000000e+01 1.068000000000000000e+03
-2.196000000000000000e+03 1.952000000000000000e+03 2.757200000000000000e+04 -4.704000000000000000e+03 -1.190000000000000000e+02 1.374000000000000000e+03
-3.188000000000000000e+03 1.888000000000000000e+03 2.187600000000000000e+04 -4.672000000000000000e+03 -7.170000000000000000e+02 1.544000000000000000e+03
-2.924000000000000000e+03 2.052000000000000000e+03 1.899600000000000000e+04 -4.688000000000000000e+03 -1.078000000000000000e+03 1.072000000000000000e+03
