-1.872000000000000000e+03 2.616000000000000000e+03 1.441600000000000000e+04 -4.784000000000000000e+03 -2.970000000000000000e+02 8.350000000000000000e+02
-1.908000000000000000e+03 2.528000000000000000e+03 1.432800000000000000e+04 -4.768000000000000000e+03 -2.860000000000000000e+02 8.400000000000000000e+02
-2.180000000000000000e+03 2.424000000000000000e+03 1.420400000000000000e+04 -4.784000000000000000e+03 -2.880000000000000000e+02 8.560000000000000000e+02
-2.232000000000000000e+03 2.400000000000000000e+03 1.425200000000000000e+04 -4.752000000000000000e+03 -2.910000000000000000e+02 8.580000000000000000e+02
-2.328000000000000000e+03 2.392000000000000000e+03 1.420800000000000000e+04 -4.768000000000000000e+03 -2.880000000000000000e+02 9.360000000000000000e+02
-2.328000000000000000e+03 2.328000000000000000e+03 1.405600000000000000e+04 -4.752000000000000000e+03 -3.130000000000000000e+02 1.035000000000000000e+03
-2.476000000000000000e+03 2.308000000000000000e+03 1.411600000000000000e+04 -4.768000000000000000e+03 -2.930000000000000000e+02 1.147000000000000000e+03
-2.476000000000000000e+03 2.392000000000000000e+03 1.419600000000000000e+04 -4.800000000000000000e+03 -2.970000000000000000e+02 1.310000000000000000e+03
-2.352000000000000000e+03 2.340000000000000000e+03 1.421600000000000000e+04 -4.784000000000000000e+03 -3.020000000000000000e+02 1.664000000000000000e+03
-2.440000000000000000e+03 2.400000000000000000e+03 1.418800000000000000e+04 -4.800000000000000000e+03 -3.330000000000000000e+02 2.237000000000000000e+03
-2.436000000000000000e+03 2.292000000000000000e+03 1.420400000000000000e+04 -4.784000000000000000e+03 -3.330000000000000000e+02 1.665000000000000000e+03
-2.480000000000000000e+03 2.448000000000000000e+03 1.410800000000000000e+04 -4.816000000000000000e+03 -3.880000000000000000e+02 1.334000000000000000e+03
-2.440000000000000000e+03 2.296000000000000000e+03 1.416800000000000000e+04 -4.800000000000000000e+03 -4.040000000000000000e+02 1.558000000000000000e+03
-2.476000000000000000e+03 2.380000000000000000e+03 1.420800000000000000e+04 -4.784000000000000000e+03 -5.310000000000000000e+02 1.126000000000000000e+03
-2.436000000000000000e+03 2.256000000000000000e+03 1.426000000000000000e+04 -4.784000000000000000e+03 -7.470000000000000000e+02 7.430000000000000000e+02
-2.456000000000000000e+03 2.168000000000000000e+03 1.428800000000000000e+04 -4.784000000000000000e+03 -6.280000000000000000e+02 4.440000000000000000e+02
-2.496000000000000000e+03 2.304000000000000000e+03 1.414000000000000000e+04 -4.816000000000000000e+03 -2.610000000000000000e+02 -1.200000000000000000e+01
-2.616000000000000000e+03 2.344000000000000000e+03 1.408000000000000000e+04 -4.784000000000000000e+03 -2.440000000000000000e+02 -3.980000000000000000e+02
-2.516000000000000000e+03 2.472000000000000000e+03 1.422400000000000000e+04 -4.784000000000000000e+03 -3.230000000000000000e+02 -8.330000000000000000e+02
-2.420000000000000000e+03 2.400000000000000000e+03 1.435200000000000000e+04 -4.816000000000000000e+03 -2.200000000000000000e+02 -1.376000000000000000e+03
-2.752000000000000000e+03 2.324000000000000000e+03 1.426400000000000000e+04 -4.784000000000000000e+03 -1.260000000000000000e+02 -1.685000000000000000e+03
-2.672000000000000000e+03 2.252000000000000000e+03 1.434400000000000000e+04 -4.784000000000000000e+03 -2.230000000000000000e+02 -2.199000000000000000e+03
-2.708000000000000000e+03 2.252000000000000000e+03 1.427600000000000000e+04 -4.768000000000000000e+03 -2.340000000000000000e+02 -2.698000000000000000e+03
-2.880000000000000000e+03 2.136000000000000000e+03 1.402400000000000000e+04 -4.784000000000000000e+03 -1.430000000000000000e+02 -3.195000000000000000e+03
-2.772000000000000000e+03 2.148000000000000000e+03 1.276800000000000000e+04 -4.784000000000000000e+03 -2.180000000000000000e+02 -3.484000000000000000e+03
-2.840000000000000000e+03 2.076000000000000000e+03 9.908000000000000000e+03 -4.800000000000000000e+03 -2.190000000000000000e+02 -3.678000000000000000e+03
-3.000000000000000000e+03 2.120000000000000000e+03 5.472000000000000000e+03 -4.816000000000000000e+03 -1.590000000000000000e+02 -3.592000000000000000e+03
-3.116000000000000000e+03 2.148000000000000000e+03 4.900000000000000000e+03 -4.784000000000000000e+03 -1.110000000000000000e+02 -3.286000000000000000e+03
-3.304000000000000000e+03 2.076000000000000000e+03 5.172000000000000000e+03 -4.816000000000000000e+03 -1.000000000000000000e+00 -2.772000000000000000e+03
-3.508000000000000000e+03 2.156000000000000000e+03 7.980000000000000000e+03 -4.816000000000000000e+03 2.600000000000000000e+01 -2.217000000000000000e+03
-3.864000000000000000e+03 2.240000000000000000e+03 8.616000000000000000e+03 -4.768000000000000000e+03 2.660000000000000000e+02 -1.816000000000000000e+03
-4.216000000000000000e+03 2.124000000000000000e+03 1.038800000000000000e+04 -4.784000000000000000e+03 3.230000000000000000e+02 -1.888000000000000000e+03
-4.444000000000000000e+03 1.864000000000000000e+03 1.243200000000000000e+04 -4.784000000000000000e+03 2.480000000000000000e+02 -1.844000000000000000e+03
-4.524000000000000000e+03 1.360000000000000000e+03 1.223600000000000000e+04 -4.800000000000000000e+03 -9.000000000000000000e+00 -1.974000000000000000e+03
-4.136000000000000000e+03 8.480000000000000000e+02 1.320000000000000000e+04 -4.816000000000000000e+03 -2.860000000000000000e+02 -1.968000000000000000e+03
-3.068000000000000000e+03 9.520000000000000000e+02 1.453200000000000000e+04 -4.800000000000000000e+03 -1.620000000000000000e+02 -1.963000000000000000e+03
-2.156000000000000000e+03 1.204000000000000000e+03 1.360400000000000000e+04 -4.768000000000000000e+03 -2.200000000000000000e+01 -1.799000000000000000e+03
-5.800000000000000000e+02 1.288000000000000000e+03 1.510000000000000000e+04 -4.768000000000000000e+03 1.700000000000000000e+02 -1.795000000000000000e+03
-3.624000000000000000e+03 1.080000000000000000e+03 1.600400000000000000e+04 -4.768000000000000000e+03 1.870000000000000000e+02 -1.408000000000000000e+03
-3.216000000000000000e+03 1.420000000000000000e+03 1.789200000000000000e+04 -4.816000000000000000e+03 4.000000000000000000e+00 -1.080000000000000000e+03
-3.012000000000000000e+03 1.964000000000000000e+03 1.929600000000000000e+04 -4.768000000000000000e+03 -1.590000000000000000e+02 -1.030000000000000000e+03
-3.668000000000000000e+03 2.016000000000000000e+03 2.218400000000000000e+04 -4.816000000000000000e+03 -1.460000000000000000e+02 -9.380000000000000000e+02
-3.352000000000000000e+03 2.292000000000000000e+03 2.530400000000000000e+04 -4.768000000000000000e+03 -3.280000000000000000e+02 -4.190000000000000000e+02
-3.232000000000000000e+03 2.372000000000000000e+03 2.876800000000000000e+04 -4.800000000000000000e+03 -4.810000000000000000e+02 -8.200000000000000000e+01
-3.884000000000000000e+03 2.232000000000000000e+03 2.976800000000000000e+04 -4.752000000000000000e+03 -6.630000000000000000e+02 -3.900000000000000000e+01
-2.904000000000000000e+03 2.616000000000000000e+03 2.581600000000000000e+04 -4.800000000000000000e+03 -7.990000000000000000e+02 -3.250000000000000000e+02
-3.476000000000000000e+03 2.716000000000000000e+03 2.098800000000000000e+04 -4.816000000000000000e+03 -7.490000000000000000e+02 4.410000000000000000e+02
-3.984000000000000000e+03 3.124000000000000000e+03 1.786400000000000000e+04 -4.784000000000000000e+03 -7.250000000000000000e+02 1.940000000000000000e+02
-3.628000000000000000e+03 2.968000000000000000e+03 1.727200000000000000e+04 -4.800000000000000000e+03 -6.580000000000000000e+02 8.300000000000000000e+01
-3.616000000000000000e+03 3.408000000000000000e+03 1.812800000000000000e+04 -4.832000000000000000e+03 -5.260000000000000000e+02 8.570000000000000000e+02
-3.636000000000000000e+03 3.652000000000000000e+03 1.910400000000000000e+04 -4.816000000000000000e+03 -3.060000000000000000e+02 5.420000000000000000e+02
-4.460000000000000000e+03 4.328000000000000000e+03 1.796400000000000000e+04 -4.768000000000000000e+03 -8.800000000000000000e+01 1.137000000000000000e+03
-4.308000000000000000e+03 4.608000000000000000e+03 1.782400000000000000e+04 -4.800000000000000000e+03 -2.080000000000000000e+02 1.400000000000000000e+03
-4.652000000000000000e+03 4.132000000000000000e+03 1.810400000000000000e+04 -4.816000000000000000e+03 -1.165000000000000000e+03 1.045000000000000000e+03
-4.120000000000000000e+03 3.964000000000000000e+03 1.563200000000000000e+04 -4.800000000000000000e+03 -1.197000000000000000e+03 1.094000000000000000e+03
-1.888000000000000000e+03 3.156000000000000000e+03 1.317200000000000000e+04 -4.768000000000000000e+03 -7.120000000000000000e+02 1.490000000000000000e+03
3.600000000000000000e+01 2.616000000000000000e+03 8.540000000000000000e+03 -4.832000000000000000e+03 -5.630000000000000000e+02 1.816000000000000000e+03
3.880000000000000000e+02 2.408000000000000000e+03 4.040000000000000000e+03 -4.784000000000000000e+03 -4.230000000000000000e+02 1.997000000000000000e+03
6.320000000000000000e+02 2.836000000000000000e+03 1.588000000000000000e+03 -4.800000000000000000e+03 -6.980000000000000000e+02 2.292000000000000000e+03
7.280000000000000000e+02 2.912000000000000000e+03 7.560000000000000000e+02 -4.768000000000000000e+03 -9.170000000000000000e+02 2.381000000000000000e+03
