1.656000000000000000e+03 1.944000000000000000e+03 1.460800000000000000e+04 -4.672000000000000000e+03 -3.090000000000000000e+02 -3.520000000000000000e+02
1.700000000000000000e+03 1.784000000000000000e+03 1.484400000000000000e+04 -4.672000000000000000e+03 -2.890000000000000000e+02 -4.790000000000000000e+02
1.488000000000000000e+03 2.056000000000000000e+03 1.462000000000000000e+04 -4.672000000000000000e+03 -2.120000000000000000e+02 -6.100000000000000000e+02
1.440000000000000000e+03 2.176000000000000000e+03 1.421200000000000000e+04 -4.656000000000000000e+03 -1.910000000000000000e+02 -6.130000000000000000e+02
1.600000000000000000e+03 2.096000000000000000e+03 1.460800000000000000e+04 -4.656000000000000000e+03 -1.890000000000000000e+02 -7.920000000000000000e+02
1.728000000000000000e+03 2.200000000000000000e+03 1.453600000000000000e+04 -4.672000000000000000e+03 -1.440000000000000000e+02 -8.920000000000000000e+02
1.884000000000000000e+03 2.024000000000000000e+03 1.446000000000000000e+04 -4.656000000000000000e+03 -9.800000000000000000e+01 -9.340000000000000000e+02
1.800000000000000000e+03 1.900000000000000000e+03 1.448400000000000000e+04 -4.672000000000000000e+03 -5.400000000000000000e+01 -8.520000000000000000e+02
1.644000000000000000e+03 1.900000000000000000e+03 1.452400000000000000e+04 -4.672000000000000000e+03 -3.400000000000000000e+01 -7.150000000000000000e+02
1.552000000000000000e+03 2.012000000000000000e+03 1.446400000000000000e+04 -4.624000000000000000e+03 -7.900000000000000000e+01 -5.560000000000000000e+02
1.628000000000000000e+03 1.984000000000000000e+03 1.465600000000000000e+04 -4.656000000000000000e+03 -9.800000000000000000e+01 -2.950000000000000000e+02
1.704000000000000000e+03 1.936000000000000000e+03 1.449200000000000000e+04 -4.672000000000000000e+03 -9.100000000000000000e+01 -3.000000000000000000e+00
2.052000000000000000e+03 1.900000000000000000e+03 1.423600000000000000e+04 -4.672000000000000000e+03 -1.660000000000000000e+02 3.240000000000000000e+02
2.048000000000000000e+03 1.872000000000000000e+03 1.438400000000000000e+04 -4.672000000000000000e+03 -2.010000000000000000e+02 5.990000000000000000e+02
2.112000000000000000e+03 1.756000000000000000e+03 1.465600000000000000e+04 -4.656000000000000000e+03 -2.580000000000000000e+02 8.630000000000000000e+02
2.368000000000000000e+03 1.860000000000000000e+03 1.471200000000000000e+04 -4.656000000000000000e+03 -2.850000000000000000e+02 1.024000000000000000e+03
2.248000000000000000e+03 2.040000000000000000e+03 1.449200000000000000e+04 -4.640000000000000000e+03 -2.930000000000000000e+02 1.098000000000000000e+03
2.332000000000000000e+03 1.936000000000000000e+03 1.420000000000000000e+04 -4.688000000000000000e+03 -3.180000000000000000e+02 1.152000000000000000e+03
2.520000000000000000e+03 1.912000000000000000e+03 1.460000000000000000e+04 -4.672000000000000000e+03 -3.360000000000000000e+02 1.212000000000000000e+03
2.616000000000000000e+03 1.940000000000000000e+03 1.438800000000000000e+04 -4.672000000000000000e+03 -3.690000000000000000e+02 1.304000000000000000e+03
2.672000000000000000e+03 2.036000000000000000e+03 1.442000000000000000e+04 -4.640000000000000000e+03 -4.120000000000000000e+02 1.514000000000000000e+03
2.732000000000000000e+03 2.080000000000000000e+03 1.459200000000000000e+04 -4.656000000000000000e+03 -4.500000000000000000e+02 1.328000000000000000e+03
2.544000000000000000e+03 2.152000000000000000e+03 1.435600000000000000e+04 -4.656000000000000000e+03 -4.670000000000000000e+02 1.676000000000000000e+03
2.660000000000000000e+03 2.032000000000000000e+03 1.458400000000000000e+04 -4.640000000000000000e+03 -5.280000000000000000e+02 1.957000000000000000e+03
2.552000000000000000e+03 2.124000000000000000e+03 1.470000000000000000e+04 -4.640000000000000000e+03 -7.240000000000000000e+02 2.193000000000000000e+03
2.548000000000000000e+03 2.172000000000000000e+03 1.484800000000000000e+04 -4.656000000000000000e+03 -8.910000000000000000e+02 2.444000000000000000e+03
2.424000000000000000e+03 2.068000000000000000e+03 1.473600000000000000e+04 -4.688000000000000000e+03 -9.790000000000000000e+02 2.598000000000000000e+03
2.440000000000000000e+03 2.132000000000000000e+03 1.471600000000000000e+04 -4.640000000000000000e+03 -8.890000000000000000e+02 2.716000000000000000e+03
2.412000000000000000e+03 2.020000000000000000e+03 1.480400000000000000e+04 -4.656000000000000000e+03 -9.170000000000000000e+02 2.629000000000000000e+03
1.956000000000000000e+03 2.004000000000000000e+03 1.507200000000000000e+04 -4.672000000000000000e+03 -8.870000000000000000e+02 2.714000000000000000e+03
1.704000000000000000e+03 2.144000000000000000e+03 1.485600000000000000e+04 -4.640000000000000000e+03 -7.710000000000000000e+02 2.767000000000000000e+03
1.472000000000000000e+03 2.040000000000000000e+03 1.278400000000000000e+04 -4.656000000000000000e+03 -6.780000000000000000e+02 3.234000000000000000e+03
1.408000000000000000e+03 1.672000000000000000e+03 1.046000000000000000e+04 -4.672000000000000000e+03 -6.850000000000000000e+02 2.826000000000000000e+03
8.760000000000000000e+02 1.328000000000000000e+03 8.320000000000000000e+03 -4.688000000000000000e+03 -8.100000000000000000e+02 2.283000000000000000e+03
6.040000000000000000e+02 9.920000000000000000e+02 8.012000000000000000e+03 -4.688000000000000000e+03 -8.530000000000000000e+02 2.038000000000000000e+03
2.600000000000000000e+02 7.640000000000000000e+02 7.380000000000000000e+03 -4.624000000000000000e+03 -7.910000000000000000e+02 1.621000000000000000e+03
4.520000000000000000e+02 6.880000000000000000e+02 6.692000000000000000e+03 -4.656000000000000000e+03 -8.790000000000000000e+02 1.269000000000000000e+03
9.840000000000000000e+02 8.200000000000000000e+02 8.648000000000000000e+03 -4.640000000000000000e+03 -6.980000000000000000e+02 7.900000000000000000e+02
1.484000000000000000e+03 8.520000000000000000e+02 1.143600000000000000e+04 -4.672000000000000000e+03 -7.160000000000000000e+02 3.060000000000000000e+02
2.332000000000000000e+03 7.400000000000000000e+02 1.337600000000000000e+04 -4.688000000000000000e+03 -6.210000000000000000e+02 -2.180000000000000000e+02
1.396000000000000000e+03 8.040000000000000000e+02 1.437600000000000000e+04 -4.688000000000000000e+03 -4.350000000000000000e+02 -6.190000000000000000e+02
1.240000000000000000e+02 1.116000000000000000e+03 1.535600000000000000e+04 -4.624000000000000000e+03 -4.670000000000000000e+02 -9.750000000000000000e+02
-1.032000000000000000e+03 1.684000000000000000e+03 1.532000000000000000e+04 -4.704000000000000000e+03 -2.760000000000000000e+02 -1.609000000000000000e+03
-1.120000000000000000e+03 1.996000000000000000e+03 1.582000000000000000e+04 -4.688000000000000000e+03 -3.170000000000000000e+02 -1.807000000000000000e+03
-5.000000000000000000e+02 1.520000000000000000e+03 1.674000000000000000e+04 -4.672000000000000000e+03 -1.020000000000000000e+02 -1.879000000000000000e+03
-5.800000000000000000e+02 1.512000000000000000e+03 1.545600000000000000e+04 -4.656000000000000000e+03 1.580000000000000000e+02 -1.929000000000000000e+03
-1.164000000000000000e+03 1.416000000000000000e+03 1.634400000000000000e+04 -4.688000000000000000e+03 2.760000000000000000e+02 -1.808000000000000000e+03
-1.128000000000000000e+03 2.360000000000000000e+03 1.644000000000000000e+04 -4.688000000000000000e+03 1.380000000000000000e+02 -1.574000000000000000e+03
-1.616000000000000000e+03 2.320000000000000000e+03 1.721200000000000000e+04 -4.656000000000000000e+03 3.600000000000000000e+01 -1.172000000000000000e+03
-6.960000000000000000e+02 1.204000000000000000e+03 1.825600000000000000e+04 -4.688000000000000000e+03 -1.160000000000000000e+02 -8.980000000000000000e+02
-1.640000000000000000e+02 1.208000000000000000e+03 1.739200000000000000e+04 -4.656000000000000000e+03 -2.800000000000000000e+02 -7.180000000000000000e+02
-1.152000000000000000e+03 1.344000000000000000e+03 1.949600000000000000e+04 -4.656000000000000000e+03 -2.100000000000000000e+02 -7.520000000000000000e+02
-5.800000000000000000e+02 1.512000000000000000e+03 2.412800000000000000e+04 -4.656000000000000000e+03 -1.970000000000000000e+02 -5.870000000000000000e+02
8.400000000000000000e+01 2.204000000000000000e+03 2.614800000000000000e+04 -4.688000000000000000e+03 -2.200000000000000000e+02 -7.800000000000000000e+01
-2.000000000000000000e+01 2.300000000000000000e+03 2.563600000000000000e+04 -4.688000000000000000e+03 -2.300000000000000000e+02 1.290000000000000000e+02
-7.280000000000000000e+02 2.208000000000000000e+03 2.393600000000000000e+04 -4.704000000000000000e+03 -2.580000000000000000e+02 4.650000000000000000e+02
-1.252000000000000000e+03 2.208000000000000000e+03 2.063600000000000000e+04 -4.656000000000000000e+03 -2.980000000000000000e+02 8.170000000000000000e+02
-4.880000000000000000e+02 1.836000000000000000e+03 1.753200000000000000e+04 -4.656000000000000000e+03 -2.990000000000000000e+02 1.243000000000000000e+03
4.440000000000000000e+02 1.532000000000000000e+03 1.691200000000000000e+04 -4.656000000000000000e+03 -3.970000000000000000e+02 1.618000000000000000e+03
7.680000000000000000e+02 1.940000000000000000e+03 1.594000000000000000e+04 -4.688000000000000000e+03 -4.820000000000000000e+02 2.032000000000000000e+03
1.112000000000000000e+03 1.564000000000000000e+03 1.610400000000000000e+04 -4.640000000000000000e+03 -5.220000000000000000e+02 2.340000000000000000e+03
1.700000000000000000e+03 1.608000000000000000e+03 1.613600000000000000e+04 -4.656000000000000000e+03 -5.520000000000000000e+02 2.383000000000000000e+03
1.000000000000000000e+03 1.840000000000000000e+03 1.606800000000000000e+04 -4.640000000000000000e+03 -6.570000000000000000e+02 2.223000000000000000e+03
1.132000000000000000e+03 1.824000000000000000e+03 1.667600000000000000e+04 -4.640000000000000000e+03 -4.690000000000000000e+02 2.042000000000000000e+03
1.068000000000000000e+03 1.852000000000000000e+03 1.619600000000000000e+04 -4.656000000000000000e+03 -3.940000000000000000e+02 2.395000000000000000e+03
1.280000000000000000e+03 2.076000000000000000e+03 1.536000000000000000e+04 -4.656000000000000000e+03 -2.260000000000000000e+02 2.549000000000000000e+03
1.392000000000000000e+03 2.224000000000000000e+03 1.310800000000000000e+04 -4.656000000000000000e+03 3.210000000000000000e+02 2.206000000000000000e+03
1.780000000000000000e+03 1.920000000000000000e+03 1.182400000000000000e+04 -4.672000000000000000e+03 6.700000000000000000e+01 1.814000000000000000e+03
2.236000000000000000e+03 1.560000000000000000e+03 8.076000000000000000e+03 -4.672000000000000000e+03 2.850000000000000000e+02 1.204000000000000000e+03
1.680000000000000000e+03 9.000000000000000000e+02 5.428000000000000000e+03 -4.704000000000000000e+03 -4.600000000000000000e+01 8.500000000000000000e+02
1.072000000000000000e+03 5.320000000000000000e+02 3.844000000000000000e+03 -4.672000000000000000e+03 -5.630000000000000000e+02 1.298000000000000000e+03
6.200000000000000000e+02 2.920000000000000000e+02 3.092000000000000000e+03 -4.688000000000000000e+03 -3.820000000000000000e+02 4.820000000000000000e+02
4.600000000000000000e+02 6.000000000000000000e+01 4.936000000000000000e+03 -4.656000000000000000e+03 5.000000000000000000e+01 1.720000000000000000e+02
-2.840000000000000000e+02 1.200000000000000000e+02 9.104000000000000000e+03 -4.640000000000000000e+03 2.990000000000000000e+02 0.000000000000000000e+00
-7.400000000000000000e+02 0.000000000000000000e+00 1.522800000000000000e+04 -4.656000000000000000e+03 9.000000000000000000e+00 7.300000000000000000e+01
