-3.116000000000000000e+03 1.384000000000000000e+03 1.335600000000000000e+04 -4.736000000000000000e+03 -1.000000000000000000e+01 1.295000000000000000e+03
-2.836000000000000000e+03 1.464000000000000000e+03 1.378400000000000000e+04 -4.752000000000000000e+03 -3.900000000000000000e+01 1.514000000000000000e+03
-2.784000000000000000e+03 1.608000000000000000e+03 1.422800000000000000e+04 -4.752000000000000000e+03 -7.800000000000000000e+01 1.700000000000000000e+03
-3.160000000000000000e+03 1.684000000000000000e+03 1.410800000000000000e+04 -4.736000000000000000e+03 -1.310000000000000000e+02 1.866000000000000000e+03
-3.396000000000000000e+03 1.780000000000000000e+03 1.394800000000000000e+04 -4.704000000000000000e+03 -1.100000000000000000e+02 1.962000000000000000e+03
-3.324000000000000000e+03 1.784000000000000000e+03 1.372000000000000000e+04 -4.752000000000000000e+03 -1.110000000000000000e+02 1.928000000000000000e+03
-3.072000000000000000e+03 1.768000000000000000e+03 1.404800000000000000e+04 -4.752000000000000000e+03 -1.080000000000000000e+02 1.844000000000000000e+03
-3.220000000000000000e+03 1.688000000000000000e+03 1.433200000000000000e+04 -4.752000000000000000e+03 -9.600000000000000000e+01 1.702000000000000000e+03
-3.348000000000000000e+03 1.888000000000000000e+03 1.418000000000000000e+04 -4.720000000000000000e+03 -1.330000000000000000e+02 1.534000000000000000e+03
-3.444000000000000000e+03 1.820000000000000000e+03 1.422400000000000000e+04 -4.704000000000000000e+03 -1.200000000000000000e+02 1.222000000000000000e+03
-3.328000000000000000e+03 1.776000000000000000e+03 1.392800000000000000e+04 -4.752000000000000000e+03 -1.100000000000000000e+02 8.580000000000000000e+02
-3.332000000000000000e+03 1.776000000000000000e+03 1.370800000000000000e+04 -4.752000000000000000e+03 -9.800000000000000000e+01 4.750000000000000000e+02
-3.580000000000000000e+03 1.880000000000000000e+03 1.362400000000000000e+04 -4.752000000000000000e+03 -1.030000000000000000e+02 9.000000000000000000e+01
-3.588000000000000000e+03 1.928000000000000000e+03 1.384000000000000000e+04 -4.752000000000000000e+03 -9.100000000000000000e+01 -1.590000000000000000e+02
-3.652000000000000000e+03 1.996000000000000000e+03 1.399200000000000000e+04 -4.736000000000000000e+03 -1.390000000000000000e+02 -2.040000000000000000e+02
-3.816000000000000000e+03 1.972000000000000000e+03 1.378800000000000000e+04 -4.720000000000000000e+03 -1.650000000000000000e+02 9.000000000000000000e+00
-3.840000000000000000e+03 2.012000000000000000e+03 1.341200000000000000e+04 -4.736000000000000000e+03 -2.600000000000000000e+02 1.600000000000000000e+02
-3.960000000000000000e+03 2.024000000000000000e+03 1.378000000000000000e+04 -4.736000000000000000e+03 -3.200000000000000000e+02 4.450000000000000000e+02
-4.092000000000000000e+03 2.008000000000000000e+03 1.378800000000000000e+04 -4.752000000000000000e+03 -4.040000000000000000e+02 6.900000000000000000e+02
-4.340000000000000000e+03 1.992000000000000000e+03 1.374800000000000000e+04 -4.784000000000000000e+03 -4.780000000000000000e+02 9.870000000000000000e+02
-4.400000000000000000e+03 2.072000000000000000e+03 1.382400000000000000e+04 -4.736000000000000000e+03 -4.960000000000000000e+02 1.174000000000000000e+03
-4.532000000000000000e+03 2.136000000000000000e+03 1.395600000000000000e+04 -4.720000000000000000e+03 -5.720000000000000000e+02 1.368000000000000000e+03
-4.724000000000000000e+03 2.016000000000000000e+03 1.403600000000000000e+04 -4.752000000000000000e+03 -6.140000000000000000e+02 1.834000000000000000e+03
-4.712000000000000000e+03 2.156000000000000000e+03 1.386800000000000000e+04 -4.736000000000000000e+03 -7.470000000000000000e+02 1.868000000000000000e+03
-5.036000000000000000e+03 2.268000000000000000e+03 1.408400000000000000e+04 -4.768000000000000000e+03 -8.580000000000000000e+02 2.089000000000000000e+03
-5.028000000000000000e+03 2.416000000000000000e+03 1.384000000000000000e+04 -4.768000000000000000e+03 -8.230000000000000000e+02 1.925000000000000000e+03
-5.088000000000000000e+03 2.348000000000000000e+03 1.340800000000000000e+04 -4.736000000000000000e+03 -8.150000000000000000e+02 1.937000000000000000e+03
-5.072000000000000000e+03 2.080000000000000000e+03 1.377200000000000000e+04 -4.752000000000000000e+03 -6.360000000000000000e+02 1.722000000000000000e+03
-4.888000000000000000e+03 1.980000000000000000e+03 1.415600000000000000e+04 -4.736000000000000000e+03 -4.180000000000000000e+02 1.829000000000000000e+03
-5.104000000000000000e+03 2.156000000000000000e+03 1.422400000000000000e+04 -4.752000000000000000e+03 -5.520000000000000000e+02 1.277000000000000000e+03
-5.324000000000000000e+03 2.300000000000000000e+03 1.319600000000000000e+04 -4.752000000000000000e+03 -5.270000000000000000e+02 1.077000000000000000e+03
-5.024000000000000000e+03 2.256000000000000000e+03 1.113200000000000000e+04 -4.768000000000000000e+03 -4.840000000000000000e+02 5.190000000000000000e+02
-5.084000000000000000e+03 2.108000000000000000e+03 7.460000000000000000e+03 -4.736000000000000000e+03 -5.410000000000000000e+02 2.000000000000000000e+02
-5.416000000000000000e+03 2.152000000000000000e+03 4.744000000000000000e+03 -4.736000000000000000e+03 -5.070000000000000000e+02 -3.990000000000000000e+02
-5.456000000000000000e+03 2.256000000000000000e+03 2.644000000000000000e+03 -4.752000000000000000e+03 -4.590000000000000000e+02 -8.860000000000000000e+02
-5.340000000000000000e+03 2.236000000000000000e+03 4.616000000000000000e+03 -4.736000000000000000e+03 -3.590000000000000000e+02 -1.409000000000000000e+03
-5.620000000000000000e+03 2.208000000000000000e+03 6.120000000000000000e+03 -4.752000000000000000e+03 -2.860000000000000000e+02 -1.724000000000000000e+03
-5.284000000000000000e+03 1.860000000000000000e+03 7.648000000000000000e+03 -4.752000000000000000e+03 -3.330000000000000000e+02 -1.963000000000000000e+03
-4.504000000000000000e+03 1.492000000000000000e+03 9.700000000000000000e+03 -4.752000000000000000e+03 -2.080000000000000000e+02 -1.978000000000000000e+03
-3.640000000000000000e+03 8.760000000000000000e+02 1.210000000000000000e+04 -4.752000000000000000e+03 -3.020000000000000000e+02 -1.996000000000000000e+03
-2.492000000000000000e+03 6.640000000000000000e+02 1.253200000000000000e+04 -4.768000000000000000e+03 -8.600000000000000000e+01 -1.897000000000000000e+03
-3.012000000000000000e+03 2.600000000000000000e+02 1.376400000000000000e+04 -4.752000000000000000e+03 -6.400000000000000000e+01 -1.769000000000000000e+03
-3.796000000000000000e+03 2.680000000000000000e+02 1.502000000000000000e+04 -4.768000000000000000e+03 -9.900000000000000000e+01 -1.528000000000000000e+03
-4.392000000000000000e+03 9.720000000000000000e+02 1.622400000000000000e+04 -4.752000000000000000e+03 -2.200000000000000000e+02 -1.295000000000000000e+03
-4.740000000000000000e+03 1.888000000000000000e+03 1.624800000000000000e+04 -4.752000000000000000e+03 -2.810000000000000000e+02 -9.100000000000000000e+02
-5.164000000000000000e+03 2.416000000000000000e+03 1.738400000000000000e+04 -4.720000000000000000e+03 -9.000000000000000000e+01 -9.720000000000000000e+02
-5.512000000000000000e+03 2.832000000000000000e+03 1.802800000000000000e+04 -4.768000000000000000e+03 5.400000000000000000e+01 -4.120000000000000000e+02
-6.172000000000000000e+03 2.592000000000000000e+03 2.016400000000000000e+04 -4.720000000000000000e+03 1.690000000000000000e+02 -2.380000000000000000e+02
-6.580000000000000000e+03 2.460000000000000000e+03 2.313600000000000000e+04 -4.768000000000000000e+03 2.140000000000000000e+02 -3.970000000000000000e+02
-6.972000000000000000e+03 2.544000000000000000e+03 2.575200000000000000e+04 -4.736000000000000000e+03 9.900000000000000000e+01 -4.430000000000000000e+02
-7.268000000000000000e+03 2.588000000000000000e+03 2.579600000000000000e+04 -4.752000000000000000e+03 5.400000000000000000e+01 -3.110000000000000000e+02
-7.188000000000000000e+03 2.444000000000000000e+03 2.247600000000000000e+04 -4.768000000000000000e+03 -9.200000000000000000e+01 -1.310000000000000000e+02
-7.220000000000000000e+03 2.528000000000000000e+03 1.918400000000000000e+04 -4.720000000000000000e+03 -2.300000000000000000e+02 3.160000000000000000e+02
-7.952000000000000000e+03 2.608000000000000000e+03 1.684000000000000000e+04 -4.752000000000000000e+03 -3.760000000000000000e+02 6.350000000000000000e+02
-9.452000000000000000e+03 3.204000000000000000e+03 1.590000000000000000e+04 -4.736000000000000000e+03 -4.980000000000000000e+02 9.680000000000000000e+02
-9.404000000000000000e+03 3.428000000000000000e+03 1.626000000000000000e+04 -4.768000000000000000e+03 -7.420000000000000000e+02 1.293000000000000000e+03
-9.540000000000000000e+03 2.856000000000000000e+03 1.678800000000000000e+04 -4.784000000000000000e+03 -8.270000000000000000e+02 1.526000000000000000e+03
-8.400000000000000000e+03 2.636000000000000000e+03 1.680000000000000000e+04 -4.736000000000000000e+03 -8.410000000000000000e+02 1.695000000000000000e+03
-6.536000000000000000e+03 2.592000000000000000e+03 1.715600000000000000e+04 -4.752000000000000000e+03 -7.180000000000000000e+02 1.996000000000000000e+03
-5.148000000000000000e+03 2.548000000000000000e+03 1.750800000000000000e+04 -4.768000000000000000e+03 -5.770000000000000000e+02 1.806000000000000000e+03
-4.428000000000000000e+03 2.268000000000000000e+03 1.686400000000000000e+04 -4.752000000000000000e+03 -4.160000000000000000e+02 1.643000000000000000e+03
-4.724000000000000000e+03 1.924000000000000000e+03 1.590000000000000000e+04 -4.752000000000000000e+03 -1.880000000000000000e+02 1.005000000000000000e+03
-5.196000000000000000e+03 1.924000000000000000e+03 1.326800000000000000e+04 -4.752000000000000000e+03 1.490000000000000000e+02 9.150000000000000000e+02
-4.808000000000000000e+03 2.148000000000000000e+03 9.812000000000000000e+03 -4.704000000000000000e+03 -3.910000000000000000e+02 5.790000000000000000e+02
-4.712000000000000000e+03 2.300000000000000000e+03 5.452000000000000000e+03 -4.784000000000000000e+03 -1.003000000000000000e+03 2.600000000000000000e+02
-4.752000000000000000e+03 2.432000000000000000e+03 2.044000000000000000e+03 -4.768000000000000000e+03 -8.860000000000000000e+02 -4.700000000000000000e+01
-4.504000000000000000e+03 2.312000000000000000e+03 5.400000000000000000e+02 -4.704000000000000000e+03 -5.440000000000000000e+02 -1.540000000000000000e+02
-3.844000000000000000e+03 1.840000000000000000e+03 1.784000000000000000e+03 -4.752000000000000000e+03 -4.620000000000000000e+02 7.200000000000000000e+01
-2.832000000000000000e+03 1.344000000000000000e+03 4.444000000000000000e+03 -4.752000000000000000e+03 -5.470000000000000000e+02 9.000000000000000000e+00
-2.096000000000000000e+03 8.640000000000000000e+02 1.244000000000000000e+04 -4.768000000000000000e+03 -8.310000000000000000e+02 1.360000000000000000e+02
-1.488000000000000000e+03 6.240000000000000000e+02 1.903600000000000000e+04 -4.736000000000000000e+03 -7.590000000000000000e+02 2.710000000000000000e+02
