-5.684000000000000000e+03 2.628000000000000000e+03 4.520000000000000000e+02 -4.752000000000000000e+03 -5.310000000000000000e+02 8.800000000000000000e+01
-4.856000000000000000e+03 2.424000000000000000e+03 1.306800000000000000e+04 -4.752000000000000000e+03 -5.000000000000000000e+02 -2.370000000000000000e+02
-4.528000000000000000e+03 2.732000000000000000e+03 1.352000000000000000e+04 -4.768000000000000000e+03 -4.710000000000000000e+02 -4.840000000000000000e+02
-4.948000000000000000e+03 2.984000000000000000e+03 1.381200000000000000e+04 -4.752000000000000000e+03 -4.750000000000000000e+02 -5.320000000000000000e+02
-5.592000000000000000e+03 2.960000000000000000e+03 1.368400000000000000e+04 -4.736000000000000000e+03 -4.810000000000000000e+02 -2.050000000000000000e+02
-5.320000000000000000e+03 -6.570000000000000000e+02 1.312400000000000000e+04 -4.752000000000000000e+03 -5.420000000000000000e+02 -2.830000000000000000e+02
7.680000000000000000e+02 2.556000000000000000e+03 1.288800000000000000e+04 -4.800000000000000000e+03 -5.220000000000000000e+02 2.500000000000000000e+01
-4.764000000000000000e+03 2.540000000000000000e+03 1.332800000000000000e+04 -4.736000000000000000e+03 -5.030000000000000000e+02 3.640000000000000000e+02
-4.928000000000000000e+03 2.668000000000000000e+03 1.365600000000000000e+04 -4.736000000000000000e+03 -5.050000000000000000e+02 6.610000000000000000e+02
-5.168000000000000000e+03 2.776000000000000000e+03 1.399600000000000000e+04 -4.768000000000000000e+03 -4.990000000000000000e+02 8.600000000000000000e+02
-5.308000000000000000e+03 2.492000000000000000e+03 1.320400000000000000e+04 -4.736000000000000000e+03 -5.220000000000000000e+02 1.092000000000000000e+03
-5.184000000000000000e+03 2.576000000000000000e+03 1.313600000000000000e+04 -4.768000000000000000e+03 -5.090000000000000000e+02 1.055000000000000000e+03
-5.144000000000000000e+03 2.648000000000000000e+03 1.334800000000000000e+04 -4.752000000000000000e+03 -4.250000000000000000e+02 1.193000000000000000e+03
-5.204000000000000000e+03 2.836000000000000000e+03 1.356000000000000000e+04 -4.784000000000000000e+03 -4.150000000000000000e+02 1.105000000000000000e+03
-5.304000000000000000e+03 2.712000000000000000e+03 1.356800000000000000e+04 -4.736000000000000000e+03 -3.510000000000000000e+02 8.600000000000000000e+02
-5.476000000000000000e+03 2.680000000000000000e+03 1.316800000000000000e+04 -4.768000000000000000e+03 -2.770000000000000000e+02 5.190000000000000000e+02
-4.988000000000000000e+03 2.540000000000000000e+03 1.304400000000000000e+04 -4.768000000000000000e+03 -2.610000000000000000e+02 2.350000000000000000e+02
-5.008000000000000000e+03 2.700000000000000000e+03 1.327600000000000000e+04 -4.736000000000000000e+03 -2.470000000000000000e+02 5.400000000000000000e+01
-5.172000000000000000e+03 2.848000000000000000e+03 1.333600000000000000e+04 -4.800000000000000000e+03 -1.860000000000000000e+02 -2.800000000000000000e+01
-5.416000000000000000e+03 2.752000000000000000e+03 1.333600000000000000e+04 -4.768000000000000000e+03 -1.550000000000000000e+02 -2.140000000000000000e+02
-5.304000000000000000e+03 2.364000000000000000e+03 1.300000000000000000e+04 -4.752000000000000000e+03 -1.270000000000000000e+02 -4.980000000000000000e+02
-5.416000000000000000e+03 2.304000000000000000e+03 1.290800000000000000e+04 -4.736000000000000000e+03 -3.450000000000000000e+02 -6.810000000000000000e+02
-5.256000000000000000e+03 2.328000000000000000e+03 1.299600000000000000e+04 -4.736000000000000000e+03 -3.430000000000000000e+02 -9.010000000000000000e+02
-5.440000000000000000e+03 2.196000000000000000e+03 1.311200000000000000e+04 -4.720000000000000000e+03 -3.270000000000000000e+02 -9.020000000000000000e+02
-5.392000000000000000e+03 2.216000000000000000e+03 1.347200000000000000e+04 -4.752000000000000000e+03 -3.120000000000000000e+02 -1.683000000000000000e+03
-5.272000000000000000e+03 1.944000000000000000e+03 1.352000000000000000e+04 -4.752000000000000000e+03 -3.660000000000000000e+02 -1.618000000000000000e+03
-5.240000000000000000e+03 2.024000000000000000e+03 1.312800000000000000e+04 -4.752000000000000000e+03 -2.860000000000000000e+02 -1.891000000000000000e+03
-5.368000000000000000e+03 2.032000000000000000e+03 1.314000000000000000e+04 -4.768000000000000000e+03 -2.950000000000000000e+02 -2.217000000000000000e+03
-5.064000000000000000e+03 1.936000000000000000e+03 1.336400000000000000e+04 -4.768000000000000000e+03 -2.970000000000000000e+02 -2.405000000000000000e+03
-5.464000000000000000e+03 2.008000000000000000e+03 1.437600000000000000e+04 -4.736000000000000000e+03 -3.050000000000000000e+02 -2.692000000000000000e+03
-5.648000000000000000e+03 1.900000000000000000e+03 1.406000000000000000e+04 -4.720000000000000000e+03 -2.610000000000000000e+02 -3.036000000000000000e+03
-5.680000000000000000e+03 2.140000000000000000e+03 1.163600000000000000e+04 -4.752000000000000000e+03 -2.410000000000000000e+02 -3.424000000000000000e+03
-5.532000000000000000e+03 2.172000000000000000e+03 9.428000000000000000e+03 -4.784000000000000000e+03 -2.010000000000000000e+02 -3.701000000000000000e+03
-5.628000000000000000e+03 2.316000000000000000e+03 8.488000000000000000e+03 -4.720000000000000000e+03 -2.330000000000000000e+02 -3.605000000000000000e+03
-6.124000000000000000e+03 2.556000000000000000e+03 7.336000000000000000e+03 -4.736000000000000000e+03 -2.670000000000000000e+02 -3.503000000000000000e+03
-6.644000000000000000e+03 2.448000000000000000e+03 6.196000000000000000e+03 -4.768000000000000000e+03 -3.050000000000000000e+02 -3.247000000000000000e+03
-6.828000000000000000e+03 2.072000000000000000e+03 7.332000000000000000e+03 -4.752000000000000000e+03 -1.740000000000000000e+02 -2.796000000000000000e+03
-5.568000000000000000e+03 1.748000000000000000e+03 7.340000000000000000e+03 -4.736000000000000000e+03 -2.940000000000000000e+02 -2.255000000000000000e+03
-4.704000000000000000e+03 1.484000000000000000e+03 8.904000000000000000e+03 -4.720000000000000000e+03 -1.540000000000000000e+02 -1.759000000000000000e+03
-4.472000000000000000e+03 1.008000000000000000e+03 1.008400000000000000e+04 -4.720000000000000000e+03 -1.450000000000000000e+02 -1.227000000000000000e+03
-4.344000000000000000e+03 8.840000000000000000e+02 1.127200000000000000e+04 -4.736000000000000000e+03 -6.300000000000000000e+01 -5.680000000000000000e+02
-2.928000000000000000e+03 1.152000000000000000e+03 1.300400000000000000e+04 -4.752000000000000000e+03 -3.220000000000000000e+02 3.500000000000000000e+01
-2.708000000000000000e+03 1.232000000000000000e+03 1.445600000000000000e+04 -4.736000000000000000e+03 -6.850000000000000000e+02 5.170000000000000000e+02
-2.880000000000000000e+03 1.636000000000000000e+03 1.500000000000000000e+04 -4.720000000000000000e+03 -6.830000000000000000e+02 6.510000000000000000e+02
-2.764000000000000000e+03 1.960000000000000000e+03 1.580000000000000000e+04 -4.752000000000000000e+03 -4.100000000000000000e+02 8.820000000000000000e+02
-2.876000000000000000e+03 2.200000000000000000e+03 1.716400000000000000e+04 -4.736000000000000000e+03 -2.800000000000000000e+02 1.224000000000000000e+03
-3.164000000000000000e+03 2.440000000000000000e+03 1.842000000000000000e+04 -4.752000000000000000e+03 -6.500000000000000000e+01 1.452000000000000000e+03
-3.268000000000000000e+03 2.412000000000000000e+03 2.008000000000000000e+04 -4.736000000000000000e+03 -5.700000000000000000e+01 1.598000000000000000e+03
-3.008000000000000000e+03 2.368000000000000000e+03 2.306800000000000000e+04 -4.752000000000000000e+03 -2.800000000000000000e+01 1.946000000000000000e+03
-2.968000000000000000e+03 2.924000000000000000e+03 2.750800000000000000e+04 -4.736000000000000000e+03 9.500000000000000000e+01 2.300000000000000000e+03
-2.376000000000000000e+03 3.300000000000000000e+03 3.028000000000000000e+04 -4.768000000000000000e+03 -2.200000000000000000e+01 2.576000000000000000e+03
-2.500000000000000000e+03 3.044000000000000000e+03 2.792800000000000000e+04 -4.752000000000000000e+03 -9.600000000000000000e+01 2.980000000000000000e+03
-2.316000000000000000e+03 2.728000000000000000e+03 2.265600000000000000e+04 -4.752000000000000000e+03 -2.360000000000000000e+02 3.359000000000000000e+03
-1.772000000000000000e+03 2.932000000000000000e+03 1.882000000000000000e+04 -4.768000000000000000e+03 -4.090000000000000000e+02 3.560000000000000000e+03
-2.708000000000000000e+03 3.920000000000000000e+03 1.610400000000000000e+04 -4.784000000000000000e+03 -5.410000000000000000e+02 3.431000000000000000e+03
-3.284000000000000000e+03 4.708000000000000000e+03 1.569600000000000000e+04 -4.768000000000000000e+03 -5.860000000000000000e+02 3.384000000000000000e+03
-3.476000000000000000e+03 4.520000000000000000e+03 1.623200000000000000e+04 -4.720000000000000000e+03 -5.760000000000000000e+02 3.285000000000000000e+03
-3.288000000000000000e+03 3.616000000000000000e+03 1.573200000000000000e+04 -4.752000000000000000e+03 -4.890000000000000000e+02 3.536000000000000000e+03
-2.392000000000000000e+03 2.848000000000000000e+03 1.636800000000000000e+04 -4.784000000000000000e+03 -4.310000000000000000e+02 3.193000000000000000e+03
-1.240000000000000000e+03 2.480000000000000000e+03 1.729600000000000000e+04 -4.784000000000000000e+03 -2.870000000000000000e+02 3.322000000000000000e+03
-5.800000000000000000e+02 2.448000000000000000e+03 1.711200000000000000e+04 -4.720000000000000000e+03 -4.600000000000000000e+01 2.867000000000000000e+03
-8.000000000000000000e+00 2.388000000000000000e+03 1.668400000000000000e+04 -4.752000000000000000e+03 -3.600000000000000000e+01 2.566000000000000000e+03
-6.280000000000000000e+02 2.184000000000000000e+03 1.531200000000000000e+04 -4.752000000000000000e+03 -4.020000000000000000e+02 2.080000000000000000e+03
-9.440000000000000000e+02 2.368000000000000000e+03 1.204400000000000000e+04 -4.752000000000000000e+03 -7.700000000000000000e+02 1.854000000000000000e+03
-1.208000000000000000e+03 2.440000000000000000e+03 8.324000000000000000e+03 -4.768000000000000000e+03 -7.290000000000000000e+02 1.568000000000000000e+03
-2.120000000000000000e+03 2.284000000000000000e+03 4.984000000000000000e+03 -4.784000000000000000e+03 -4.360000000000000000e+02 1.358000000000000000e+03
-2.096000000000000000e+03 2.440000000000000000e+03 2.532000000000000000e+03 -4.752000000000000000e+03 -3.090000000000000000e+02 1.361000000000000000e+03
-2.380000000000000000e+03 2.304000000000000000e+03 1.640000000000000000e+03 -4.784000000000000000e+03 -4.090000000000000000e+02 1.112000000000000000e+03
-2.400000000000000000e+03 1.684000000000000000e+03 3.096000000000000000e+03 -4.768000000000000000e+03 -4.880000000000000000e+02 1.053000000000000000e+03
