-4.600000000000000000e+03 1.656000000000000000e+03 1.375200000000000000e+04 -4.736000000000000000e+03 -1.370000000000000000e+02 5.770000000000000000e+02
-4.820000000000000000e+03 1.948000000000000000e+03 1.383200000000000000e+04 -4.752000000000000000e+03 -1.340000000000000000e+02 4.780000000000000000e+02
-4.728000000000000000e+03 2.212000000000000000e+03 1.327200000000000000e+04 -4.752000000000000000e+03 -9.300000000000000000e+01 3.830000000000000000e+02
-4.748000000000000000e+03 2.148000000000000000e+03 1.349600000000000000e+04 -4.736000000000000000e+03 -1.810000000000000000e+02 3.520000000000000000e+02
-4.544000000000000000e+03 1.996000000000000000e+03 1.408000000000000000e+04 -4.752000000000000000e+03 -2.010000000000000000e+02 2.860000000000000000e+02
-4.572000000000000000e+03 1.656000000000000000e+03 1.395600000000000000e+04 -4.752000000000000000e+03 -2.240000000000000000e+02 1.210000000000000000e+02
-4.500000000000000000e+03 1.576000000000000000e+03 1.314800000000000000e+04 -4.784000000000000000e+03 -3.030000000000000000e+02 -6.400000000000000000e+01
-4.192000000000000000e+03 5.930000000000000000e+02 1.326000000000000000e+04 -4.736000000000000000e+03 -3.810000000000000000e+02 -2.120000000000000000e+02
-3.520000000000000000e+02 1.876000000000000000e+03 1.370000000000000000e+04 -4.752000000000000000e+03 -4.330000000000000000e+02 -2.600000000000000000e+02
-4.148000000000000000e+03 1.956000000000000000e+03 1.397600000000000000e+04 -4.736000000000000000e+03 -4.390000000000000000e+02 -2.350000000000000000e+02
-4.240000000000000000e+03 1.960000000000000000e+03 1.397600000000000000e+04 -4.752000000000000000e+03 -4.170000000000000000e+02 -2.040000000000000000e+02
-4.372000000000000000e+03 1.948000000000000000e+03 1.370400000000000000e+04 -4.752000000000000000e+03 -3.920000000000000000e+02 -1.190000000000000000e+02
-4.164000000000000000e+03 2.036000000000000000e+03 1.394800000000000000e+04 -4.768000000000000000e+03 -3.690000000000000000e+02 3.500000000000000000e+01
-4.344000000000000000e+03 2.100000000000000000e+03 1.434800000000000000e+04 -4.768000000000000000e+03 -3.420000000000000000e+02 2.200000000000000000e+02
-4.592000000000000000e+03 2.156000000000000000e+03 1.438800000000000000e+04 -4.768000000000000000e+03 -2.550000000000000000e+02 4.070000000000000000e+02
-4.776000000000000000e+03 2.248000000000000000e+03 1.386000000000000000e+04 -4.736000000000000000e+03 -2.620000000000000000e+02 5.290000000000000000e+02
-4.832000000000000000e+03 1.980000000000000000e+03 1.340400000000000000e+04 -4.736000000000000000e+03 -2.060000000000000000e+02 5.690000000000000000e+02
-4.748000000000000000e+03 2.028000000000000000e+03 1.337600000000000000e+04 -4.720000000000000000e+03 -2.030000000000000000e+02 6.010000000000000000e+02
-4.840000000000000000e+03 1.896000000000000000e+03 1.356800000000000000e+04 -4.768000000000000000e+03 -1.550000000000000000e+02 5.970000000000000000e+02
-4.940000000000000000e+03 1.900000000000000000e+03 1.356000000000000000e+04 -4.752000000000000000e+03 -2.030000000000000000e+02 4.880000000000000000e+02
-4.996000000000000000e+03 2.188000000000000000e+03 1.332000000000000000e+04 -4.720000000000000000e+03 -1.810000000000000000e+02 2.760000000000000000e+02
-4.712000000000000000e+03 2.288000000000000000e+03 1.316000000000000000e+04 -4.768000000000000000e+03 -1.530000000000000000e+02 1.080000000000000000e+02
-4.316000000000000000e+03 2.240000000000000000e+03 1.346000000000000000e+04 -4.752000000000000000e+03 -1.930000000000000000e+02 6.700000000000000000e+01
-4.524000000000000000e+03 1.996000000000000000e+03 1.366800000000000000e+04 -4.768000000000000000e+03 -3.200000000000000000e+02 2.450000000000000000e+02
-4.516000000000000000e+03 1.984000000000000000e+03 1.382800000000000000e+04 -4.752000000000000000e+03 -3.750000000000000000e+02 -2.530000000000000000e+02
-4.608000000000000000e+03 1.836000000000000000e+03 1.397200000000000000e+04 -4.736000000000000000e+03 -2.890000000000000000e+02 -1.620000000000000000e+02
-4.348000000000000000e+03 1.772000000000000000e+03 1.386400000000000000e+04 -4.720000000000000000e+03 -1.570000000000000000e+02 -7.630000000000000000e+02
-4.356000000000000000e+03 1.852000000000000000e+03 1.341600000000000000e+04 -4.704000000000000000e+03 -2.720000000000000000e+02 -8.490000000000000000e+02
-4.384000000000000000e+03 1.860000000000000000e+03 1.308800000000000000e+04 -4.736000000000000000e+03 -1.330000000000000000e+02 -1.173000000000000000e+03
-4.508000000000000000e+03 1.868000000000000000e+03 1.237600000000000000e+04 -4.752000000000000000e+03 -3.250000000000000000e+02 -1.326000000000000000e+03
-4.756000000000000000e+03 2.112000000000000000e+03 1.076000000000000000e+04 -4.736000000000000000e+03 -1.000000000000000000e+02 -1.987000000000000000e+03
-4.828000000000000000e+03 2.424000000000000000e+03 7.732000000000000000e+03 -4.752000000000000000e+03 -2.170000000000000000e+02 -2.545000000000000000e+03
-5.140000000000000000e+03 2.300000000000000000e+03 6.072000000000000000e+03 -4.752000000000000000e+03 -1.210000000000000000e+02 -2.908000000000000000e+03
-5.132000000000000000e+03 2.200000000000000000e+03 6.364000000000000000e+03 -4.752000000000000000e+03 -2.020000000000000000e+02 -3.140000000000000000e+03
-5.100000000000000000e+03 1.796000000000000000e+03 7.320000000000000000e+03 -4.736000000000000000e+03 -1.230000000000000000e+02 -3.484000000000000000e+03
-5.128000000000000000e+03 1.612000000000000000e+03 8.736000000000000000e+03 -4.752000000000000000e+03 1.300000000000000000e+01 -3.712000000000000000e+03
-4.688000000000000000e+03 8.600000000000000000e+02 9.952000000000000000e+03 -4.752000000000000000e+03 -6.600000000000000000e+01 -3.826000000000000000e+03
-4.288000000000000000e+03 7.240000000000000000e+02 1.124800000000000000e+04 -4.736000000000000000e+03 2.470000000000000000e+02 -4.023000000000000000e+03
-3.388000000000000000e+03 6.600000000000000000e+02 1.299200000000000000e+04 -4.720000000000000000e+03 5.500000000000000000e+01 -3.755000000000000000e+03
-2.544000000000000000e+03 7.440000000000000000e+02 1.372000000000000000e+04 -4.752000000000000000e+03 2.810000000000000000e+02 -3.228000000000000000e+03
-2.244000000000000000e+03 1.176000000000000000e+03 1.428400000000000000e+04 -4.720000000000000000e+03 2.470000000000000000e+02 -3.084000000000000000e+03
-2.712000000000000000e+03 1.692000000000000000e+03 1.414800000000000000e+04 -4.768000000000000000e+03 1.190000000000000000e+02 -2.509000000000000000e+03
-2.968000000000000000e+03 2.116000000000000000e+03 1.520000000000000000e+04 -4.784000000000000000e+03 2.900000000000000000e+01 -1.848000000000000000e+03
-3.400000000000000000e+03 2.064000000000000000e+03 1.640800000000000000e+04 -4.752000000000000000e+03 1.010000000000000000e+02 -1.294000000000000000e+03
-4.580000000000000000e+03 1.940000000000000000e+03 1.556400000000000000e+04 -4.720000000000000000e+03 -1.230000000000000000e+02 -9.220000000000000000e+02
-4.144000000000000000e+03 2.104000000000000000e+03 1.896400000000000000e+04 -4.752000000000000000e+03 -1.370000000000000000e+02 -7.980000000000000000e+02
-3.504000000000000000e+03 2.344000000000000000e+03 1.869200000000000000e+04 -4.752000000000000000e+03 -6.400000000000000000e+01 -7.280000000000000000e+02
-3.056000000000000000e+03 2.612000000000000000e+03 2.202400000000000000e+04 -4.736000000000000000e+03 1.120000000000000000e+02 -6.960000000000000000e+02
-3.400000000000000000e+03 2.912000000000000000e+03 2.389200000000000000e+04 -4.736000000000000000e+03 2.330000000000000000e+02 -3.900000000000000000e+02
-3.220000000000000000e+03 2.212000000000000000e+03 2.402000000000000000e+04 -4.736000000000000000e+03 -2.200000000000000000e+01 -4.110000000000000000e+02
-3.116000000000000000e+03 3.040000000000000000e+03 2.472400000000000000e+04 -4.752000000000000000e+03 -1.090000000000000000e+02 -1.370000000000000000e+02
-2.168000000000000000e+03 2.756000000000000000e+03 2.414400000000000000e+04 -4.784000000000000000e+03 -3.040000000000000000e+02 1.140000000000000000e+02
-1.800000000000000000e+03 3.080000000000000000e+03 2.154800000000000000e+04 -4.736000000000000000e+03 -5.440000000000000000e+02 6.910000000000000000e+02
-1.940000000000000000e+03 3.204000000000000000e+03 1.860800000000000000e+04 -4.752000000000000000e+03 -6.360000000000000000e+02 9.170000000000000000e+02
-1.984000000000000000e+03 3.428000000000000000e+03 1.729200000000000000e+04 -4.752000000000000000e+03 -8.700000000000000000e+02 1.197000000000000000e+03
-7.800000000000000000e+02 3.776000000000000000e+03 1.780800000000000000e+04 -4.736000000000000000e+03 -9.480000000000000000e+02 1.636000000000000000e+03
-1.384000000000000000e+03 3.708000000000000000e+03 1.882400000000000000e+04 -4.736000000000000000e+03 -1.043000000000000000e+03 1.954000000000000000e+03
-2.116000000000000000e+03 3.212000000000000000e+03 1.775600000000000000e+04 -4.752000000000000000e+03 -1.089000000000000000e+03 2.241000000000000000e+03
-1.548000000000000000e+03 3.168000000000000000e+03 1.864400000000000000e+04 -4.736000000000000000e+03 -1.038000000000000000e+03 2.470000000000000000e+03
-3.000000000000000000e+02 2.844000000000000000e+03 1.775200000000000000e+04 -4.736000000000000000e+03 -9.640000000000000000e+02 2.326000000000000000e+03
7.280000000000000000e+02 2.748000000000000000e+03 1.771600000000000000e+04 -4.736000000000000000e+03 -7.770000000000000000e+02 2.614000000000000000e+03
9.800000000000000000e+02 2.920000000000000000e+03 1.736800000000000000e+04 -4.736000000000000000e+03 -6.240000000000000000e+02 2.576000000000000000e+03
7.440000000000000000e+02 2.484000000000000000e+03 1.466800000000000000e+04 -4.752000000000000000e+03 -3.950000000000000000e+02 2.576000000000000000e+03
6.760000000000000000e+02 2.612000000000000000e+03 1.351200000000000000e+04 -4.768000000000000000e+03 -2.130000000000000000e+02 2.608000000000000000e+03
5.160000000000000000e+02 2.668000000000000000e+03 9.516000000000000000e+03 -4.768000000000000000e+03 -2.970000000000000000e+02 2.523000000000000000e+03
6.600000000000000000e+02 2.816000000000000000e+03 6.152000000000000000e+03 -4.736000000000000000e+03 -8.860000000000000000e+02 2.655000000000000000e+03
6.240000000000000000e+02 2.996000000000000000e+03 3.392000000000000000e+03 -4.736000000000000000e+03 -1.015000000000000000e+03 2.561000000000000000e+03
1.048000000000000000e+03 2.724000000000000000e+03 2.208000000000000000e+03 -4.768000000000000000e+03 -6.300000000000000000e+02 2.293000000000000000e+03
1.756000000000000000e+03 2.644000000000000000e+03 1.760000000000000000e+03 -4.736000000000000000e+03 -4.250000000000000000e+02 2.314000000000000000e+03
1.948000000000000000e+03 1.856000000000000000e+03 4.708000000000000000e+03 -4.752000000000000000e+03 -4.870000000000000000e+02 1.987000000000000000e+03
1.092000000000000000e+03 1.260000000000000000e+03 1.038000000000000000e+04 -4.720000000000000000e+03 -6.980000000000000000e+02 1.620000000000000000e+03
