3.952000000000000000e+03 2.048000000000000000e+03 1.441600000000000000e+04 -4.640000000000000000e+03 -3.510000000000000000e+02 8.110000000000000000e+02
4.028000000000000000e+03 1.940000000000000000e+03 1.420000000000000000e+04 -4.688000000000000000e+03 -4.030000000000000000e+02 6.230000000000000000e+02
4.028000000000000000e+03 1.832000000000000000e+03 1.438800000000000000e+04 -4.704000000000000000e+03 -4.270000000000000000e+02 5.880000000000000000e+02
4.080000000000000000e+03 1.828000000000000000e+03 1.442000000000000000e+04 -4.656000000000000000e+03 -4.140000000000000000e+02 2.950000000000000000e+02
4.112000000000000000e+03 1.744000000000000000e+03 1.419200000000000000e+04 -4.656000000000000000e+03 -4.540000000000000000e+02 1.200000000000000000e+02
4.068000000000000000e+03 1.916000000000000000e+03 1.420400000000000000e+04 -4.704000000000000000e+03 -4.180000000000000000e+02 -3.900000000000000000e+01
4.172000000000000000e+03 1.900000000000000000e+03 1.426800000000000000e+04 -4.672000000000000000e+03 -4.660000000000000000e+02 -2.500000000000000000e+01
4.168000000000000000e+03 1.936000000000000000e+03 1.439600000000000000e+04 -4.656000000000000000e+03 -3.780000000000000000e+02 2.000000000000000000e+01
4.052000000000000000e+03 1.880000000000000000e+03 1.442800000000000000e+04 -4.672000000000000000e+03 -3.550000000000000000e+02 1.460000000000000000e+02
4.068000000000000000e+03 1.944000000000000000e+03 1.413200000000000000e+04 -4.656000000000000000e+03 -3.400000000000000000e+02 -2.100000000000000000e+01
3.920000000000000000e+03 1.824000000000000000e+03 1.405600000000000000e+04 -4.656000000000000000e+03 -3.470000000000000000e+02 8.800000000000000000e+01
4.180000000000000000e+03 1.932000000000000000e+03 1.443200000000000000e+04 -4.672000000000000000e+03 -3.350000000000000000e+02 5.990000000000000000e+02
3.780000000000000000e+03 2.028000000000000000e+03 1.496800000000000000e+04 -4.656000000000000000e+03 -3.090000000000000000e+02 2.270000000000000000e+02
3.516000000000000000e+03 2.012000000000000000e+03 1.483600000000000000e+04 -4.656000000000000000e+03 -3.680000000000000000e+02 5.980000000000000000e+02
3.364000000000000000e+03 1.960000000000000000e+03 1.471600000000000000e+04 -4.672000000000000000e+03 -3.610000000000000000e+02 8.930000000000000000e+02
3.420000000000000000e+03 1.904000000000000000e+03 1.447200000000000000e+04 -4.688000000000000000e+03 -4.210000000000000000e+02 1.191000000000000000e+03
3.448000000000000000e+03 1.692000000000000000e+03 1.482000000000000000e+04 -4.656000000000000000e+03 -4.640000000000000000e+02 1.412000000000000000e+03
3.204000000000000000e+03 1.756000000000000000e+03 1.472800000000000000e+04 -4.656000000000000000e+03 -7.600000000000000000e+02 1.395000000000000000e+03
3.064000000000000000e+03 1.828000000000000000e+03 1.412400000000000000e+04 -4.640000000000000000e+03 -7.870000000000000000e+02 3.610000000000000000e+02
2.968000000000000000e+03 1.836000000000000000e+03 1.426800000000000000e+04 -4.672000000000000000e+03 -3.120000000000000000e+02 1.448000000000000000e+03
2.728000000000000000e+03 1.812000000000000000e+03 1.410400000000000000e+04 -4.688000000000000000e+03 -4.810000000000000000e+02 1.134000000000000000e+03
2.680000000000000000e+03 1.788000000000000000e+03 1.448400000000000000e+04 -4.688000000000000000e+03 -2.580000000000000000e+02 1.659000000000000000e+03
2.648000000000000000e+03 1.696000000000000000e+03 1.458800000000000000e+04 -4.688000000000000000e+03 -8.500000000000000000e+01 1.003000000000000000e+03
2.732000000000000000e+03 1.748000000000000000e+03 1.473600000000000000e+04 -4.672000000000000000e+03 -3.560000000000000000e+02 -6.000000000000000000e+01
3.300000000000000000e+03 1.784000000000000000e+03 1.452400000000000000e+04 -4.672000000000000000e+03 -1.370000000000000000e+02 5.600000000000000000e+02
3.860000000000000000e+03 1.728000000000000000e+03 1.410400000000000000e+04 -4.688000000000000000e+03 -1.500000000000000000e+02 -8.700000000000000000e+01
3.428000000000000000e+03 1.592000000000000000e+03 1.404800000000000000e+04 -4.672000000000000000e+03 9.000000000000000000e+00 -7.060000000000000000e+02
3.212000000000000000e+03 1.640000000000000000e+03 1.297600000000000000e+04 -4.672000000000000000e+03 1.900000000000000000e+02 -1.225000000000000000e+03
2.944000000000000000e+03 1.556000000000000000e+03 1.072800000000000000e+04 -4.640000000000000000e+03 -1.000000000000000000e+00 -1.060000000000000000e+03
2.908000000000000000e+03 1.428000000000000000e+03 5.624000000000000000e+03 -4.656000000000000000e+03 8.400000000000000000e+01 -1.348000000000000000e+03
2.780000000000000000e+03 1.188000000000000000e+03 5.180000000000000000e+03 -4.656000000000000000e+03 5.400000000000000000e+01 -1.409000000000000000e+03
1.760000000000000000e+03 2.440000000000000000e+02 7.404000000000000000e+03 -4.656000000000000000e+03 6.600000000000000000e+01 -1.742000000000000000e+03
1.392000000000000000e+03 -2.040000000000000000e+02 6.732000000000000000e+03 -4.672000000000000000e+03 5.600000000000000000e+01 -1.281000000000000000e+03
9.600000000000000000e+02 6.320000000000000000e+02 9.044000000000000000e+03 -4.640000000000000000e+03 1.260000000000000000e+02 -8.450000000000000000e+02
2.880000000000000000e+02 3.480000000000000000e+02 1.238400000000000000e+04 -4.688000000000000000e+03 2.870000000000000000e+02 -6.520000000000000000e+02
5.440000000000000000e+02 1.448000000000000000e+03 1.183200000000000000e+04 -4.688000000000000000e+03 2.040000000000000000e+02 -4.370000000000000000e+02
2.040000000000000000e+03 1.760000000000000000e+03 1.471600000000000000e+04 -4.656000000000000000e+03 -5.400000000000000000e+01 -1.290000000000000000e+02
8.160000000000000000e+02 1.388000000000000000e+03 1.360400000000000000e+04 -4.704000000000000000e+03 -4.710000000000000000e+02 1.800000000000000000e+02
3.228000000000000000e+03 2.312000000000000000e+03 1.556000000000000000e+04 -4.672000000000000000e+03 -6.010000000000000000e+02 3.990000000000000000e+02
1.872000000000000000e+03 1.720000000000000000e+03 1.745600000000000000e+04 -4.688000000000000000e+03 -6.830000000000000000e+02 5.550000000000000000e+02
2.236000000000000000e+03 2.020000000000000000e+03 1.737600000000000000e+04 -4.672000000000000000e+03 -6.420000000000000000e+02 8.520000000000000000e+02
3.172000000000000000e+03 1.776000000000000000e+03 1.651600000000000000e+04 -4.672000000000000000e+03 -6.230000000000000000e+02 1.188000000000000000e+03
2.468000000000000000e+03 2.064000000000000000e+03 1.706800000000000000e+04 -4.672000000000000000e+03 -6.190000000000000000e+02 1.600000000000000000e+03
3.292000000000000000e+03 2.196000000000000000e+03 1.811200000000000000e+04 -4.672000000000000000e+03 -6.030000000000000000e+02 1.782000000000000000e+03
1.516000000000000000e+03 2.152000000000000000e+03 1.879600000000000000e+04 -4.688000000000000000e+03 -7.030000000000000000e+02 2.202000000000000000e+03
2.432000000000000000e+03 2.064000000000000000e+03 2.134400000000000000e+04 -4.640000000000000000e+03 -6.150000000000000000e+02 2.552000000000000000e+03
4.240000000000000000e+03 2.264000000000000000e+03 2.464000000000000000e+04 -4.656000000000000000e+03 -7.420000000000000000e+02 2.801000000000000000e+03
3.592000000000000000e+03 2.652000000000000000e+03 2.746400000000000000e+04 -4.672000000000000000e+03 -8.590000000000000000e+02 2.800000000000000000e+03
3.036000000000000000e+03 3.096000000000000000e+03 2.698000000000000000e+04 -4.688000000000000000e+03 -9.230000000000000000e+02 3.237000000000000000e+03
3.584000000000000000e+03 3.468000000000000000e+03 2.348800000000000000e+04 -4.656000000000000000e+03 -1.122000000000000000e+03 3.575000000000000000e+03
4.120000000000000000e+03 3.208000000000000000e+03 1.997600000000000000e+04 -4.688000000000000000e+03 -1.100000000000000000e+03 3.141000000000000000e+03
4.988000000000000000e+03 2.744000000000000000e+03 1.719200000000000000e+04 -4.688000000000000000e+03 -1.148000000000000000e+03 2.717000000000000000e+03
5.024000000000000000e+03 2.420000000000000000e+03 1.604800000000000000e+04 -4.656000000000000000e+03 -1.181000000000000000e+03 2.760000000000000000e+03
4.688000000000000000e+03 2.288000000000000000e+03 1.526800000000000000e+04 -4.672000000000000000e+03 -1.091000000000000000e+03 2.142000000000000000e+03
5.196000000000000000e+03 2.344000000000000000e+03 1.518400000000000000e+04 -4.672000000000000000e+03 -8.890000000000000000e+02 2.338000000000000000e+03
5.244000000000000000e+03 2.220000000000000000e+03 1.471600000000000000e+04 -4.656000000000000000e+03 -7.780000000000000000e+02 1.841000000000000000e+03
4.712000000000000000e+03 2.488000000000000000e+03 1.522400000000000000e+04 -4.640000000000000000e+03 -4.230000000000000000e+02 1.572000000000000000e+03
4.656000000000000000e+03 2.300000000000000000e+03 1.602000000000000000e+04 -4.640000000000000000e+03 -4.590000000000000000e+02 1.313000000000000000e+03
3.956000000000000000e+03 2.540000000000000000e+03 1.577200000000000000e+04 -4.688000000000000000e+03 -5.480000000000000000e+02 8.170000000000000000e+02
4.000000000000000000e+03 2.404000000000000000e+03 1.554800000000000000e+04 -4.672000000000000000e+03 -6.720000000000000000e+02 3.960000000000000000e+02
3.780000000000000000e+03 2.168000000000000000e+03 1.411600000000000000e+04 -4.672000000000000000e+03 -5.050000000000000000e+02 1.200000000000000000e+02
3.560000000000000000e+03 2.268000000000000000e+03 1.203600000000000000e+04 -4.720000000000000000e+03 -2.800000000000000000e+02 -1.490000000000000000e+02
3.464000000000000000e+03 2.100000000000000000e+03 1.032800000000000000e+04 -4.672000000000000000e+03 -1.400000000000000000e+02 -5.540000000000000000e+02
3.196000000000000000e+03 1.640000000000000000e+03 8.680000000000000000e+03 -4.672000000000000000e+03 -1.030000000000000000e+02 -8.480000000000000000e+02
3.084000000000000000e+03 1.264000000000000000e+03 6.580000000000000000e+03 -4.672000000000000000e+03 -9.400000000000000000e+01 -9.740000000000000000e+02
3.060000000000000000e+03 8.800000000000000000e+02 6.064000000000000000e+03 -4.656000000000000000e+03 1.500000000000000000e+01 -1.163000000000000000e+03
