-5.056000000000000000e+03 1.340000000000000000e+03 1.392000000000000000e+04 -4.768000000000000000e+03 -2.900000000000000000e+01 -1.452000000000000000e+03
-5.532000000000000000e+03 1.524000000000000000e+03 1.362000000000000000e+04 -4.768000000000000000e+03 -9.300000000000000000e+01 -1.035000000000000000e+03
-4.328000000000000000e+03 1.556000000000000000e+03 1.335600000000000000e+04 -4.752000000000000000e+03 -5.180000000000000000e+02 -7.760000000000000000e+02
-5.296000000000000000e+03 1.632000000000000000e+03 1.302800000000000000e+04 -4.768000000000000000e+03 -3.450000000000000000e+02 -6.300000000000000000e+02
-4.812000000000000000e+03 1.688000000000000000e+03 1.409600000000000000e+04 -4.784000000000000000e+03 -2.530000000000000000e+02 -7.470000000000000000e+02
-5.240000000000000000e+03 1.812000000000000000e+03 1.408400000000000000e+04 -4.752000000000000000e+03 -3.060000000000000000e+02 -2.100000000000000000e+01
-5.664000000000000000e+03 2.024000000000000000e+03 1.422000000000000000e+04 -4.768000000000000000e+03 -5.000000000000000000e+02 9.100000000000000000e+01
-5.648000000000000000e+03 2.176000000000000000e+03 1.354000000000000000e+04 -4.736000000000000000e+03 -5.530000000000000000e+02 9.510000000000000000e+02
-5.464000000000000000e+03 2.396000000000000000e+03 1.290000000000000000e+04 -4.736000000000000000e+03 -4.060000000000000000e+02 1.071000000000000000e+03
-5.240000000000000000e+03 2.348000000000000000e+03 1.577200000000000000e+04 -4.752000000000000000e+03 -2.130000000000000000e+02 7.040000000000000000e+02
-5.136000000000000000e+03 2.212000000000000000e+03 1.414000000000000000e+04 -4.800000000000000000e+03 -1.930000000000000000e+02 1.134000000000000000e+03
-5.092000000000000000e+03 1.900000000000000000e+03 1.887600000000000000e+04 -4.736000000000000000e+03 -4.480000000000000000e+02 1.457000000000000000e+03
-4.824000000000000000e+03 1.476000000000000000e+03 1.503600000000000000e+04 -4.720000000000000000e+03 -2.670000000000000000e+02 1.960000000000000000e+03
-4.548000000000000000e+03 5.000000000000000000e+02 1.233200000000000000e+04 -4.752000000000000000e+03 -5.220000000000000000e+02 2.418000000000000000e+03
-4.172000000000000000e+03 -6.880000000000000000e+02 1.305200000000000000e+04 -4.752000000000000000e+03 -3.480000000000000000e+02 1.877000000000000000e+03
-4.564000000000000000e+03 -5.440000000000000000e+02 1.471200000000000000e+04 -4.768000000000000000e+03 -6.680000000000000000e+02 1.883000000000000000e+03
-4.080000000000000000e+03 -1.184000000000000000e+03 1.560000000000000000e+04 -4.752000000000000000e+03 -5.580000000000000000e+02 1.986000000000000000e+03
-4.308000000000000000e+03 -1.176000000000000000e+03 1.322400000000000000e+04 -4.768000000000000000e+03 -4.130000000000000000e+02 2.018000000000000000e+03
-4.172000000000000000e+03 6.800000000000000000e+01 1.232400000000000000e+04 -4.752000000000000000e+03 -6.910000000000000000e+02 1.977000000000000000e+03
-3.544000000000000000e+03 1.472000000000000000e+03 1.215600000000000000e+04 -4.752000000000000000e+03 -4.110000000000000000e+02 1.598000000000000000e+03
-3.692000000000000000e+03 2.232000000000000000e+03 1.295200000000000000e+04 -4.768000000000000000e+03 -3.690000000000000000e+02 1.252000000000000000e+03
-3.328000000000000000e+03 2.880000000000000000e+03 1.411200000000000000e+04 -4.768000000000000000e+03 -5.070000000000000000e+02 7.670000000000000000e+02
-4.932000000000000000e+03 2.444000000000000000e+03 1.275200000000000000e+04 -4.784000000000000000e+03 -3.470000000000000000e+02 2.200000000000000000e+02
-3.488000000000000000e+03 2.204000000000000000e+03 1.471600000000000000e+04 -4.752000000000000000e+03 -5.930000000000000000e+02 -1.410000000000000000e+02
-2.200000000000000000e+03 2.720000000000000000e+03 1.296800000000000000e+04 -4.784000000000000000e+03 -3.910000000000000000e+02 -4.950000000000000000e+02
-2.188000000000000000e+03 2.912000000000000000e+03 1.387200000000000000e+04 -4.752000000000000000e+03 -3.520000000000000000e+02 -8.580000000000000000e+02
-2.700000000000000000e+03 2.456000000000000000e+03 8.644000000000000000e+03 -4.768000000000000000e+03 -4.550000000000000000e+02 -1.037000000000000000e+03
-2.924000000000000000e+03 2.348000000000000000e+03 9.812000000000000000e+03 -4.752000000000000000e+03 -3.290000000000000000e+02 -1.116000000000000000e+03
-2.196000000000000000e+03 1.896000000000000000e+03 8.744000000000000000e+03 -4.736000000000000000e+03 -2.840000000000000000e+02 -1.032000000000000000e+03
-2.000000000000000000e+03 1.484000000000000000e+03 7.332000000000000000e+03 -4.768000000000000000e+03 -1.510000000000000000e+02 -3.450000000000000000e+02
-1.824000000000000000e+03 1.936000000000000000e+03 9.472000000000000000e+03 -4.768000000000000000e+03 -1.230000000000000000e+02 -3.720000000000000000e+02
-1.640000000000000000e+03 1.464000000000000000e+03 1.010800000000000000e+04 -4.752000000000000000e+03 1.860000000000000000e+02 -3.950000000000000000e+02
-3.200000000000000000e+03 1.796000000000000000e+03 1.095200000000000000e+04 -4.768000000000000000e+03 1.340000000000000000e+02 -6.000000000000000000e+00
-2.404000000000000000e+03 5.320000000000000000e+02 1.292000000000000000e+04 -4.784000000000000000e+03 4.200000000000000000e+02 -7.500000000000000000e+01
-2.508000000000000000e+03 8.440000000000000000e+02 1.225200000000000000e+04 -4.752000000000000000e+03 4.400000000000000000e+01 7.200000000000000000e+01
-2.452000000000000000e+03 4.560000000000000000e+02 1.518000000000000000e+04 -4.768000000000000000e+03 -4.230000000000000000e+02 3.000000000000000000e+00
-2.108000000000000000e+03 3.160000000000000000e+02 1.485200000000000000e+04 -4.768000000000000000e+03 -4.560000000000000000e+02 1.640000000000000000e+02
-2.296000000000000000e+03 5.520000000000000000e+02 1.490800000000000000e+04 -4.768000000000000000e+03 -3.360000000000000000e+02 6.650000000000000000e+02
-1.596000000000000000e+03 5.600000000000000000e+02 1.459600000000000000e+04 -4.768000000000000000e+03 -1.300000000000000000e+02 1.004000000000000000e+03
-2.424000000000000000e+03 9.720000000000000000e+02 1.494400000000000000e+04 -4.752000000000000000e+03 -1.710000000000000000e+02 1.100000000000000000e+03
-1.932000000000000000e+03 1.348000000000000000e+03 1.552800000000000000e+04 -4.752000000000000000e+03 -2.470000000000000000e+02 1.459000000000000000e+03
-1.888000000000000000e+03 1.472000000000000000e+03 1.754000000000000000e+04 -4.752000000000000000e+03 -2.600000000000000000e+02 1.940000000000000000e+03
-2.632000000000000000e+03 1.972000000000000000e+03 2.231600000000000000e+04 -4.752000000000000000e+03 -4.050000000000000000e+02 2.411000000000000000e+03
-2.452000000000000000e+03 1.376000000000000000e+03 2.623200000000000000e+04 -4.752000000000000000e+03 -5.170000000000000000e+02 2.514000000000000000e+03
-2.980000000000000000e+03 1.372000000000000000e+03 3.225600000000000000e+04 -4.800000000000000000e+03 -5.430000000000000000e+02 2.847000000000000000e+03
-2.808000000000000000e+03 1.376000000000000000e+03 2.995600000000000000e+04 -4.768000000000000000e+03 -6.320000000000000000e+02 2.464000000000000000e+03
-3.812000000000000000e+03 1.656000000000000000e+03 2.402000000000000000e+04 -4.736000000000000000e+03 -6.880000000000000000e+02 2.227000000000000000e+03
-4.040000000000000000e+03 1.932000000000000000e+03 1.914000000000000000e+04 -4.784000000000000000e+03 -8.410000000000000000e+02 2.685000000000000000e+03
-3.520000000000000000e+03 2.104000000000000000e+03 1.656000000000000000e+04 -4.768000000000000000e+03 -9.850000000000000000e+02 3.479000000000000000e+03
-3.336000000000000000e+03 2.768000000000000000e+03 1.574400000000000000e+04 -4.768000000000000000e+03 -1.161000000000000000e+03 2.068000000000000000e+03
-3.496000000000000000e+03 2.752000000000000000e+03 1.516000000000000000e+04 -4.736000000000000000e+03 -1.014000000000000000e+03 2.981000000000000000e+03
-3.432000000000000000e+03 2.948000000000000000e+03 1.492800000000000000e+04 -4.768000000000000000e+03 -9.530000000000000000e+02 2.309000000000000000e+03
-4.340000000000000000e+03 2.184000000000000000e+03 1.538400000000000000e+04 -4.768000000000000000e+03 -8.600000000000000000e+02 1.379000000000000000e+03
-5.240000000000000000e+03 2.244000000000000000e+03 1.493200000000000000e+04 -4.784000000000000000e+03 -8.110000000000000000e+02 1.950000000000000000e+03
-6.476000000000000000e+03 2.200000000000000000e+03 1.588400000000000000e+04 -4.784000000000000000e+03 -4.860000000000000000e+02 1.060000000000000000e+03
-8.104000000000000000e+03 2.244000000000000000e+03 1.565200000000000000e+04 -4.768000000000000000e+03 4.000000000000000000e+01 2.274000000000000000e+03
-9.292000000000000000e+03 2.052000000000000000e+03 1.610400000000000000e+04 -4.720000000000000000e+03 -1.046000000000000000e+03 8.380000000000000000e+02
-6.548000000000000000e+03 1.692000000000000000e+03 1.494000000000000000e+04 -4.752000000000000000e+03 -9.970000000000000000e+02 2.146000000000000000e+03
-3.568000000000000000e+03 1.596000000000000000e+03 1.343600000000000000e+04 -4.736000000000000000e+03 -3.280000000000000000e+02 6.100000000000000000e+02
