-5.980000000000000000e+03 4.320000000000000000e+02 1.325600000000000000e+04 -4.752000000000000000e+03 -2.740000000000000000e+02 7.960000000000000000e+02
-8.012000000000000000e+03 9.400000000000000000e+02 1.367200000000000000e+04 -4.768000000000000000e+03 -3.520000000000000000e+02 7.650000000000000000e+02
-8.232000000000000000e+03 1.056000000000000000e+03 1.407600000000000000e+04 -4.752000000000000000e+03 -3.940000000000000000e+02 5.340000000000000000e+02
-7.116000000000000000e+03 1.016000000000000000e+03 1.337200000000000000e+04 -4.752000000000000000e+03 -4.170000000000000000e+02 1.130000000000000000e+02
-6.696000000000000000e+03 1.108000000000000000e+03 1.251600000000000000e+04 -4.752000000000000000e+03 -4.280000000000000000e+02 1.200000000000000000e+01
-7.712000000000000000e+03 1.104000000000000000e+03 1.264800000000000000e+04 -4.752000000000000000e+03 -5.100000000000000000e+02 -1.870000000000000000e+02
-6.924000000000000000e+03 1.032000000000000000e+03 1.330400000000000000e+04 -4.768000000000000000e+03 -4.870000000000000000e+02 -1.010000000000000000e+02
-7.208000000000000000e+03 1.064000000000000000e+03 1.382000000000000000e+04 -4.736000000000000000e+03 -4.950000000000000000e+02 5.500000000000000000e+01
-6.936000000000000000e+03 1.080000000000000000e+03 1.426000000000000000e+04 -4.752000000000000000e+03 -3.470000000000000000e+02 -9.300000000000000000e+01
-6.688000000000000000e+03 1.220000000000000000e+03 1.386800000000000000e+04 -4.768000000000000000e+03 -3.170000000000000000e+02 -2.150000000000000000e+02
-5.880000000000000000e+03 1.296000000000000000e+03 1.316000000000000000e+04 -4.784000000000000000e+03 -2.890000000000000000e+02 1.490000000000000000e+02
-5.416000000000000000e+03 1.372000000000000000e+03 1.324800000000000000e+04 -4.752000000000000000e+03 -3.310000000000000000e+02 6.540000000000000000e+02
-5.848000000000000000e+03 1.444000000000000000e+03 1.361600000000000000e+04 -4.768000000000000000e+03 -3.550000000000000000e+02 8.480000000000000000e+02
-6.232000000000000000e+03 1.272000000000000000e+03 1.395200000000000000e+04 -4.752000000000000000e+03 -3.370000000000000000e+02 9.920000000000000000e+02
-6.424000000000000000e+03 1.224000000000000000e+03 1.381600000000000000e+04 -4.752000000000000000e+03 -3.680000000000000000e+02 4.910000000000000000e+02
-5.616000000000000000e+03 1.224000000000000000e+03 1.358800000000000000e+04 -4.784000000000000000e+03 -4.960000000000000000e+02 -1.620000000000000000e+02
-5.180000000000000000e+03 1.324000000000000000e+03 1.338800000000000000e+04 -4.752000000000000000e+03 -5.920000000000000000e+02 2.533000000000000000e+03
-5.236000000000000000e+03 1.280000000000000000e+03 1.321600000000000000e+04 -4.784000000000000000e+03 -5.720000000000000000e+02 1.113000000000000000e+03
-5.176000000000000000e+03 1.352000000000000000e+03 1.300000000000000000e+04 -4.800000000000000000e+03 -7.850000000000000000e+02 7.720000000000000000e+02
-5.476000000000000000e+03 1.368000000000000000e+03 1.358000000000000000e+04 -4.800000000000000000e+03 -3.310000000000000000e+02 1.698000000000000000e+03
-5.944000000000000000e+03 1.344000000000000000e+03 1.393600000000000000e+04 -4.784000000000000000e+03 -2.010000000000000000e+02 7.640000000000000000e+02
-5.524000000000000000e+03 1.380000000000000000e+03 1.405600000000000000e+04 -4.784000000000000000e+03 -5.540000000000000000e+02 -5.200000000000000000e+01
-4.848000000000000000e+03 1.312000000000000000e+03 1.365200000000000000e+04 -4.768000000000000000e+03 -2.380000000000000000e+02 -6.900000000000000000e+01
-4.836000000000000000e+03 1.340000000000000000e+03 1.342000000000000000e+04 -4.768000000000000000e+03 -3.640000000000000000e+02 -4.620000000000000000e+02
-5.280000000000000000e+03 1.136000000000000000e+03 1.325600000000000000e+04 -4.768000000000000000e+03 -3.590000000000000000e+02 -4.730000000000000000e+02
-5.488000000000000000e+03 1.048000000000000000e+03 1.274000000000000000e+04 -4.768000000000000000e+03 -3.020000000000000000e+02 -1.054000000000000000e+03
-5.508000000000000000e+03 1.164000000000000000e+03 1.130000000000000000e+04 -4.784000000000000000e+03 -2.480000000000000000e+02 -1.214000000000000000e+03
-5.248000000000000000e+03 1.292000000000000000e+03 1.042000000000000000e+04 -4.752000000000000000e+03 -3.180000000000000000e+02 -1.537000000000000000e+03
-5.224000000000000000e+03 1.400000000000000000e+03 7.688000000000000000e+03 -4.768000000000000000e+03 -3.340000000000000000e+02 -1.071000000000000000e+03
-5.236000000000000000e+03 1.080000000000000000e+03 5.000000000000000000e+03 -4.752000000000000000e+03 -3.120000000000000000e+02 -1.442000000000000000e+03
-5.380000000000000000e+03 9.320000000000000000e+02 6.044000000000000000e+03 -4.800000000000000000e+03 -3.230000000000000000e+02 -1.081000000000000000e+03
-5.512000000000000000e+03 9.800000000000000000e+02 6.648000000000000000e+03 -4.752000000000000000e+03 -2.680000000000000000e+02 -5.970000000000000000e+02
-5.392000000000000000e+03 8.680000000000000000e+02 8.884000000000000000e+03 -4.768000000000000000e+03 -2.050000000000000000e+02 -3.790000000000000000e+02
-5.264000000000000000e+03 9.360000000000000000e+02 1.104000000000000000e+04 -4.784000000000000000e+03 -1.060000000000000000e+02 -2.140000000000000000e+02
-5.620000000000000000e+03 5.720000000000000000e+02 8.388000000000000000e+03 -4.752000000000000000e+03 7.500000000000000000e+01 1.730000000000000000e+02
-5.896000000000000000e+03 2.920000000000000000e+02 1.257200000000000000e+04 -4.752000000000000000e+03 -1.300000000000000000e+01 -7.500000000000000000e+01
-5.896000000000000000e+03 1.440000000000000000e+02 1.372000000000000000e+04 -4.784000000000000000e+03 1.060000000000000000e+02 5.780000000000000000e+02
-5.712000000000000000e+03 -4.000000000000000000e+00 1.458400000000000000e+04 -4.768000000000000000e+03 -3.310000000000000000e+02 5.660000000000000000e+02
-5.388000000000000000e+03 9.600000000000000000e+02 1.494400000000000000e+04 -4.752000000000000000e+03 -5.180000000000000000e+02 7.040000000000000000e+02
-5.088000000000000000e+03 8.880000000000000000e+02 1.515200000000000000e+04 -4.752000000000000000e+03 -6.980000000000000000e+02 7.930000000000000000e+02
-4.468000000000000000e+03 1.184000000000000000e+03 1.481200000000000000e+04 -4.752000000000000000e+03 -5.030000000000000000e+02 2.700000000000000000e+02
-2.864000000000000000e+03 9.800000000000000000e+02 1.471200000000000000e+04 -4.768000000000000000e+03 -4.850000000000000000e+02 7.180000000000000000e+02
-8.240000000000000000e+02 1.084000000000000000e+03 1.466800000000000000e+04 -4.752000000000000000e+03 -5.720000000000000000e+02 2.960000000000000000e+02
-3.084000000000000000e+03 1.300000000000000000e+03 1.604400000000000000e+04 -4.768000000000000000e+03 -6.100000000000000000e+02 3.280000000000000000e+02
-4.184000000000000000e+03 1.280000000000000000e+03 1.850400000000000000e+04 -4.752000000000000000e+03 -5.790000000000000000e+02 3.480000000000000000e+02
-6.280000000000000000e+03 1.492000000000000000e+03 2.288400000000000000e+04 -4.768000000000000000e+03 -4.050000000000000000e+02 6.990000000000000000e+02
-2.560000000000000000e+03 1.388000000000000000e+03 2.635200000000000000e+04 -4.752000000000000000e+03 -3.480000000000000000e+02 5.620000000000000000e+02
-4.540000000000000000e+03 1.228000000000000000e+03 2.868800000000000000e+04 -4.752000000000000000e+03 -2.900000000000000000e+02 6.790000000000000000e+02
-5.312000000000000000e+03 1.188000000000000000e+03 2.572000000000000000e+04 -4.768000000000000000e+03 -2.440000000000000000e+02 6.800000000000000000e+02
-5.360000000000000000e+03 1.216000000000000000e+03 2.068000000000000000e+04 -4.752000000000000000e+03 -2.380000000000000000e+02 2.000000000000000000e+02
-5.500000000000000000e+03 1.092000000000000000e+03 1.674400000000000000e+04 -4.768000000000000000e+03 -3.880000000000000000e+02 1.267000000000000000e+03
-5.860000000000000000e+03 1.316000000000000000e+03 1.606800000000000000e+04 -4.752000000000000000e+03 -4.260000000000000000e+02 5.650000000000000000e+02
-6.260000000000000000e+03 9.960000000000000000e+02 1.499600000000000000e+04 -4.768000000000000000e+03 -5.110000000000000000e+02 4.350000000000000000e+02
-5.832000000000000000e+03 1.644000000000000000e+03 1.498800000000000000e+04 -4.752000000000000000e+03 -4.550000000000000000e+02 -1.100000000000000000e+02
-4.980000000000000000e+03 1.744000000000000000e+03 1.390400000000000000e+04 -4.752000000000000000e+03 -3.840000000000000000e+02 -1.310000000000000000e+02
-5.264000000000000000e+03 1.656000000000000000e+03 1.340000000000000000e+04 -4.768000000000000000e+03 -3.490000000000000000e+02 -3.230000000000000000e+02
-6.980000000000000000e+03 1.188000000000000000e+03 1.442000000000000000e+04 -4.784000000000000000e+03 -1.160000000000000000e+02 -2.910000000000000000e+02
-7.928000000000000000e+03 1.428000000000000000e+03 1.516800000000000000e+04 -4.768000000000000000e+03 1.400000000000000000e+02 1.200000000000000000e+01
