7.080000000000000000e+03 3.332000000000000000e+03 1.380400000000000000e+04 -4.768000000000000000e+03 -2.040000000000000000e+02 -5.310000000000000000e+02
7.212000000000000000e+03 2.944000000000000000e+03 1.431600000000000000e+04 -4.784000000000000000e+03 -1.240000000000000000e+02 -3.370000000000000000e+02
6.964000000000000000e+03 2.340000000000000000e+03 1.420000000000000000e+04 -4.800000000000000000e+03 -7.700000000000000000e+01 -2.310000000000000000e+02
6.016000000000000000e+03 2.208000000000000000e+03 1.433200000000000000e+04 -4.816000000000000000e+03 -3.100000000000000000e+01 -4.000000000000000000e+02
5.824000000000000000e+03 2.440000000000000000e+03 1.400400000000000000e+04 -4.816000000000000000e+03 1.400000000000000000e+01 -6.010000000000000000e+02
6.948000000000000000e+03 2.560000000000000000e+03 1.434800000000000000e+04 -4.816000000000000000e+03 9.600000000000000000e+01 -8.410000000000000000e+02
7.108000000000000000e+03 2.460000000000000000e+03 1.450400000000000000e+04 -4.800000000000000000e+03 9.300000000000000000e+01 -1.145000000000000000e+03
6.416000000000000000e+03 2.112000000000000000e+03 1.435600000000000000e+04 -4.800000000000000000e+03 1.790000000000000000e+02 -9.750000000000000000e+02
5.328000000000000000e+03 2.148000000000000000e+03 1.460800000000000000e+04 -4.784000000000000000e+03 -3.000000000000000000e+00 -1.894000000000000000e+03
0.000000000000000000e+00 2.340000000000000000e+03 1.415600000000000000e+04 -4.768000000000000000e+03 -6.300000000000000000e+01 -1.643000000000000000e+03
4.836000000000000000e+03 2.260000000000000000e+03 1.452400000000000000e+04 -4.832000000000000000e+03 -2.400000000000000000e+01 -2.186000000000000000e+03
4.936000000000000000e+03 2.132000000000000000e+03 1.448400000000000000e+04 -4.816000000000000000e+03 -8.700000000000000000e+01 -2.681000000000000000e+03
4.640000000000000000e+03 2.052000000000000000e+03 1.448800000000000000e+04 -4.832000000000000000e+03 -3.300000000000000000e+01 -2.977000000000000000e+03
3.804000000000000000e+03 2.032000000000000000e+03 1.428800000000000000e+04 -4.800000000000000000e+03 -5.000000000000000000e+00 -3.218000000000000000e+03
3.640000000000000000e+03 2.196000000000000000e+03 1.420400000000000000e+04 -4.800000000000000000e+03 1.680000000000000000e+02 -3.826000000000000000e+03
3.636000000000000000e+03 2.240000000000000000e+03 1.412400000000000000e+04 -4.800000000000000000e+03 1.270000000000000000e+02 -3.928000000000000000e+03
3.584000000000000000e+03 2.144000000000000000e+03 1.408800000000000000e+04 -4.800000000000000000e+03 6.900000000000000000e+01 -4.473000000000000000e+03
3.232000000000000000e+03 2.060000000000000000e+03 1.392800000000000000e+04 -4.784000000000000000e+03 1.050000000000000000e+02 -4.258000000000000000e+03
2.956000000000000000e+03 2.176000000000000000e+03 1.403200000000000000e+04 -4.784000000000000000e+03 -3.000000000000000000e+00 -4.753000000000000000e+03
3.048000000000000000e+03 2.140000000000000000e+03 1.435600000000000000e+04 -4.784000000000000000e+03 6.100000000000000000e+01 -4.091000000000000000e+03
2.936000000000000000e+03 2.128000000000000000e+03 1.506400000000000000e+04 -4.800000000000000000e+03 7.100000000000000000e+01 -3.976000000000000000e+03
2.992000000000000000e+03 2.032000000000000000e+03 1.565200000000000000e+04 -4.800000000000000000e+03 -2.160000000000000000e+02 -3.562000000000000000e+03
2.728000000000000000e+03 2.104000000000000000e+03 1.351200000000000000e+04 -4.800000000000000000e+03 4.000000000000000000e+01 -3.298000000000000000e+03
2.772000000000000000e+03 2.296000000000000000e+03 1.193200000000000000e+04 -4.832000000000000000e+03 -6.100000000000000000e+01 -2.957000000000000000e+03
2.928000000000000000e+03 2.292000000000000000e+03 9.756000000000000000e+03 -4.832000000000000000e+03 5.400000000000000000e+01 -2.384000000000000000e+03
3.216000000000000000e+03 2.304000000000000000e+03 7.928000000000000000e+03 -4.816000000000000000e+03 1.100000000000000000e+01 -1.870000000000000000e+03
3.148000000000000000e+03 2.148000000000000000e+03 6.532000000000000000e+03 -4.816000000000000000e+03 6.800000000000000000e+01 -1.968000000000000000e+03
3.088000000000000000e+03 2.252000000000000000e+03 6.840000000000000000e+03 -4.800000000000000000e+03 1.460000000000000000e+02 -1.827000000000000000e+03
3.184000000000000000e+03 2.484000000000000000e+03 8.108000000000000000e+03 -4.784000000000000000e+03 1.090000000000000000e+02 -1.103000000000000000e+03
2.920000000000000000e+03 2.652000000000000000e+03 9.476000000000000000e+03 -4.784000000000000000e+03 2.870000000000000000e+02 -8.640000000000000000e+02
3.276000000000000000e+03 2.144000000000000000e+03 1.036800000000000000e+04 -4.832000000000000000e+03 2.430000000000000000e+02 -7.240000000000000000e+02
2.980000000000000000e+03 1.960000000000000000e+03 1.234800000000000000e+04 -4.784000000000000000e+03 1.170000000000000000e+02 -3.770000000000000000e+02
2.456000000000000000e+03 1.700000000000000000e+03 1.256000000000000000e+04 -4.800000000000000000e+03 -2.050000000000000000e+02 5.300000000000000000e+01
2.480000000000000000e+03 1.352000000000000000e+03 1.554800000000000000e+04 -4.800000000000000000e+03 -2.600000000000000000e+02 1.800000000000000000e+02
1.828000000000000000e+03 9.320000000000000000e+02 1.463600000000000000e+04 -4.800000000000000000e+03 1.400000000000000000e+01 9.300000000000000000e+02
1.032000000000000000e+03 9.320000000000000000e+02 1.397200000000000000e+04 -4.784000000000000000e+03 2.600000000000000000e+01 1.329000000000000000e+03
1.060000000000000000e+03 1.308000000000000000e+03 1.454000000000000000e+04 -4.816000000000000000e+03 1.550000000000000000e+02 1.356000000000000000e+03
1.496000000000000000e+03 1.772000000000000000e+03 1.469200000000000000e+04 -4.768000000000000000e+03 2.010000000000000000e+02 1.651000000000000000e+03
2.772000000000000000e+03 1.976000000000000000e+03 1.427600000000000000e+04 -4.816000000000000000e+03 -8.900000000000000000e+01 1.531000000000000000e+03
2.860000000000000000e+03 2.472000000000000000e+03 1.461600000000000000e+04 -4.784000000000000000e+03 -1.700000000000000000e+01 2.189000000000000000e+03
3.708000000000000000e+03 2.456000000000000000e+03 1.507200000000000000e+04 -4.800000000000000000e+03 -2.000000000000000000e+02 3.119000000000000000e+03
4.720000000000000000e+03 3.232000000000000000e+03 1.632800000000000000e+04 -4.816000000000000000e+03 -3.300000000000000000e+02 2.532000000000000000e+03
4.764000000000000000e+03 2.680000000000000000e+03 1.790800000000000000e+04 -4.800000000000000000e+03 -5.340000000000000000e+02 2.426000000000000000e+03
5.664000000000000000e+03 2.864000000000000000e+03 2.313600000000000000e+04 -4.784000000000000000e+03 -6.210000000000000000e+02 3.303000000000000000e+03
4.732000000000000000e+03 3.208000000000000000e+03 2.523600000000000000e+04 -4.768000000000000000e+03 -7.960000000000000000e+02 2.357000000000000000e+03
6.532000000000000000e+03 3.224000000000000000e+03 2.427200000000000000e+04 -4.816000000000000000e+03 -9.920000000000000000e+02 2.585000000000000000e+03
6.360000000000000000e+03 3.184000000000000000e+03 1.956800000000000000e+04 -4.816000000000000000e+03 -8.530000000000000000e+02 2.339000000000000000e+03
5.944000000000000000e+03 3.000000000000000000e+03 1.621200000000000000e+04 -4.800000000000000000e+03 -8.220000000000000000e+02 2.680000000000000000e+03
7.788000000000000000e+03 2.880000000000000000e+03 1.358000000000000000e+04 -4.800000000000000000e+03 -7.160000000000000000e+02 3.141000000000000000e+03
8.164000000000000000e+03 3.348000000000000000e+03 1.246000000000000000e+04 -4.784000000000000000e+03 -4.390000000000000000e+02 2.636000000000000000e+03
8.184000000000000000e+03 3.564000000000000000e+03 1.484800000000000000e+04 -4.816000000000000000e+03 -7.300000000000000000e+01 2.378000000000000000e+03
9.760000000000000000e+03 4.596000000000000000e+03 1.404000000000000000e+04 -4.816000000000000000e+03 -2.160000000000000000e+02 2.460000000000000000e+03
1.084400000000000000e+04 5.504000000000000000e+03 1.337600000000000000e+04 -4.816000000000000000e+03 -7.590000000000000000e+02 2.663000000000000000e+03
