-5.944000000000000000e+03 8.000000000000000000e+02 1.345600000000000000e+04 -4.784000000000000000e+03 -2.740000000000000000e+02 1.429000000000000000e+03
-5.516000000000000000e+03 8.520000000000000000e+02 1.365600000000000000e+04 -4.768000000000000000e+03 -3.670000000000000000e+02 1.795000000000000000e+03
-5.164000000000000000e+03 9.160000000000000000e+02 1.391200000000000000e+04 -4.768000000000000000e+03 -4.110000000000000000e+02 6.360000000000000000e+02
-4.920000000000000000e+03 9.560000000000000000e+02 1.392400000000000000e+04 -4.752000000000000000e+03 -6.400000000000000000e+02 1.353000000000000000e+03
-5.300000000000000000e+03 1.008000000000000000e+03 1.378400000000000000e+04 -4.720000000000000000e+03 -7.360000000000000000e+02 -8.000000000000000000e+01
-4.868000000000000000e+03 1.224000000000000000e+03 1.363600000000000000e+04 -4.784000000000000000e+03 -7.370000000000000000e+02 -1.430000000000000000e+02
-4.728000000000000000e+03 1.148000000000000000e+03 1.383200000000000000e+04 -4.800000000000000000e+03 -3.980000000000000000e+02 -8.190000000000000000e+02
-4.560000000000000000e+03 1.140000000000000000e+03 1.383200000000000000e+04 -4.800000000000000000e+03 -3.520000000000000000e+02 -1.091000000000000000e+03
-4.404000000000000000e+03 1.216000000000000000e+03 1.382800000000000000e+04 -4.800000000000000000e+03 -5.360000000000000000e+02 -1.792000000000000000e+03
-4.496000000000000000e+03 1.260000000000000000e+03 1.371200000000000000e+04 -4.784000000000000000e+03 -2.700000000000000000e+02 -2.476000000000000000e+03
-4.640000000000000000e+03 1.136000000000000000e+03 1.380400000000000000e+04 -4.784000000000000000e+03 -4.090000000000000000e+02 -2.423000000000000000e+03
-4.280000000000000000e+03 1.052000000000000000e+03 1.363200000000000000e+04 -4.800000000000000000e+03 -2.020000000000000000e+02 -1.795000000000000000e+03
-4.128000000000000000e+03 8.960000000000000000e+02 1.398000000000000000e+04 -4.784000000000000000e+03 -4.060000000000000000e+02 -2.339000000000000000e+03
-4.168000000000000000e+03 9.960000000000000000e+02 1.415600000000000000e+04 -4.768000000000000000e+03 -3.040000000000000000e+02 -2.177000000000000000e+03
-4.428000000000000000e+03 1.036000000000000000e+03 1.414800000000000000e+04 -4.752000000000000000e+03 -2.920000000000000000e+02 -1.403000000000000000e+03
-4.420000000000000000e+03 1.068000000000000000e+03 1.362000000000000000e+04 -4.800000000000000000e+03 -1.180000000000000000e+02 -1.138000000000000000e+03
-4.232000000000000000e+03 1.076000000000000000e+03 1.406800000000000000e+04 -4.768000000000000000e+03 -9.300000000000000000e+01 -8.980000000000000000e+02
-4.208000000000000000e+03 1.104000000000000000e+03 1.445600000000000000e+04 -4.768000000000000000e+03 -7.600000000000000000e+01 -4.620000000000000000e+02
-4.452000000000000000e+03 1.068000000000000000e+03 1.437600000000000000e+04 -4.784000000000000000e+03 1.380000000000000000e+02 5.070000000000000000e+02
-4.812000000000000000e+03 1.068000000000000000e+03 1.262400000000000000e+04 -4.768000000000000000e+03 1.540000000000000000e+02 4.690000000000000000e+02
-4.872000000000000000e+03 1.132000000000000000e+03 9.072000000000000000e+03 -4.800000000000000000e+03 1.630000000000000000e+02 1.930000000000000000e+02
-4.812000000000000000e+03 1.184000000000000000e+03 5.664000000000000000e+03 -4.784000000000000000e+03 2.540000000000000000e+02 4.980000000000000000e+02
-4.700000000000000000e+03 1.020000000000000000e+03 5.300000000000000000e+03 -4.768000000000000000e+03 4.800000000000000000e+02 2.960000000000000000e+02
-4.840000000000000000e+03 9.800000000000000000e+02 7.028000000000000000e+03 -4.752000000000000000e+03 3.380000000000000000e+02 -2.000000000000000000e+01
-5.084000000000000000e+03 1.032000000000000000e+03 6.392000000000000000e+03 -4.784000000000000000e+03 -1.000000000000000000e+00 -3.920000000000000000e+02
-4.944000000000000000e+03 1.096000000000000000e+03 8.256000000000000000e+03 -4.816000000000000000e+03 -5.740000000000000000e+02 -5.900000000000000000e+02
-5.196000000000000000e+03 8.840000000000000000e+02 1.050400000000000000e+04 -4.768000000000000000e+03 -5.410000000000000000e+02 -4.540000000000000000e+02
-5.212000000000000000e+03 5.160000000000000000e+02 1.178000000000000000e+04 -4.784000000000000000e+03 -6.460000000000000000e+02 -6.350000000000000000e+02
-5.780000000000000000e+03 9.600000000000000000e+01 1.424000000000000000e+04 -4.784000000000000000e+03 -6.200000000000000000e+02 -3.170000000000000000e+02
-5.864000000000000000e+03 -4.400000000000000000e+02 1.351600000000000000e+04 -4.784000000000000000e+03 -5.410000000000000000e+02 5.300000000000000000e+01
-6.080000000000000000e+03 -1.760000000000000000e+02 1.546800000000000000e+04 -4.752000000000000000e+03 -5.620000000000000000e+02 6.310000000000000000e+02
-5.880000000000000000e+03 4.160000000000000000e+02 1.416400000000000000e+04 -4.752000000000000000e+03 -4.820000000000000000e+02 1.069000000000000000e+03
-5.088000000000000000e+03 5.400000000000000000e+02 1.567600000000000000e+04 -4.768000000000000000e+03 -5.710000000000000000e+02 -1.850000000000000000e+02
-4.052000000000000000e+03 1.188000000000000000e+03 1.500800000000000000e+04 -4.768000000000000000e+03 -5.050000000000000000e+02 -1.730000000000000000e+02
-3.296000000000000000e+03 2.612000000000000000e+03 1.416000000000000000e+04 -4.800000000000000000e+03 -5.180000000000000000e+02 -1.304000000000000000e+03
-2.364000000000000000e+03 6.720000000000000000e+02 1.500000000000000000e+04 -4.784000000000000000e+03 -5.770000000000000000e+02 -5.600000000000000000e+01
-2.308000000000000000e+03 1.032000000000000000e+03 1.619600000000000000e+04 -4.752000000000000000e+03 -7.080000000000000000e+02 -6.880000000000000000e+02
-1.912000000000000000e+03 9.400000000000000000e+02 1.718400000000000000e+04 -4.800000000000000000e+03 -8.910000000000000000e+02 -1.261000000000000000e+03
-4.572000000000000000e+03 1.344000000000000000e+03 2.143200000000000000e+04 -4.784000000000000000e+03 -8.780000000000000000e+02 -1.403000000000000000e+03
-6.044000000000000000e+03 1.240000000000000000e+03 2.570400000000000000e+04 -4.800000000000000000e+03 -7.450000000000000000e+02 -1.653000000000000000e+03
-6.604000000000000000e+03 1.756000000000000000e+03 2.960400000000000000e+04 -4.752000000000000000e+03 -5.640000000000000000e+02 -1.301000000000000000e+03
-5.404000000000000000e+03 1.620000000000000000e+03 2.639600000000000000e+04 -4.752000000000000000e+03 -2.660000000000000000e+02 -1.412000000000000000e+03
-5.232000000000000000e+03 9.800000000000000000e+02 2.107200000000000000e+04 -4.752000000000000000e+03 -6.000000000000000000e+01 -1.362000000000000000e+03
-5.944000000000000000e+03 4.360000000000000000e+02 1.810400000000000000e+04 -4.768000000000000000e+03 2.730000000000000000e+02 -1.234000000000000000e+03
-7.532000000000000000e+03 9.600000000000000000e+02 1.592000000000000000e+04 -4.800000000000000000e+03 2.110000000000000000e+02 -8.240000000000000000e+02
-7.064000000000000000e+03 1.152000000000000000e+03 1.484800000000000000e+04 -4.800000000000000000e+03 -6.000000000000000000e+00 -4.580000000000000000e+02
