-3.204000000000000000e+03 2.048000000000000000e+03 1.365200000000000000e+04 -4.720000000000000000e+03 -2.340000000000000000e+02 1.063000000000000000e+03
-3.164000000000000000e+03 1.904000000000000000e+03 1.375600000000000000e+04 -4.656000000000000000e+03 -2.610000000000000000e+02 1.235000000000000000e+03
-3.048000000000000000e+03 1.824000000000000000e+03 1.377200000000000000e+04 -4.688000000000000000e+03 -3.130000000000000000e+02 1.386000000000000000e+03
-3.216000000000000000e+03 1.968000000000000000e+03 1.363200000000000000e+04 -4.688000000000000000e+03 -2.570000000000000000e+02 1.482000000000000000e+03
-3.324000000000000000e+03 1.868000000000000000e+03 1.370000000000000000e+04 -4.688000000000000000e+03 -2.480000000000000000e+02 1.539000000000000000e+03
-3.344000000000000000e+03 1.732000000000000000e+03 1.410400000000000000e+04 -4.688000000000000000e+03 -2.750000000000000000e+02 1.518000000000000000e+03
-3.356000000000000000e+03 1.612000000000000000e+03 1.444800000000000000e+04 -4.720000000000000000e+03 -3.150000000000000000e+02 1.444000000000000000e+03
-3.648000000000000000e+03 1.828000000000000000e+03 1.378800000000000000e+04 -4.704000000000000000e+03 -3.030000000000000000e+02 1.304000000000000000e+03
-3.760000000000000000e+03 1.868000000000000000e+03 1.373600000000000000e+04 -4.672000000000000000e+03 -2.760000000000000000e+02 1.083000000000000000e+03
-3.784000000000000000e+03 2.004000000000000000e+03 1.378000000000000000e+04 -4.672000000000000000e+03 -2.460000000000000000e+02 8.520000000000000000e+02
-3.888000000000000000e+03 2.120000000000000000e+03 1.411600000000000000e+04 -4.704000000000000000e+03 -2.640000000000000000e+02 5.930000000000000000e+02
-4.012000000000000000e+03 2.064000000000000000e+03 1.406400000000000000e+04 -4.704000000000000000e+03 -2.610000000000000000e+02 3.460000000000000000e+02
-4.020000000000000000e+03 2.112000000000000000e+03 1.368800000000000000e+04 -4.656000000000000000e+03 -2.800000000000000000e+02 1.460000000000000000e+02
-4.136000000000000000e+03 2.048000000000000000e+03 1.378000000000000000e+04 -4.704000000000000000e+03 -3.110000000000000000e+02 -2.100000000000000000e+01
-4.160000000000000000e+03 2.104000000000000000e+03 1.388800000000000000e+04 -4.688000000000000000e+03 -2.820000000000000000e+02 -7.700000000000000000e+01
-4.440000000000000000e+03 2.196000000000000000e+03 1.424000000000000000e+04 -4.704000000000000000e+03 -2.910000000000000000e+02 -5.500000000000000000e+01
-4.608000000000000000e+03 2.188000000000000000e+03 1.395600000000000000e+04 -4.688000000000000000e+03 -3.440000000000000000e+02 6.800000000000000000e+01
-4.532000000000000000e+03 2.168000000000000000e+03 1.381200000000000000e+04 -4.704000000000000000e+03 -3.970000000000000000e+02 2.340000000000000000e+02
-4.508000000000000000e+03 2.068000000000000000e+03 1.374000000000000000e+04 -4.688000000000000000e+03 -4.130000000000000000e+02 3.670000000000000000e+02
-4.452000000000000000e+03 2.144000000000000000e+03 1.342000000000000000e+04 -4.704000000000000000e+03 -3.980000000000000000e+02 4.230000000000000000e+02
-4.284000000000000000e+03 2.148000000000000000e+03 1.373200000000000000e+04 -4.720000000000000000e+03 -4.010000000000000000e+02 4.510000000000000000e+02
-4.320000000000000000e+03 2.228000000000000000e+03 1.407200000000000000e+04 -4.672000000000000000e+03 -4.190000000000000000e+02 5.340000000000000000e+02
-4.400000000000000000e+03 2.120000000000000000e+03 1.398800000000000000e+04 -4.704000000000000000e+03 -4.330000000000000000e+02 6.940000000000000000e+02
-4.428000000000000000e+03 2.032000000000000000e+03 1.360000000000000000e+04 -4.688000000000000000e+03 -4.410000000000000000e+02 8.460000000000000000e+02
-4.464000000000000000e+03 2.076000000000000000e+03 1.381200000000000000e+04 -4.704000000000000000e+03 -4.420000000000000000e+02 9.270000000000000000e+02
-4.340000000000000000e+03 2.012000000000000000e+03 1.357600000000000000e+04 -4.720000000000000000e+03 -4.280000000000000000e+02 9.670000000000000000e+02
-4.400000000000000000e+03 1.940000000000000000e+03 1.399600000000000000e+04 -4.688000000000000000e+03 -4.080000000000000000e+02 1.113000000000000000e+03
-4.416000000000000000e+03 1.988000000000000000e+03 1.374800000000000000e+04 -4.704000000000000000e+03 -4.870000000000000000e+02 1.396000000000000000e+03
-4.396000000000000000e+03 2.044000000000000000e+03 1.364000000000000000e+04 -4.704000000000000000e+03 -6.140000000000000000e+02 1.918000000000000000e+03
-4.392000000000000000e+03 2.024000000000000000e+03 1.352800000000000000e+04 -4.704000000000000000e+03 -6.330000000000000000e+02 1.868000000000000000e+03
-4.480000000000000000e+03 1.872000000000000000e+03 1.364400000000000000e+04 -4.704000000000000000e+03 -7.090000000000000000e+02 2.408000000000000000e+03
-4.888000000000000000e+03 2.012000000000000000e+03 1.380400000000000000e+04 -4.672000000000000000e+03 -3.760000000000000000e+02 1.841000000000000000e+03
-5.040000000000000000e+03 2.020000000000000000e+03 1.361600000000000000e+04 -4.672000000000000000e+03 -4.300000000000000000e+01 1.698000000000000000e+03
-5.184000000000000000e+03 1.996000000000000000e+03 1.224000000000000000e+04 -4.672000000000000000e+03 -1.730000000000000000e+02 -2.400000000000000000e+02
-5.060000000000000000e+03 1.772000000000000000e+03 8.956000000000000000e+03 -4.672000000000000000e+03 7.000000000000000000e+00 1.392000000000000000e+03
-5.432000000000000000e+03 1.068000000000000000e+03 5.636000000000000000e+03 -4.688000000000000000e+03 2.600000000000000000e+01 1.039000000000000000e+03
-5.048000000000000000e+03 6.560000000000000000e+02 2.444000000000000000e+03 -4.688000000000000000e+03 5.000000000000000000e+00 7.600000000000000000e+02
-4.248000000000000000e+03 2.880000000000000000e+02 4.260000000000000000e+03 -4.704000000000000000e+03 3.400000000000000000e+01 3.690000000000000000e+02
-2.980000000000000000e+03 7.520000000000000000e+02 4.556000000000000000e+03 -4.688000000000000000e+03 -5.000000000000000000e+01 -1.550000000000000000e+02
-3.000000000000000000e+03 1.296000000000000000e+03 6.248000000000000000e+03 -4.656000000000000000e+03 -1.900000000000000000e+01 -6.110000000000000000e+02
-1.036000000000000000e+03 1.200000000000000000e+03 1.083600000000000000e+04 -4.688000000000000000e+03 5.000000000000000000e+01 -1.128000000000000000e+03
-1.816000000000000000e+03 2.072000000000000000e+03 1.149600000000000000e+04 -4.688000000000000000e+03 3.200000000000000000e+01 -1.448000000000000000e+03
-3.280000000000000000e+03 1.904000000000000000e+03 1.365600000000000000e+04 -4.704000000000000000e+03 9.500000000000000000e+01 -1.826000000000000000e+03
-4.544000000000000000e+03 2.184000000000000000e+03 1.402400000000000000e+04 -4.688000000000000000e+03 6.200000000000000000e+01 -1.941000000000000000e+03
-5.852000000000000000e+03 2.184000000000000000e+03 1.472000000000000000e+04 -4.720000000000000000e+03 2.240000000000000000e+02 -2.245000000000000000e+03
-6.016000000000000000e+03 2.396000000000000000e+03 1.535600000000000000e+04 -4.704000000000000000e+03 2.310000000000000000e+02 -2.318000000000000000e+03
-5.600000000000000000e+03 2.248000000000000000e+03 1.567600000000000000e+04 -4.736000000000000000e+03 3.640000000000000000e+02 -2.186000000000000000e+03
-5.696000000000000000e+03 2.032000000000000000e+03 1.779600000000000000e+04 -4.672000000000000000e+03 3.050000000000000000e+02 -1.900000000000000000e+03
-6.884000000000000000e+03 2.472000000000000000e+03 1.597600000000000000e+04 -4.720000000000000000e+03 2.010000000000000000e+02 -1.712000000000000000e+03
-6.924000000000000000e+03 2.020000000000000000e+03 1.840000000000000000e+04 -4.688000000000000000e+03 2.800000000000000000e+01 -1.468000000000000000e+03
-7.380000000000000000e+03 2.552000000000000000e+03 1.812400000000000000e+04 -4.688000000000000000e+03 -2.790000000000000000e+02 -1.056000000000000000e+03
-6.872000000000000000e+03 2.388000000000000000e+03 2.043600000000000000e+04 -4.704000000000000000e+03 -3.220000000000000000e+02 -5.430000000000000000e+02
-7.192000000000000000e+03 2.800000000000000000e+03 2.294400000000000000e+04 -4.688000000000000000e+03 -3.660000000000000000e+02 -9.700000000000000000e+01
-7.284000000000000000e+03 3.588000000000000000e+03 2.421200000000000000e+04 -4.688000000000000000e+03 -3.190000000000000000e+02 2.730000000000000000e+02
-7.676000000000000000e+03 3.780000000000000000e+03 2.505200000000000000e+04 -4.672000000000000000e+03 -4.960000000000000000e+02 6.520000000000000000e+02
-7.584000000000000000e+03 4.160000000000000000e+03 2.233600000000000000e+04 -4.688000000000000000e+03 -4.000000000000000000e+02 1.018000000000000000e+03
-7.536000000000000000e+03 3.892000000000000000e+03 1.966000000000000000e+04 -4.688000000000000000e+03 -4.870000000000000000e+02 1.293000000000000000e+03
-6.888000000000000000e+03 3.476000000000000000e+03 1.744400000000000000e+04 -4.720000000000000000e+03 -4.440000000000000000e+02 1.645000000000000000e+03
-5.188000000000000000e+03 2.796000000000000000e+03 1.682400000000000000e+04 -4.720000000000000000e+03 -5.170000000000000000e+02 1.969000000000000000e+03
-3.984000000000000000e+03 2.576000000000000000e+03 1.668400000000000000e+04 -4.720000000000000000e+03 -5.560000000000000000e+02 2.376000000000000000e+03
-4.216000000000000000e+03 2.432000000000000000e+03 1.632400000000000000e+04 -4.688000000000000000e+03 -5.320000000000000000e+02 2.462000000000000000e+03
-4.392000000000000000e+03 2.272000000000000000e+03 1.724000000000000000e+04 -4.720000000000000000e+03 -7.770000000000000000e+02 2.925000000000000000e+03
-4.184000000000000000e+03 2.372000000000000000e+03 1.692400000000000000e+04 -4.672000000000000000e+03 -6.910000000000000000e+02 3.175000000000000000e+03
-4.708000000000000000e+03 2.364000000000000000e+03 1.682800000000000000e+04 -4.688000000000000000e+03 -5.650000000000000000e+02 3.233000000000000000e+03
-4.636000000000000000e+03 2.512000000000000000e+03 1.480800000000000000e+04 -4.688000000000000000e+03 -4.970000000000000000e+02 4.136000000000000000e+03
-4.248000000000000000e+03 1.952000000000000000e+03 1.360400000000000000e+04 -4.720000000000000000e+03 -3.200000000000000000e+02 3.483000000000000000e+03
-3.212000000000000000e+03 1.704000000000000000e+03 9.892000000000000000e+03 -4.672000000000000000e+03 -1.820000000000000000e+02 3.155000000000000000e+03
-2.328000000000000000e+03 1.120000000000000000e+03 5.264000000000000000e+03 -4.672000000000000000e+03 6.800000000000000000e+01 2.775000000000000000e+03
-1.984000000000000000e+03 5.040000000000000000e+02 2.624000000000000000e+03 -4.688000000000000000e+03 -7.600000000000000000e+01 2.243000000000000000e+03
-1.172000000000000000e+03 3.680000000000000000e+02 5.280000000000000000e+02 -4.688000000000000000e+03 -4.560000000000000000e+02 2.218000000000000000e+03
-8.560000000000000000e+02 1.680000000000000000e+02 2.264000000000000000e+03 -4.672000000000000000e+03 -6.480000000000000000e+02 1.800000000000000000e+03
-1.204000000000000000e+03 5.040000000000000000e+02 4.276000000000000000e+03 -4.704000000000000000e+03 -3.860000000000000000e+02 1.439000000000000000e+03
-3.248000000000000000e+03 9.120000000000000000e+02 9.176000000000000000e+03 -4.672000000000000000e+03 -2.760000000000000000e+02 1.233000000000000000e+03
-4.672000000000000000e+03 1.712000000000000000e+03 1.511200000000000000e+04 -4.704000000000000000e+03 -3.640000000000000000e+02 1.177000000000000000e+03
-5.944000000000000000e+03 2.416000000000000000e+03 1.650400000000000000e+04 -4.672000000000000000e+03 -6.170000000000000000e+02 1.102000000000000000e+03
-8.404000000000000000e+03 2.076000000000000000e+03 1.288800000000000000e+04 -4.720000000000000000e+03 -6.320000000000000000e+02 1.058000000000000000e+03
-9.900000000000000000e+03 1.776000000000000000e+03 1.042000000000000000e+04 -4.656000000000000000e+03 -5.480000000000000000e+02 1.101000000000000000e+03
-8.024000000000000000e+03 1.604000000000000000e+03 1.151600000000000000e+04 -4.688000000000000000e+03 -5.580000000000000000e+02 1.036000000000000000e+03
