-2.532000000000000000e+03 1.776000000000000000e+03 1.414800000000000000e+04 -4.784000000000000000e+03 -7.520000000000000000e+02 1.770000000000000000e+02
-2.568000000000000000e+03 1.852000000000000000e+03 1.414400000000000000e+04 -4.800000000000000000e+03 -8.990000000000000000e+02 3.410000000000000000e+02
-2.668000000000000000e+03 1.812000000000000000e+03 1.462800000000000000e+04 -4.784000000000000000e+03 -1.108000000000000000e+03 5.940000000000000000e+02
-2.656000000000000000e+03 1.864000000000000000e+03 1.446000000000000000e+04 -4.784000000000000000e+03 -1.033000000000000000e+03 1.031000000000000000e+03
-2.736000000000000000e+03 1.668000000000000000e+03 1.438800000000000000e+04 -4.752000000000000000e+03 -6.890000000000000000e+02 1.840000000000000000e+03
-2.356000000000000000e+03 1.760000000000000000e+03 1.470800000000000000e+04 -4.784000000000000000e+03 -7.030000000000000000e+02 1.051000000000000000e+03
-2.216000000000000000e+03 1.660000000000000000e+03 1.416400000000000000e+04 -4.784000000000000000e+03 -1.035000000000000000e+03 7.560000000000000000e+02
-1.996000000000000000e+03 1.392000000000000000e+03 1.447600000000000000e+04 -4.784000000000000000e+03 -5.740000000000000000e+02 1.336000000000000000e+03
-2.400000000000000000e+03 1.328000000000000000e+03 1.453200000000000000e+04 -4.784000000000000000e+03 -1.089000000000000000e+03 1.264000000000000000e+03
-2.268000000000000000e+03 1.228000000000000000e+03 1.450000000000000000e+04 -4.784000000000000000e+03 -5.700000000000000000e+02 1.038000000000000000e+03
-2.264000000000000000e+03 1.332000000000000000e+03 1.450800000000000000e+04 -4.800000000000000000e+03 -6.910000000000000000e+02 8.070000000000000000e+02
-1.936000000000000000e+03 1.144000000000000000e+03 1.441200000000000000e+04 -4.768000000000000000e+03 -6.450000000000000000e+02 6.040000000000000000e+02
-1.888000000000000000e+03 1.340000000000000000e+03 1.464400000000000000e+04 -4.816000000000000000e+03 -7.250000000000000000e+02 6.910000000000000000e+02
-1.844000000000000000e+03 1.420000000000000000e+03 1.463200000000000000e+04 -4.752000000000000000e+03 -7.610000000000000000e+02 6.750000000000000000e+02
-2.048000000000000000e+03 1.512000000000000000e+03 1.440400000000000000e+04 -4.768000000000000000e+03 -6.290000000000000000e+02 4.590000000000000000e+02
-2.076000000000000000e+03 1.800000000000000000e+03 1.492000000000000000e+04 -4.768000000000000000e+03 -4.430000000000000000e+02 5.590000000000000000e+02
-1.960000000000000000e+03 1.984000000000000000e+03 1.466400000000000000e+04 -4.800000000000000000e+03 -5.440000000000000000e+02 4.570000000000000000e+02
-1.768000000000000000e+03 2.024000000000000000e+03 1.347600000000000000e+04 -4.784000000000000000e+03 -5.250000000000000000e+02 1.458000000000000000e+03
-1.860000000000000000e+03 1.880000000000000000e+03 1.329200000000000000e+04 -4.784000000000000000e+03 -5.150000000000000000e+02 1.938000000000000000e+03
-2.100000000000000000e+03 1.888000000000000000e+03 1.265200000000000000e+04 -4.784000000000000000e+03 -5.060000000000000000e+02 1.835000000000000000e+03
-2.044000000000000000e+03 1.776000000000000000e+03 1.055200000000000000e+04 -4.784000000000000000e+03 -3.270000000000000000e+02 1.951000000000000000e+03
-2.012000000000000000e+03 1.792000000000000000e+03 6.452000000000000000e+03 -4.800000000000000000e+03 -1.390000000000000000e+02 2.394000000000000000e+03
-1.836000000000000000e+03 1.800000000000000000e+03 5.508000000000000000e+03 -4.768000000000000000e+03 -3.000000000000000000e+00 2.606000000000000000e+03
-1.992000000000000000e+03 1.908000000000000000e+03 8.344000000000000000e+03 -4.768000000000000000e+03 -1.990000000000000000e+02 2.701000000000000000e+03
-2.160000000000000000e+03 1.684000000000000000e+03 7.592000000000000000e+03 -4.832000000000000000e+03 -3.970000000000000000e+02 2.849000000000000000e+03
-2.424000000000000000e+03 1.444000000000000000e+03 1.093200000000000000e+04 -4.768000000000000000e+03 -4.150000000000000000e+02 2.918000000000000000e+03
-2.584000000000000000e+03 1.136000000000000000e+03 1.321600000000000000e+04 -4.832000000000000000e+03 -4.070000000000000000e+02 2.823000000000000000e+03
-2.816000000000000000e+03 8.760000000000000000e+02 1.246000000000000000e+04 -4.800000000000000000e+03 -4.570000000000000000e+02 2.515000000000000000e+03
-3.048000000000000000e+03 5.040000000000000000e+02 1.434400000000000000e+04 -4.784000000000000000e+03 -5.180000000000000000e+02 2.504000000000000000e+03
-3.056000000000000000e+03 -2.040000000000000000e+02 1.397200000000000000e+04 -4.784000000000000000e+03 -4.460000000000000000e+02 2.353000000000000000e+03
-3.548000000000000000e+03 3.440000000000000000e+02 1.504000000000000000e+04 -4.736000000000000000e+03 -4.940000000000000000e+02 1.596000000000000000e+03
-3.744000000000000000e+03 9.600000000000000000e+02 1.377600000000000000e+04 -4.752000000000000000e+03 -3.820000000000000000e+02 1.634000000000000000e+03
-4.340000000000000000e+03 3.160000000000000000e+02 1.456800000000000000e+04 -4.784000000000000000e+03 -4.090000000000000000e+02 2.745000000000000000e+03
-3.892000000000000000e+03 7.600000000000000000e+02 1.524800000000000000e+04 -4.768000000000000000e+03 -3.660000000000000000e+02 1.499000000000000000e+03
-1.272000000000000000e+03 7.600000000000000000e+02 1.585600000000000000e+04 -4.784000000000000000e+03 -3.670000000000000000e+02 8.960000000000000000e+02
2.456000000000000000e+03 1.176000000000000000e+03 1.654800000000000000e+04 -4.768000000000000000e+03 -4.540000000000000000e+02 1.072000000000000000e+03
-5.560000000000000000e+02 1.780000000000000000e+03 1.672400000000000000e+04 -4.768000000000000000e+03 -4.030000000000000000e+02 2.000000000000000000e+02
-1.004000000000000000e+03 1.392000000000000000e+03 1.715600000000000000e+04 -4.768000000000000000e+03 -5.430000000000000000e+02 3.320000000000000000e+02
-3.984000000000000000e+03 1.548000000000000000e+03 1.820800000000000000e+04 -4.784000000000000000e+03 -6.190000000000000000e+02 -2.530000000000000000e+02
-3.528000000000000000e+03 1.216000000000000000e+03 2.094800000000000000e+04 -4.784000000000000000e+03 -6.390000000000000000e+02 6.000000000000000000e+00
-3.296000000000000000e+03 1.000000000000000000e+03 2.470000000000000000e+04 -4.784000000000000000e+03 -6.250000000000000000e+02 6.820000000000000000e+02
-3.956000000000000000e+03 7.440000000000000000e+02 2.694400000000000000e+04 -4.800000000000000000e+03 -6.750000000000000000e+02 5.500000000000000000e+02
-3.796000000000000000e+03 1.084000000000000000e+03 2.489200000000000000e+04 -4.784000000000000000e+03 -4.340000000000000000e+02 8.600000000000000000e+01
-3.816000000000000000e+03 1.432000000000000000e+03 2.066400000000000000e+04 -4.800000000000000000e+03 -1.000000000000000000e+02 -3.700000000000000000e+02
