5.104000000000000000e+03 3.548000000000000000e+03 1.371600000000000000e+04 -4.784000000000000000e+03 -5.260000000000000000e+02 6.040000000000000000e+02
5.044000000000000000e+03 3.560000000000000000e+03 1.394000000000000000e+04 -4.816000000000000000e+03 -5.320000000000000000e+02 6.710000000000000000e+02
4.880000000000000000e+03 3.388000000000000000e+03 1.377200000000000000e+04 -4.800000000000000000e+03 -5.310000000000000000e+02 1.133000000000000000e+03
5.172000000000000000e+03 3.356000000000000000e+03 1.385200000000000000e+04 -4.816000000000000000e+03 -5.110000000000000000e+02 1.221000000000000000e+03
4.588000000000000000e+03 3.408000000000000000e+03 1.400400000000000000e+04 -4.816000000000000000e+03 -5.350000000000000000e+02 7.390000000000000000e+02
4.936000000000000000e+03 3.304000000000000000e+03 1.391200000000000000e+04 -4.784000000000000000e+03 -5.540000000000000000e+02 1.220000000000000000e+03
4.624000000000000000e+03 3.228000000000000000e+03 1.392000000000000000e+04 -4.800000000000000000e+03 -5.590000000000000000e+02 -3.490000000000000000e+02
4.812000000000000000e+03 3.244000000000000000e+03 1.390000000000000000e+04 -4.768000000000000000e+03 -6.840000000000000000e+02 6.120000000000000000e+02
4.812000000000000000e+03 3.140000000000000000e+03 1.392000000000000000e+04 -4.800000000000000000e+03 -8.250000000000000000e+02 -7.800000000000000000e+01
4.984000000000000000e+03 3.140000000000000000e+03 1.398000000000000000e+04 -4.816000000000000000e+03 -6.920000000000000000e+02 4.210000000000000000e+02
4.672000000000000000e+03 2.968000000000000000e+03 1.405600000000000000e+04 -4.784000000000000000e+03 -7.320000000000000000e+02 7.790000000000000000e+02
4.680000000000000000e+03 2.996000000000000000e+03 1.394400000000000000e+04 -4.832000000000000000e+03 -9.010000000000000000e+02 -9.540000000000000000e+02
4.848000000000000000e+03 2.960000000000000000e+03 1.394000000000000000e+04 -4.784000000000000000e+03 -9.860000000000000000e+02 -1.187000000000000000e+03
4.748000000000000000e+03 3.000000000000000000e+03 1.437600000000000000e+04 -4.816000000000000000e+03 -8.210000000000000000e+02 -7.710000000000000000e+02
4.728000000000000000e+03 3.056000000000000000e+03 1.458400000000000000e+04 -4.800000000000000000e+03 -6.550000000000000000e+02 -1.047000000000000000e+03
4.572000000000000000e+03 3.136000000000000000e+03 1.462400000000000000e+04 -4.816000000000000000e+03 -7.700000000000000000e+02 -1.231000000000000000e+03
4.228000000000000000e+03 3.100000000000000000e+03 1.431600000000000000e+04 -4.816000000000000000e+03 -6.240000000000000000e+02 -1.326000000000000000e+03
4.364000000000000000e+03 3.184000000000000000e+03 1.386400000000000000e+04 -4.800000000000000000e+03 -7.120000000000000000e+02 -1.356000000000000000e+03
4.536000000000000000e+03 3.148000000000000000e+03 1.404800000000000000e+04 -4.800000000000000000e+03 -7.030000000000000000e+02 -1.442000000000000000e+03
4.388000000000000000e+03 3.120000000000000000e+03 1.447200000000000000e+04 -4.800000000000000000e+03 -7.020000000000000000e+02 -1.533000000000000000e+03
4.284000000000000000e+03 3.020000000000000000e+03 1.451600000000000000e+04 -4.800000000000000000e+03 -8.200000000000000000e+02 -1.636000000000000000e+03
4.204000000000000000e+03 3.028000000000000000e+03 1.508800000000000000e+04 -4.800000000000000000e+03 -7.850000000000000000e+02 -1.632000000000000000e+03
4.164000000000000000e+03 3.136000000000000000e+03 1.498000000000000000e+04 -4.768000000000000000e+03 -7.700000000000000000e+02 -2.147000000000000000e+03
4.108000000000000000e+03 3.212000000000000000e+03 1.324800000000000000e+04 -4.784000000000000000e+03 -7.400000000000000000e+02 -2.809000000000000000e+03
4.144000000000000000e+03 3.020000000000000000e+03 1.193600000000000000e+04 -4.800000000000000000e+03 -6.220000000000000000e+02 -2.757000000000000000e+03
3.892000000000000000e+03 2.832000000000000000e+03 1.218000000000000000e+04 -4.800000000000000000e+03 -5.270000000000000000e+02 -2.711000000000000000e+03
4.020000000000000000e+03 2.928000000000000000e+03 1.112400000000000000e+04 -4.816000000000000000e+03 -2.960000000000000000e+02 -2.871000000000000000e+03
3.688000000000000000e+03 2.780000000000000000e+03 7.620000000000000000e+03 -4.784000000000000000e+03 -3.360000000000000000e+02 -3.263000000000000000e+03
3.632000000000000000e+03 2.804000000000000000e+03 5.616000000000000000e+03 -4.784000000000000000e+03 -2.950000000000000000e+02 -3.029000000000000000e+03
3.552000000000000000e+03 2.788000000000000000e+03 6.836000000000000000e+03 -4.816000000000000000e+03 -8.130000000000000000e+02 -2.878000000000000000e+03
3.412000000000000000e+03 2.980000000000000000e+03 6.396000000000000000e+03 -4.800000000000000000e+03 -7.130000000000000000e+02 -2.670000000000000000e+03
3.512000000000000000e+03 2.752000000000000000e+03 8.844000000000000000e+03 -4.816000000000000000e+03 -2.550000000000000000e+02 -2.308000000000000000e+03
3.376000000000000000e+03 2.344000000000000000e+03 1.067600000000000000e+04 -4.800000000000000000e+03 -1.510000000000000000e+02 -2.183000000000000000e+03
2.864000000000000000e+03 2.372000000000000000e+03 1.216000000000000000e+04 -4.832000000000000000e+03 3.190000000000000000e+02 -1.783000000000000000e+03
3.260000000000000000e+03 2.024000000000000000e+03 1.408400000000000000e+04 -4.768000000000000000e+03 5.150000000000000000e+02 -1.303000000000000000e+03
3.112000000000000000e+03 1.180000000000000000e+03 1.452800000000000000e+04 -4.800000000000000000e+03 4.840000000000000000e+02 -8.820000000000000000e+02
2.504000000000000000e+03 8.880000000000000000e+02 1.407200000000000000e+04 -4.848000000000000000e+03 6.230000000000000000e+02 -8.870000000000000000e+02
1.936000000000000000e+03 1.180000000000000000e+03 1.509600000000000000e+04 -4.816000000000000000e+03 5.780000000000000000e+02 -5.930000000000000000e+02
1.312000000000000000e+03 1.704000000000000000e+03 1.556000000000000000e+04 -4.800000000000000000e+03 5.050000000000000000e+02 -9.290000000000000000e+02
5.240000000000000000e+02 2.108000000000000000e+03 1.698400000000000000e+04 -4.784000000000000000e+03 3.500000000000000000e+02 -1.508000000000000000e+03
5.240000000000000000e+02 2.408000000000000000e+03 1.879600000000000000e+04 -4.816000000000000000e+03 4.980000000000000000e+02 -1.247000000000000000e+03
1.212000000000000000e+03 2.816000000000000000e+03 2.347200000000000000e+04 -4.816000000000000000e+03 2.900000000000000000e+02 -5.200000000000000000e+02
3.740000000000000000e+03 2.964000000000000000e+03 2.703200000000000000e+04 -4.832000000000000000e+03 1.430000000000000000e+02 -1.300000000000000000e+03
3.256000000000000000e+03 3.020000000000000000e+03 3.120800000000000000e+04 -4.800000000000000000e+03 1.580000000000000000e+02 -2.060000000000000000e+02
3.568000000000000000e+03 2.868000000000000000e+03 3.098400000000000000e+04 -4.816000000000000000e+03 2.400000000000000000e+01 -2.470000000000000000e+02
4.096000000000000000e+03 2.860000000000000000e+03 2.266800000000000000e+04 -4.816000000000000000e+03 1.000000000000000000e+00 -1.555000000000000000e+03
3.540000000000000000e+03 2.896000000000000000e+03 1.886000000000000000e+04 -4.800000000000000000e+03 1.000000000000000000e+02 -2.010000000000000000e+02
3.664000000000000000e+03 3.308000000000000000e+03 1.534400000000000000e+04 -4.816000000000000000e+03 4.610000000000000000e+02 1.639000000000000000e+03
4.072000000000000000e+03 3.332000000000000000e+03 1.331200000000000000e+04 -4.816000000000000000e+03 4.960000000000000000e+02 6.840000000000000000e+02
