8.000000000000000000e+03 1.672000000000000000e+03 1.211600000000000000e+04 -4.672000000000000000e+03 -3.300000000000000000e+02 5.480000000000000000e+02
-7.800000000000000000e+03 1.804000000000000000e+03 1.172400000000000000e+04 -4.688000000000000000e+03 -3.450000000000000000e+02 3.840000000000000000e+02
-7.840000000000000000e+03 1.664000000000000000e+03 1.192400000000000000e+04 -4.704000000000000000e+03 -3.530000000000000000e+02 1.810000000000000000e+02
-7.836000000000000000e+03 1.748000000000000000e+03 1.186400000000000000e+04 -4.736000000000000000e+03 -3.600000000000000000e+02 -2.900000000000000000e+01
-7.972000000000000000e+03 1.672000000000000000e+03 1.174400000000000000e+04 -4.656000000000000000e+03 -3.460000000000000000e+02 -2.520000000000000000e+02
-7.956000000000000000e+03 1.672000000000000000e+03 1.207600000000000000e+04 -4.672000000000000000e+03 -3.440000000000000000e+02 -5.520000000000000000e+02
-8.256000000000000000e+03 1.644000000000000000e+03 1.229200000000000000e+04 -4.672000000000000000e+03 -3.330000000000000000e+02 -8.500000000000000000e+02
-8.256000000000000000e+03 1.728000000000000000e+03 1.244400000000000000e+04 -4.704000000000000000e+03 -3.390000000000000000e+02 -1.102000000000000000e+03
-8.412000000000000000e+03 1.556000000000000000e+03 1.229600000000000000e+04 -4.720000000000000000e+03 -3.360000000000000000e+02 -1.381000000000000000e+03
-8.256000000000000000e+03 1.500000000000000000e+03 1.236000000000000000e+04 -4.704000000000000000e+03 -3.270000000000000000e+02 -1.527000000000000000e+03
-8.388000000000000000e+03 1.532000000000000000e+03 1.215600000000000000e+04 -4.688000000000000000e+03 -3.530000000000000000e+02 -1.495000000000000000e+03
-8.356000000000000000e+03 1.692000000000000000e+03 1.225200000000000000e+04 -4.736000000000000000e+03 -3.630000000000000000e+02 -1.366000000000000000e+03
-8.188000000000000000e+03 1.676000000000000000e+03 1.232800000000000000e+04 -4.688000000000000000e+03 -3.860000000000000000e+02 -1.113000000000000000e+03
-8.092000000000000000e+03 1.736000000000000000e+03 1.265200000000000000e+04 -4.688000000000000000e+03 -4.010000000000000000e+02 -6.760000000000000000e+02
-7.868000000000000000e+03 1.788000000000000000e+03 1.274800000000000000e+04 -4.704000000000000000e+03 -4.140000000000000000e+02 -5.230000000000000000e+02
-7.556000000000000000e+03 1.732000000000000000e+03 1.251200000000000000e+04 -4.704000000000000000e+03 -4.230000000000000000e+02 -1.780000000000000000e+02
-7.276000000000000000e+03 1.760000000000000000e+03 1.235600000000000000e+04 -4.672000000000000000e+03 -4.240000000000000000e+02 1.520000000000000000e+02
-7.272000000000000000e+03 1.612000000000000000e+03 1.256800000000000000e+04 -4.704000000000000000e+03 -4.300000000000000000e+02 4.680000000000000000e+02
-7.072000000000000000e+03 1.548000000000000000e+03 1.279200000000000000e+04 -4.688000000000000000e+03 -4.090000000000000000e+02 7.030000000000000000e+02
-7.092000000000000000e+03 1.620000000000000000e+03 1.269200000000000000e+04 -4.672000000000000000e+03 -3.990000000000000000e+02 9.200000000000000000e+02
-6.996000000000000000e+03 1.680000000000000000e+03 1.262400000000000000e+04 -4.688000000000000000e+03 -4.030000000000000000e+02 1.093000000000000000e+03
-6.856000000000000000e+03 1.736000000000000000e+03 1.254000000000000000e+04 -4.720000000000000000e+03 -4.140000000000000000e+02 1.245000000000000000e+03
-6.844000000000000000e+03 1.604000000000000000e+03 1.242800000000000000e+04 -4.688000000000000000e+03 -4.170000000000000000e+02 1.334000000000000000e+03
-6.836000000000000000e+03 1.532000000000000000e+03 1.240800000000000000e+04 -4.720000000000000000e+03 -4.090000000000000000e+02 1.275000000000000000e+03
-6.728000000000000000e+03 1.548000000000000000e+03 1.282800000000000000e+04 -4.688000000000000000e+03 -4.060000000000000000e+02 1.233000000000000000e+03
-6.960000000000000000e+03 1.704000000000000000e+03 1.254800000000000000e+04 -4.672000000000000000e+03 -5.140000000000000000e+02 1.061000000000000000e+03
-7.096000000000000000e+03 1.576000000000000000e+03 1.246400000000000000e+04 -4.704000000000000000e+03 -5.820000000000000000e+02 8.120000000000000000e+02
-7.340000000000000000e+03 1.604000000000000000e+03 1.235600000000000000e+04 -4.672000000000000000e+03 -4.830000000000000000e+02 5.280000000000000000e+02
-7.560000000000000000e+03 1.684000000000000000e+03 1.214000000000000000e+04 -4.672000000000000000e+03 -2.100000000000000000e+02 4.290000000000000000e+02
-7.736000000000000000e+03 1.672000000000000000e+03 1.161200000000000000e+04 -4.720000000000000000e+03 -2.600000000000000000e+02 -7.400000000000000000e+01
-7.980000000000000000e+03 1.540000000000000000e+03 1.033200000000000000e+04 -4.688000000000000000e+03 -3.920000000000000000e+02 1.150000000000000000e+02
-8.084000000000000000e+03 1.284000000000000000e+03 6.876000000000000000e+03 -4.736000000000000000e+03 -1.640000000000000000e+02 -2.570000000000000000e+02
-8.000000000000000000e+03 8.880000000000000000e+02 3.788000000000000000e+03 -4.688000000000000000e+03 -3.090000000000000000e+02 -1.223000000000000000e+03
-6.264000000000000000e+03 4.400000000000000000e+02 4.164000000000000000e+03 -4.672000000000000000e+03 -1.540000000000000000e+02 -9.900000000000000000e+02
-4.124000000000000000e+03 3.520000000000000000e+02 7.444000000000000000e+03 -4.656000000000000000e+03 -9.300000000000000000e+01 -1.484000000000000000e+03
-3.580000000000000000e+03 7.760000000000000000e+02 6.984000000000000000e+03 -4.688000000000000000e+03 -1.630000000000000000e+02 -1.907000000000000000e+03
-4.868000000000000000e+03 6.080000000000000000e+02 8.748000000000000000e+03 -4.704000000000000000e+03 -6.900000000000000000e+01 -2.296000000000000000e+03
-5.600000000000000000e+03 1.452000000000000000e+03 1.092800000000000000e+04 -4.688000000000000000e+03 -1.490000000000000000e+02 -2.449000000000000000e+03
-5.620000000000000000e+03 2.204000000000000000e+03 1.039600000000000000e+04 -4.688000000000000000e+03 1.000000000000000000e+00 -2.743000000000000000e+03
-6.440000000000000000e+03 2.128000000000000000e+03 1.275600000000000000e+04 -4.704000000000000000e+03 -1.300000000000000000e+01 -2.781000000000000000e+03
-6.056000000000000000e+03 2.628000000000000000e+03 1.284400000000000000e+04 -4.672000000000000000e+03 1.220000000000000000e+02 -2.775000000000000000e+03
-7.120000000000000000e+03 2.336000000000000000e+03 1.388400000000000000e+04 -4.704000000000000000e+03 1.500000000000000000e+01 -1.206000000000000000e+03
-7.292000000000000000e+03 2.292000000000000000e+03 1.415600000000000000e+04 -4.672000000000000000e+03 1.660000000000000000e+02 -2.096000000000000000e+03
-7.116000000000000000e+03 2.072000000000000000e+03 1.493600000000000000e+04 -4.704000000000000000e+03 2.370000000000000000e+02 -1.623000000000000000e+03
-7.544000000000000000e+03 2.276000000000000000e+03 1.602800000000000000e+04 -4.704000000000000000e+03 1.950000000000000000e+02 -1.086000000000000000e+03
-7.076000000000000000e+03 2.392000000000000000e+03 1.655200000000000000e+04 -4.704000000000000000e+03 2.930000000000000000e+02 -6.850000000000000000e+02
-6.992000000000000000e+03 1.932000000000000000e+03 1.720000000000000000e+04 -4.704000000000000000e+03 6.300000000000000000e+01 -1.340000000000000000e+02
-7.260000000000000000e+03 1.664000000000000000e+03 1.868000000000000000e+04 -4.672000000000000000e+03 -7.200000000000000000e+01 3.860000000000000000e+02
-7.704000000000000000e+03 1.964000000000000000e+03 1.937200000000000000e+04 -4.736000000000000000e+03 -1.700000000000000000e+01 8.260000000000000000e+02
-8.048000000000000000e+03 1.868000000000000000e+03 2.117200000000000000e+04 -4.704000000000000000e+03 -2.000000000000000000e+01 1.189000000000000000e+03
-8.412000000000000000e+03 2.748000000000000000e+03 2.344400000000000000e+04 -4.720000000000000000e+03 -3.900000000000000000e+01 1.390000000000000000e+03
-8.004000000000000000e+03 3.576000000000000000e+03 2.351200000000000000e+04 -4.704000000000000000e+03 -1.500000000000000000e+01 1.785000000000000000e+03
-8.164000000000000000e+03 3.508000000000000000e+03 2.114800000000000000e+04 -4.720000000000000000e+03 -1.120000000000000000e+02 2.107000000000000000e+03
-8.976000000000000000e+03 2.884000000000000000e+03 1.864800000000000000e+04 -4.704000000000000000e+03 -1.000000000000000000e+02 2.490000000000000000e+03
-8.284000000000000000e+03 2.332000000000000000e+03 1.728000000000000000e+04 -4.720000000000000000e+03 -1.980000000000000000e+02 2.885000000000000000e+03
-7.120000000000000000e+03 2.196000000000000000e+03 1.601200000000000000e+04 -4.720000000000000000e+03 -3.360000000000000000e+02 3.256000000000000000e+03
-6.428000000000000000e+03 2.000000000000000000e+03 1.588400000000000000e+04 -4.688000000000000000e+03 -4.000000000000000000e+02 3.597000000000000000e+03
-5.780000000000000000e+03 2.148000000000000000e+03 1.619200000000000000e+04 -4.720000000000000000e+03 -6.070000000000000000e+02 4.029000000000000000e+03
-5.940000000000000000e+03 2.140000000000000000e+03 1.674400000000000000e+04 -4.688000000000000000e+03 -7.750000000000000000e+02 4.272000000000000000e+03
-6.028000000000000000e+03 2.040000000000000000e+03 1.732000000000000000e+04 -4.688000000000000000e+03 -8.420000000000000000e+02 4.150000000000000000e+03
-6.796000000000000000e+03 2.532000000000000000e+03 1.665200000000000000e+04 -4.688000000000000000e+03 -7.510000000000000000e+02 4.145000000000000000e+03
-7.296000000000000000e+03 2.708000000000000000e+03 1.562000000000000000e+04 -4.720000000000000000e+03 -5.850000000000000000e+02 4.170000000000000000e+03
-7.600000000000000000e+03 2.732000000000000000e+03 1.309200000000000000e+04 -4.704000000000000000e+03 -5.860000000000000000e+02 4.687000000000000000e+03
-7.492000000000000000e+03 2.164000000000000000e+03 8.756000000000000000e+03 -4.688000000000000000e+03 -3.860000000000000000e+02 3.978000000000000000e+03
-6.116000000000000000e+03 1.300000000000000000e+03 4.852000000000000000e+03 -4.704000000000000000e+03 -3.750000000000000000e+02 3.638000000000000000e+03
-4.564000000000000000e+03 7.960000000000000000e+02 1.456000000000000000e+03 -4.704000000000000000e+03 -4.960000000000000000e+02 3.127000000000000000e+03
-2.880000000000000000e+03 2.560000000000000000e+02 6.400000000000000000e+02 -4.704000000000000000e+03 -7.190000000000000000e+02 2.720000000000000000e+03
-1.436000000000000000e+03 1.960000000000000000e+02 1.884000000000000000e+03 -4.688000000000000000e+03 -7.200000000000000000e+02 2.144000000000000000e+03
-1.888000000000000000e+03 1.520000000000000000e+02 4.540000000000000000e+03 -4.736000000000000000e+03 -6.830000000000000000e+02 1.680000000000000000e+03
-3.224000000000000000e+03 3.120000000000000000e+02 8.960000000000000000e+03 -4.720000000000000000e+03 -5.430000000000000000e+02 1.406000000000000000e+03
-5.244000000000000000e+03 1.164000000000000000e+03 1.218000000000000000e+04 -4.704000000000000000e+03 -4.440000000000000000e+02 1.070000000000000000e+03
-8.692000000000000000e+03 1.952000000000000000e+03 1.292800000000000000e+04 -4.736000000000000000e+03 -6.790000000000000000e+02 1.009000000000000000e+03
-1.162400000000000000e+04 1.908000000000000000e+03 1.094800000000000000e+04 -4.688000000000000000e+03 -6.860000000000000000e+02 5.460000000000000000e+02
-1.274400000000000000e+04 1.416000000000000000e+03 9.204000000000000000e+03 -4.704000000000000000e+03 -5.980000000000000000e+02 4.100000000000000000e+02
-1.032400000000000000e+04 9.200000000000000000e+02 9.220000000000000000e+03 -4.704000000000000000e+03 -5.200000000000000000e+02 3.500000000000000000e+02
-8.676000000000000000e+03 8.160000000000000000e+02 1.104000000000000000e+04 -4.720000000000000000e+03 -4.960000000000000000e+02 2.510000000000000000e+02
-8.512000000000000000e+03 1.224000000000000000e+03 1.202000000000000000e+04 -4.704000000000000000e+03 -4.970000000000000000e+02 1.310000000000000000e+02
-1.048400000000000000e+04 1.300000000000000000e+03 1.058800000000000000e+04 -4.720000000000000000e+03 -4.850000000000000000e+02 -5.700000000000000000e+01
