-7.456000000000000000e+03 1.255200000000000000e+04 1.258000000000000000e+04 -4.800000000000000000e+03 -3.860000000000000000e+02 1.056000000000000000e+03
1.964000000000000000e+03 1.904000000000000000e+03 1.240400000000000000e+04 -4.800000000000000000e+03 -3.560000000000000000e+02 9.930000000000000000e+02
-7.676000000000000000e+03 1.864000000000000000e+03 1.207600000000000000e+04 -4.800000000000000000e+03 -3.500000000000000000e+02 1.005000000000000000e+03
-7.920000000000000000e+03 1.764000000000000000e+03 1.199200000000000000e+04 -4.768000000000000000e+03 -3.150000000000000000e+02 9.830000000000000000e+02
-7.896000000000000000e+03 1.848000000000000000e+03 1.179600000000000000e+04 -4.768000000000000000e+03 -3.130000000000000000e+02 1.039000000000000000e+03
-7.688000000000000000e+03 1.900000000000000000e+03 1.201200000000000000e+04 -4.768000000000000000e+03 -3.060000000000000000e+02 1.172000000000000000e+03
-7.544000000000000000e+03 1.972000000000000000e+03 1.210400000000000000e+04 -4.768000000000000000e+03 -2.740000000000000000e+02 1.141000000000000000e+03
-7.980000000000000000e+03 2.020000000000000000e+03 1.194800000000000000e+04 -4.768000000000000000e+03 -2.460000000000000000e+02 1.069000000000000000e+03
-7.952000000000000000e+03 1.864000000000000000e+03 1.158800000000000000e+04 -4.768000000000000000e+03 -2.320000000000000000e+02 9.900000000000000000e+02
-7.912000000000000000e+03 1.816000000000000000e+03 1.174800000000000000e+04 -4.736000000000000000e+03 -2.100000000000000000e+02 1.990000000000000000e+02
-7.748000000000000000e+03 1.540000000000000000e+03 1.158800000000000000e+04 -4.752000000000000000e+03 -2.330000000000000000e+02 5.710000000000000000e+02
-7.976000000000000000e+03 1.348000000000000000e+03 1.178800000000000000e+04 -4.784000000000000000e+03 -2.140000000000000000e+02 7.500000000000000000e+01
-7.988000000000000000e+03 1.228000000000000000e+03 1.168000000000000000e+04 -4.752000000000000000e+03 -9.500000000000000000e+01 -6.340000000000000000e+02
-8.220000000000000000e+03 1.304000000000000000e+03 1.164800000000000000e+04 -4.784000000000000000e+03 -1.390000000000000000e+02 -8.740000000000000000e+02
-8.276000000000000000e+03 1.276000000000000000e+03 1.148400000000000000e+04 -4.752000000000000000e+03 -1.900000000000000000e+02 -7.340000000000000000e+02
-8.288000000000000000e+03 1.280000000000000000e+03 1.194400000000000000e+04 -4.752000000000000000e+03 -2.050000000000000000e+02 -1.336000000000000000e+03
-8.332000000000000000e+03 1.248000000000000000e+03 1.163200000000000000e+04 -4.768000000000000000e+03 -1.460000000000000000e+02 -1.279000000000000000e+03
-8.360000000000000000e+03 1.240000000000000000e+03 1.117200000000000000e+04 -4.752000000000000000e+03 -2.680000000000000000e+02 -1.876000000000000000e+03
-8.544000000000000000e+03 1.184000000000000000e+03 1.132800000000000000e+04 -4.752000000000000000e+03 -3.230000000000000000e+02 -2.373000000000000000e+03
-8.516000000000000000e+03 1.184000000000000000e+03 1.139600000000000000e+04 -4.784000000000000000e+03 -4.590000000000000000e+02 -9.990000000000000000e+02
-8.308000000000000000e+03 1.268000000000000000e+03 1.136000000000000000e+04 -4.784000000000000000e+03 -2.310000000000000000e+02 -2.233000000000000000e+03
-8.380000000000000000e+03 1.112000000000000000e+03 1.128400000000000000e+04 -4.768000000000000000e+03 1.300000000000000000e+01 -1.927000000000000000e+03
-8.488000000000000000e+03 1.068000000000000000e+03 1.098800000000000000e+04 -4.800000000000000000e+03 -2.020000000000000000e+02 -2.654000000000000000e+03
-8.784000000000000000e+03 1.040000000000000000e+03 1.140800000000000000e+04 -4.768000000000000000e+03 -2.670000000000000000e+02 -2.626000000000000000e+03
-8.600000000000000000e+03 1.152000000000000000e+03 1.241600000000000000e+04 -4.784000000000000000e+03 -2.550000000000000000e+02 -2.742000000000000000e+03
-8.652000000000000000e+03 1.124000000000000000e+03 1.172000000000000000e+04 -4.768000000000000000e+03 -4.320000000000000000e+02 -3.085000000000000000e+03
-8.828000000000000000e+03 1.232000000000000000e+03 1.064400000000000000e+04 -4.768000000000000000e+03 -3.020000000000000000e+02 -3.055000000000000000e+03
-9.100000000000000000e+03 1.252000000000000000e+03 1.050000000000000000e+04 -4.784000000000000000e+03 -5.090000000000000000e+02 -3.200000000000000000e+03
-9.228000000000000000e+03 1.256000000000000000e+03 1.015200000000000000e+04 -4.768000000000000000e+03 -3.520000000000000000e+02 -2.828000000000000000e+03
-9.392000000000000000e+03 1.308000000000000000e+03 9.004000000000000000e+03 -4.800000000000000000e+03 -4.040000000000000000e+02 -2.614000000000000000e+03
-9.220000000000000000e+03 1.440000000000000000e+03 5.788000000000000000e+03 -4.784000000000000000e+03 -2.110000000000000000e+02 -1.726000000000000000e+03
-9.772000000000000000e+03 1.560000000000000000e+03 3.000000000000000000e+03 -4.752000000000000000e+03 -2.600000000000000000e+02 -1.313000000000000000e+03
-1.081600000000000000e+04 1.580000000000000000e+03 4.708000000000000000e+03 -4.752000000000000000e+03 -1.400000000000000000e+01 -7.240000000000000000e+02
-9.788000000000000000e+03 1.260000000000000000e+03 6.024000000000000000e+03 -4.784000000000000000e+03 -1.540000000000000000e+02 -3.400000000000000000e+01
-9.124000000000000000e+03 1.208000000000000000e+03 8.108000000000000000e+03 -4.768000000000000000e+03 3.200000000000000000e+01 4.100000000000000000e+02
-8.684000000000000000e+03 1.152000000000000000e+03 9.796000000000000000e+03 -4.784000000000000000e+03 -2.520000000000000000e+02 1.120000000000000000e+02
-9.160000000000000000e+03 1.044000000000000000e+03 1.010800000000000000e+04 -4.784000000000000000e+03 -7.480000000000000000e+02 7.120000000000000000e+02
-9.012000000000000000e+03 7.880000000000000000e+02 1.092000000000000000e+04 -4.784000000000000000e+03 -6.950000000000000000e+02 7.020000000000000000e+02
-6.396000000000000000e+03 7.760000000000000000e+02 1.212000000000000000e+04 -4.784000000000000000e+03 -5.240000000000000000e+02 3.970000000000000000e+02
-3.392000000000000000e+03 1.032000000000000000e+03 1.235200000000000000e+04 -4.768000000000000000e+03 -4.990000000000000000e+02 1.920000000000000000e+02
-3.420000000000000000e+03 1.044000000000000000e+03 1.298000000000000000e+04 -4.784000000000000000e+03 -3.800000000000000000e+02 5.800000000000000000e+01
-4.092000000000000000e+03 9.840000000000000000e+02 1.470800000000000000e+04 -4.736000000000000000e+03 -4.260000000000000000e+02 -1.200000000000000000e+02
-6.424000000000000000e+03 9.920000000000000000e+02 1.588800000000000000e+04 -4.784000000000000000e+03 -4.400000000000000000e+02 -1.570000000000000000e+02
-6.572000000000000000e+03 1.004000000000000000e+03 1.994800000000000000e+04 -4.784000000000000000e+03 -4.080000000000000000e+02 2.150000000000000000e+02
-6.208000000000000000e+03 1.020000000000000000e+03 2.206400000000000000e+04 -4.768000000000000000e+03 -3.890000000000000000e+02 3.210000000000000000e+02
-6.532000000000000000e+03 1.108000000000000000e+03 2.721200000000000000e+04 -4.752000000000000000e+03 -5.600000000000000000e+02 5.930000000000000000e+02
-7.128000000000000000e+03 1.220000000000000000e+03 2.965600000000000000e+04 -4.800000000000000000e+03 -7.070000000000000000e+02 6.910000000000000000e+02
-6.916000000000000000e+03 1.464000000000000000e+03 2.670800000000000000e+04 -4.784000000000000000e+03 -7.780000000000000000e+02 1.459000000000000000e+03
-7.392000000000000000e+03 2.012000000000000000e+03 2.058000000000000000e+04 -4.768000000000000000e+03 -9.260000000000000000e+02 1.640000000000000000e+03
-7.488000000000000000e+03 2.064000000000000000e+03 1.786400000000000000e+04 -4.800000000000000000e+03 -9.380000000000000000e+02 1.216000000000000000e+03
-7.912000000000000000e+03 2.432000000000000000e+03 1.606800000000000000e+04 -4.816000000000000000e+03 -9.620000000000000000e+02 1.719000000000000000e+03
-7.988000000000000000e+03 2.212000000000000000e+03 1.569600000000000000e+04 -4.784000000000000000e+03 -8.340000000000000000e+02 1.603000000000000000e+03
-9.748000000000000000e+03 3.260000000000000000e+03 1.657200000000000000e+04 -4.816000000000000000e+03 -5.710000000000000000e+02 1.862000000000000000e+03
-1.116000000000000000e+04 4.008000000000000000e+03 1.506800000000000000e+04 -4.752000000000000000e+03 -3.420000000000000000e+02 1.974000000000000000e+03
-1.345600000000000000e+04 3.672000000000000000e+03 1.530800000000000000e+04 -4.768000000000000000e+03 -2.500000000000000000e+01 1.833000000000000000e+03
-1.253600000000000000e+04 2.308000000000000000e+03 1.554800000000000000e+04 -4.752000000000000000e+03 -3.240000000000000000e+02 2.061000000000000000e+03
-9.568000000000000000e+03 1.656000000000000000e+03 1.661200000000000000e+04 -4.784000000000000000e+03 -1.189000000000000000e+03 1.801000000000000000e+03
-6.992000000000000000e+03 1.544000000000000000e+03 1.464000000000000000e+04 -4.784000000000000000e+03 -1.020000000000000000e+03 2.093000000000000000e+03
-5.716000000000000000e+03 1.308000000000000000e+03 1.421200000000000000e+04 -4.784000000000000000e+03 -7.280000000000000000e+02 1.665000000000000000e+03
-5.164000000000000000e+03 1.500000000000000000e+03 9.940000000000000000e+03 -4.816000000000000000e+03 -5.250000000000000000e+02 1.450000000000000000e+03
-5.792000000000000000e+03 1.252000000000000000e+03 7.208000000000000000e+03 -4.768000000000000000e+03 -7.580000000000000000e+02 8.820000000000000000e+02
-5.988000000000000000e+03 1.300000000000000000e+03 3.744000000000000000e+03 -4.800000000000000000e+03 -8.810000000000000000e+02 1.292000000000000000e+03
-6.304000000000000000e+03 1.176000000000000000e+03 1.744000000000000000e+03 -4.800000000000000000e+03 -6.140000000000000000e+02 1.205000000000000000e+03
