8.016000000000000000e+03 2.176000000000000000e+03 1.234800000000000000e+04 -4.672000000000000000e+03 -3.880000000000000000e+02 7.050000000000000000e+02
7.392000000000000000e+03 2.156000000000000000e+03 1.270400000000000000e+04 -4.656000000000000000e+03 -3.900000000000000000e+02 1.154000000000000000e+03
7.536000000000000000e+03 2.144000000000000000e+03 1.317200000000000000e+04 -4.672000000000000000e+03 -4.600000000000000000e+02 1.243000000000000000e+03
7.136000000000000000e+03 2.184000000000000000e+03 1.349600000000000000e+04 -4.704000000000000000e+03 -3.990000000000000000e+02 1.061000000000000000e+03
7.148000000000000000e+03 2.280000000000000000e+03 1.302000000000000000e+04 -4.688000000000000000e+03 -3.070000000000000000e+02 9.000000000000000000e+02
7.620000000000000000e+03 2.032000000000000000e+03 1.256400000000000000e+04 -4.704000000000000000e+03 -2.460000000000000000e+02 9.640000000000000000e+02
7.324000000000000000e+03 1.892000000000000000e+03 1.297600000000000000e+04 -4.688000000000000000e+03 -2.280000000000000000e+02 8.330000000000000000e+02
6.936000000000000000e+03 1.936000000000000000e+03 1.388400000000000000e+04 -4.688000000000000000e+03 -1.950000000000000000e+02 3.990000000000000000e+02
6.804000000000000000e+03 2.052000000000000000e+03 1.365600000000000000e+04 -4.672000000000000000e+03 -1.470000000000000000e+02 2.190000000000000000e+02
6.908000000000000000e+03 2.036000000000000000e+03 1.360400000000000000e+04 -4.704000000000000000e+03 -1.540000000000000000e+02 2.420000000000000000e+02
6.908000000000000000e+03 2.052000000000000000e+03 1.341600000000000000e+04 -4.688000000000000000e+03 -1.210000000000000000e+02 -1.770000000000000000e+02
6.852000000000000000e+03 1.980000000000000000e+03 1.324800000000000000e+04 -4.704000000000000000e+03 -9.100000000000000000e+01 -3.590000000000000000e+02
6.992000000000000000e+03 2.000000000000000000e+03 1.314000000000000000e+04 -4.672000000000000000e+03 -6.500000000000000000e+01 -4.250000000000000000e+02
6.808000000000000000e+03 2.256000000000000000e+03 1.309200000000000000e+04 -4.688000000000000000e+03 -3.800000000000000000e+01 -5.310000000000000000e+02
6.484000000000000000e+03 2.272000000000000000e+03 1.308400000000000000e+04 -4.656000000000000000e+03 -5.500000000000000000e+01 -5.200000000000000000e+02
6.476000000000000000e+03 2.292000000000000000e+03 1.327600000000000000e+04 -4.688000000000000000e+03 -8.400000000000000000e+01 -6.090000000000000000e+02
6.552000000000000000e+03 2.328000000000000000e+03 1.344000000000000000e+04 -4.672000000000000000e+03 -1.130000000000000000e+02 -5.780000000000000000e+02
7.220000000000000000e+03 2.212000000000000000e+03 1.335600000000000000e+04 -4.688000000000000000e+03 -1.730000000000000000e+02 -4.470000000000000000e+02
7.292000000000000000e+03 2.224000000000000000e+03 1.329600000000000000e+04 -4.672000000000000000e+03 -1.870000000000000000e+02 -4.070000000000000000e+02
7.004000000000000000e+03 2.284000000000000000e+03 1.304400000000000000e+04 -4.656000000000000000e+03 -2.260000000000000000e+02 -2.680000000000000000e+02
7.216000000000000000e+03 2.276000000000000000e+03 1.306800000000000000e+04 -4.688000000000000000e+03 -2.020000000000000000e+02 -1.810000000000000000e+02
7.396000000000000000e+03 2.284000000000000000e+03 1.315600000000000000e+04 -4.704000000000000000e+03 -2.610000000000000000e+02 -1.200000000000000000e+02
7.520000000000000000e+03 2.344000000000000000e+03 1.322800000000000000e+04 -4.656000000000000000e+03 -2.590000000000000000e+02 6.200000000000000000e+01
7.464000000000000000e+03 2.376000000000000000e+03 1.294000000000000000e+04 -4.656000000000000000e+03 -2.800000000000000000e+02 3.240000000000000000e+02
7.292000000000000000e+03 2.328000000000000000e+03 1.363600000000000000e+04 -4.672000000000000000e+03 -3.920000000000000000e+02 3.510000000000000000e+02
7.304000000000000000e+03 2.520000000000000000e+03 1.370400000000000000e+04 -4.672000000000000000e+03 -4.110000000000000000e+02 5.410000000000000000e+02
7.468000000000000000e+03 2.464000000000000000e+03 1.295200000000000000e+04 -4.688000000000000000e+03 -4.410000000000000000e+02 8.630000000000000000e+02
7.420000000000000000e+03 2.216000000000000000e+03 1.346000000000000000e+04 -4.688000000000000000e+03 -7.050000000000000000e+02 1.137000000000000000e+03
6.748000000000000000e+03 2.420000000000000000e+03 1.280000000000000000e+04 -4.656000000000000000e+03 -9.880000000000000000e+02 1.280000000000000000e+03
6.952000000000000000e+03 2.392000000000000000e+03 9.220000000000000000e+03 -4.688000000000000000e+03 -9.370000000000000000e+02 1.152000000000000000e+03
7.208000000000000000e+03 1.792000000000000000e+03 3.304000000000000000e+03 -4.656000000000000000e+03 -3.220000000000000000e+02 9.930000000000000000e+02
6.572000000000000000e+03 3.720000000000000000e+02 3.764000000000000000e+03 -4.640000000000000000e+03 -8.730000000000000000e+02 2.678000000000000000e+03
4.472000000000000000e+03 1.880000000000000000e+02 7.704000000000000000e+03 -4.672000000000000000e+03 -6.910000000000000000e+02 9.030000000000000000e+02
1.940000000000000000e+03 3.920000000000000000e+02 8.204000000000000000e+03 -4.704000000000000000e+03 -5.710000000000000000e+02 9.990000000000000000e+02
2.460000000000000000e+03 8.200000000000000000e+02 9.160000000000000000e+03 -4.672000000000000000e+03 -6.700000000000000000e+02 1.271000000000000000e+03
5.668000000000000000e+03 1.304000000000000000e+03 1.033200000000000000e+04 -4.704000000000000000e+03 -4.000000000000000000e+02 4.310000000000000000e+02
3.508000000000000000e+03 1.984000000000000000e+03 1.174400000000000000e+04 -4.672000000000000000e+03 -5.270000000000000000e+02 1.137000000000000000e+03
4.680000000000000000e+03 2.252000000000000000e+03 1.482800000000000000e+04 -4.672000000000000000e+03 -6.130000000000000000e+02 4.980000000000000000e+02
5.576000000000000000e+03 2.732000000000000000e+03 1.516000000000000000e+04 -4.656000000000000000e+03 -4.940000000000000000e+02 1.054000000000000000e+03
5.152000000000000000e+03 2.384000000000000000e+03 1.410800000000000000e+04 -4.672000000000000000e+03 -2.140000000000000000e+02 2.140000000000000000e+02
6.336000000000000000e+03 2.300000000000000000e+03 1.644800000000000000e+04 -4.656000000000000000e+03 -4.260000000000000000e+02 -6.210000000000000000e+02
6.796000000000000000e+03 2.644000000000000000e+03 1.710400000000000000e+04 -4.672000000000000000e+03 -2.660000000000000000e+02 -9.790000000000000000e+02
7.624000000000000000e+03 2.960000000000000000e+03 1.462800000000000000e+04 -4.688000000000000000e+03 -1.580000000000000000e+02 -8.550000000000000000e+02
7.484000000000000000e+03 2.528000000000000000e+03 1.450400000000000000e+04 -4.704000000000000000e+03 4.100000000000000000e+01 -1.389000000000000000e+03
7.252000000000000000e+03 2.448000000000000000e+03 1.505600000000000000e+04 -4.688000000000000000e+03 1.470000000000000000e+02 -1.799000000000000000e+03
7.776000000000000000e+03 1.740000000000000000e+03 1.686000000000000000e+04 -4.688000000000000000e+03 4.290000000000000000e+02 -2.097000000000000000e+03
8.396000000000000000e+03 2.460000000000000000e+03 1.917600000000000000e+04 -4.704000000000000000e+03 3.830000000000000000e+02 -2.139000000000000000e+03
7.316000000000000000e+03 2.200000000000000000e+03 2.370800000000000000e+04 -4.688000000000000000e+03 1.640000000000000000e+02 -2.049000000000000000e+03
9.504000000000000000e+03 3.184000000000000000e+03 2.554400000000000000e+04 -4.720000000000000000e+03 -1.230000000000000000e+02 -2.027000000000000000e+03
9.492000000000000000e+03 3.428000000000000000e+03 2.402400000000000000e+04 -4.672000000000000000e+03 -2.470000000000000000e+02 -1.880000000000000000e+03
1.228800000000000000e+04 3.240000000000000000e+03 1.980000000000000000e+04 -4.688000000000000000e+03 -2.970000000000000000e+02 -1.165000000000000000e+03
1.269600000000000000e+04 2.736000000000000000e+03 1.736400000000000000e+04 -4.688000000000000000e+03 -3.150000000000000000e+02 -1.001000000000000000e+03
1.254800000000000000e+04 2.724000000000000000e+03 1.509600000000000000e+04 -4.704000000000000000e+03 -2.920000000000000000e+02 -4.370000000000000000e+02
1.136800000000000000e+04 2.680000000000000000e+03 1.420000000000000000e+04 -4.672000000000000000e+03 -3.270000000000000000e+02 -2.360000000000000000e+02
1.115200000000000000e+04 2.520000000000000000e+03 1.472400000000000000e+04 -4.688000000000000000e+03 -3.730000000000000000e+02 -2.840000000000000000e+02
1.001200000000000000e+04 2.256000000000000000e+03 1.475200000000000000e+04 -4.672000000000000000e+03 -4.280000000000000000e+02 -6.130000000000000000e+02
1.015200000000000000e+04 2.404000000000000000e+03 1.477600000000000000e+04 -4.656000000000000000e+03 -5.030000000000000000e+02 -3.330000000000000000e+02
9.360000000000000000e+03 2.608000000000000000e+03 1.436000000000000000e+04 -4.672000000000000000e+03 -5.210000000000000000e+02 -4.220000000000000000e+02
9.840000000000000000e+03 2.912000000000000000e+03 1.386400000000000000e+04 -4.656000000000000000e+03 -6.960000000000000000e+02 -7.640000000000000000e+02
9.816000000000000000e+03 2.532000000000000000e+03 1.235200000000000000e+04 -4.672000000000000000e+03 -6.660000000000000000e+02 -1.027000000000000000e+03
1.036800000000000000e+04 2.260000000000000000e+03 8.656000000000000000e+03 -4.688000000000000000e+03 -6.380000000000000000e+02 -7.330000000000000000e+02
1.029200000000000000e+04 1.604000000000000000e+03 6.144000000000000000e+03 -4.688000000000000000e+03 -5.580000000000000000e+02 -7.930000000000000000e+02
1.006400000000000000e+04 1.232000000000000000e+03 4.476000000000000000e+03 -4.688000000000000000e+03 -4.750000000000000000e+02 -6.670000000000000000e+02
8.324000000000000000e+03 8.360000000000000000e+02 2.748000000000000000e+03 -4.704000000000000000e+03 -2.500000000000000000e+02 -1.087000000000000000e+03
6.500000000000000000e+03 5.280000000000000000e+02 3.084000000000000000e+03 -4.688000000000000000e+03 -7.900000000000000000e+01 -1.010000000000000000e+03
4.232000000000000000e+03 1.880000000000000000e+02 4.104000000000000000e+03 -4.704000000000000000e+03 1.310000000000000000e+02 -1.557000000000000000e+03
3.016000000000000000e+03 2.360000000000000000e+02 6.668000000000000000e+03 -4.672000000000000000e+03 5.340000000000000000e+02 -1.500000000000000000e+03
1.436000000000000000e+03 6.960000000000000000e+02 1.208800000000000000e+04 -4.704000000000000000e+03 1.090000000000000000e+02 -1.512000000000000000e+03
1.660000000000000000e+03 2.032000000000000000e+03 1.998800000000000000e+04 -4.672000000000000000e+03 -5.930000000000000000e+02 -1.771000000000000000e+03
3.068000000000000000e+03 4.068000000000000000e+03 1.584800000000000000e+04 -4.688000000000000000e+03 -2.360000000000000000e+02 -1.215000000000000000e+03
8.008000000000000000e+03 2.916000000000000000e+03 8.120000000000000000e+03 -4.688000000000000000e+03 5.600000000000000000e+01 -7.590000000000000000e+02
1.294000000000000000e+04 1.140000000000000000e+03 8.040000000000000000e+03 -4.656000000000000000e+03 3.870000000000000000e+02 -1.353000000000000000e+03
1.056000000000000000e+04 1.336000000000000000e+03 1.134400000000000000e+04 -4.688000000000000000e+03 9.200000000000000000e+01 -8.020000000000000000e+02
7.012000000000000000e+03 1.972000000000000000e+03 1.438800000000000000e+04 -4.704000000000000000e+03 -1.330000000000000000e+02 -3.020000000000000000e+02
7.224000000000000000e+03 2.564000000000000000e+03 1.334800000000000000e+04 -4.672000000000000000e+03 9.000000000000000000e+00 -5.020000000000000000e+02
9.480000000000000000e+03 2.160000000000000000e+03 1.100400000000000000e+04 -4.688000000000000000e+03 1.550000000000000000e+02 -3.770000000000000000e+02
1.126800000000000000e+04 1.720000000000000000e+03 9.956000000000000000e+03 -4.704000000000000000e+03 3.670000000000000000e+02 -5.680000000000000000e+02
1.038800000000000000e+04 1.576000000000000000e+03 1.038400000000000000e+04 -4.656000000000000000e+03 2.930000000000000000e+02 -3.260000000000000000e+02
8.292000000000000000e+03 1.680000000000000000e+03 1.219200000000000000e+04 -4.688000000000000000e+03 6.800000000000000000e+01 2.610000000000000000e+02
8.448000000000000000e+03 2.188000000000000000e+03 1.250800000000000000e+04 -4.656000000000000000e+03 1.060000000000000000e+02 2.590000000000000000e+02
9.676000000000000000e+03 2.328000000000000000e+03 1.103200000000000000e+04 -4.704000000000000000e+03 1.500000000000000000e+02 1.390000000000000000e+02
