1.640000000000000000e+03 -8.040000000000000000e+02 1.529600000000000000e+04 -4.736000000000000000e+03 -1.980000000000000000e+02 -6.100000000000000000e+02
1.372000000000000000e+03 2.040000000000000000e+03 1.474800000000000000e+04 -4.752000000000000000e+03 -1.850000000000000000e+02 -3.510000000000000000e+02
2.700000000000000000e+01 1.944000000000000000e+03 1.455200000000000000e+04 -4.736000000000000000e+03 -1.400000000000000000e+02 -3.710000000000000000e+02
1.996000000000000000e+03 2.112000000000000000e+03 1.426000000000000000e+04 -4.752000000000000000e+03 -1.460000000000000000e+02 -2.680000000000000000e+02
1.788000000000000000e+03 2.168000000000000000e+03 1.405600000000000000e+04 -4.752000000000000000e+03 -1.190000000000000000e+02 9.200000000000000000e+01
1.840000000000000000e+03 2.176000000000000000e+03 1.443200000000000000e+04 -4.720000000000000000e+03 -2.140000000000000000e+02 -3.700000000000000000e+01
2.064000000000000000e+03 2.096000000000000000e+03 1.460800000000000000e+04 -4.720000000000000000e+03 -3.070000000000000000e+02 2.730000000000000000e+02
2.376000000000000000e+03 2.052000000000000000e+03 1.396800000000000000e+04 -4.704000000000000000e+03 -2.860000000000000000e+02 6.210000000000000000e+02
2.604000000000000000e+03 1.992000000000000000e+03 1.409200000000000000e+04 -4.720000000000000000e+03 -3.070000000000000000e+02 7.500000000000000000e+02
2.832000000000000000e+03 2.016000000000000000e+03 1.424400000000000000e+04 -4.704000000000000000e+03 -3.470000000000000000e+02 8.530000000000000000e+02
3.032000000000000000e+03 2.120000000000000000e+03 1.452800000000000000e+04 -4.736000000000000000e+03 -3.380000000000000000e+02 8.810000000000000000e+02
2.880000000000000000e+03 2.100000000000000000e+03 1.462000000000000000e+04 -4.736000000000000000e+03 -3.520000000000000000e+02 7.560000000000000000e+02
3.208000000000000000e+03 2.320000000000000000e+03 1.429200000000000000e+04 -4.720000000000000000e+03 -2.980000000000000000e+02 6.700000000000000000e+02
2.840000000000000000e+03 2.428000000000000000e+03 1.418000000000000000e+04 -4.720000000000000000e+03 -2.930000000000000000e+02 4.110000000000000000e+02
3.224000000000000000e+03 2.340000000000000000e+03 1.403600000000000000e+04 -4.752000000000000000e+03 -3.150000000000000000e+02 2.550000000000000000e+02
3.516000000000000000e+03 2.320000000000000000e+03 1.404400000000000000e+04 -4.736000000000000000e+03 -2.730000000000000000e+02 1.570000000000000000e+02
3.576000000000000000e+03 2.368000000000000000e+03 1.410800000000000000e+04 -4.752000000000000000e+03 -2.980000000000000000e+02 -1.000000000000000000e+01
3.432000000000000000e+03 2.292000000000000000e+03 1.409600000000000000e+04 -4.720000000000000000e+03 -2.860000000000000000e+02 1.300000000000000000e+01
3.244000000000000000e+03 2.300000000000000000e+03 1.438800000000000000e+04 -4.736000000000000000e+03 -2.360000000000000000e+02 1.270000000000000000e+02
3.216000000000000000e+03 2.444000000000000000e+03 1.446400000000000000e+04 -4.736000000000000000e+03 -2.160000000000000000e+02 1.020000000000000000e+02
3.208000000000000000e+03 2.460000000000000000e+03 1.460000000000000000e+04 -4.720000000000000000e+03 -3.780000000000000000e+02 3.870000000000000000e+02
3.196000000000000000e+03 2.476000000000000000e+03 1.454000000000000000e+04 -4.720000000000000000e+03 -3.470000000000000000e+02 4.600000000000000000e+02
3.180000000000000000e+03 2.484000000000000000e+03 1.448800000000000000e+04 -4.704000000000000000e+03 -4.160000000000000000e+02 8.160000000000000000e+02
3.220000000000000000e+03 2.556000000000000000e+03 1.440800000000000000e+04 -4.752000000000000000e+03 -5.360000000000000000e+02 7.690000000000000000e+02
2.928000000000000000e+03 2.396000000000000000e+03 1.460000000000000000e+04 -4.704000000000000000e+03 -6.830000000000000000e+02 -1.700000000000000000e+01
2.908000000000000000e+03 2.256000000000000000e+03 1.524000000000000000e+04 -4.736000000000000000e+03 -1.018000000000000000e+03 5.670000000000000000e+02
2.716000000000000000e+03 2.248000000000000000e+03 1.577200000000000000e+04 -4.720000000000000000e+03 -6.410000000000000000e+02 1.416000000000000000e+03
2.764000000000000000e+03 2.276000000000000000e+03 1.419200000000000000e+04 -4.752000000000000000e+03 -5.000000000000000000e+02 4.850000000000000000e+02
2.708000000000000000e+03 2.360000000000000000e+03 1.418400000000000000e+04 -4.736000000000000000e+03 -7.000000000000000000e+02 5.100000000000000000e+02
2.732000000000000000e+03 2.328000000000000000e+03 1.339600000000000000e+04 -4.736000000000000000e+03 -6.950000000000000000e+02 5.070000000000000000e+02
2.868000000000000000e+03 2.168000000000000000e+03 1.194800000000000000e+04 -4.704000000000000000e+03 -6.510000000000000000e+02 6.900000000000000000e+01
3.116000000000000000e+03 1.952000000000000000e+03 8.824000000000000000e+03 -4.768000000000000000e+03 -6.680000000000000000e+02 -3.930000000000000000e+02
2.340000000000000000e+03 2.012000000000000000e+03 4.228000000000000000e+03 -4.720000000000000000e+03 -7.150000000000000000e+02 -4.810000000000000000e+02
2.824000000000000000e+03 1.820000000000000000e+03 5.728000000000000000e+03 -4.688000000000000000e+03 -6.590000000000000000e+02 -8.660000000000000000e+02
3.260000000000000000e+03 1.696000000000000000e+03 8.416000000000000000e+03 -4.704000000000000000e+03 -6.510000000000000000e+02 -9.450000000000000000e+02
2.544000000000000000e+03 9.800000000000000000e+02 1.012000000000000000e+04 -4.736000000000000000e+03 -5.150000000000000000e+02 -1.407000000000000000e+03
1.968000000000000000e+03 3.960000000000000000e+02 1.056000000000000000e+04 -4.704000000000000000e+03 -5.330000000000000000e+02 -1.661000000000000000e+03
1.160000000000000000e+03 1.196000000000000000e+03 1.285600000000000000e+04 -4.720000000000000000e+03 -5.800000000000000000e+02 -1.674000000000000000e+03
1.692000000000000000e+03 1.684000000000000000e+03 1.405200000000000000e+04 -4.704000000000000000e+03 -3.960000000000000000e+02 -1.757000000000000000e+03
2.720000000000000000e+03 1.684000000000000000e+03 1.472000000000000000e+04 -4.752000000000000000e+03 -3.370000000000000000e+02 -1.716000000000000000e+03
2.316000000000000000e+03 1.476000000000000000e+03 1.381600000000000000e+04 -4.704000000000000000e+03 -2.510000000000000000e+02 -1.619000000000000000e+03
1.144000000000000000e+03 1.732000000000000000e+03 1.485600000000000000e+04 -4.736000000000000000e+03 -1.540000000000000000e+02 -1.256000000000000000e+03
1.544000000000000000e+03 2.028000000000000000e+03 1.646000000000000000e+04 -4.736000000000000000e+03 4.400000000000000000e+01 -9.300000000000000000e+02
1.668000000000000000e+03 2.480000000000000000e+03 1.600000000000000000e+04 -4.736000000000000000e+03 2.410000000000000000e+02 -5.510000000000000000e+02
1.508000000000000000e+03 2.384000000000000000e+03 1.550800000000000000e+04 -4.768000000000000000e+03 -4.700000000000000000e+01 -8.200000000000000000e+01
2.624000000000000000e+03 1.880000000000000000e+03 1.627600000000000000e+04 -4.736000000000000000e+03 -4.260000000000000000e+02 -4.390000000000000000e+02
4.192000000000000000e+03 2.412000000000000000e+03 1.750000000000000000e+04 -4.752000000000000000e+03 -4.720000000000000000e+02 1.310000000000000000e+02
3.204000000000000000e+03 2.200000000000000000e+03 1.852000000000000000e+04 -4.736000000000000000e+03 -5.500000000000000000e+02 6.900000000000000000e+01
3.676000000000000000e+03 2.008000000000000000e+03 2.116400000000000000e+04 -4.752000000000000000e+03 -7.390000000000000000e+02 -1.930000000000000000e+02
3.392000000000000000e+03 2.052000000000000000e+03 2.502800000000000000e+04 -4.736000000000000000e+03 -5.930000000000000000e+02 -5.220000000000000000e+02
4.100000000000000000e+03 2.084000000000000000e+03 2.979200000000000000e+04 -4.768000000000000000e+03 -5.620000000000000000e+02 -7.080000000000000000e+02
4.264000000000000000e+03 1.984000000000000000e+03 2.735200000000000000e+04 -4.720000000000000000e+03 -3.890000000000000000e+02 -5.790000000000000000e+02
4.736000000000000000e+03 2.256000000000000000e+03 2.247600000000000000e+04 -4.768000000000000000e+03 -2.820000000000000000e+02 -6.180000000000000000e+02
4.944000000000000000e+03 2.812000000000000000e+03 2.100000000000000000e+04 -4.752000000000000000e+03 -3.380000000000000000e+02 -7.010000000000000000e+02
5.904000000000000000e+03 3.536000000000000000e+03 1.647200000000000000e+04 -4.720000000000000000e+03 -3.560000000000000000e+02 -6.490000000000000000e+02
6.656000000000000000e+03 3.040000000000000000e+03 1.488000000000000000e+04 -4.736000000000000000e+03 -4.000000000000000000e+02 -8.800000000000000000e+01
6.804000000000000000e+03 2.672000000000000000e+03 1.444400000000000000e+04 -4.752000000000000000e+03 -4.690000000000000000e+02 2.390000000000000000e+02
6.140000000000000000e+03 2.736000000000000000e+03 1.431200000000000000e+04 -4.736000000000000000e+03 -5.100000000000000000e+02 -1.700000000000000000e+02
6.396000000000000000e+03 1.956000000000000000e+03 1.488000000000000000e+04 -4.752000000000000000e+03 -6.150000000000000000e+02 5.480000000000000000e+02
6.720000000000000000e+03 2.016000000000000000e+03 1.557600000000000000e+04 -4.752000000000000000e+03 -4.660000000000000000e+02 7.480000000000000000e+02
7.020000000000000000e+03 2.160000000000000000e+03 1.601200000000000000e+04 -4.768000000000000000e+03 -4.270000000000000000e+02 1.662000000000000000e+03
5.848000000000000000e+03 2.372000000000000000e+03 1.566800000000000000e+04 -4.736000000000000000e+03 -3.260000000000000000e+02 -6.160000000000000000e+02
4.976000000000000000e+03 2.604000000000000000e+03 1.417200000000000000e+04 -4.736000000000000000e+03 -1.760000000000000000e+02 1.081000000000000000e+03
4.680000000000000000e+03 2.408000000000000000e+03 1.208800000000000000e+04 -4.752000000000000000e+03 2.940000000000000000e+02 8.940000000000000000e+02
5.608000000000000000e+03 2.304000000000000000e+03 9.908000000000000000e+03 -4.720000000000000000e+03 4.470000000000000000e+02 3.930000000000000000e+02
5.796000000000000000e+03 2.240000000000000000e+03 5.672000000000000000e+03 -4.704000000000000000e+03 5.370000000000000000e+02 1.070000000000000000e+03
6.292000000000000000e+03 2.244000000000000000e+03 3.528000000000000000e+03 -4.736000000000000000e+03 -2.430000000000000000e+02 1.791000000000000000e+03
6.472000000000000000e+03 1.788000000000000000e+03 1.908000000000000000e+03 -4.736000000000000000e+03 -5.030000000000000000e+02 1.520000000000000000e+03
6.992000000000000000e+03 1.304000000000000000e+03 1.932000000000000000e+03 -4.768000000000000000e+03 -2.260000000000000000e+02 1.655000000000000000e+03
6.328000000000000000e+03 5.600000000000000000e+02 4.488000000000000000e+03 -4.736000000000000000e+03 4.500000000000000000e+01 1.900000000000000000e+03
4.760000000000000000e+03 7.200000000000000000e+01 9.864000000000000000e+03 -4.752000000000000000e+03 2.800000000000000000e+01 2.055000000000000000e+03
