-3.564000000000000000e+03 1.712000000000000000e+03 1.400000000000000000e+04 -4.768000000000000000e+03 -3.370000000000000000e+02 3.850000000000000000e+02
-3.232000000000000000e+03 1.552000000000000000e+03 1.375200000000000000e+04 -4.768000000000000000e+03 -4.120000000000000000e+02 4.150000000000000000e+02
-2.792000000000000000e+03 1.480000000000000000e+03 1.374800000000000000e+04 -4.736000000000000000e+03 -3.980000000000000000e+02 1.500000000000000000e+02
-3.012000000000000000e+03 1.288000000000000000e+03 1.440400000000000000e+04 -4.768000000000000000e+03 -4.410000000000000000e+02 7.100000000000000000e+01
-3.540000000000000000e+03 1.208000000000000000e+03 1.463200000000000000e+04 -4.752000000000000000e+03 -4.740000000000000000e+02 2.560000000000000000e+02
-3.472000000000000000e+03 1.320000000000000000e+03 1.437200000000000000e+04 -4.720000000000000000e+03 -3.900000000000000000e+02 1.990000000000000000e+02
-3.336000000000000000e+03 1.336000000000000000e+03 1.389200000000000000e+04 -4.784000000000000000e+03 -4.250000000000000000e+02 3.910000000000000000e+02
-3.404000000000000000e+03 1.156000000000000000e+03 1.385200000000000000e+04 -4.752000000000000000e+03 -3.590000000000000000e+02 5.680000000000000000e+02
-3.504000000000000000e+03 1.236000000000000000e+03 1.424000000000000000e+04 -4.768000000000000000e+03 -2.610000000000000000e+02 7.740000000000000000e+02
-3.696000000000000000e+03 1.220000000000000000e+03 1.437200000000000000e+04 -4.768000000000000000e+03 -2.680000000000000000e+02 1.037000000000000000e+03
-3.780000000000000000e+03 1.360000000000000000e+03 1.435200000000000000e+04 -4.784000000000000000e+03 -2.900000000000000000e+02 1.322000000000000000e+03
-4.068000000000000000e+03 1.376000000000000000e+03 1.385600000000000000e+04 -4.768000000000000000e+03 -3.800000000000000000e+02 1.318000000000000000e+03
-3.940000000000000000e+03 1.432000000000000000e+03 1.400000000000000000e+04 -4.752000000000000000e+03 -4.630000000000000000e+02 1.165000000000000000e+03
-3.916000000000000000e+03 1.456000000000000000e+03 1.405200000000000000e+04 -4.768000000000000000e+03 -4.340000000000000000e+02 1.287000000000000000e+03
-4.136000000000000000e+03 1.524000000000000000e+03 1.387200000000000000e+04 -4.752000000000000000e+03 -5.940000000000000000e+02 1.405000000000000000e+03
-4.032000000000000000e+03 1.472000000000000000e+03 1.370800000000000000e+04 -4.752000000000000000e+03 -7.740000000000000000e+02 1.320000000000000000e+03
-3.696000000000000000e+03 1.436000000000000000e+03 1.401600000000000000e+04 -4.752000000000000000e+03 -7.880000000000000000e+02 1.029000000000000000e+03
-3.660000000000000000e+03 1.308000000000000000e+03 1.377600000000000000e+04 -4.736000000000000000e+03 -5.770000000000000000e+02 6.300000000000000000e+02
-3.732000000000000000e+03 1.316000000000000000e+03 1.402000000000000000e+04 -4.784000000000000000e+03 -6.970000000000000000e+02 2.580000000000000000e+02
-3.900000000000000000e+03 1.348000000000000000e+03 1.417600000000000000e+04 -4.800000000000000000e+03 -5.610000000000000000e+02 -2.790000000000000000e+02
-3.652000000000000000e+03 1.260000000000000000e+03 1.478000000000000000e+04 -4.752000000000000000e+03 -5.340000000000000000e+02 -1.610000000000000000e+02
-3.660000000000000000e+03 1.308000000000000000e+03 1.452000000000000000e+04 -4.736000000000000000e+03 -3.370000000000000000e+02 1.600000000000000000e+01
-3.704000000000000000e+03 1.460000000000000000e+03 1.325600000000000000e+04 -4.768000000000000000e+03 -5.250000000000000000e+02 -1.990000000000000000e+02
-3.496000000000000000e+03 1.220000000000000000e+03 1.221600000000000000e+04 -4.752000000000000000e+03 -3.900000000000000000e+02 -2.560000000000000000e+02
-3.876000000000000000e+03 1.280000000000000000e+03 1.241600000000000000e+04 -4.752000000000000000e+03 -4.400000000000000000e+02 -2.710000000000000000e+02
-3.444000000000000000e+03 1.368000000000000000e+03 9.876000000000000000e+03 -4.784000000000000000e+03 -3.130000000000000000e+02 -5.320000000000000000e+02
-3.668000000000000000e+03 1.400000000000000000e+03 7.176000000000000000e+03 -4.784000000000000000e+03 -4.360000000000000000e+02 -5.750000000000000000e+02
-3.516000000000000000e+03 1.256000000000000000e+03 6.084000000000000000e+03 -4.784000000000000000e+03 -3.640000000000000000e+02 -1.053000000000000000e+03
-3.612000000000000000e+03 1.008000000000000000e+03 7.020000000000000000e+03 -4.736000000000000000e+03 -3.240000000000000000e+02 -1.329000000000000000e+03
-3.764000000000000000e+03 8.680000000000000000e+02 7.520000000000000000e+03 -4.752000000000000000e+03 -4.030000000000000000e+02 -1.274000000000000000e+03
-4.200000000000000000e+03 1.012000000000000000e+03 1.033600000000000000e+04 -4.752000000000000000e+03 -1.830000000000000000e+02 -1.156000000000000000e+03
-4.988000000000000000e+03 5.720000000000000000e+02 1.185600000000000000e+04 -4.752000000000000000e+03 -1.340000000000000000e+02 -1.146000000000000000e+03
-4.800000000000000000e+03 -8.800000000000000000e+01 1.222800000000000000e+04 -4.768000000000000000e+03 4.100000000000000000e+01 -1.603000000000000000e+03
-4.376000000000000000e+03 -4.360000000000000000e+02 1.341600000000000000e+04 -4.768000000000000000e+03 2.260000000000000000e+02 -2.940000000000000000e+02
-3.728000000000000000e+03 5.960000000000000000e+02 1.449200000000000000e+04 -4.768000000000000000e+03 2.150000000000000000e+02 -2.310000000000000000e+02
-3.504000000000000000e+03 1.132000000000000000e+03 1.392000000000000000e+04 -4.752000000000000000e+03 -2.310000000000000000e+02 -3.070000000000000000e+02
-3.072000000000000000e+03 1.948000000000000000e+03 1.426800000000000000e+04 -4.752000000000000000e+03 -5.450000000000000000e+02 -1.360000000000000000e+02
-1.740000000000000000e+03 1.172000000000000000e+03 1.454400000000000000e+04 -4.752000000000000000e+03 -2.780000000000000000e+02 -8.600000000000000000e+01
-7.400000000000000000e+02 1.276000000000000000e+03 1.523200000000000000e+04 -4.768000000000000000e+03 -3.340000000000000000e+02 -4.700000000000000000e+01
-1.040000000000000000e+03 1.552000000000000000e+03 1.508000000000000000e+04 -4.768000000000000000e+03 -3.510000000000000000e+02 5.800000000000000000e+01
-1.692000000000000000e+03 1.320000000000000000e+03 1.472400000000000000e+04 -4.768000000000000000e+03 -3.010000000000000000e+02 4.740000000000000000e+02
-3.516000000000000000e+03 9.960000000000000000e+02 1.672800000000000000e+04 -4.768000000000000000e+03 -2.980000000000000000e+02 8.310000000000000000e+02
-4.100000000000000000e+03 1.164000000000000000e+03 1.906800000000000000e+04 -4.768000000000000000e+03 -2.950000000000000000e+02 1.022000000000000000e+03
-3.868000000000000000e+03 1.016000000000000000e+03 2.392400000000000000e+04 -4.752000000000000000e+03 -3.560000000000000000e+02 1.279000000000000000e+03
-4.736000000000000000e+03 1.044000000000000000e+03 2.867600000000000000e+04 -4.768000000000000000e+03 -4.100000000000000000e+02 1.236000000000000000e+03
-4.952000000000000000e+03 1.412000000000000000e+03 3.060400000000000000e+04 -4.768000000000000000e+03 -4.590000000000000000e+02 1.470000000000000000e+03
-5.136000000000000000e+03 1.252000000000000000e+03 2.512000000000000000e+04 -4.768000000000000000e+03 -6.190000000000000000e+02 2.011000000000000000e+03
-5.388000000000000000e+03 1.284000000000000000e+03 2.032800000000000000e+04 -4.768000000000000000e+03 -6.700000000000000000e+02 8.190000000000000000e+02
-4.788000000000000000e+03 1.344000000000000000e+03 1.778000000000000000e+04 -4.752000000000000000e+03 -8.230000000000000000e+02 8.470000000000000000e+02
-4.316000000000000000e+03 1.924000000000000000e+03 1.631600000000000000e+04 -4.752000000000000000e+03 -7.350000000000000000e+02 1.330000000000000000e+03
-4.676000000000000000e+03 2.216000000000000000e+03 1.561600000000000000e+04 -4.736000000000000000e+03 -4.830000000000000000e+02 1.336000000000000000e+03
-4.824000000000000000e+03 2.192000000000000000e+03 1.541600000000000000e+04 -4.752000000000000000e+03 -4.180000000000000000e+02 8.130000000000000000e+02
-5.396000000000000000e+03 1.976000000000000000e+03 1.536000000000000000e+04 -4.736000000000000000e+03 -1.500000000000000000e+02 3.740000000000000000e+02
-6.780000000000000000e+03 1.772000000000000000e+03 1.597200000000000000e+04 -4.768000000000000000e+03 1.220000000000000000e+02 -3.060000000000000000e+02
-8.180000000000000000e+03 1.760000000000000000e+03 1.629200000000000000e+04 -4.736000000000000000e+03 4.260000000000000000e+02 4.030000000000000000e+02
-1.012400000000000000e+04 1.520000000000000000e+03 1.672000000000000000e+04 -4.736000000000000000e+03 3.050000000000000000e+02 9.150000000000000000e+02
-8.436000000000000000e+03 1.620000000000000000e+03 1.577200000000000000e+04 -4.768000000000000000e+03 -2.900000000000000000e+02 4.850000000000000000e+02
-5.244000000000000000e+03 1.352000000000000000e+03 1.454400000000000000e+04 -4.752000000000000000e+03 -3.290000000000000000e+02 5.550000000000000000e+02
-3.468000000000000000e+03 1.376000000000000000e+03 1.092000000000000000e+04 -4.816000000000000000e+03 2.130000000000000000e+02 7.760000000000000000e+02
-3.144000000000000000e+03 1.388000000000000000e+03 5.752000000000000000e+03 -4.768000000000000000e+03 3.220000000000000000e+02 1.455000000000000000e+03
