6.052000000000000000e+03 2.744000000000000000e+03 1.360400000000000000e+04 -4.672000000000000000e+03 3.840000000000000000e+02 -5.389000000000000000e+03
5.552000000000000000e+03 2.756000000000000000e+03 1.321200000000000000e+04 -4.672000000000000000e+03 3.260000000000000000e+02 -4.859000000000000000e+03
6.012000000000000000e+03 2.804000000000000000e+03 1.280800000000000000e+04 -4.656000000000000000e+03 2.690000000000000000e+02 -4.583000000000000000e+03
6.532000000000000000e+03 2.952000000000000000e+03 1.325200000000000000e+04 -4.688000000000000000e+03 2.640000000000000000e+02 -4.334000000000000000e+03
7.088000000000000000e+03 2.752000000000000000e+03 1.276800000000000000e+04 -4.640000000000000000e+03 1.900000000000000000e+02 -3.759000000000000000e+03
7.668000000000000000e+03 2.808000000000000000e+03 1.252400000000000000e+04 -4.672000000000000000e+03 1.560000000000000000e+02 -3.534000000000000000e+03
8.104000000000000000e+03 3.108000000000000000e+03 1.307200000000000000e+04 -4.656000000000000000e+03 1.070000000000000000e+02 -3.205000000000000000e+03
8.148000000000000000e+03 3.252000000000000000e+03 1.214400000000000000e+04 -4.656000000000000000e+03 4.400000000000000000e+01 -2.758000000000000000e+03
9.440000000000000000e+03 3.180000000000000000e+03 1.222800000000000000e+04 -4.656000000000000000e+03 -4.100000000000000000e+01 -2.285000000000000000e+03
8.984000000000000000e+03 3.140000000000000000e+03 1.211200000000000000e+04 -4.688000000000000000e+03 -9.800000000000000000e+01 -1.976000000000000000e+03
9.088000000000000000e+03 3.144000000000000000e+03 1.220400000000000000e+04 -4.672000000000000000e+03 -1.550000000000000000e+02 -1.553000000000000000e+03
9.456000000000000000e+03 2.916000000000000000e+03 1.175600000000000000e+04 -4.672000000000000000e+03 -1.980000000000000000e+02 -1.218000000000000000e+03
9.628000000000000000e+03 2.808000000000000000e+03 1.181600000000000000e+04 -4.672000000000000000e+03 -2.760000000000000000e+02 -7.680000000000000000e+02
9.544000000000000000e+03 2.740000000000000000e+03 1.178800000000000000e+04 -4.688000000000000000e+03 -3.060000000000000000e+02 -4.590000000000000000e+02
9.992000000000000000e+03 2.832000000000000000e+03 1.122800000000000000e+04 -4.704000000000000000e+03 -3.210000000000000000e+02 -7.800000000000000000e+01
9.976000000000000000e+03 2.772000000000000000e+03 1.145200000000000000e+04 -4.688000000000000000e+03 -3.780000000000000000e+02 2.020000000000000000e+02
9.808000000000000000e+03 2.728000000000000000e+03 1.134400000000000000e+04 -4.688000000000000000e+03 -4.270000000000000000e+02 4.940000000000000000e+02
9.544000000000000000e+03 2.764000000000000000e+03 1.155200000000000000e+04 -4.672000000000000000e+03 -4.460000000000000000e+02 6.760000000000000000e+02
9.884000000000000000e+03 2.596000000000000000e+03 1.170400000000000000e+04 -4.656000000000000000e+03 -4.350000000000000000e+02 8.250000000000000000e+02
9.788000000000000000e+03 2.724000000000000000e+03 1.142800000000000000e+04 -4.688000000000000000e+03 -4.580000000000000000e+02 9.960000000000000000e+02
9.788000000000000000e+03 2.752000000000000000e+03 1.159600000000000000e+04 -4.672000000000000000e+03 -3.800000000000000000e+02 1.140000000000000000e+03
9.436000000000000000e+03 2.676000000000000000e+03 1.113600000000000000e+04 -4.672000000000000000e+03 -4.080000000000000000e+02 1.232000000000000000e+03
9.044000000000000000e+03 2.656000000000000000e+03 1.142400000000000000e+04 -4.688000000000000000e+03 -3.950000000000000000e+02 1.272000000000000000e+03
9.256000000000000000e+03 2.856000000000000000e+03 1.209200000000000000e+04 -4.656000000000000000e+03 -4.120000000000000000e+02 1.305000000000000000e+03
9.504000000000000000e+03 2.764000000000000000e+03 1.210800000000000000e+04 -4.688000000000000000e+03 -3.610000000000000000e+02 1.259000000000000000e+03
9.580000000000000000e+03 2.644000000000000000e+03 1.187200000000000000e+04 -4.672000000000000000e+03 -3.240000000000000000e+02 1.386000000000000000e+03
9.704000000000000000e+03 2.472000000000000000e+03 1.148400000000000000e+04 -4.656000000000000000e+03 -2.750000000000000000e+02 1.638000000000000000e+03
8.900000000000000000e+03 2.556000000000000000e+03 1.158800000000000000e+04 -4.656000000000000000e+03 -2.660000000000000000e+02 1.566000000000000000e+03
8.680000000000000000e+03 2.580000000000000000e+03 1.206400000000000000e+04 -4.688000000000000000e+03 -3.250000000000000000e+02 1.885000000000000000e+03
8.684000000000000000e+03 2.732000000000000000e+03 1.274400000000000000e+04 -4.688000000000000000e+03 -3.290000000000000000e+02 1.819000000000000000e+03
8.580000000000000000e+03 2.836000000000000000e+03 1.226400000000000000e+04 -4.640000000000000000e+03 -4.080000000000000000e+02 2.337000000000000000e+03
8.164000000000000000e+03 2.428000000000000000e+03 1.145600000000000000e+04 -4.640000000000000000e+03 -5.550000000000000000e+02 1.300000000000000000e+03
6.544000000000000000e+03 2.244000000000000000e+03 1.018400000000000000e+04 -4.640000000000000000e+03 -3.030000000000000000e+02 1.415000000000000000e+03
6.292000000000000000e+03 1.684000000000000000e+03 8.080000000000000000e+03 -4.672000000000000000e+03 -1.530000000000000000e+02 1.886000000000000000e+03
3.764000000000000000e+03 9.120000000000000000e+02 4.336000000000000000e+03 -4.656000000000000000e+03 -3.840000000000000000e+02 1.820000000000000000e+03
2.644000000000000000e+03 1.452000000000000000e+03 4.396000000000000000e+03 -4.672000000000000000e+03 -8.000000000000000000e+01 1.214000000000000000e+03
6.760000000000000000e+03 1.860000000000000000e+03 7.304000000000000000e+03 -4.656000000000000000e+03 -2.120000000000000000e+02 9.510000000000000000e+02
4.724000000000000000e+03 2.288000000000000000e+03 8.672000000000000000e+03 -4.656000000000000000e+03 -3.100000000000000000e+01 5.510000000000000000e+02
4.912000000000000000e+03 2.652000000000000000e+03 9.192000000000000000e+03 -4.656000000000000000e+03 -1.120000000000000000e+02 5.900000000000000000e+01
7.128000000000000000e+03 2.752000000000000000e+03 1.009600000000000000e+04 -4.688000000000000000e+03 -1.140000000000000000e+02 -4.520000000000000000e+02
7.328000000000000000e+03 3.200000000000000000e+03 1.272800000000000000e+04 -4.672000000000000000e+03 -1.480000000000000000e+02 -9.800000000000000000e+02
8.172000000000000000e+03 2.832000000000000000e+03 1.289600000000000000e+04 -4.640000000000000000e+03 -2.040000000000000000e+02 -1.600000000000000000e+03
7.932000000000000000e+03 3.124000000000000000e+03 1.416400000000000000e+04 -4.672000000000000000e+03 -1.980000000000000000e+02 -1.955000000000000000e+03
8.904000000000000000e+03 2.824000000000000000e+03 1.364000000000000000e+04 -4.640000000000000000e+03 -1.540000000000000000e+02 -2.297000000000000000e+03
8.884000000000000000e+03 3.176000000000000000e+03 1.351200000000000000e+04 -4.688000000000000000e+03 -2.370000000000000000e+02 -1.778000000000000000e+03
9.520000000000000000e+03 3.596000000000000000e+03 1.364000000000000000e+04 -4.640000000000000000e+03 -1.650000000000000000e+02 -2.341000000000000000e+03
1.006400000000000000e+04 3.592000000000000000e+03 1.401600000000000000e+04 -4.688000000000000000e+03 -1.650000000000000000e+02 -2.380000000000000000e+03
9.744000000000000000e+03 3.560000000000000000e+03 1.456800000000000000e+04 -4.704000000000000000e+03 -2.940000000000000000e+02 -1.395000000000000000e+03
1.146000000000000000e+04 3.196000000000000000e+03 1.527600000000000000e+04 -4.656000000000000000e+03 -2.400000000000000000e+02 -1.052000000000000000e+03
1.189600000000000000e+04 3.336000000000000000e+03 1.573200000000000000e+04 -4.704000000000000000e+03 -4.510000000000000000e+02 -3.500000000000000000e+02
1.276400000000000000e+04 3.908000000000000000e+03 1.705600000000000000e+04 -4.672000000000000000e+03 -3.230000000000000000e+02 1.300000000000000000e+01
1.336400000000000000e+04 4.504000000000000000e+03 1.779200000000000000e+04 -4.688000000000000000e+03 -3.670000000000000000e+02 5.440000000000000000e+02
1.402800000000000000e+04 4.732000000000000000e+03 1.772000000000000000e+04 -4.672000000000000000e+03 -5.480000000000000000e+02 9.690000000000000000e+02
1.460800000000000000e+04 5.244000000000000000e+03 1.953200000000000000e+04 -4.640000000000000000e+03 -6.270000000000000000e+02 7.550000000000000000e+02
1.453200000000000000e+04 5.096000000000000000e+03 1.964800000000000000e+04 -4.672000000000000000e+03 -6.800000000000000000e+02 1.021000000000000000e+03
1.362400000000000000e+04 4.760000000000000000e+03 1.807600000000000000e+04 -4.640000000000000000e+03 -6.920000000000000000e+02 5.930000000000000000e+02
1.326000000000000000e+04 4.372000000000000000e+03 1.614800000000000000e+04 -4.704000000000000000e+03 -6.670000000000000000e+02 5.260000000000000000e+02
1.310800000000000000e+04 3.872000000000000000e+03 1.481200000000000000e+04 -4.688000000000000000e+03 -6.800000000000000000e+02 3.790000000000000000e+02
1.238000000000000000e+04 3.616000000000000000e+03 1.426800000000000000e+04 -4.656000000000000000e+03 -7.330000000000000000e+02 1.670000000000000000e+02
1.234000000000000000e+04 3.472000000000000000e+03 1.430400000000000000e+04 -4.656000000000000000e+03 -7.540000000000000000e+02 6.500000000000000000e+01
1.238000000000000000e+04 3.464000000000000000e+03 1.434400000000000000e+04 -4.688000000000000000e+03 -7.420000000000000000e+02 3.360000000000000000e+02
1.232800000000000000e+04 3.416000000000000000e+03 1.365200000000000000e+04 -4.656000000000000000e+03 -8.040000000000000000e+02 1.580000000000000000e+02
1.215200000000000000e+04 3.312000000000000000e+03 1.382800000000000000e+04 -4.688000000000000000e+03 -7.440000000000000000e+02 3.270000000000000000e+02
1.148800000000000000e+04 3.196000000000000000e+03 1.300400000000000000e+04 -4.672000000000000000e+03 -8.010000000000000000e+02 6.330000000000000000e+02
1.109200000000000000e+04 2.856000000000000000e+03 1.145200000000000000e+04 -4.688000000000000000e+03 -7.420000000000000000e+02 5.660000000000000000e+02
1.109200000000000000e+04 2.300000000000000000e+03 1.006400000000000000e+04 -4.656000000000000000e+03 -7.000000000000000000e+02 1.239000000000000000e+03
9.328000000000000000e+03 1.592000000000000000e+03 7.364000000000000000e+03 -4.656000000000000000e+03 -5.470000000000000000e+02 1.236000000000000000e+03
7.216000000000000000e+03 8.800000000000000000e+02 4.400000000000000000e+03 -4.688000000000000000e+03 -3.580000000000000000e+02 1.587000000000000000e+03
4.800000000000000000e+03 4.080000000000000000e+02 2.256000000000000000e+03 -4.672000000000000000e+03 -9.500000000000000000e+01 6.080000000000000000e+02
2.456000000000000000e+03 1.400000000000000000e+02 7.160000000000000000e+02 -4.656000000000000000e+03 -1.200000000000000000e+01 5.980000000000000000e+02
1.092000000000000000e+03 2.840000000000000000e+02 2.248000000000000000e+03 -4.656000000000000000e+03 4.180000000000000000e+02 -2.985000000000000000e+03
3.520000000000000000e+02 5.800000000000000000e+02 3.944000000000000000e+03 -4.672000000000000000e+03 3.280000000000000000e+02 2.115000000000000000e+03
1.040000000000000000e+03 2.052000000000000000e+03 7.388000000000000000e+03 -4.688000000000000000e+03 1.480000000000000000e+02 8.470000000000000000e+02
4.620000000000000000e+03 3.576000000000000000e+03 1.529600000000000000e+04 -4.688000000000000000e+03 -7.630000000000000000e+02 1.038000000000000000e+03
8.540000000000000000e+03 4.776000000000000000e+03 2.215200000000000000e+04 -4.640000000000000000e+03 -3.190000000000000000e+02 5.800000000000000000e+02
1.062000000000000000e+04 3.692000000000000000e+03 1.681200000000000000e+04 -4.672000000000000000e+03 -1.300000000000000000e+01 1.153000000000000000e+03
1.048400000000000000e+04 2.088000000000000000e+03 9.116000000000000000e+03 -4.688000000000000000e+03 7.100000000000000000e+01 1.203000000000000000e+03
6.068000000000000000e+03 2.396000000000000000e+03 8.820000000000000000e+03 -4.704000000000000000e+03 -3.700000000000000000e+01 1.520000000000000000e+03
6.316000000000000000e+03 3.072000000000000000e+03 1.091200000000000000e+04 -4.656000000000000000e+03 -4.180000000000000000e+02 1.650000000000000000e+03
8.932000000000000000e+03 3.660000000000000000e+03 1.488000000000000000e+04 -4.672000000000000000e+03 -4.800000000000000000e+02 1.815000000000000000e+03
1.020000000000000000e+04 3.320000000000000000e+03 1.501200000000000000e+04 -4.688000000000000000e+03 -3.200000000000000000e+02 1.891000000000000000e+03
1.013200000000000000e+04 2.204000000000000000e+03 1.182800000000000000e+04 -4.688000000000000000e+03 -2.390000000000000000e+02 1.880000000000000000e+03
