4.640000000000000000e+02 1.772000000000000000e+03 1.461600000000000000e+04 -4.688000000000000000e+03 -2.420000000000000000e+02 -2.450000000000000000e+02
6.840000000000000000e+02 1.640000000000000000e+03 1.444400000000000000e+04 -4.720000000000000000e+03 -1.920000000000000000e+02 -2.480000000000000000e+02
8.840000000000000000e+02 1.772000000000000000e+03 1.456000000000000000e+04 -4.688000000000000000e+03 -1.970000000000000000e+02 -7.500000000000000000e+01
9.040000000000000000e+02 1.704000000000000000e+03 1.436400000000000000e+04 -4.704000000000000000e+03 -1.850000000000000000e+02 6.500000000000000000e+01
7.800000000000000000e+02 1.844000000000000000e+03 1.462800000000000000e+04 -4.656000000000000000e+03 -2.200000000000000000e+02 3.830000000000000000e+02
1.064000000000000000e+03 1.828000000000000000e+03 1.482400000000000000e+04 -4.688000000000000000e+03 -2.320000000000000000e+02 6.720000000000000000e+02
1.128000000000000000e+03 1.896000000000000000e+03 1.459200000000000000e+04 -4.736000000000000000e+03 -2.540000000000000000e+02 9.920000000000000000e+02
1.140000000000000000e+03 1.920000000000000000e+03 1.452400000000000000e+04 -4.688000000000000000e+03 -3.260000000000000000e+02 1.241000000000000000e+03
1.124000000000000000e+03 2.064000000000000000e+03 1.440800000000000000e+04 -4.704000000000000000e+03 -3.660000000000000000e+02 1.646000000000000000e+03
1.228000000000000000e+03 2.004000000000000000e+03 1.464400000000000000e+04 -4.688000000000000000e+03 -3.990000000000000000e+02 1.714000000000000000e+03
1.296000000000000000e+03 2.052000000000000000e+03 1.493200000000000000e+04 -4.672000000000000000e+03 -5.780000000000000000e+02 1.554000000000000000e+03
1.028000000000000000e+03 2.020000000000000000e+03 1.474000000000000000e+04 -4.688000000000000000e+03 -7.140000000000000000e+02 7.510000000000000000e+02
1.240000000000000000e+03 2.016000000000000000e+03 1.485200000000000000e+04 -4.688000000000000000e+03 -1.054000000000000000e+03 3.462000000000000000e+03
1.104000000000000000e+03 2.196000000000000000e+03 1.476000000000000000e+04 -4.704000000000000000e+03 -5.770000000000000000e+02 1.560000000000000000e+03
9.680000000000000000e+02 2.116000000000000000e+03 1.451600000000000000e+04 -4.688000000000000000e+03 1.500000000000000000e+01 2.430000000000000000e+03
1.004000000000000000e+03 2.024000000000000000e+03 1.469200000000000000e+04 -4.704000000000000000e+03 -1.147000000000000000e+03 1.643000000000000000e+03
1.080000000000000000e+03 1.908000000000000000e+03 1.451200000000000000e+04 -4.688000000000000000e+03 -3.750000000000000000e+02 1.658000000000000000e+03
1.128000000000000000e+03 1.728000000000000000e+03 1.452000000000000000e+04 -4.688000000000000000e+03 -5.120000000000000000e+02 1.379000000000000000e+03
1.120000000000000000e+03 1.796000000000000000e+03 1.467200000000000000e+04 -4.688000000000000000e+03 -8.150000000000000000e+02 8.160000000000000000e+02
1.268000000000000000e+03 1.680000000000000000e+03 1.452000000000000000e+04 -4.688000000000000000e+03 -3.580000000000000000e+02 5.440000000000000000e+02
9.880000000000000000e+02 1.788000000000000000e+03 1.458000000000000000e+04 -4.672000000000000000e+03 -6.760000000000000000e+02 -1.000000000000000000e+00
9.640000000000000000e+02 1.808000000000000000e+03 1.450800000000000000e+04 -4.704000000000000000e+03 -4.670000000000000000e+02 -2.750000000000000000e+02
1.012000000000000000e+03 1.756000000000000000e+03 1.482400000000000000e+04 -4.720000000000000000e+03 -4.180000000000000000e+02 -5.120000000000000000e+02
1.128000000000000000e+03 2.056000000000000000e+03 1.486000000000000000e+04 -4.688000000000000000e+03 -5.380000000000000000e+02 -1.226000000000000000e+03
1.072000000000000000e+03 2.112000000000000000e+03 1.455600000000000000e+04 -4.688000000000000000e+03 -4.430000000000000000e+02 -1.965000000000000000e+03
1.160000000000000000e+03 2.172000000000000000e+03 1.472800000000000000e+04 -4.704000000000000000e+03 -3.010000000000000000e+02 -1.947000000000000000e+03
1.240000000000000000e+03 2.140000000000000000e+03 1.426400000000000000e+04 -4.704000000000000000e+03 -2.230000000000000000e+02 -2.408000000000000000e+03
1.240000000000000000e+03 2.000000000000000000e+03 1.232800000000000000e+04 -4.704000000000000000e+03 -1.030000000000000000e+02 -2.354000000000000000e+03
1.396000000000000000e+03 1.668000000000000000e+03 7.716000000000000000e+03 -4.672000000000000000e+03 -2.450000000000000000e+02 -2.604000000000000000e+03
1.260000000000000000e+03 1.740000000000000000e+03 3.096000000000000000e+03 -4.688000000000000000e+03 -1.400000000000000000e+01 -2.366000000000000000e+03
8.160000000000000000e+02 1.680000000000000000e+03 7.004000000000000000e+03 -4.688000000000000000e+03 6.700000000000000000e+01 -2.170000000000000000e+03
5.080000000000000000e+02 1.580000000000000000e+03 1.175200000000000000e+04 -4.688000000000000000e+03 2.260000000000000000e+02 -1.843000000000000000e+03
6.440000000000000000e+02 9.600000000000000000e+02 7.964000000000000000e+03 -4.688000000000000000e+03 8.000000000000000000e+01 -1.397000000000000000e+03
4.800000000000000000e+02 7.600000000000000000e+01 1.354800000000000000e+04 -4.720000000000000000e+03 -8.200000000000000000e+01 -9.180000000000000000e+02
4.080000000000000000e+02 1.528000000000000000e+03 1.211200000000000000e+04 -4.672000000000000000e+03 -4.760000000000000000e+02 -1.077000000000000000e+03
-2.000000000000000000e+02 1.824000000000000000e+03 1.396800000000000000e+04 -4.704000000000000000e+03 -5.590000000000000000e+02 -5.250000000000000000e+02
-4.000000000000000000e+00 8.640000000000000000e+02 1.576800000000000000e+04 -4.688000000000000000e+03 -5.100000000000000000e+02 -3.080000000000000000e+02
2.912000000000000000e+03 2.204000000000000000e+03 1.523200000000000000e+04 -4.688000000000000000e+03 -3.480000000000000000e+02 1.330000000000000000e+02
-3.040000000000000000e+02 1.292000000000000000e+03 1.679600000000000000e+04 -4.672000000000000000e+03 -2.340000000000000000e+02 7.050000000000000000e+02
-4.840000000000000000e+02 1.768000000000000000e+03 1.685200000000000000e+04 -4.672000000000000000e+03 -2.550000000000000000e+02 1.042000000000000000e+03
3.600000000000000000e+02 2.120000000000000000e+03 1.535600000000000000e+04 -4.672000000000000000e+03 -2.620000000000000000e+02 1.272000000000000000e+03
-1.308000000000000000e+03 1.764000000000000000e+03 1.572000000000000000e+04 -4.656000000000000000e+03 -3.690000000000000000e+02 1.090000000000000000e+03
-2.960000000000000000e+02 2.028000000000000000e+03 1.631600000000000000e+04 -4.688000000000000000e+03 -4.630000000000000000e+02 1.368000000000000000e+03
2.160000000000000000e+02 2.100000000000000000e+03 1.707200000000000000e+04 -4.720000000000000000e+03 -4.770000000000000000e+02 1.542000000000000000e+03
-3.840000000000000000e+02 1.816000000000000000e+03 1.755200000000000000e+04 -4.688000000000000000e+03 -5.920000000000000000e+02 1.482000000000000000e+03
1.640000000000000000e+02 1.952000000000000000e+03 1.710800000000000000e+04 -4.672000000000000000e+03 -7.280000000000000000e+02 1.469000000000000000e+03
-5.200000000000000000e+01 1.988000000000000000e+03 1.928800000000000000e+04 -4.656000000000000000e+03 -8.310000000000000000e+02 1.124000000000000000e+03
4.760000000000000000e+02 2.268000000000000000e+03 2.166000000000000000e+04 -4.656000000000000000e+03 -9.400000000000000000e+02 8.950000000000000000e+02
-6.800000000000000000e+01 2.312000000000000000e+03 2.484800000000000000e+04 -4.736000000000000000e+03 -9.920000000000000000e+02 1.384000000000000000e+03
-6.880000000000000000e+02 2.184000000000000000e+03 2.654400000000000000e+04 -4.704000000000000000e+03 -8.550000000000000000e+02 2.074000000000000000e+03
4.560000000000000000e+02 2.080000000000000000e+03 2.554400000000000000e+04 -4.704000000000000000e+03 -7.150000000000000000e+02 -1.940000000000000000e+02
5.880000000000000000e+02 2.160000000000000000e+03 2.118000000000000000e+04 -4.688000000000000000e+03 -6.050000000000000000e+02 1.164000000000000000e+03
5.800000000000000000e+02 2.728000000000000000e+03 1.815200000000000000e+04 -4.720000000000000000e+03 -5.040000000000000000e+02 7.810000000000000000e+02
6.760000000000000000e+02 2.880000000000000000e+03 1.535200000000000000e+04 -4.704000000000000000e+03 4.000000000000000000e+01 1.463000000000000000e+03
5.320000000000000000e+02 2.824000000000000000e+03 1.532800000000000000e+04 -4.704000000000000000e+03 3.060000000000000000e+02 9.510000000000000000e+02
1.296000000000000000e+03 2.044000000000000000e+03 1.578000000000000000e+04 -4.704000000000000000e+03 -2.350000000000000000e+02 1.887000000000000000e+03
1.444000000000000000e+03 1.932000000000000000e+03 1.561600000000000000e+04 -4.656000000000000000e+03 -1.063000000000000000e+03 1.461000000000000000e+03
1.912000000000000000e+03 2.072000000000000000e+03 1.631200000000000000e+04 -4.720000000000000000e+03 -6.600000000000000000e+02 9.420000000000000000e+02
2.156000000000000000e+03 1.948000000000000000e+03 1.594400000000000000e+04 -4.688000000000000000e+03 -3.130000000000000000e+02 1.499000000000000000e+03
