-2.132000000000000000e+03 1.592000000000000000e+03 1.430400000000000000e+04 -4.752000000000000000e+03 -1.090000000000000000e+02 1.204000000000000000e+03
-1.896000000000000000e+03 1.680000000000000000e+03 1.431600000000000000e+04 -4.736000000000000000e+03 -1.810000000000000000e+02 1.349000000000000000e+03
-1.908000000000000000e+03 1.588000000000000000e+03 1.440400000000000000e+04 -4.752000000000000000e+03 -2.650000000000000000e+02 1.614000000000000000e+03
-1.884000000000000000e+03 1.800000000000000000e+03 1.460000000000000000e+04 -4.800000000000000000e+03 -3.130000000000000000e+02 2.255000000000000000e+03
-1.868000000000000000e+03 1.792000000000000000e+03 1.431600000000000000e+04 -4.752000000000000000e+03 -3.430000000000000000e+02 1.938000000000000000e+03
-2.112000000000000000e+03 1.696000000000000000e+03 1.378400000000000000e+04 -4.736000000000000000e+03 -3.770000000000000000e+02 2.234000000000000000e+03
-2.280000000000000000e+03 1.656000000000000000e+03 1.407200000000000000e+04 -4.784000000000000000e+03 -4.720000000000000000e+02 2.563000000000000000e+03
-2.376000000000000000e+03 1.480000000000000000e+03 1.434000000000000000e+04 -4.768000000000000000e+03 -4.730000000000000000e+02 2.953000000000000000e+03
-2.424000000000000000e+03 1.440000000000000000e+03 1.450400000000000000e+04 -4.784000000000000000e+03 -8.950000000000000000e+02 3.005000000000000000e+03
-2.152000000000000000e+03 1.308000000000000000e+03 1.433600000000000000e+04 -4.800000000000000000e+03 -8.340000000000000000e+02 1.365000000000000000e+03
-2.136000000000000000e+03 1.528000000000000000e+03 1.454000000000000000e+04 -4.768000000000000000e+03 -8.790000000000000000e+02 2.623000000000000000e+03
-2.368000000000000000e+03 1.788000000000000000e+03 1.434400000000000000e+04 -4.752000000000000000e+03 -9.080000000000000000e+02 2.533000000000000000e+03
-2.260000000000000000e+03 1.776000000000000000e+03 1.456800000000000000e+04 -4.752000000000000000e+03 -1.126000000000000000e+03 2.485000000000000000e+03
-2.252000000000000000e+03 1.608000000000000000e+03 1.453600000000000000e+04 -4.752000000000000000e+03 -1.304000000000000000e+03 2.124000000000000000e+03
-2.288000000000000000e+03 1.688000000000000000e+03 1.450000000000000000e+04 -4.752000000000000000e+03 -8.340000000000000000e+02 1.620000000000000000e+03
-2.252000000000000000e+03 1.636000000000000000e+03 1.432800000000000000e+04 -4.784000000000000000e+03 -1.009000000000000000e+03 1.114000000000000000e+03
-2.348000000000000000e+03 1.684000000000000000e+03 1.464000000000000000e+04 -4.752000000000000000e+03 -8.990000000000000000e+02 6.100000000000000000e+02
-2.132000000000000000e+03 1.588000000000000000e+03 1.496000000000000000e+04 -4.784000000000000000e+03 -7.930000000000000000e+02 1.930000000000000000e+02
-2.320000000000000000e+03 1.708000000000000000e+03 1.604800000000000000e+04 -4.752000000000000000e+03 -7.570000000000000000e+02 -2.260000000000000000e+02
-2.144000000000000000e+03 1.580000000000000000e+03 1.487600000000000000e+04 -4.768000000000000000e+03 -7.830000000000000000e+02 -9.020000000000000000e+02
-2.208000000000000000e+03 1.648000000000000000e+03 1.233200000000000000e+04 -4.736000000000000000e+03 -6.820000000000000000e+02 -1.279000000000000000e+03
-2.116000000000000000e+03 1.664000000000000000e+03 1.160400000000000000e+04 -4.768000000000000000e+03 -8.280000000000000000e+02 -1.539000000000000000e+03
-1.996000000000000000e+03 1.648000000000000000e+03 1.118400000000000000e+04 -4.768000000000000000e+03 -5.830000000000000000e+02 -1.874000000000000000e+03
-1.964000000000000000e+03 1.636000000000000000e+03 1.102800000000000000e+04 -4.736000000000000000e+03 -6.380000000000000000e+02 -1.963000000000000000e+03
-2.060000000000000000e+03 1.692000000000000000e+03 8.040000000000000000e+03 -4.800000000000000000e+03 -4.440000000000000000e+02 -2.037000000000000000e+03
-2.264000000000000000e+03 1.644000000000000000e+03 7.132000000000000000e+03 -4.768000000000000000e+03 -2.910000000000000000e+02 -2.335000000000000000e+03
-2.300000000000000000e+03 1.912000000000000000e+03 8.276000000000000000e+03 -4.768000000000000000e+03 -1.590000000000000000e+02 -2.577000000000000000e+03
-2.344000000000000000e+03 1.700000000000000000e+03 8.056000000000000000e+03 -4.752000000000000000e+03 -1.810000000000000000e+02 -2.592000000000000000e+03
-2.444000000000000000e+03 1.184000000000000000e+03 9.696000000000000000e+03 -4.736000000000000000e+03 -1.050000000000000000e+02 -2.876000000000000000e+03
-2.568000000000000000e+03 1.320000000000000000e+03 1.213600000000000000e+04 -4.752000000000000000e+03 2.350000000000000000e+02 -2.640000000000000000e+03
-2.384000000000000000e+03 1.092000000000000000e+03 1.291200000000000000e+04 -4.768000000000000000e+03 1.200000000000000000e+02 -2.898000000000000000e+03
-2.996000000000000000e+03 8.320000000000000000e+02 1.473600000000000000e+04 -4.784000000000000000e+03 2.950000000000000000e+02 -1.994000000000000000e+03
-3.412000000000000000e+03 2.240000000000000000e+02 1.408400000000000000e+04 -4.784000000000000000e+03 1.650000000000000000e+02 -1.733000000000000000e+03
-3.140000000000000000e+03 3.960000000000000000e+02 1.456400000000000000e+04 -4.736000000000000000e+03 9.000000000000000000e+00 -1.465000000000000000e+03
-3.464000000000000000e+03 1.340000000000000000e+03 1.537600000000000000e+04 -4.784000000000000000e+03 -1.370000000000000000e+02 -1.138000000000000000e+03
-3.656000000000000000e+03 1.328000000000000000e+03 1.432000000000000000e+04 -4.768000000000000000e+03 1.370000000000000000e+02 -8.170000000000000000e+02
-3.312000000000000000e+03 8.440000000000000000e+02 1.464800000000000000e+04 -4.784000000000000000e+03 1.560000000000000000e+02 -6.480000000000000000e+02
-2.496000000000000000e+03 1.120000000000000000e+03 1.462800000000000000e+04 -4.768000000000000000e+03 1.890000000000000000e+02 -3.160000000000000000e+02
-1.948000000000000000e+03 1.084000000000000000e+03 1.587200000000000000e+04 -4.768000000000000000e+03 5.400000000000000000e+01 -3.100000000000000000e+01
-2.288000000000000000e+03 1.288000000000000000e+03 1.443200000000000000e+04 -4.784000000000000000e+03 1.010000000000000000e+02 3.070000000000000000e+02
-3.200000000000000000e+03 1.240000000000000000e+03 1.777600000000000000e+04 -4.736000000000000000e+03 1.800000000000000000e+01 6.700000000000000000e+02
-4.076000000000000000e+03 1.088000000000000000e+03 2.070800000000000000e+04 -4.768000000000000000e+03 -2.000000000000000000e+00 9.680000000000000000e+02
-4.444000000000000000e+03 8.240000000000000000e+02 2.472000000000000000e+04 -4.736000000000000000e+03 -5.900000000000000000e+01 1.274000000000000000e+03
-4.560000000000000000e+03 8.760000000000000000e+02 2.706000000000000000e+04 -4.736000000000000000e+03 -1.120000000000000000e+02 1.542000000000000000e+03
-4.532000000000000000e+03 1.288000000000000000e+03 2.736000000000000000e+04 -4.784000000000000000e+03 -1.100000000000000000e+02 1.694000000000000000e+03
-5.080000000000000000e+03 1.136000000000000000e+03 2.312400000000000000e+04 -4.768000000000000000e+03 -2.500000000000000000e+02 1.671000000000000000e+03
-6.244000000000000000e+03 1.520000000000000000e+03 1.804800000000000000e+04 -4.752000000000000000e+03 -3.700000000000000000e+02 1.584000000000000000e+03
-5.300000000000000000e+03 1.168000000000000000e+03 1.683200000000000000e+04 -4.736000000000000000e+03 -4.300000000000000000e+02 2.188000000000000000e+03
-4.664000000000000000e+03 9.440000000000000000e+02 1.648400000000000000e+04 -4.768000000000000000e+03 -4.850000000000000000e+02 1.557000000000000000e+03
-4.944000000000000000e+03 4.480000000000000000e+02 1.579200000000000000e+04 -4.784000000000000000e+03 -4.540000000000000000e+02 1.022000000000000000e+03
-4.964000000000000000e+03 5.560000000000000000e+02 1.530000000000000000e+04 -4.752000000000000000e+03 -3.930000000000000000e+02 1.054000000000000000e+03
-4.500000000000000000e+03 9.120000000000000000e+02 1.526000000000000000e+04 -4.752000000000000000e+03 -2.460000000000000000e+02 1.145000000000000000e+03
-4.776000000000000000e+03 1.460000000000000000e+03 1.554000000000000000e+04 -4.800000000000000000e+03 -7.600000000000000000e+01 1.256000000000000000e+03
-6.036000000000000000e+03 1.596000000000000000e+03 1.536400000000000000e+04 -4.784000000000000000e+03 1.060000000000000000e+02 1.096000000000000000e+03
-6.844000000000000000e+03 1.428000000000000000e+03 1.569200000000000000e+04 -4.768000000000000000e+03 3.470000000000000000e+02 9.210000000000000000e+02
-7.600000000000000000e+03 1.560000000000000000e+03 1.624400000000000000e+04 -4.784000000000000000e+03 2.210000000000000000e+02 1.702000000000000000e+03
-8.584000000000000000e+03 1.508000000000000000e+03 1.584800000000000000e+04 -4.784000000000000000e+03 -8.700000000000000000e+01 1.715000000000000000e+03
