-4.516000000000000000e+03 1.388000000000000000e+03 1.435200000000000000e+04 -4.752000000000000000e+03 -3.660000000000000000e+02 6.330000000000000000e+02
-4.144000000000000000e+03 1.512000000000000000e+03 1.386400000000000000e+04 -4.736000000000000000e+03 -3.330000000000000000e+02 7.930000000000000000e+02
-3.776000000000000000e+03 1.508000000000000000e+03 1.398000000000000000e+04 -4.784000000000000000e+03 -3.670000000000000000e+02 1.095000000000000000e+03
-3.572000000000000000e+03 1.368000000000000000e+03 1.392400000000000000e+04 -4.784000000000000000e+03 -2.640000000000000000e+02 1.404000000000000000e+03
-4.096000000000000000e+03 1.636000000000000000e+03 1.414400000000000000e+04 -4.784000000000000000e+03 -2.430000000000000000e+02 9.090000000000000000e+02
-4.112000000000000000e+03 1.560000000000000000e+03 1.428400000000000000e+04 -4.784000000000000000e+03 -3.240000000000000000e+02 2.129000000000000000e+03
-3.748000000000000000e+03 1.596000000000000000e+03 1.423200000000000000e+04 -4.768000000000000000e+03 -3.630000000000000000e+02 1.015000000000000000e+03
-3.720000000000000000e+03 1.620000000000000000e+03 1.400400000000000000e+04 -4.784000000000000000e+03 -5.750000000000000000e+02 9.480000000000000000e+02
-3.524000000000000000e+03 1.580000000000000000e+03 1.368000000000000000e+04 -4.768000000000000000e+03 -7.490000000000000000e+02 1.251000000000000000e+03
-3.680000000000000000e+03 1.576000000000000000e+03 1.386000000000000000e+04 -4.784000000000000000e+03 -3.070000000000000000e+02 8.230000000000000000e+02
-3.904000000000000000e+03 1.768000000000000000e+03 1.395200000000000000e+04 -4.768000000000000000e+03 -5.230000000000000000e+02 4.910000000000000000e+02
-4.156000000000000000e+03 1.708000000000000000e+03 1.400800000000000000e+04 -4.800000000000000000e+03 -6.080000000000000000e+02 -1.330000000000000000e+02
-4.188000000000000000e+03 1.680000000000000000e+03 1.391600000000000000e+04 -4.752000000000000000e+03 -4.240000000000000000e+02 -5.960000000000000000e+02
-3.900000000000000000e+03 1.760000000000000000e+03 1.365200000000000000e+04 -4.784000000000000000e+03 -3.860000000000000000e+02 -8.280000000000000000e+02
-3.724000000000000000e+03 1.552000000000000000e+03 1.289600000000000000e+04 -4.752000000000000000e+03 -3.100000000000000000e+02 -1.337000000000000000e+03
-3.896000000000000000e+03 1.456000000000000000e+03 1.385200000000000000e+04 -4.768000000000000000e+03 -3.770000000000000000e+02 -1.818000000000000000e+03
-3.740000000000000000e+03 1.504000000000000000e+03 1.410000000000000000e+04 -4.736000000000000000e+03 -1.270000000000000000e+02 -2.205000000000000000e+03
-3.896000000000000000e+03 1.536000000000000000e+03 1.312400000000000000e+04 -4.784000000000000000e+03 -3.420000000000000000e+02 -2.536000000000000000e+03
-3.752000000000000000e+03 1.588000000000000000e+03 1.104000000000000000e+04 -4.752000000000000000e+03 -1.040000000000000000e+02 -2.705000000000000000e+03
-3.924000000000000000e+03 1.760000000000000000e+03 7.316000000000000000e+03 -4.752000000000000000e+03 -9.700000000000000000e+01 -2.845000000000000000e+03
-3.856000000000000000e+03 1.668000000000000000e+03 6.652000000000000000e+03 -4.768000000000000000e+03 -1.200000000000000000e+01 -2.907000000000000000e+03
-4.224000000000000000e+03 1.532000000000000000e+03 8.456000000000000000e+03 -4.768000000000000000e+03 1.000000000000000000e+02 -3.143000000000000000e+03
-4.292000000000000000e+03 1.204000000000000000e+03 8.136000000000000000e+03 -4.752000000000000000e+03 7.200000000000000000e+01 -2.984000000000000000e+03
-4.216000000000000000e+03 1.396000000000000000e+03 7.288000000000000000e+03 -4.784000000000000000e+03 2.780000000000000000e+02 -2.726000000000000000e+03
-4.232000000000000000e+03 1.384000000000000000e+03 1.036000000000000000e+04 -4.752000000000000000e+03 1.190000000000000000e+02 -2.268000000000000000e+03
-4.276000000000000000e+03 2.108000000000000000e+03 1.260000000000000000e+04 -4.736000000000000000e+03 3.990000000000000000e+02 -2.080000000000000000e+03
-4.120000000000000000e+03 1.084000000000000000e+03 1.255600000000000000e+04 -4.768000000000000000e+03 3.060000000000000000e+02 -1.518000000000000000e+03
-4.144000000000000000e+03 3.040000000000000000e+02 1.440400000000000000e+04 -4.768000000000000000e+03 2.700000000000000000e+02 -1.189000000000000000e+03
-4.160000000000000000e+03 -4.000000000000000000e+01 1.495200000000000000e+04 -4.752000000000000000e+03 1.890000000000000000e+02 -8.600000000000000000e+02
-3.804000000000000000e+03 5.680000000000000000e+02 1.375600000000000000e+04 -4.752000000000000000e+03 -2.130000000000000000e+02 -5.780000000000000000e+02
-3.872000000000000000e+03 7.280000000000000000e+02 1.547200000000000000e+04 -4.784000000000000000e+03 -4.300000000000000000e+02 -2.620000000000000000e+02
-3.608000000000000000e+03 1.616000000000000000e+03 1.438000000000000000e+04 -4.736000000000000000e+03 -4.830000000000000000e+02 7.500000000000000000e+01
-3.204000000000000000e+03 1.400000000000000000e+03 1.536000000000000000e+04 -4.752000000000000000e+03 -4.070000000000000000e+02 4.160000000000000000e+02
-2.384000000000000000e+03 1.280000000000000000e+03 1.487200000000000000e+04 -4.768000000000000000e+03 -4.680000000000000000e+02 7.210000000000000000e+02
-3.376000000000000000e+03 9.160000000000000000e+02 1.542800000000000000e+04 -4.768000000000000000e+03 -4.660000000000000000e+02 9.200000000000000000e+02
-1.548000000000000000e+03 9.840000000000000000e+02 1.620000000000000000e+04 -4.752000000000000000e+03 -5.200000000000000000e+02 1.253000000000000000e+03
-3.216000000000000000e+03 1.228000000000000000e+03 1.748000000000000000e+04 -4.736000000000000000e+03 -5.760000000000000000e+02 1.468000000000000000e+03
-3.596000000000000000e+03 1.012000000000000000e+03 2.136000000000000000e+04 -4.784000000000000000e+03 -5.090000000000000000e+02 1.792000000000000000e+03
-4.828000000000000000e+03 1.600000000000000000e+03 2.394400000000000000e+04 -4.784000000000000000e+03 -5.680000000000000000e+02 2.104000000000000000e+03
-5.120000000000000000e+03 1.372000000000000000e+03 2.684000000000000000e+04 -4.800000000000000000e+03 -5.800000000000000000e+02 2.298000000000000000e+03
-5.160000000000000000e+03 1.800000000000000000e+03 2.756800000000000000e+04 -4.752000000000000000e+03 -5.660000000000000000e+02 2.269000000000000000e+03
-4.744000000000000000e+03 1.732000000000000000e+03 2.367600000000000000e+04 -4.736000000000000000e+03 -6.520000000000000000e+02 2.340000000000000000e+03
-4.716000000000000000e+03 1.856000000000000000e+03 1.984800000000000000e+04 -4.800000000000000000e+03 -7.800000000000000000e+02 2.952000000000000000e+03
-4.708000000000000000e+03 2.064000000000000000e+03 1.712800000000000000e+04 -4.752000000000000000e+03 -9.590000000000000000e+02 2.547000000000000000e+03
-4.036000000000000000e+03 1.836000000000000000e+03 1.617200000000000000e+04 -4.768000000000000000e+03 -8.920000000000000000e+02 9.130000000000000000e+02
-3.908000000000000000e+03 2.240000000000000000e+03 1.525600000000000000e+04 -4.736000000000000000e+03 -8.200000000000000000e+02 3.128000000000000000e+03
-3.884000000000000000e+03 2.344000000000000000e+03 1.558400000000000000e+04 -4.752000000000000000e+03 -6.310000000000000000e+02 1.372000000000000000e+03
-3.484000000000000000e+03 2.944000000000000000e+03 1.483200000000000000e+04 -4.768000000000000000e+03 -6.080000000000000000e+02 1.599000000000000000e+03
-3.716000000000000000e+03 3.592000000000000000e+03 1.527600000000000000e+04 -4.784000000000000000e+03 -3.200000000000000000e+02 8.600000000000000000e+02
-4.248000000000000000e+03 3.144000000000000000e+03 1.542800000000000000e+04 -4.784000000000000000e+03 3.540000000000000000e+02 1.033000000000000000e+03
-4.392000000000000000e+03 2.700000000000000000e+03 1.585600000000000000e+04 -4.768000000000000000e+03 4.050000000000000000e+02 1.078000000000000000e+03
-5.096000000000000000e+03 2.272000000000000000e+03 1.638800000000000000e+04 -4.752000000000000000e+03 3.880000000000000000e+02 1.343000000000000000e+03
-5.320000000000000000e+03 2.336000000000000000e+03 1.676000000000000000e+04 -4.800000000000000000e+03 -3.860000000000000000e+02 1.533000000000000000e+03
-3.764000000000000000e+03 2.160000000000000000e+03 1.577200000000000000e+04 -4.784000000000000000e+03 -2.400000000000000000e+01 1.304000000000000000e+03
-2.072000000000000000e+03 2.160000000000000000e+03 1.297600000000000000e+04 -4.768000000000000000e+03 3.560000000000000000e+02 8.820000000000000000e+02
-1.608000000000000000e+03 1.948000000000000000e+03 9.184000000000000000e+03 -4.752000000000000000e+03 4.240000000000000000e+02 6.140000000000000000e+02
-8.520000000000000000e+02 1.988000000000000000e+03 5.968000000000000000e+03 -4.832000000000000000e+03 1.340000000000000000e+02 4.960000000000000000e+02
