-1.340000000000000000e+03 1.436000000000000000e+03 1.422800000000000000e+04 -4.704000000000000000e+03 -6.360000000000000000e+02 1.952000000000000000e+03
-1.748000000000000000e+03 1.316000000000000000e+03 1.449600000000000000e+04 -4.704000000000000000e+03 -6.190000000000000000e+02 1.884000000000000000e+03
-1.996000000000000000e+03 1.536000000000000000e+03 1.467200000000000000e+04 -4.720000000000000000e+03 -2.770000000000000000e+02 1.799000000000000000e+03
-1.952000000000000000e+03 1.524000000000000000e+03 1.460000000000000000e+04 -4.656000000000000000e+03 -4.440000000000000000e+02 1.483000000000000000e+03
-2.308000000000000000e+03 1.604000000000000000e+03 1.408400000000000000e+04 -4.688000000000000000e+03 -5.210000000000000000e+02 8.360000000000000000e+02
-1.964000000000000000e+03 1.728000000000000000e+03 1.423200000000000000e+04 -4.672000000000000000e+03 -2.090000000000000000e+02 2.990000000000000000e+02
-1.608000000000000000e+03 1.868000000000000000e+03 1.440800000000000000e+04 -4.688000000000000000e+03 -4.450000000000000000e+02 2.340000000000000000e+02
-1.736000000000000000e+03 1.940000000000000000e+03 1.420000000000000000e+04 -4.656000000000000000e+03 -2.750000000000000000e+02 -2.310000000000000000e+02
-1.736000000000000000e+03 1.876000000000000000e+03 1.451200000000000000e+04 -4.688000000000000000e+03 -3.360000000000000000e+02 -6.210000000000000000e+02
-1.936000000000000000e+03 1.912000000000000000e+03 1.457600000000000000e+04 -4.656000000000000000e+03 -3.510000000000000000e+02 -9.890000000000000000e+02
-1.944000000000000000e+03 1.768000000000000000e+03 1.454000000000000000e+04 -4.656000000000000000e+03 -1.730000000000000000e+02 -1.485000000000000000e+03
-1.948000000000000000e+03 1.664000000000000000e+03 1.433200000000000000e+04 -4.688000000000000000e+03 -3.310000000000000000e+02 -1.871000000000000000e+03
-2.104000000000000000e+03 1.544000000000000000e+03 1.463200000000000000e+04 -4.720000000000000000e+03 -2.480000000000000000e+02 -2.370000000000000000e+03
-1.756000000000000000e+03 1.704000000000000000e+03 1.402400000000000000e+04 -4.656000000000000000e+03 -2.050000000000000000e+02 -2.889000000000000000e+03
-1.640000000000000000e+03 1.728000000000000000e+03 1.435600000000000000e+04 -4.688000000000000000e+03 -1.130000000000000000e+02 -3.323000000000000000e+03
-1.460000000000000000e+03 1.764000000000000000e+03 1.420400000000000000e+04 -4.688000000000000000e+03 -4.100000000000000000e+01 -3.106000000000000000e+03
-1.404000000000000000e+03 1.628000000000000000e+03 1.437200000000000000e+04 -4.688000000000000000e+03 3.000000000000000000e+01 -3.288000000000000000e+03
-1.316000000000000000e+03 1.648000000000000000e+03 1.430800000000000000e+04 -4.688000000000000000e+03 1.440000000000000000e+02 -3.230000000000000000e+03
-1.348000000000000000e+03 1.424000000000000000e+03 1.456000000000000000e+04 -4.688000000000000000e+03 2.860000000000000000e+02 -2.899000000000000000e+03
-9.720000000000000000e+02 1.560000000000000000e+03 1.555600000000000000e+04 -4.688000000000000000e+03 2.250000000000000000e+02 -2.411000000000000000e+03
-1.072000000000000000e+03 1.524000000000000000e+03 1.600000000000000000e+04 -4.704000000000000000e+03 7.500000000000000000e+01 -2.036000000000000000e+03
-1.168000000000000000e+03 1.532000000000000000e+03 1.370000000000000000e+04 -4.704000000000000000e+03 -1.390000000000000000e+02 -1.578000000000000000e+03
-1.232000000000000000e+03 1.488000000000000000e+03 1.125200000000000000e+04 -4.656000000000000000e+03 -2.340000000000000000e+02 -1.279000000000000000e+03
-1.112000000000000000e+03 1.624000000000000000e+03 8.372000000000000000e+03 -4.704000000000000000e+03 -1.850000000000000000e+02 -9.890000000000000000e+02
-1.036000000000000000e+03 1.688000000000000000e+03 6.548000000000000000e+03 -4.704000000000000000e+03 -2.760000000000000000e+02 -7.260000000000000000e+02
-1.332000000000000000e+03 1.836000000000000000e+03 6.704000000000000000e+03 -4.704000000000000000e+03 -2.870000000000000000e+02 -7.640000000000000000e+02
-1.488000000000000000e+03 1.688000000000000000e+03 9.056000000000000000e+03 -4.688000000000000000e+03 -4.220000000000000000e+02 -2.050000000000000000e+02
-1.456000000000000000e+03 1.640000000000000000e+03 7.892000000000000000e+03 -4.720000000000000000e+03 -4.530000000000000000e+02 -1.320000000000000000e+02
-1.668000000000000000e+03 1.236000000000000000e+03 1.040800000000000000e+04 -4.672000000000000000e+03 -6.170000000000000000e+02 4.200000000000000000e+01
-1.828000000000000000e+03 9.440000000000000000e+02 1.267600000000000000e+04 -4.672000000000000000e+03 -5.510000000000000000e+02 1.970000000000000000e+02
-2.428000000000000000e+03 3.800000000000000000e+02 1.308000000000000000e+04 -4.672000000000000000e+03 -7.840000000000000000e+02 4.640000000000000000e+02
-2.292000000000000000e+03 1.320000000000000000e+02 1.536800000000000000e+04 -4.672000000000000000e+03 -7.300000000000000000e+02 3.840000000000000000e+02
-2.680000000000000000e+03 3.760000000000000000e+02 1.424800000000000000e+04 -4.672000000000000000e+03 -8.780000000000000000e+02 5.450000000000000000e+02
-2.612000000000000000e+03 1.296000000000000000e+03 1.487600000000000000e+04 -4.704000000000000000e+03 -9.150000000000000000e+02 9.250000000000000000e+02
-2.308000000000000000e+03 8.640000000000000000e+02 1.633200000000000000e+04 -4.688000000000000000e+03 -1.141000000000000000e+03 2.560000000000000000e+02
-2.700000000000000000e+03 1.040000000000000000e+03 1.461600000000000000e+04 -4.688000000000000000e+03 -1.040000000000000000e+03 6.710000000000000000e+02
-2.412000000000000000e+03 1.152000000000000000e+03 1.528800000000000000e+04 -4.688000000000000000e+03 -9.100000000000000000e+02 4.760000000000000000e+02
-1.612000000000000000e+03 1.172000000000000000e+03 1.489200000000000000e+04 -4.704000000000000000e+03 -9.420000000000000000e+02 2.940000000000000000e+02
-1.004000000000000000e+03 1.724000000000000000e+03 1.625200000000000000e+04 -4.688000000000000000e+03 -6.690000000000000000e+02 3.800000000000000000e+01
-1.468000000000000000e+03 1.620000000000000000e+03 1.634000000000000000e+04 -4.656000000000000000e+03 -5.000000000000000000e+02 -2.630000000000000000e+02
-3.060000000000000000e+03 1.440000000000000000e+03 1.876000000000000000e+04 -4.672000000000000000e+03 -2.150000000000000000e+02 -7.670000000000000000e+02
-3.908000000000000000e+03 1.592000000000000000e+03 2.050400000000000000e+04 -4.720000000000000000e+03 -7.100000000000000000e+01 -2.220000000000000000e+02
-4.528000000000000000e+03 1.756000000000000000e+03 2.466400000000000000e+04 -4.704000000000000000e+03 -2.110000000000000000e+02 2.560000000000000000e+02
-3.216000000000000000e+03 2.124000000000000000e+03 2.669200000000000000e+04 -4.656000000000000000e+03 -3.240000000000000000e+02 1.700000000000000000e+01
-2.768000000000000000e+03 1.860000000000000000e+03 2.589600000000000000e+04 -4.656000000000000000e+03 -3.100000000000000000e+01 -1.180000000000000000e+02
-3.444000000000000000e+03 2.044000000000000000e+03 2.199200000000000000e+04 -4.688000000000000000e+03 9.900000000000000000e+01 2.070000000000000000e+02
-3.624000000000000000e+03 1.716000000000000000e+03 1.972400000000000000e+04 -4.720000000000000000e+03 1.310000000000000000e+02 3.950000000000000000e+02
