-1.194000000000000000e+04 1.140000000000000000e+03 1.002000000000000000e+04 -4.704000000000000000e+03 -2.500000000000000000e+02 -4.310000000000000000e+02
-1.064800000000000000e+04 9.720000000000000000e+02 1.008800000000000000e+04 -3.920000000000000000e+02 -3.400000000000000000e+02 -5.640000000000000000e+02
-1.008400000000000000e+04 9.120000000000000000e+02 1.072800000000000000e+04 -4.688000000000000000e+03 -3.060000000000000000e+02 -6.830000000000000000e+02
-9.932000000000000000e+03 9.080000000000000000e+02 1.071600000000000000e+04 -4.704000000000000000e+03 -3.160000000000000000e+02 -6.700000000000000000e+02
-1.025600000000000000e+04 1.000000000000000000e+03 1.028000000000000000e+04 -4.720000000000000000e+03 -2.500000000000000000e+02 -5.870000000000000000e+02
-1.041200000000000000e+04 9.800000000000000000e+02 -4.704000000000000000e+03 -4.672000000000000000e+03 -2.610000000000000000e+02 -4.500000000000000000e+02
-1.036000000000000000e+04 1.001600000000000000e+04 1.048800000000000000e+04 -4.704000000000000000e+03 -2.320000000000000000e+02 -1.460000000000000000e+02
1.112000000000000000e+03 1.192000000000000000e+03 1.071600000000000000e+04 -4.704000000000000000e+03 -2.850000000000000000e+02 -3.600000000000000000e+01
-1.016000000000000000e+04 1.196000000000000000e+03 1.065200000000000000e+04 -4.672000000000000000e+03 -2.470000000000000000e+02 3.300000000000000000e+02
-1.008400000000000000e+04 1.244000000000000000e+03 1.050000000000000000e+04 -4.736000000000000000e+03 -2.820000000000000000e+02 5.310000000000000000e+02
-9.844000000000000000e+03 1.344000000000000000e+03 1.065600000000000000e+04 -4.688000000000000000e+03 -2.540000000000000000e+02 7.930000000000000000e+02
-9.568000000000000000e+03 1.356000000000000000e+03 1.102800000000000000e+04 -4.672000000000000000e+03 -3.110000000000000000e+02 1.067000000000000000e+03
-9.564000000000000000e+03 1.340000000000000000e+03 1.120800000000000000e+04 -4.688000000000000000e+03 -3.240000000000000000e+02 1.235000000000000000e+03
-9.672000000000000000e+03 1.128000000000000000e+03 1.086000000000000000e+04 -4.688000000000000000e+03 -3.320000000000000000e+02 1.357000000000000000e+03
-9.816000000000000000e+03 1.060000000000000000e+03 1.051600000000000000e+04 -4.720000000000000000e+03 -3.310000000000000000e+02 1.330000000000000000e+03
-9.688000000000000000e+03 1.188000000000000000e+03 1.078400000000000000e+04 -4.688000000000000000e+03 -2.480000000000000000e+02 1.298000000000000000e+03
-9.436000000000000000e+03 1.168000000000000000e+03 1.099200000000000000e+04 -4.656000000000000000e+03 -2.430000000000000000e+02 1.178000000000000000e+03
-9.616000000000000000e+03 1.136000000000000000e+03 1.089600000000000000e+04 -4.704000000000000000e+03 -2.720000000000000000e+02 7.740000000000000000e+02
-9.652000000000000000e+03 1.124000000000000000e+03 1.057200000000000000e+04 -4.720000000000000000e+03 -2.330000000000000000e+02 4.700000000000000000e+02
-9.820000000000000000e+03 1.080000000000000000e+03 1.029600000000000000e+04 -4.672000000000000000e+03 -2.260000000000000000e+02 2.220000000000000000e+02
-9.796000000000000000e+03 1.108000000000000000e+03 1.020400000000000000e+04 -4.688000000000000000e+03 -2.040000000000000000e+02 -2.600000000000000000e+01
-9.836000000000000000e+03 1.232000000000000000e+03 1.061600000000000000e+04 -4.688000000000000000e+03 -1.960000000000000000e+02 -1.410000000000000000e+02
-1.001600000000000000e+04 1.192000000000000000e+03 1.092400000000000000e+04 -4.688000000000000000e+03 -2.480000000000000000e+02 5.000000000000000000e+01
-1.037600000000000000e+04 1.168000000000000000e+03 1.068000000000000000e+04 -4.688000000000000000e+03 -3.060000000000000000e+02 1.100000000000000000e+02
-1.065200000000000000e+04 1.232000000000000000e+03 1.069200000000000000e+04 -4.720000000000000000e+03 -3.310000000000000000e+02 4.790000000000000000e+02
-1.060800000000000000e+04 1.148000000000000000e+03 1.048800000000000000e+04 -4.720000000000000000e+03 -4.620000000000000000e+02 8.090000000000000000e+02
-1.046000000000000000e+04 1.132000000000000000e+03 1.053600000000000000e+04 -4.720000000000000000e+03 -4.920000000000000000e+02 1.106000000000000000e+03
-1.038000000000000000e+04 1.244000000000000000e+03 1.080400000000000000e+04 -4.688000000000000000e+03 -5.150000000000000000e+02 1.400000000000000000e+03
-1.050000000000000000e+04 1.308000000000000000e+03 1.023600000000000000e+04 -4.720000000000000000e+03 -5.210000000000000000e+02 1.611000000000000000e+03
-1.063200000000000000e+04 1.220000000000000000e+03 1.219200000000000000e+04 -4.720000000000000000e+03 -5.370000000000000000e+02 1.458000000000000000e+03
-1.032800000000000000e+04 1.292000000000000000e+03 1.008400000000000000e+04 -4.688000000000000000e+03 -4.060000000000000000e+02 1.387000000000000000e+03
-1.226400000000000000e+04 1.104000000000000000e+03 9.212000000000000000e+03 -4.656000000000000000e+03 -3.060000000000000000e+02 5.090000000000000000e+02
-1.074800000000000000e+04 6.080000000000000000e+02 8.456000000000000000e+03 -4.704000000000000000e+03 -2.000000000000000000e+02 9.680000000000000000e+02
-1.031200000000000000e+04 7.320000000000000000e+02 7.040000000000000000e+03 -4.704000000000000000e+03 -1.330000000000000000e+02 2.730000000000000000e+02
-1.015200000000000000e+04 6.280000000000000000e+02 4.828000000000000000e+03 -4.704000000000000000e+03 -1.260000000000000000e+02 4.140000000000000000e+02
-9.788000000000000000e+03 7.600000000000000000e+02 3.644000000000000000e+03 -4.688000000000000000e+03 -1.600000000000000000e+02 3.080000000000000000e+02
-8.360000000000000000e+03 7.120000000000000000e+02 3.780000000000000000e+03 -4.688000000000000000e+03 -1.930000000000000000e+02 -7.400000000000000000e+01
-6.784000000000000000e+03 8.360000000000000000e+02 4.516000000000000000e+03 -4.688000000000000000e+03 -2.450000000000000000e+02 -4.140000000000000000e+02
-6.128000000000000000e+03 1.188000000000000000e+03 5.988000000000000000e+03 -4.736000000000000000e+03 -2.060000000000000000e+02 -4.660000000000000000e+02
-5.452000000000000000e+03 1.700000000000000000e+03 7.564000000000000000e+03 -4.688000000000000000e+03 -2.930000000000000000e+02 -1.012000000000000000e+03
-5.104000000000000000e+03 1.552000000000000000e+03 8.820000000000000000e+03 -4.704000000000000000e+03 -1.180000000000000000e+02 -1.215000000000000000e+03
-6.540000000000000000e+03 1.220000000000000000e+03 9.684000000000000000e+03 -4.704000000000000000e+03 -8.500000000000000000e+01 -1.615000000000000000e+03
-8.836000000000000000e+03 1.140000000000000000e+03 9.736000000000000000e+03 -4.672000000000000000e+03 -3.000000000000000000e+00 -1.891000000000000000e+03
-9.688000000000000000e+03 1.160000000000000000e+03 1.037600000000000000e+04 -4.672000000000000000e+03 1.820000000000000000e+02 -2.042000000000000000e+03
-1.032800000000000000e+04 1.192000000000000000e+03 1.059200000000000000e+04 -4.704000000000000000e+03 1.940000000000000000e+02 -2.094000000000000000e+03
-1.126000000000000000e+04 1.328000000000000000e+03 1.079600000000000000e+04 -4.752000000000000000e+03 2.230000000000000000e+02 -2.060000000000000000e+03
-1.120400000000000000e+04 1.220000000000000000e+03 1.202800000000000000e+04 -4.704000000000000000e+03 5.000000000000000000e+01 -1.918000000000000000e+03
-1.138000000000000000e+04 9.160000000000000000e+02 1.301200000000000000e+04 -4.720000000000000000e+03 -1.740000000000000000e+02 -1.602000000000000000e+03
-1.210000000000000000e+04 1.196000000000000000e+03 1.471200000000000000e+04 -4.688000000000000000e+03 -2.900000000000000000e+02 -1.292000000000000000e+03
-1.322000000000000000e+04 1.384000000000000000e+03 1.711600000000000000e+04 -4.720000000000000000e+03 -1.480000000000000000e+02 -1.309000000000000000e+03
-1.396800000000000000e+04 2.108000000000000000e+03 1.974000000000000000e+04 -4.720000000000000000e+03 -1.700000000000000000e+02 -1.034000000000000000e+03
-1.597600000000000000e+04 2.324000000000000000e+03 2.218400000000000000e+04 -4.720000000000000000e+03 -6.300000000000000000e+01 -8.330000000000000000e+02
-1.834000000000000000e+04 2.508000000000000000e+03 2.150800000000000000e+04 -4.736000000000000000e+03 -9.200000000000000000e+01 -6.620000000000000000e+02
-1.930000000000000000e+04 2.220000000000000000e+03 1.815200000000000000e+04 -4.704000000000000000e+03 -2.900000000000000000e+01 -4.110000000000000000e+02
-1.841600000000000000e+04 1.760000000000000000e+03 1.586000000000000000e+04 -4.704000000000000000e+03 -4.800000000000000000e+01 -9.900000000000000000e+01
-1.538400000000000000e+04 1.660000000000000000e+03 1.464400000000000000e+04 -4.720000000000000000e+03 -7.400000000000000000e+01 1.370000000000000000e+02
-1.241600000000000000e+04 1.800000000000000000e+03 1.343600000000000000e+04 -4.672000000000000000e+03 -1.790000000000000000e+02 3.020000000000000000e+02
-1.026000000000000000e+04 1.716000000000000000e+03 1.335600000000000000e+04 -4.688000000000000000e+03 -1.950000000000000000e+02 2.080000000000000000e+02
-9.892000000000000000e+03 1.392000000000000000e+03 1.272000000000000000e+04 -4.704000000000000000e+03 -2.210000000000000000e+02 2.790000000000000000e+02
-1.004000000000000000e+04 1.108000000000000000e+03 1.308400000000000000e+04 -4.720000000000000000e+03 -1.680000000000000000e+02 5.470000000000000000e+02
-9.736000000000000000e+03 1.148000000000000000e+03 1.307600000000000000e+04 -4.736000000000000000e+03 -1.270000000000000000e+02 4.800000000000000000e+02
-9.988000000000000000e+03 1.252000000000000000e+03 1.186000000000000000e+04 -4.704000000000000000e+03 -1.030000000000000000e+02 3.710000000000000000e+02
-1.049600000000000000e+04 1.272000000000000000e+03 1.071200000000000000e+04 -4.720000000000000000e+03 -1.700000000000000000e+02 1.340000000000000000e+02
-8.948000000000000000e+03 1.120000000000000000e+03 8.424000000000000000e+03 -4.720000000000000000e+03 -2.030000000000000000e+02 -1.400000000000000000e+02
-7.412000000000000000e+03 9.800000000000000000e+02 7.024000000000000000e+03 -4.704000000000000000e+03 -1.620000000000000000e+02 -4.360000000000000000e+02
-5.328000000000000000e+03 7.760000000000000000e+02 6.412000000000000000e+03 -4.688000000000000000e+03 -1.320000000000000000e+02 -7.440000000000000000e+02
-4.308000000000000000e+03 6.240000000000000000e+02 6.500000000000000000e+03 -4.720000000000000000e+03 -1.070000000000000000e+02 -1.122000000000000000e+03
-4.340000000000000000e+03 8.560000000000000000e+02 6.476000000000000000e+03 -4.720000000000000000e+03 -1.610000000000000000e+02 -1.398000000000000000e+03
-5.308000000000000000e+03 9.960000000000000000e+02 6.044000000000000000e+03 -4.688000000000000000e+03 -2.900000000000000000e+02 -1.448000000000000000e+03
-6.020000000000000000e+03 1.144000000000000000e+03 6.140000000000000000e+03 -4.704000000000000000e+03 -4.000000000000000000e+02 -1.382000000000000000e+03
-5.956000000000000000e+03 9.880000000000000000e+02 6.828000000000000000e+03 -4.688000000000000000e+03 -4.920000000000000000e+02 -1.214000000000000000e+03
-6.440000000000000000e+03 7.800000000000000000e+02 8.644000000000000000e+03 -4.704000000000000000e+03 -4.700000000000000000e+02 -9.680000000000000000e+02
-7.528000000000000000e+03 9.440000000000000000e+02 1.074000000000000000e+04 -4.720000000000000000e+03 -6.050000000000000000e+02 -7.940000000000000000e+02
-8.640000000000000000e+03 1.724000000000000000e+03 1.215200000000000000e+04 -4.704000000000000000e+03 -6.810000000000000000e+02 -5.970000000000000000e+02
-9.836000000000000000e+03 2.084000000000000000e+03 1.178800000000000000e+04 -4.736000000000000000e+03 -7.190000000000000000e+02 -3.730000000000000000e+02
-1.053600000000000000e+04 2.048000000000000000e+03 1.111600000000000000e+04 -4.704000000000000000e+03 -6.600000000000000000e+02 -9.200000000000000000e+01
-9.772000000000000000e+03 1.844000000000000000e+03 1.163200000000000000e+04 -4.736000000000000000e+03 -6.030000000000000000e+02 2.440000000000000000e+02
