1.019600000000000000e+04 2.164000000000000000e+03 1.270400000000000000e+04 -4.800000000000000000e+03 -5.600000000000000000e+01 -9.800000000000000000e+01
2.212000000000000000e+03 2.012000000000000000e+03 1.258400000000000000e+04 -4.800000000000000000e+03 -8.200000000000000000e+01 -8.200000000000000000e+01
9.740000000000000000e+03 2.136000000000000000e+03 1.260400000000000000e+04 -4.800000000000000000e+03 -7.200000000000000000e+01 -8.300000000000000000e+02
9.464000000000000000e+03 2.200000000000000000e+03 1.244000000000000000e+04 -4.800000000000000000e+03 -9.700000000000000000e+01 -8.610000000000000000e+02
9.552000000000000000e+03 2.448000000000000000e+03 1.277600000000000000e+04 -4.800000000000000000e+03 -1.470000000000000000e+02 -1.117000000000000000e+03
9.124000000000000000e+03 2.320000000000000000e+03 1.275600000000000000e+04 -4.832000000000000000e+03 -3.350000000000000000e+02 -1.753000000000000000e+03
9.016000000000000000e+03 2.044000000000000000e+03 1.283200000000000000e+04 -4.800000000000000000e+03 -4.990000000000000000e+02 -1.924000000000000000e+03
8.488000000000000000e+03 2.292000000000000000e+03 1.280000000000000000e+04 -4.784000000000000000e+03 -1.530000000000000000e+02 -2.416000000000000000e+03
8.996000000000000000e+03 2.436000000000000000e+03 1.241600000000000000e+04 -4.816000000000000000e+03 -9.700000000000000000e+01 -2.425000000000000000e+03
8.560000000000000000e+03 2.600000000000000000e+03 1.292000000000000000e+04 -4.800000000000000000e+03 -9.500000000000000000e+01 -2.525000000000000000e+03
8.372000000000000000e+03 2.544000000000000000e+03 1.302800000000000000e+04 -4.816000000000000000e+03 7.000000000000000000e+00 -2.850000000000000000e+03
8.448000000000000000e+03 2.564000000000000000e+03 1.319600000000000000e+04 -4.832000000000000000e+03 -6.700000000000000000e+01 -3.168000000000000000e+03
8.288000000000000000e+03 2.544000000000000000e+03 1.283600000000000000e+04 -4.816000000000000000e+03 -1.700000000000000000e+01 -3.225000000000000000e+03
8.232000000000000000e+03 2.492000000000000000e+03 1.265600000000000000e+04 -4.832000000000000000e+03 -5.700000000000000000e+01 -3.417000000000000000e+03
7.832000000000000000e+03 2.496000000000000000e+03 1.274400000000000000e+04 -4.784000000000000000e+03 -4.200000000000000000e+01 -3.265000000000000000e+03
7.960000000000000000e+03 2.592000000000000000e+03 1.290000000000000000e+04 -4.784000000000000000e+03 -6.300000000000000000e+01 -2.720000000000000000e+03
7.824000000000000000e+03 2.592000000000000000e+03 1.336400000000000000e+04 -4.816000000000000000e+03 3.900000000000000000e+01 -2.573000000000000000e+03
7.824000000000000000e+03 2.600000000000000000e+03 1.325600000000000000e+04 -4.832000000000000000e+03 5.300000000000000000e+01 -2.364000000000000000e+03
8.080000000000000000e+03 2.736000000000000000e+03 1.302800000000000000e+04 -4.800000000000000000e+03 3.000000000000000000e+00 -1.569000000000000000e+03
7.852000000000000000e+03 2.724000000000000000e+03 1.275200000000000000e+04 -4.816000000000000000e+03 1.470000000000000000e+02 -1.833000000000000000e+03
7.696000000000000000e+03 2.808000000000000000e+03 1.304800000000000000e+04 -4.800000000000000000e+03 2.060000000000000000e+02 -2.100000000000000000e+03
7.876000000000000000e+03 2.840000000000000000e+03 1.190000000000000000e+04 -4.832000000000000000e+03 2.710000000000000000e+02 -3.690000000000000000e+02
7.872000000000000000e+03 2.716000000000000000e+03 8.556000000000000000e+03 -4.784000000000000000e+03 2.280000000000000000e+02 -4.350000000000000000e+02
7.936000000000000000e+03 2.788000000000000000e+03 5.272000000000000000e+03 -4.784000000000000000e+03 3.170000000000000000e+02 -8.900000000000000000e+02
7.932000000000000000e+03 2.932000000000000000e+03 5.492000000000000000e+03 -4.816000000000000000e+03 1.340000000000000000e+02 2.000000000000000000e+00
7.744000000000000000e+03 2.916000000000000000e+03 5.976000000000000000e+03 -4.848000000000000000e+03 -3.090000000000000000e+02 2.380000000000000000e+02
7.612000000000000000e+03 2.848000000000000000e+03 7.376000000000000000e+03 -4.784000000000000000e+03 -2.670000000000000000e+02 4.650000000000000000e+02
7.728000000000000000e+03 2.724000000000000000e+03 7.936000000000000000e+03 -4.800000000000000000e+03 -3.200000000000000000e+01 1.090000000000000000e+03
7.740000000000000000e+03 2.504000000000000000e+03 9.328000000000000000e+03 -4.784000000000000000e+03 -4.600000000000000000e+01 1.071000000000000000e+03
7.732000000000000000e+03 2.324000000000000000e+03 1.038800000000000000e+04 -4.784000000000000000e+03 1.020000000000000000e+02 1.483000000000000000e+03
7.348000000000000000e+03 2.120000000000000000e+03 1.166800000000000000e+04 -4.832000000000000000e+03 1.660000000000000000e+02 1.560000000000000000e+03
6.824000000000000000e+03 1.588000000000000000e+03 1.118400000000000000e+04 -4.816000000000000000e+03 4.900000000000000000e+01 1.063000000000000000e+03
6.664000000000000000e+03 1.368000000000000000e+03 1.263600000000000000e+04 -4.816000000000000000e+03 -1.050000000000000000e+02 1.380000000000000000e+03
6.504000000000000000e+03 1.608000000000000000e+03 1.307600000000000000e+04 -4.816000000000000000e+03 -8.700000000000000000e+01 2.782000000000000000e+03
5.432000000000000000e+03 1.360000000000000000e+03 1.336800000000000000e+04 -4.784000000000000000e+03 -2.980000000000000000e+02 3.103000000000000000e+03
3.520000000000000000e+03 1.772000000000000000e+03 1.379600000000000000e+04 -4.800000000000000000e+03 -4.680000000000000000e+02 1.006000000000000000e+03
2.832000000000000000e+03 1.880000000000000000e+03 1.457600000000000000e+04 -4.816000000000000000e+03 -5.840000000000000000e+02 5.012000000000000000e+03
5.624000000000000000e+03 2.160000000000000000e+03 1.694800000000000000e+04 -4.816000000000000000e+03 -7.150000000000000000e+02 3.133000000000000000e+03
4.824000000000000000e+03 2.440000000000000000e+03 1.894800000000000000e+04 -4.832000000000000000e+03 -9.610000000000000000e+02 1.212000000000000000e+03
5.232000000000000000e+03 2.664000000000000000e+03 2.124000000000000000e+04 -4.832000000000000000e+03 -9.970000000000000000e+02 2.626000000000000000e+03
5.924000000000000000e+03 2.604000000000000000e+03 2.437200000000000000e+04 -4.816000000000000000e+03 -8.890000000000000000e+02 2.375000000000000000e+03
6.328000000000000000e+03 2.928000000000000000e+03 2.268400000000000000e+04 -4.784000000000000000e+03 -7.740000000000000000e+02 2.545000000000000000e+03
6.796000000000000000e+03 3.396000000000000000e+03 1.705200000000000000e+04 -4.800000000000000000e+03 -7.180000000000000000e+02 1.787000000000000000e+03
7.424000000000000000e+03 3.648000000000000000e+03 1.353600000000000000e+04 -4.816000000000000000e+03 -4.160000000000000000e+02 1.158000000000000000e+03
8.664000000000000000e+03 4.028000000000000000e+03 1.202400000000000000e+04 -4.784000000000000000e+03 -2.490000000000000000e+02 1.621000000000000000e+03
8.200000000000000000e+03 4.264000000000000000e+03 8.604000000000000000e+03 -4.832000000000000000e+03 -7.770000000000000000e+02 1.639000000000000000e+03
