2.764000000000000000e+03 2.092000000000000000e+03 1.388400000000000000e+04 -4.752000000000000000e+03 -4.950000000000000000e+02 9.680000000000000000e+02
2.972000000000000000e+03 2.356000000000000000e+03 1.347200000000000000e+04 -4.752000000000000000e+03 -4.600000000000000000e+02 8.640000000000000000e+02
2.772000000000000000e+03 2.244000000000000000e+03 1.470400000000000000e+04 -4.736000000000000000e+03 -4.550000000000000000e+02 6.480000000000000000e+02
3.248000000000000000e+03 1.948000000000000000e+03 1.550800000000000000e+04 -4.720000000000000000e+03 -4.160000000000000000e+02 5.020000000000000000e+02
2.924000000000000000e+03 1.656000000000000000e+03 1.500000000000000000e+04 -4.752000000000000000e+03 -4.460000000000000000e+02 2.370000000000000000e+02
2.972000000000000000e+03 1.872000000000000000e+03 1.442400000000000000e+04 -4.736000000000000000e+03 -4.590000000000000000e+02 1.340000000000000000e+02
3.008000000000000000e+03 2.240000000000000000e+03 1.404800000000000000e+04 -4.736000000000000000e+03 -4.440000000000000000e+02 -1.170000000000000000e+02
2.752000000000000000e+03 2.000000000000000000e+03 1.405600000000000000e+04 -4.752000000000000000e+03 -4.410000000000000000e+02 -2.830000000000000000e+02
2.544000000000000000e+03 2.140000000000000000e+03 1.445600000000000000e+04 -4.736000000000000000e+03 -3.620000000000000000e+02 -2.010000000000000000e+02
2.324000000000000000e+03 2.196000000000000000e+03 1.510800000000000000e+04 -4.704000000000000000e+03 -3.320000000000000000e+02 -2.740000000000000000e+02
2.488000000000000000e+03 2.236000000000000000e+03 1.485600000000000000e+04 -4.720000000000000000e+03 -3.480000000000000000e+02 -1.950000000000000000e+02
2.476000000000000000e+03 2.072000000000000000e+03 1.497600000000000000e+04 -4.720000000000000000e+03 -3.420000000000000000e+02 -1.270000000000000000e+02
2.260000000000000000e+03 1.992000000000000000e+03 1.461200000000000000e+04 -4.688000000000000000e+03 -3.360000000000000000e+02 -2.000000000000000000e+00
2.188000000000000000e+03 1.872000000000000000e+03 1.437200000000000000e+04 -4.720000000000000000e+03 -3.280000000000000000e+02 3.000000000000000000e+01
2.256000000000000000e+03 1.740000000000000000e+03 1.440800000000000000e+04 -4.720000000000000000e+03 -2.480000000000000000e+02 1.700000000000000000e+01
2.180000000000000000e+03 2.040000000000000000e+03 1.457600000000000000e+04 -4.736000000000000000e+03 -1.980000000000000000e+02 -1.160000000000000000e+02
1.932000000000000000e+03 1.932000000000000000e+03 1.454800000000000000e+04 -4.704000000000000000e+03 -1.910000000000000000e+02 -2.040000000000000000e+02
2.200000000000000000e+03 2.020000000000000000e+03 1.439600000000000000e+04 -4.752000000000000000e+03 -1.760000000000000000e+02 -1.200000000000000000e+02
2.056000000000000000e+03 1.880000000000000000e+03 1.423600000000000000e+04 -4.736000000000000000e+03 -2.010000000000000000e+02 -1.940000000000000000e+02
2.124000000000000000e+03 2.028000000000000000e+03 1.397600000000000000e+04 -4.736000000000000000e+03 -1.730000000000000000e+02 -8.600000000000000000e+01
2.052000000000000000e+03 1.852000000000000000e+03 1.447600000000000000e+04 -4.736000000000000000e+03 -1.810000000000000000e+02 1.500000000000000000e+02
2.236000000000000000e+03 1.804000000000000000e+03 1.475600000000000000e+04 -4.720000000000000000e+03 -1.700000000000000000e+02 3.520000000000000000e+02
2.176000000000000000e+03 1.612000000000000000e+03 1.463600000000000000e+04 -4.704000000000000000e+03 -2.250000000000000000e+02 7.030000000000000000e+02
2.372000000000000000e+03 1.896000000000000000e+03 1.461200000000000000e+04 -4.720000000000000000e+03 -2.850000000000000000e+02 9.250000000000000000e+02
2.156000000000000000e+03 2.060000000000000000e+03 1.427200000000000000e+04 -4.704000000000000000e+03 -3.560000000000000000e+02 1.093000000000000000e+03
2.036000000000000000e+03 1.872000000000000000e+03 1.462800000000000000e+04 -4.720000000000000000e+03 -3.760000000000000000e+02 7.250000000000000000e+02
2.152000000000000000e+03 1.716000000000000000e+03 1.455600000000000000e+04 -4.720000000000000000e+03 -3.560000000000000000e+02 1.073000000000000000e+03
2.216000000000000000e+03 1.732000000000000000e+03 1.491600000000000000e+04 -4.736000000000000000e+03 -2.980000000000000000e+02 9.510000000000000000e+02
2.420000000000000000e+03 1.440000000000000000e+03 1.484800000000000000e+04 -4.704000000000000000e+03 -2.930000000000000000e+02 1.250000000000000000e+03
2.836000000000000000e+03 1.568000000000000000e+03 1.452000000000000000e+04 -4.752000000000000000e+03 -2.320000000000000000e+02 1.223000000000000000e+03
2.044000000000000000e+03 1.892000000000000000e+03 1.372800000000000000e+04 -4.704000000000000000e+03 -3.040000000000000000e+02 1.112000000000000000e+03
2.516000000000000000e+03 2.008000000000000000e+03 1.395200000000000000e+04 -4.720000000000000000e+03 -3.850000000000000000e+02 1.363000000000000000e+03
2.644000000000000000e+03 1.932000000000000000e+03 1.391600000000000000e+04 -4.720000000000000000e+03 -4.480000000000000000e+02 1.524000000000000000e+03
2.740000000000000000e+03 1.800000000000000000e+03 1.417200000000000000e+04 -4.720000000000000000e+03 -6.820000000000000000e+02 1.367000000000000000e+03
2.520000000000000000e+03 1.772000000000000000e+03 1.480000000000000000e+04 -4.720000000000000000e+03 -7.800000000000000000e+02 1.735000000000000000e+03
2.192000000000000000e+03 1.944000000000000000e+03 1.510000000000000000e+04 -4.736000000000000000e+03 -5.310000000000000000e+02 1.673000000000000000e+03
1.788000000000000000e+03 2.036000000000000000e+03 1.441600000000000000e+04 -4.704000000000000000e+03 -5.550000000000000000e+02 1.939000000000000000e+03
2.052000000000000000e+03 2.316000000000000000e+03 1.382000000000000000e+04 -4.720000000000000000e+03 -4.600000000000000000e+02 1.936000000000000000e+03
2.160000000000000000e+03 2.364000000000000000e+03 1.181600000000000000e+04 -4.736000000000000000e+03 -3.290000000000000000e+02 1.092000000000000000e+03
2.560000000000000000e+03 2.124000000000000000e+03 7.816000000000000000e+03 -4.720000000000000000e+03 -4.990000000000000000e+02 1.178000000000000000e+03
2.720000000000000000e+03 2.060000000000000000e+03 6.980000000000000000e+03 -4.720000000000000000e+03 -3.660000000000000000e+02 1.012000000000000000e+03
1.928000000000000000e+03 1.704000000000000000e+03 5.260000000000000000e+03 -4.704000000000000000e+03 -3.810000000000000000e+02 7.680000000000000000e+02
1.712000000000000000e+03 9.040000000000000000e+02 6.468000000000000000e+03 -4.720000000000000000e+03 -3.060000000000000000e+02 1.740000000000000000e+02
1.140000000000000000e+03 8.320000000000000000e+02 9.288000000000000000e+03 -4.704000000000000000e+03 -2.880000000000000000e+02 -1.640000000000000000e+02
4.840000000000000000e+02 7.600000000000000000e+02 1.133200000000000000e+04 -4.704000000000000000e+03 -3.590000000000000000e+02 -4.600000000000000000e+02
7.840000000000000000e+02 1.240000000000000000e+02 1.169600000000000000e+04 -4.720000000000000000e+03 -3.290000000000000000e+02 -7.740000000000000000e+02
2.856000000000000000e+03 7.520000000000000000e+02 1.352000000000000000e+04 -4.720000000000000000e+03 -1.770000000000000000e+02 -1.176000000000000000e+03
1.080000000000000000e+03 1.096000000000000000e+03 1.421600000000000000e+04 -4.720000000000000000e+03 -2.620000000000000000e+02 -1.296000000000000000e+03
5.520000000000000000e+02 1.248000000000000000e+03 1.604400000000000000e+04 -4.720000000000000000e+03 -1.440000000000000000e+02 -1.505000000000000000e+03
1.560000000000000000e+02 1.620000000000000000e+03 1.652000000000000000e+04 -4.736000000000000000e+03 -2.640000000000000000e+02 -1.593000000000000000e+03
4.040000000000000000e+02 1.496000000000000000e+03 1.561600000000000000e+04 -4.688000000000000000e+03 8.000000000000000000e+01 -1.412000000000000000e+03
7.640000000000000000e+02 1.564000000000000000e+03 1.570000000000000000e+04 -4.736000000000000000e+03 1.210000000000000000e+02 -1.227000000000000000e+03
8.800000000000000000e+02 1.796000000000000000e+03 1.720400000000000000e+04 -4.704000000000000000e+03 2.280000000000000000e+02 -8.430000000000000000e+02
3.400000000000000000e+02 2.028000000000000000e+03 1.754400000000000000e+04 -4.704000000000000000e+03 1.400000000000000000e+01 -5.340000000000000000e+02
5.880000000000000000e+02 2.148000000000000000e+03 1.775200000000000000e+04 -4.720000000000000000e+03 -3.840000000000000000e+02 -3.970000000000000000e+02
1.032000000000000000e+03 2.176000000000000000e+03 1.854800000000000000e+04 -4.704000000000000000e+03 -3.750000000000000000e+02 1.480000000000000000e+02
1.080000000000000000e+03 1.756000000000000000e+03 2.275600000000000000e+04 -4.736000000000000000e+03 -3.270000000000000000e+02 5.850000000000000000e+02
1.568000000000000000e+03 1.960000000000000000e+03 2.605200000000000000e+04 -4.720000000000000000e+03 -2.720000000000000000e+02 9.270000000000000000e+02
1.652000000000000000e+03 1.816000000000000000e+03 3.060800000000000000e+04 -4.704000000000000000e+03 -2.620000000000000000e+02 9.940000000000000000e+02
2.264000000000000000e+03 2.940000000000000000e+03 2.802400000000000000e+04 -4.688000000000000000e+03 -2.500000000000000000e+02 1.348000000000000000e+03
1.220000000000000000e+03 3.236000000000000000e+03 2.379200000000000000e+04 -4.736000000000000000e+03 -2.240000000000000000e+02 1.256000000000000000e+03
2.184000000000000000e+03 3.708000000000000000e+03 1.956000000000000000e+04 -4.752000000000000000e+03 -2.510000000000000000e+02 1.602000000000000000e+03
2.748000000000000000e+03 2.672000000000000000e+03 1.692000000000000000e+04 -4.752000000000000000e+03 -1.600000000000000000e+02 1.113000000000000000e+03
2.208000000000000000e+03 2.212000000000000000e+03 1.567600000000000000e+04 -4.704000000000000000e+03 -2.560000000000000000e+02 7.100000000000000000e+02
1.408000000000000000e+03 2.264000000000000000e+03 1.530000000000000000e+04 -4.752000000000000000e+03 -1.500000000000000000e+02 2.200000000000000000e+02
2.068000000000000000e+03 2.624000000000000000e+03 1.530000000000000000e+04 -4.704000000000000000e+03 -1.080000000000000000e+02 -3.900000000000000000e+01
3.076000000000000000e+03 2.408000000000000000e+03 1.525200000000000000e+04 -4.704000000000000000e+03 -6.900000000000000000e+01 -2.540000000000000000e+02
3.708000000000000000e+03 2.316000000000000000e+03 1.567200000000000000e+04 -4.752000000000000000e+03 -1.730000000000000000e+02 -5.040000000000000000e+02
3.320000000000000000e+03 2.176000000000000000e+03 1.571600000000000000e+04 -4.752000000000000000e+03 -2.040000000000000000e+02 -6.000000000000000000e+02
2.784000000000000000e+03 2.120000000000000000e+03 1.543200000000000000e+04 -4.720000000000000000e+03 -1.560000000000000000e+02 -6.850000000000000000e+02
2.412000000000000000e+03 2.088000000000000000e+03 1.526000000000000000e+04 -4.720000000000000000e+03 -8.200000000000000000e+01 -1.039000000000000000e+03
2.456000000000000000e+03 2.276000000000000000e+03 1.429200000000000000e+04 -4.720000000000000000e+03 -2.300000000000000000e+01 -1.460000000000000000e+03
2.228000000000000000e+03 2.636000000000000000e+03 1.274800000000000000e+04 -4.736000000000000000e+03 1.420000000000000000e+02 2.610000000000000000e+02
