1.120400000000000000e+04 2.320000000000000000e+03 -4.720000000000000000e+03 -4.704000000000000000e+03 3.100000000000000000e+01 -2.300000000000000000e+02
1.070800000000000000e+04 1.140000000000000000e+04 1.168000000000000000e+04 -4.688000000000000000e+03 6.300000000000000000e+01 4.430000000000000000e+02
1.010400000000000000e+04 2.292000000000000000e+03 1.198400000000000000e+04 -4.720000000000000000e+03 -6.600000000000000000e+01 -5.360000000000000000e+02
4.000000000000000000e+00 2.460000000000000000e+03 1.181200000000000000e+04 -4.656000000000000000e+03 6.800000000000000000e+01 -8.160000000000000000e+02
9.376000000000000000e+03 2.772000000000000000e+03 1.125200000000000000e+04 -4.672000000000000000e+03 7.300000000000000000e+01 -8.330000000000000000e+02
9.608000000000000000e+03 2.548000000000000000e+03 1.097200000000000000e+04 -4.688000000000000000e+03 7.400000000000000000e+01 -5.660000000000000000e+02
1.065200000000000000e+04 2.660000000000000000e+03 1.138000000000000000e+04 -4.656000000000000000e+03 -1.500000000000000000e+01 -8.090000000000000000e+02
1.042000000000000000e+04 2.704000000000000000e+03 1.135200000000000000e+04 -4.672000000000000000e+03 -8.000000000000000000e+00 -8.140000000000000000e+02
1.027200000000000000e+04 2.748000000000000000e+03 1.134000000000000000e+04 -4.656000000000000000e+03 -8.800000000000000000e+01 -6.080000000000000000e+02
9.740000000000000000e+03 3.020000000000000000e+03 1.136400000000000000e+04 -4.704000000000000000e+03 -1.170000000000000000e+02 -5.620000000000000000e+02
1.010800000000000000e+04 3.016000000000000000e+03 1.142400000000000000e+04 -4.672000000000000000e+03 -2.220000000000000000e+02 -5.520000000000000000e+02
1.099600000000000000e+04 2.944000000000000000e+03 1.108800000000000000e+04 -4.704000000000000000e+03 -1.960000000000000000e+02 -4.710000000000000000e+02
1.111600000000000000e+04 2.688000000000000000e+03 1.057200000000000000e+04 -4.672000000000000000e+03 -2.160000000000000000e+02 -1.290000000000000000e+02
1.092000000000000000e+04 2.576000000000000000e+03 1.084800000000000000e+04 -4.688000000000000000e+03 -2.700000000000000000e+02 -1.020000000000000000e+02
1.017600000000000000e+04 2.520000000000000000e+03 1.105600000000000000e+04 -4.688000000000000000e+03 -3.550000000000000000e+02 -1.630000000000000000e+02
1.038400000000000000e+04 2.960000000000000000e+03 1.136800000000000000e+04 -4.688000000000000000e+03 -3.460000000000000000e+02 -2.670000000000000000e+02
1.050800000000000000e+04 3.024000000000000000e+03 1.081600000000000000e+04 -4.688000000000000000e+03 -3.070000000000000000e+02 -4.300000000000000000e+01
1.126800000000000000e+04 2.872000000000000000e+03 1.047200000000000000e+04 -4.688000000000000000e+03 -2.710000000000000000e+02 1.460000000000000000e+02
1.080800000000000000e+04 2.588000000000000000e+03 1.050000000000000000e+04 -4.688000000000000000e+03 -2.830000000000000000e+02 7.300000000000000000e+01
1.066800000000000000e+04 2.608000000000000000e+03 1.069200000000000000e+04 -4.704000000000000000e+03 -2.670000000000000000e+02 -1.630000000000000000e+02
1.061600000000000000e+04 2.624000000000000000e+03 1.126400000000000000e+04 -4.688000000000000000e+03 -2.680000000000000000e+02 -3.640000000000000000e+02
1.093200000000000000e+04 2.624000000000000000e+03 1.095200000000000000e+04 -4.688000000000000000e+03 -1.820000000000000000e+02 -1.110000000000000000e+02
1.084400000000000000e+04 2.508000000000000000e+03 1.044000000000000000e+04 -4.656000000000000000e+03 -1.220000000000000000e+02 3.400000000000000000e+01
1.062000000000000000e+04 2.432000000000000000e+03 1.067200000000000000e+04 -4.688000000000000000e+03 -1.560000000000000000e+02 -1.130000000000000000e+02
1.022400000000000000e+04 2.408000000000000000e+03 1.156400000000000000e+04 -4.672000000000000000e+03 -2.010000000000000000e+02 -3.120000000000000000e+02
1.022000000000000000e+04 2.564000000000000000e+03 1.219200000000000000e+04 -4.640000000000000000e+03 -2.770000000000000000e+02 -1.900000000000000000e+01
1.065200000000000000e+04 2.788000000000000000e+03 1.238000000000000000e+04 -4.640000000000000000e+03 -4.310000000000000000e+02 4.170000000000000000e+02
1.124000000000000000e+04 2.680000000000000000e+03 1.101600000000000000e+04 -4.672000000000000000e+03 -6.590000000000000000e+02 4.120000000000000000e+02
1.163200000000000000e+04 2.548000000000000000e+03 1.062000000000000000e+04 -4.704000000000000000e+03 -7.480000000000000000e+02 5.550000000000000000e+02
1.100400000000000000e+04 2.284000000000000000e+03 8.032000000000000000e+03 -4.672000000000000000e+03 -7.770000000000000000e+02 6.520000000000000000e+02
1.120000000000000000e+04 1.732000000000000000e+03 6.248000000000000000e+03 -4.672000000000000000e+03 -7.780000000000000000e+02 5.160000000000000000e+02
8.776000000000000000e+03 1.348000000000000000e+03 5.160000000000000000e+03 -4.672000000000000000e+03 -7.320000000000000000e+02 3.640000000000000000e+02
6.900000000000000000e+03 1.300000000000000000e+03 4.880000000000000000e+03 -4.688000000000000000e+03 -5.820000000000000000e+02 -5.400000000000000000e+01
5.488000000000000000e+03 1.044000000000000000e+03 4.416000000000000000e+03 -4.656000000000000000e+03 -5.400000000000000000e+02 2.960000000000000000e+02
5.168000000000000000e+03 1.300000000000000000e+03 6.060000000000000000e+03 -4.688000000000000000e+03 -5.500000000000000000e+02 4.960000000000000000e+02
4.924000000000000000e+03 1.656000000000000000e+03 6.796000000000000000e+03 -4.688000000000000000e+03 -4.360000000000000000e+02 8.100000000000000000e+02
6.648000000000000000e+03 1.560000000000000000e+03 7.896000000000000000e+03 -4.704000000000000000e+03 -5.140000000000000000e+02 -1.200000000000000000e+02
7.844000000000000000e+03 2.036000000000000000e+03 1.102000000000000000e+04 -4.704000000000000000e+03 -6.490000000000000000e+02 -8.900000000000000000e+01
7.544000000000000000e+03 2.812000000000000000e+03 1.104400000000000000e+04 -4.672000000000000000e+03 -4.350000000000000000e+02 -4.080000000000000000e+02
9.200000000000000000e+03 2.228000000000000000e+03 1.082800000000000000e+04 -4.688000000000000000e+03 -3.040000000000000000e+02 -7.270000000000000000e+02
1.126000000000000000e+04 2.540000000000000000e+03 1.240800000000000000e+04 -4.688000000000000000e+03 -3.560000000000000000e+02 -1.094000000000000000e+03
1.137600000000000000e+04 2.516000000000000000e+03 1.375200000000000000e+04 -4.672000000000000000e+03 -3.830000000000000000e+02 -8.370000000000000000e+02
1.341600000000000000e+04 3.260000000000000000e+03 1.218800000000000000e+04 -4.688000000000000000e+03 -2.830000000000000000e+02 -6.270000000000000000e+02
1.260400000000000000e+04 2.688000000000000000e+03 1.206800000000000000e+04 -4.688000000000000000e+03 -2.090000000000000000e+02 -5.500000000000000000e+02
1.285200000000000000e+04 2.384000000000000000e+03 1.290400000000000000e+04 -4.688000000000000000e+03 -1.990000000000000000e+02 -1.078000000000000000e+03
1.224400000000000000e+04 2.320000000000000000e+03 1.468400000000000000e+04 -4.688000000000000000e+03 -7.000000000000000000e+01 -1.225000000000000000e+03
1.357200000000000000e+04 2.588000000000000000e+03 1.505200000000000000e+04 -4.688000000000000000e+03 1.620000000000000000e+02 -3.760000000000000000e+02
1.372800000000000000e+04 2.536000000000000000e+03 1.644000000000000000e+04 -4.720000000000000000e+03 3.800000000000000000e+01 -6.740000000000000000e+02
1.416000000000000000e+04 2.816000000000000000e+03 1.885600000000000000e+04 -4.672000000000000000e+03 -1.910000000000000000e+02 -9.440000000000000000e+02
1.504800000000000000e+04 3.524000000000000000e+03 2.038400000000000000e+04 -4.672000000000000000e+03 -3.970000000000000000e+02 -7.520000000000000000e+02
1.779200000000000000e+04 3.956000000000000000e+03 1.687600000000000000e+04 -4.672000000000000000e+03 -2.950000000000000000e+02 -9.100000000000000000e+01
2.030800000000000000e+04 3.632000000000000000e+03 1.339200000000000000e+04 -4.656000000000000000e+03 -3.320000000000000000e+02 1.920000000000000000e+02
1.924000000000000000e+04 2.868000000000000000e+03 1.279200000000000000e+04 -4.704000000000000000e+03 -4.720000000000000000e+02 1.650000000000000000e+02
1.741200000000000000e+04 2.740000000000000000e+03 1.169200000000000000e+04 -4.688000000000000000e+03 -4.190000000000000000e+02 3.210000000000000000e+02
1.628800000000000000e+04 2.572000000000000000e+03 1.109600000000000000e+04 -4.656000000000000000e+03 -4.020000000000000000e+02 7.900000000000000000e+02
1.545600000000000000e+04 2.588000000000000000e+03 1.138000000000000000e+04 -4.688000000000000000e+03 -5.390000000000000000e+02 1.051000000000000000e+03
1.427600000000000000e+04 2.680000000000000000e+03 1.139200000000000000e+04 -4.672000000000000000e+03 -5.250000000000000000e+02 1.168000000000000000e+03
1.350000000000000000e+04 2.844000000000000000e+03 1.086400000000000000e+04 -4.688000000000000000e+03 -5.490000000000000000e+02 1.247000000000000000e+03
1.370800000000000000e+04 2.788000000000000000e+03 1.179600000000000000e+04 -4.688000000000000000e+03 -6.730000000000000000e+02 1.413000000000000000e+03
1.377600000000000000e+04 2.952000000000000000e+03 1.091200000000000000e+04 -4.704000000000000000e+03 -6.470000000000000000e+02 9.000000000000000000e+02
1.347600000000000000e+04 3.084000000000000000e+03 8.884000000000000000e+03 -4.688000000000000000e+03 -5.890000000000000000e+02 1.252000000000000000e+03
1.263600000000000000e+04 2.616000000000000000e+03 7.364000000000000000e+03 -4.688000000000000000e+03 -6.550000000000000000e+02 8.580000000000000000e+02
1.287200000000000000e+04 2.408000000000000000e+03 5.032000000000000000e+03 -4.688000000000000000e+03 -5.330000000000000000e+02 1.115000000000000000e+03
1.067600000000000000e+04 1.432000000000000000e+03 2.260000000000000000e+03 -4.672000000000000000e+03 -4.670000000000000000e+02 2.312000000000000000e+03
9.032000000000000000e+03 8.880000000000000000e+02 9.560000000000000000e+02 -4.720000000000000000e+03 -4.720000000000000000e+02 8.700000000000000000e+01
6.136000000000000000e+03 3.520000000000000000e+02 6.080000000000000000e+02 -4.672000000000000000e+03 7.300000000000000000e+01 7.130000000000000000e+02
4.336000000000000000e+03 1.000000000000000000e+02 4.596000000000000000e+03 -4.688000000000000000e+03 2.630000000000000000e+02 4.190000000000000000e+02
2.684000000000000000e+03 5.120000000000000000e+02 5.912000000000000000e+03 -4.704000000000000000e+03 4.630000000000000000e+02 4.470000000000000000e+02
2.224000000000000000e+03 1.608000000000000000e+03 1.598000000000000000e+04 -4.688000000000000000e+03 -5.960000000000000000e+02 2.220000000000000000e+02
9.640000000000000000e+02 5.096000000000000000e+03 1.845200000000000000e+04 -4.688000000000000000e+03 -4.410000000000000000e+02 -8.600000000000000000e+01
6.972000000000000000e+03 4.844000000000000000e+03 8.076000000000000000e+03 -4.688000000000000000e+03 2.250000000000000000e+02 2.530000000000000000e+02
1.483200000000000000e+04 2.220000000000000000e+03 5.876000000000000000e+03 -4.720000000000000000e+03 3.220000000000000000e+02 3.120000000000000000e+02
1.533600000000000000e+04 9.000000000000000000e+02 9.380000000000000000e+03 -4.672000000000000000e+03 1.450000000000000000e+02 5.200000000000000000e+02
1.057200000000000000e+04 1.776000000000000000e+03 1.269200000000000000e+04 -4.656000000000000000e+03 -1.620000000000000000e+02 4.320000000000000000e+02
7.732000000000000000e+03 3.252000000000000000e+03 1.381600000000000000e+04 -4.720000000000000000e+03 -3.310000000000000000e+02 6.530000000000000000e+02
8.268000000000000000e+03 3.760000000000000000e+03 1.196400000000000000e+04 -4.656000000000000000e+03 -2.820000000000000000e+02 4.680000000000000000e+02
1.256000000000000000e+04 3.052000000000000000e+03 9.824000000000000000e+03 -4.672000000000000000e+03 -7.300000000000000000e+01 3.990000000000000000e+02
1.320000000000000000e+04 2.212000000000000000e+03 9.920000000000000000e+03 -4.704000000000000000e+03 -1.490000000000000000e+02 7.690000000000000000e+02
1.113600000000000000e+04 2.288000000000000000e+03 1.154800000000000000e+04 -4.704000000000000000e+03 -3.650000000000000000e+02 8.520000000000000000e+02
9.292000000000000000e+03 2.800000000000000000e+03 1.271200000000000000e+04 -4.688000000000000000e+03 -6.100000000000000000e+02 8.620000000000000000e+02
