-3.052000000000000000e+03 1.224000000000000000e+03 1.548400000000000000e+04 -4.688000000000000000e+03 -2.230000000000000000e+02 5.440000000000000000e+02
-3.736000000000000000e+03 1.324000000000000000e+03 1.482000000000000000e+04 -4.704000000000000000e+03 -1.890000000000000000e+02 2.740000000000000000e+02
-3.716000000000000000e+03 1.148000000000000000e+03 1.376000000000000000e+04 -4.672000000000000000e+03 -1.680000000000000000e+02 1.410000000000000000e+02
-3.448000000000000000e+03 1.180000000000000000e+03 1.367200000000000000e+04 -4.688000000000000000e+03 -1.250000000000000000e+02 -1.300000000000000000e+01
-3.288000000000000000e+03 1.120000000000000000e+03 1.396800000000000000e+04 -4.672000000000000000e+03 -1.340000000000000000e+02 -1.730000000000000000e+02
-3.548000000000000000e+03 1.152000000000000000e+03 1.448400000000000000e+04 -4.688000000000000000e+03 -2.170000000000000000e+02 -2.560000000000000000e+02
-3.620000000000000000e+03 1.192000000000000000e+03 1.457600000000000000e+04 -4.656000000000000000e+03 -1.940000000000000000e+02 -2.750000000000000000e+02
-3.704000000000000000e+03 1.112000000000000000e+03 1.450800000000000000e+04 -4.672000000000000000e+03 -1.850000000000000000e+02 -3.330000000000000000e+02
-3.628000000000000000e+03 1.036000000000000000e+03 1.402800000000000000e+04 -4.688000000000000000e+03 -2.190000000000000000e+02 -5.140000000000000000e+02
-3.520000000000000000e+03 9.680000000000000000e+02 1.433200000000000000e+04 -4.672000000000000000e+03 -2.360000000000000000e+02 -7.740000000000000000e+02
-3.616000000000000000e+03 1.020000000000000000e+03 1.430800000000000000e+04 -4.672000000000000000e+03 -2.680000000000000000e+02 -1.084000000000000000e+03
-3.628000000000000000e+03 1.396000000000000000e+03 1.468400000000000000e+04 -4.672000000000000000e+03 -2.390000000000000000e+02 -1.299000000000000000e+03
-3.480000000000000000e+03 1.544000000000000000e+03 1.441200000000000000e+04 -4.672000000000000000e+03 -8.700000000000000000e+01 -1.267000000000000000e+03
-3.328000000000000000e+03 1.416000000000000000e+03 1.356400000000000000e+04 -4.672000000000000000e+03 -1.360000000000000000e+02 -1.377000000000000000e+03
-3.540000000000000000e+03 1.160000000000000000e+03 1.400800000000000000e+04 -4.688000000000000000e+03 -1.710000000000000000e+02 -1.224000000000000000e+03
-3.204000000000000000e+03 1.380000000000000000e+03 1.454400000000000000e+04 -4.704000000000000000e+03 -1.930000000000000000e+02 -9.940000000000000000e+02
-3.104000000000000000e+03 1.120000000000000000e+03 1.438800000000000000e+04 -4.688000000000000000e+03 -1.930000000000000000e+02 -7.370000000000000000e+02
-3.100000000000000000e+03 1.144000000000000000e+03 1.443200000000000000e+04 -4.672000000000000000e+03 -2.160000000000000000e+02 -4.310000000000000000e+02
-3.024000000000000000e+03 1.216000000000000000e+03 1.414000000000000000e+04 -4.704000000000000000e+03 -2.990000000000000000e+02 -1.350000000000000000e+02
-2.508000000000000000e+03 1.296000000000000000e+03 1.430000000000000000e+04 -4.672000000000000000e+03 -2.710000000000000000e+02 2.140000000000000000e+02
-2.236000000000000000e+03 1.232000000000000000e+03 1.419200000000000000e+04 -4.672000000000000000e+03 -3.260000000000000000e+02 4.700000000000000000e+02
-2.436000000000000000e+03 1.040000000000000000e+03 1.423200000000000000e+04 -4.672000000000000000e+03 -3.550000000000000000e+02 6.900000000000000000e+02
-2.268000000000000000e+03 1.236000000000000000e+03 1.452800000000000000e+04 -4.672000000000000000e+03 -3.630000000000000000e+02 8.090000000000000000e+02
-2.180000000000000000e+03 1.216000000000000000e+03 1.427200000000000000e+04 -4.688000000000000000e+03 -3.670000000000000000e+02 7.190000000000000000e+02
-2.228000000000000000e+03 1.060000000000000000e+03 1.430400000000000000e+04 -4.672000000000000000e+03 -3.370000000000000000e+02 6.020000000000000000e+02
-2.596000000000000000e+03 1.292000000000000000e+03 1.447600000000000000e+04 -4.672000000000000000e+03 -2.450000000000000000e+02 4.080000000000000000e+02
-2.588000000000000000e+03 1.536000000000000000e+03 1.377200000000000000e+04 -4.656000000000000000e+03 -1.650000000000000000e+02 1.810000000000000000e+02
-2.420000000000000000e+03 1.676000000000000000e+03 1.388000000000000000e+04 -4.672000000000000000e+03 -8.500000000000000000e+01 1.520000000000000000e+02
-2.660000000000000000e+03 1.780000000000000000e+03 1.386800000000000000e+04 -4.672000000000000000e+03 -7.100000000000000000e+01 1.100000000000000000e+01
-2.412000000000000000e+03 1.568000000000000000e+03 1.408800000000000000e+04 -4.704000000000000000e+03 -8.200000000000000000e+01 1.280000000000000000e+02
-2.680000000000000000e+03 1.388000000000000000e+03 1.452400000000000000e+04 -4.704000000000000000e+03 -1.100000000000000000e+02 3.750000000000000000e+02
-2.912000000000000000e+03 1.384000000000000000e+03 1.476000000000000000e+04 -4.720000000000000000e+03 -1.160000000000000000e+02 6.180000000000000000e+02
-2.540000000000000000e+03 1.256000000000000000e+03 1.439200000000000000e+04 -4.720000000000000000e+03 -1.520000000000000000e+02 8.580000000000000000e+02
-2.632000000000000000e+03 1.104000000000000000e+03 1.408400000000000000e+04 -4.672000000000000000e+03 -2.560000000000000000e+02 1.045000000000000000e+03
-2.788000000000000000e+03 1.336000000000000000e+03 1.404400000000000000e+04 -4.672000000000000000e+03 -3.340000000000000000e+02 1.274000000000000000e+03
-3.024000000000000000e+03 1.440000000000000000e+03 1.376800000000000000e+04 -4.688000000000000000e+03 -4.530000000000000000e+02 1.474000000000000000e+03
-3.436000000000000000e+03 1.532000000000000000e+03 1.318000000000000000e+04 -4.704000000000000000e+03 -4.830000000000000000e+02 1.326000000000000000e+03
-3.364000000000000000e+03 1.152000000000000000e+03 1.196400000000000000e+04 -4.672000000000000000e+03 -5.520000000000000000e+02 1.134000000000000000e+03
-3.192000000000000000e+03 7.280000000000000000e+02 1.043200000000000000e+04 -4.672000000000000000e+03 -5.620000000000000000e+02 9.860000000000000000e+02
-2.296000000000000000e+03 5.520000000000000000e+02 9.800000000000000000e+03 -4.672000000000000000e+03 -4.630000000000000000e+02 9.180000000000000000e+02
-2.372000000000000000e+03 5.520000000000000000e+02 8.368000000000000000e+03 -4.672000000000000000e+03 -4.300000000000000000e+02 6.370000000000000000e+02
-2.076000000000000000e+03 1.032000000000000000e+03 8.756000000000000000e+03 -4.704000000000000000e+03 -3.510000000000000000e+02 2.770000000000000000e+02
-1.792000000000000000e+03 1.324000000000000000e+03 9.032000000000000000e+03 -4.704000000000000000e+03 -4.650000000000000000e+02 -1.520000000000000000e+02
-1.300000000000000000e+03 1.632000000000000000e+03 1.030000000000000000e+04 -4.688000000000000000e+03 -3.920000000000000000e+02 -3.120000000000000000e+02
-1.704000000000000000e+03 1.452000000000000000e+03 1.160400000000000000e+04 -4.688000000000000000e+03 -3.720000000000000000e+02 -4.110000000000000000e+02
-2.716000000000000000e+03 1.280000000000000000e+03 1.210000000000000000e+04 -4.672000000000000000e+03 -3.280000000000000000e+02 -3.670000000000000000e+02
-2.912000000000000000e+03 1.304000000000000000e+03 1.331600000000000000e+04 -4.704000000000000000e+03 -2.980000000000000000e+02 -2.360000000000000000e+02
-3.064000000000000000e+03 1.716000000000000000e+03 1.354800000000000000e+04 -4.688000000000000000e+03 -4.710000000000000000e+02 -7.040000000000000000e+02
-2.984000000000000000e+03 1.836000000000000000e+03 1.515200000000000000e+04 -4.656000000000000000e+03 -4.340000000000000000e+02 -1.009000000000000000e+03
-3.180000000000000000e+03 1.780000000000000000e+03 1.520800000000000000e+04 -4.688000000000000000e+03 -3.540000000000000000e+02 -1.112000000000000000e+03
-3.300000000000000000e+03 1.484000000000000000e+03 1.464800000000000000e+04 -4.720000000000000000e+03 -2.860000000000000000e+02 -1.414000000000000000e+03
-3.040000000000000000e+03 1.372000000000000000e+03 1.597600000000000000e+04 -4.688000000000000000e+03 -2.710000000000000000e+02 -2.004000000000000000e+03
-3.372000000000000000e+03 1.500000000000000000e+03 1.610800000000000000e+04 -4.688000000000000000e+03 1.000000000000000000e+01 -2.270000000000000000e+03
-2.488000000000000000e+03 1.856000000000000000e+03 1.710800000000000000e+04 -4.704000000000000000e+03 -2.400000000000000000e+01 -2.160000000000000000e+03
-2.344000000000000000e+03 1.680000000000000000e+03 1.738000000000000000e+04 -4.720000000000000000e+03 3.770000000000000000e+02 -1.800000000000000000e+03
-3.236000000000000000e+03 2.156000000000000000e+03 2.003200000000000000e+04 -4.688000000000000000e+03 1.750000000000000000e+02 -1.621000000000000000e+03
-3.368000000000000000e+03 2.388000000000000000e+03 2.228800000000000000e+04 -4.688000000000000000e+03 -1.350000000000000000e+02 -1.204000000000000000e+03
-3.392000000000000000e+03 2.740000000000000000e+03 2.790800000000000000e+04 -4.688000000000000000e+03 -4.930000000000000000e+02 -8.810000000000000000e+02
-3.880000000000000000e+03 2.348000000000000000e+03 2.939200000000000000e+04 -4.704000000000000000e+03 -3.930000000000000000e+02 -4.000000000000000000e+02
-5.372000000000000000e+03 1.880000000000000000e+03 2.574400000000000000e+04 -4.656000000000000000e+03 -3.490000000000000000e+02 -8.800000000000000000e+01
-3.752000000000000000e+03 1.792000000000000000e+03 2.112800000000000000e+04 -4.688000000000000000e+03 -4.140000000000000000e+02 1.100000000000000000e+02
-2.048000000000000000e+03 2.156000000000000000e+03 1.830800000000000000e+04 -4.704000000000000000e+03 -5.020000000000000000e+02 6.160000000000000000e+02
-9.920000000000000000e+02 2.320000000000000000e+03 1.685600000000000000e+04 -4.656000000000000000e+03 -6.330000000000000000e+02 8.510000000000000000e+02
-8.640000000000000000e+02 2.500000000000000000e+03 1.672400000000000000e+04 -4.688000000000000000e+03 -8.680000000000000000e+02 9.000000000000000000e+02
-4.240000000000000000e+02 2.408000000000000000e+03 1.705600000000000000e+04 -4.720000000000000000e+03 -9.720000000000000000e+02 7.010000000000000000e+02
1.080000000000000000e+02 2.212000000000000000e+03 1.724400000000000000e+04 -4.688000000000000000e+03 -9.330000000000000000e+02 1.910000000000000000e+02
3.200000000000000000e+01 1.372000000000000000e+03 1.604000000000000000e+04 -4.704000000000000000e+03 -8.790000000000000000e+02 2.020000000000000000e+02
-8.880000000000000000e+02 1.340000000000000000e+03 1.585200000000000000e+04 -4.704000000000000000e+03 -8.430000000000000000e+02 7.100000000000000000e+01
-9.440000000000000000e+02 1.692000000000000000e+03 1.555600000000000000e+04 -4.688000000000000000e+03 -7.100000000000000000e+02 -2.540000000000000000e+02
-1.420000000000000000e+03 1.704000000000000000e+03 1.429200000000000000e+04 -4.656000000000000000e+03 -5.790000000000000000e+02 -3.790000000000000000e+02
-1.068000000000000000e+03 1.560000000000000000e+03 1.196800000000000000e+04 -4.688000000000000000e+03 -5.940000000000000000e+02 -6.900000000000000000e+02
-1.280000000000000000e+02 1.256000000000000000e+03 1.114400000000000000e+04 -4.688000000000000000e+03 -5.080000000000000000e+02 -1.950000000000000000e+02
-5.640000000000000000e+02 1.000000000000000000e+03 9.640000000000000000e+03 -4.688000000000000000e+03 -5.260000000000000000e+02 -5.750000000000000000e+02
-4.200000000000000000e+02 7.800000000000000000e+02 7.192000000000000000e+03 -4.704000000000000000e+03 -5.120000000000000000e+02 -5.140000000000000000e+02
-3.120000000000000000e+02 4.800000000000000000e+02 5.192000000000000000e+03 -4.688000000000000000e+03 -2.360000000000000000e+02 -3.710000000000000000e+02
-5.600000000000000000e+02 6.000000000000000000e+01 2.392000000000000000e+03 -4.688000000000000000e+03 9.100000000000000000e+01 -7.540000000000000000e+02
-2.720000000000000000e+02 -2.560000000000000000e+02 3.188000000000000000e+03 -4.672000000000000000e+03 4.140000000000000000e+02 -4.910000000000000000e+02
-1.524000000000000000e+03 4.000000000000000000e+00 6.872000000000000000e+03 -4.704000000000000000e+03 -1.790000000000000000e+02 -1.300000000000000000e+02
-2.016000000000000000e+03 1.032000000000000000e+03 1.494000000000000000e+04 -4.720000000000000000e+03 -7.220000000000000000e+02 -1.000000000000000000e+00
-2.216000000000000000e+03 2.372000000000000000e+03 2.178400000000000000e+04 -4.672000000000000000e+03 -2.940000000000000000e+02 3.890000000000000000e+02
