3.600000000000000000e+01 1.736000000000000000e+03 1.458000000000000000e+04 -4.672000000000000000e+03 -3.780000000000000000e+02 2.300000000000000000e+02
-1.600000000000000000e+01 1.916000000000000000e+03 1.466400000000000000e+04 -4.688000000000000000e+03 -3.360000000000000000e+02 4.400000000000000000e+01
3.200000000000000000e+01 1.640000000000000000e+03 1.498800000000000000e+04 -4.656000000000000000e+03 -3.290000000000000000e+02 1.250000000000000000e+02
-8.800000000000000000e+01 1.444000000000000000e+03 1.514400000000000000e+04 -4.688000000000000000e+03 -3.000000000000000000e+02 -4.100000000000000000e+01
2.760000000000000000e+02 1.396000000000000000e+03 1.448800000000000000e+04 -4.640000000000000000e+03 -2.830000000000000000e+02 -1.600000000000000000e+02
4.800000000000000000e+01 1.568000000000000000e+03 1.456800000000000000e+04 -4.704000000000000000e+03 -2.460000000000000000e+02 -3.280000000000000000e+02
1.520000000000000000e+02 1.640000000000000000e+03 1.399200000000000000e+04 -4.672000000000000000e+03 -1.900000000000000000e+02 -3.820000000000000000e+02
1.760000000000000000e+02 1.772000000000000000e+03 1.405200000000000000e+04 -4.688000000000000000e+03 -1.510000000000000000e+02 -5.260000000000000000e+02
-1.440000000000000000e+02 1.712000000000000000e+03 1.462800000000000000e+04 -4.672000000000000000e+03 -1.610000000000000000e+02 -6.330000000000000000e+02
6.800000000000000000e+01 1.792000000000000000e+03 1.462800000000000000e+04 -4.688000000000000000e+03 -1.480000000000000000e+02 -6.870000000000000000e+02
-2.800000000000000000e+02 1.972000000000000000e+03 1.457200000000000000e+04 -4.688000000000000000e+03 -1.450000000000000000e+02 -5.350000000000000000e+02
-2.080000000000000000e+02 1.792000000000000000e+03 1.458400000000000000e+04 -4.688000000000000000e+03 -1.510000000000000000e+02 -3.780000000000000000e+02
-1.440000000000000000e+02 1.816000000000000000e+03 1.456000000000000000e+04 -4.688000000000000000e+03 -1.990000000000000000e+02 -3.310000000000000000e+02
-3.640000000000000000e+02 1.612000000000000000e+03 1.458000000000000000e+04 -4.672000000000000000e+03 -1.970000000000000000e+02 -2.690000000000000000e+02
-1.840000000000000000e+02 1.384000000000000000e+03 1.454800000000000000e+04 -4.656000000000000000e+03 -2.350000000000000000e+02 -4.000000000000000000e+00
-3.560000000000000000e+02 1.292000000000000000e+03 1.446800000000000000e+04 -4.656000000000000000e+03 -3.220000000000000000e+02 1.840000000000000000e+02
-2.640000000000000000e+02 1.404000000000000000e+03 1.495200000000000000e+04 -4.688000000000000000e+03 -3.090000000000000000e+02 4.000000000000000000e+02
-5.200000000000000000e+01 1.596000000000000000e+03 1.458800000000000000e+04 -4.688000000000000000e+03 -3.290000000000000000e+02 6.430000000000000000e+02
-1.240000000000000000e+02 1.764000000000000000e+03 1.445200000000000000e+04 -4.640000000000000000e+03 -4.660000000000000000e+02 9.760000000000000000e+02
5.200000000000000000e+01 1.712000000000000000e+03 1.433200000000000000e+04 -4.672000000000000000e+03 -5.490000000000000000e+02 1.256000000000000000e+03
-2.800000000000000000e+01 1.912000000000000000e+03 1.454400000000000000e+04 -4.656000000000000000e+03 -7.260000000000000000e+02 1.494000000000000000e+03
-2.960000000000000000e+02 1.784000000000000000e+03 1.479200000000000000e+04 -4.640000000000000000e+03 -9.140000000000000000e+02 1.619000000000000000e+03
-1.440000000000000000e+02 1.828000000000000000e+03 1.504000000000000000e+04 -4.672000000000000000e+03 -9.510000000000000000e+02 1.341000000000000000e+03
3.680000000000000000e+02 1.672000000000000000e+03 1.447200000000000000e+04 -4.672000000000000000e+03 -4.170000000000000000e+02 1.661000000000000000e+03
6.120000000000000000e+02 1.800000000000000000e+03 1.444400000000000000e+04 -4.688000000000000000e+03 -5.000000000000000000e+02 1.317000000000000000e+03
3.160000000000000000e+02 1.624000000000000000e+03 1.459600000000000000e+04 -4.672000000000000000e+03 -2.770000000000000000e+02 2.035000000000000000e+03
3.120000000000000000e+02 1.756000000000000000e+03 1.468000000000000000e+04 -4.656000000000000000e+03 -3.450000000000000000e+02 2.113000000000000000e+03
6.520000000000000000e+02 1.776000000000000000e+03 1.411600000000000000e+04 -4.656000000000000000e+03 -5.320000000000000000e+02 2.121000000000000000e+03
4.600000000000000000e+02 1.836000000000000000e+03 1.196800000000000000e+04 -4.656000000000000000e+03 -4.190000000000000000e+02 1.395000000000000000e+03
4.160000000000000000e+02 1.656000000000000000e+03 9.492000000000000000e+03 -4.704000000000000000e+03 -3.420000000000000000e+02 1.356000000000000000e+03
1.160000000000000000e+02 1.412000000000000000e+03 3.996000000000000000e+03 -4.656000000000000000e+03 -3.140000000000000000e+02 1.604000000000000000e+03
-2.160000000000000000e+02 9.640000000000000000e+02 3.568000000000000000e+03 -4.656000000000000000e+03 -2.640000000000000000e+02 8.300000000000000000e+02
3.200000000000000000e+01 2.800000000000000000e+01 6.396000000000000000e+03 -4.704000000000000000e+03 -6.100000000000000000e+01 -8.000000000000000000e+01
-9.200000000000000000e+01 -2.680000000000000000e+02 7.404000000000000000e+03 -4.688000000000000000e+03 -4.000000000000000000e+01 -1.175000000000000000e+03
-7.760000000000000000e+02 5.320000000000000000e+02 1.201200000000000000e+04 -4.672000000000000000e+03 8.500000000000000000e+01 -8.080000000000000000e+02
-8.480000000000000000e+02 7.320000000000000000e+02 1.335200000000000000e+04 -4.656000000000000000e+03 2.900000000000000000e+01 -8.290000000000000000e+02
-3.600000000000000000e+01 1.328000000000000000e+03 1.420000000000000000e+04 -4.656000000000000000e+03 7.600000000000000000e+01 -1.676000000000000000e+03
1.812000000000000000e+03 1.596000000000000000e+03 1.603600000000000000e+04 -4.688000000000000000e+03 1.440000000000000000e+02 -2.151000000000000000e+03
4.120000000000000000e+02 1.224000000000000000e+03 1.550800000000000000e+04 -4.704000000000000000e+03 4.170000000000000000e+02 -2.314000000000000000e+03
-1.060000000000000000e+03 1.400000000000000000e+03 1.568400000000000000e+04 -4.688000000000000000e+03 3.620000000000000000e+02 -2.088000000000000000e+03
-1.204000000000000000e+03 1.540000000000000000e+03 1.708000000000000000e+04 -4.672000000000000000e+03 1.350000000000000000e+02 -2.087000000000000000e+03
-9.640000000000000000e+02 1.656000000000000000e+03 1.716400000000000000e+04 -4.672000000000000000e+03 -1.630000000000000000e+02 -1.918000000000000000e+03
-5.480000000000000000e+02 1.936000000000000000e+03 1.730800000000000000e+04 -4.688000000000000000e+03 -3.600000000000000000e+02 -1.186000000000000000e+03
-4.280000000000000000e+02 2.240000000000000000e+03 1.779200000000000000e+04 -4.656000000000000000e+03 -3.940000000000000000e+02 -9.630000000000000000e+02
-1.300000000000000000e+03 2.404000000000000000e+03 1.821200000000000000e+04 -4.656000000000000000e+03 -4.540000000000000000e+02 -8.760000000000000000e+02
-2.336000000000000000e+03 2.460000000000000000e+03 1.955600000000000000e+04 -4.672000000000000000e+03 -4.070000000000000000e+02 -5.350000000000000000e+02
-1.652000000000000000e+03 2.016000000000000000e+03 2.089600000000000000e+04 -4.656000000000000000e+03 -4.410000000000000000e+02 -1.540000000000000000e+02
-1.124000000000000000e+03 2.096000000000000000e+03 2.518800000000000000e+04 -4.656000000000000000e+03 -4.650000000000000000e+02 9.700000000000000000e+01
-5.200000000000000000e+02 2.352000000000000000e+03 2.669200000000000000e+04 -4.704000000000000000e+03 -5.540000000000000000e+02 2.400000000000000000e+02
-5.920000000000000000e+02 2.964000000000000000e+03 2.653600000000000000e+04 -4.640000000000000000e+03 -6.290000000000000000e+02 5.110000000000000000e+02
-8.520000000000000000e+02 2.916000000000000000e+03 2.290800000000000000e+04 -4.656000000000000000e+03 -7.170000000000000000e+02 7.960000000000000000e+02
-1.256000000000000000e+03 2.864000000000000000e+03 2.000000000000000000e+04 -4.656000000000000000e+03 -7.940000000000000000e+02 1.042000000000000000e+03
-1.132000000000000000e+03 2.740000000000000000e+03 1.826400000000000000e+04 -4.704000000000000000e+03 -8.040000000000000000e+02 1.636000000000000000e+03
-1.188000000000000000e+03 2.544000000000000000e+03 1.672800000000000000e+04 -4.656000000000000000e+03 -8.390000000000000000e+02 1.489000000000000000e+03
-9.520000000000000000e+02 2.396000000000000000e+03 1.594400000000000000e+04 -4.704000000000000000e+03 -8.450000000000000000e+02 1.691000000000000000e+03
3.120000000000000000e+02 2.340000000000000000e+03 1.601200000000000000e+04 -4.656000000000000000e+03 -8.040000000000000000e+02 1.706000000000000000e+03
7.880000000000000000e+02 2.584000000000000000e+03 1.624400000000000000e+04 -4.656000000000000000e+03 -7.020000000000000000e+02 1.599000000000000000e+03
5.880000000000000000e+02 2.488000000000000000e+03 1.589200000000000000e+04 -4.688000000000000000e+03 -5.570000000000000000e+02 1.891000000000000000e+03
1.040000000000000000e+03 2.176000000000000000e+03 1.600000000000000000e+04 -4.640000000000000000e+03 -3.990000000000000000e+02 1.624000000000000000e+03
1.572000000000000000e+03 1.904000000000000000e+03 1.537600000000000000e+04 -4.672000000000000000e+03 -2.160000000000000000e+02 1.192000000000000000e+03
1.456000000000000000e+03 2.040000000000000000e+03 1.425200000000000000e+04 -4.656000000000000000e+03 1.200000000000000000e+02 5.390000000000000000e+02
1.200000000000000000e+03 2.184000000000000000e+03 1.285600000000000000e+04 -4.704000000000000000e+03 1.540000000000000000e+02 2.050000000000000000e+02
1.252000000000000000e+03 2.312000000000000000e+03 1.066800000000000000e+04 -4.672000000000000000e+03 -2.730000000000000000e+02 -1.500000000000000000e+01
1.640000000000000000e+03 1.880000000000000000e+03 7.820000000000000000e+03 -4.672000000000000000e+03 -5.990000000000000000e+02 3.270000000000000000e+02
1.768000000000000000e+03 1.556000000000000000e+03 5.544000000000000000e+03 -4.704000000000000000e+03 -2.570000000000000000e+02 -1.400000000000000000e+02
2.084000000000000000e+03 1.040000000000000000e+03 3.876000000000000000e+03 -4.656000000000000000e+03 -3.300000000000000000e+01 -6.170000000000000000e+02
1.740000000000000000e+03 7.000000000000000000e+02 3.468000000000000000e+03 -4.688000000000000000e+03 1.900000000000000000e+01 -5.970000000000000000e+02
1.356000000000000000e+03 5.000000000000000000e+02 5.580000000000000000e+03 -4.688000000000000000e+03 -2.220000000000000000e+02 -6.680000000000000000e+02
7.640000000000000000e+02 1.840000000000000000e+02 1.025600000000000000e+04 -4.656000000000000000e+03 -3.380000000000000000e+02 -8.230000000000000000e+02
3.440000000000000000e+02 2.920000000000000000e+02 1.714000000000000000e+04 -4.688000000000000000e+03 -2.170000000000000000e+02 -1.094000000000000000e+03
3.600000000000000000e+01 9.200000000000000000e+02 1.982000000000000000e+04 -4.672000000000000000e+03 -5.100000000000000000e+01 -1.099000000000000000e+03
