-3.312000000000000000e+03 1.640000000000000000e+03 1.444000000000000000e+04 -4.656000000000000000e+03 -2.340000000000000000e+02 -1.800000000000000000e+01
-3.036000000000000000e+03 1.580000000000000000e+03 1.447200000000000000e+04 -4.688000000000000000e+03 -2.440000000000000000e+02 -1.020000000000000000e+02
-2.992000000000000000e+03 1.632000000000000000e+03 1.436000000000000000e+04 -4.672000000000000000e+03 -3.020000000000000000e+02 -2.590000000000000000e+02
-2.800000000000000000e+03 1.508000000000000000e+03 1.421200000000000000e+04 -4.656000000000000000e+03 -2.540000000000000000e+02 -4.710000000000000000e+02
-2.844000000000000000e+03 1.556000000000000000e+03 1.452800000000000000e+04 -4.688000000000000000e+03 -3.050000000000000000e+02 -5.770000000000000000e+02
-3.004000000000000000e+03 1.592000000000000000e+03 1.486800000000000000e+04 -4.688000000000000000e+03 -3.490000000000000000e+02 -5.530000000000000000e+02
-2.908000000000000000e+03 1.500000000000000000e+03 1.474800000000000000e+04 -4.672000000000000000e+03 -3.260000000000000000e+02 -4.410000000000000000e+02
-2.588000000000000000e+03 1.308000000000000000e+03 1.413200000000000000e+04 -4.640000000000000000e+03 -1.990000000000000000e+02 -2.330000000000000000e+02
-2.452000000000000000e+03 1.232000000000000000e+03 1.370000000000000000e+04 -4.672000000000000000e+03 -2.790000000000000000e+02 6.000000000000000000e+00
-2.316000000000000000e+03 1.600000000000000000e+03 1.409600000000000000e+04 -4.672000000000000000e+03 -2.680000000000000000e+02 1.820000000000000000e+02
-2.772000000000000000e+03 1.460000000000000000e+03 1.436800000000000000e+04 -4.672000000000000000e+03 -2.810000000000000000e+02 1.950000000000000000e+02
-2.644000000000000000e+03 1.608000000000000000e+03 1.447600000000000000e+04 -4.656000000000000000e+03 -2.610000000000000000e+02 2.680000000000000000e+02
-2.556000000000000000e+03 1.676000000000000000e+03 1.424800000000000000e+04 -4.688000000000000000e+03 -2.610000000000000000e+02 3.700000000000000000e+02
-2.472000000000000000e+03 1.580000000000000000e+03 1.416800000000000000e+04 -4.672000000000000000e+03 -2.670000000000000000e+02 3.780000000000000000e+02
-2.676000000000000000e+03 1.756000000000000000e+03 1.419200000000000000e+04 -4.720000000000000000e+03 -2.930000000000000000e+02 2.830000000000000000e+02
-2.820000000000000000e+03 1.748000000000000000e+03 1.420400000000000000e+04 -4.672000000000000000e+03 -2.900000000000000000e+02 8.800000000000000000e+01
-2.908000000000000000e+03 1.648000000000000000e+03 1.421600000000000000e+04 -4.672000000000000000e+03 -2.570000000000000000e+02 -1.430000000000000000e+02
-2.988000000000000000e+03 1.588000000000000000e+03 1.440800000000000000e+04 -4.656000000000000000e+03 -2.680000000000000000e+02 -3.940000000000000000e+02
-2.900000000000000000e+03 1.576000000000000000e+03 1.486400000000000000e+04 -4.688000000000000000e+03 -2.970000000000000000e+02 -5.660000000000000000e+02
-2.908000000000000000e+03 1.532000000000000000e+03 1.442800000000000000e+04 -4.656000000000000000e+03 -2.970000000000000000e+02 -6.100000000000000000e+02
-2.520000000000000000e+03 1.736000000000000000e+03 1.459200000000000000e+04 -4.656000000000000000e+03 -2.720000000000000000e+02 -5.750000000000000000e+02
-2.480000000000000000e+03 1.584000000000000000e+03 1.436000000000000000e+04 -4.656000000000000000e+03 -2.570000000000000000e+02 -5.380000000000000000e+02
-2.144000000000000000e+03 1.572000000000000000e+03 1.408400000000000000e+04 -4.656000000000000000e+03 -2.370000000000000000e+02 -4.150000000000000000e+02
-2.232000000000000000e+03 1.732000000000000000e+03 1.432000000000000000e+04 -4.656000000000000000e+03 -2.380000000000000000e+02 -3.320000000000000000e+02
-1.872000000000000000e+03 1.744000000000000000e+03 1.426800000000000000e+04 -4.672000000000000000e+03 -2.380000000000000000e+02 -2.960000000000000000e+02
-2.032000000000000000e+03 1.684000000000000000e+03 1.429600000000000000e+04 -4.672000000000000000e+03 -2.270000000000000000e+02 -1.820000000000000000e+02
-2.016000000000000000e+03 1.576000000000000000e+03 1.417200000000000000e+04 -4.672000000000000000e+03 -1.850000000000000000e+02 5.200000000000000000e+01
-2.160000000000000000e+03 1.644000000000000000e+03 1.413200000000000000e+04 -4.672000000000000000e+03 -2.130000000000000000e+02 3.080000000000000000e+02
-2.048000000000000000e+03 1.660000000000000000e+03 1.440400000000000000e+04 -4.688000000000000000e+03 -3.070000000000000000e+02 5.750000000000000000e+02
-2.068000000000000000e+03 1.576000000000000000e+03 1.458400000000000000e+04 -4.672000000000000000e+03 -4.280000000000000000e+02 8.040000000000000000e+02
-2.184000000000000000e+03 1.384000000000000000e+03 1.408800000000000000e+04 -4.656000000000000000e+03 -4.450000000000000000e+02 1.084000000000000000e+03
-2.516000000000000000e+03 1.600000000000000000e+03 1.426400000000000000e+04 -4.656000000000000000e+03 -5.320000000000000000e+02 1.333000000000000000e+03
-2.444000000000000000e+03 1.768000000000000000e+03 1.444800000000000000e+04 -4.672000000000000000e+03 -7.060000000000000000e+02 1.563000000000000000e+03
-2.308000000000000000e+03 1.740000000000000000e+03 1.399600000000000000e+04 -4.704000000000000000e+03 -9.310000000000000000e+02 1.806000000000000000e+03
-2.152000000000000000e+03 1.168000000000000000e+03 1.060800000000000000e+04 -4.672000000000000000e+03 -6.920000000000000000e+02 1.759000000000000000e+03
-2.260000000000000000e+03 3.800000000000000000e+02 7.128000000000000000e+03 -4.672000000000000000e+03 -7.160000000000000000e+02 2.084000000000000000e+03
-1.440000000000000000e+03 6.920000000000000000e+02 9.088000000000000000e+03 -4.656000000000000000e+03 -9.250000000000000000e+02 2.059000000000000000e+03
-1.200000000000000000e+03 -6.400000000000000000e+01 6.492000000000000000e+03 -4.656000000000000000e+03 -4.200000000000000000e+02 1.982000000000000000e+03
-1.880000000000000000e+03 2.000000000000000000e+01 6.948000000000000000e+03 -4.656000000000000000e+03 -6.780000000000000000e+02 1.675000000000000000e+03
-2.132000000000000000e+03 4.840000000000000000e+02 1.060400000000000000e+04 -4.672000000000000000e+03 -5.620000000000000000e+02 1.470000000000000000e+03
-3.396000000000000000e+03 2.000000000000000000e+01 8.852000000000000000e+03 -4.672000000000000000e+03 -1.890000000000000000e+02 6.350000000000000000e+02
-4.084000000000000000e+03 1.040000000000000000e+03 1.217200000000000000e+04 -4.656000000000000000e+03 -3.800000000000000000e+02 1.125000000000000000e+03
-3.824000000000000000e+03 1.796000000000000000e+03 1.490400000000000000e+04 -4.688000000000000000e+03 -3.220000000000000000e+02 3.890000000000000000e+02
-4.048000000000000000e+03 1.696000000000000000e+03 1.350800000000000000e+04 -4.640000000000000000e+03 -1.330000000000000000e+02 -2.710000000000000000e+02
-2.756000000000000000e+03 1.704000000000000000e+03 1.637200000000000000e+04 -4.640000000000000000e+03 -3.640000000000000000e+02 -4.080000000000000000e+02
-3.492000000000000000e+03 1.640000000000000000e+03 1.626800000000000000e+04 -4.704000000000000000e+03 -2.720000000000000000e+02 -1.003000000000000000e+03
-3.832000000000000000e+03 1.552000000000000000e+03 1.606000000000000000e+04 -4.688000000000000000e+03 -1.610000000000000000e+02 -1.236000000000000000e+03
-4.084000000000000000e+03 1.564000000000000000e+03 1.546800000000000000e+04 -4.688000000000000000e+03 -4.300000000000000000e+01 -1.604000000000000000e+03
-3.484000000000000000e+03 1.616000000000000000e+03 1.558000000000000000e+04 -4.688000000000000000e+03 -7.500000000000000000e+01 -1.719000000000000000e+03
-3.772000000000000000e+03 2.128000000000000000e+03 1.676000000000000000e+04 -4.672000000000000000e+03 5.900000000000000000e+01 -1.627000000000000000e+03
-3.068000000000000000e+03 1.648000000000000000e+03 1.562000000000000000e+04 -4.688000000000000000e+03 1.590000000000000000e+02 -1.439000000000000000e+03
-2.796000000000000000e+03 1.784000000000000000e+03 1.900000000000000000e+04 -4.656000000000000000e+03 1.010000000000000000e+02 -1.426000000000000000e+03
-3.472000000000000000e+03 1.408000000000000000e+03 1.918000000000000000e+04 -4.688000000000000000e+03 2.970000000000000000e+02 -1.357000000000000000e+03
-4.396000000000000000e+03 2.172000000000000000e+03 2.273600000000000000e+04 -4.656000000000000000e+03 2.580000000000000000e+02 -1.217000000000000000e+03
-4.128000000000000000e+03 2.304000000000000000e+03 2.486400000000000000e+04 -4.688000000000000000e+03 9.300000000000000000e+01 -8.660000000000000000e+02
-4.480000000000000000e+03 2.628000000000000000e+03 2.752400000000000000e+04 -4.656000000000000000e+03 -2.830000000000000000e+02 -4.290000000000000000e+02
-5.332000000000000000e+03 2.144000000000000000e+03 2.476800000000000000e+04 -4.672000000000000000e+03 -2.430000000000000000e+02 -2.640000000000000000e+02
-4.384000000000000000e+03 2.220000000000000000e+03 2.148000000000000000e+04 -4.672000000000000000e+03 -3.730000000000000000e+02 -1.730000000000000000e+02
-2.600000000000000000e+03 2.304000000000000000e+03 1.925200000000000000e+04 -4.672000000000000000e+03 -4.710000000000000000e+02 -1.970000000000000000e+02
-2.136000000000000000e+03 1.912000000000000000e+03 1.778400000000000000e+04 -4.704000000000000000e+03 -5.160000000000000000e+02 -2.840000000000000000e+02
-2.220000000000000000e+03 1.588000000000000000e+03 1.642400000000000000e+04 -4.672000000000000000e+03 -4.760000000000000000e+02 -5.350000000000000000e+02
-2.292000000000000000e+03 1.924000000000000000e+03 1.557600000000000000e+04 -4.656000000000000000e+03 -5.050000000000000000e+02 -8.990000000000000000e+02
-7.240000000000000000e+02 1.760000000000000000e+03 1.630400000000000000e+04 -4.672000000000000000e+03 -4.150000000000000000e+02 -1.033000000000000000e+03
-1.628000000000000000e+03 1.692000000000000000e+03 1.663600000000000000e+04 -4.672000000000000000e+03 -3.850000000000000000e+02 -9.670000000000000000e+02
-1.828000000000000000e+03 1.824000000000000000e+03 1.706800000000000000e+04 -4.704000000000000000e+03 -4.490000000000000000e+02 -6.820000000000000000e+02
-1.304000000000000000e+03 2.044000000000000000e+03 1.667200000000000000e+04 -4.672000000000000000e+03 -4.990000000000000000e+02 -4.120000000000000000e+02
-5.960000000000000000e+02 2.224000000000000000e+03 1.571200000000000000e+04 -4.656000000000000000e+03 -6.900000000000000000e+02 -3.910000000000000000e+02
-8.800000000000000000e+01 1.916000000000000000e+03 1.316000000000000000e+04 -4.688000000000000000e+03 -7.330000000000000000e+02 -5.110000000000000000e+02
-1.680000000000000000e+02 1.316000000000000000e+03 9.372000000000000000e+03 -4.704000000000000000e+03 -6.430000000000000000e+02 -3.310000000000000000e+02
2.000000000000000000e+01 7.880000000000000000e+02 6.156000000000000000e+03 -4.656000000000000000e+03 -6.190000000000000000e+02 -2.420000000000000000e+02
7.240000000000000000e+02 4.920000000000000000e+02 4.456000000000000000e+03 -4.720000000000000000e+03 -6.050000000000000000e+02 -2.710000000000000000e+02
6.080000000000000000e+02 1.680000000000000000e+02 3.132000000000000000e+03 -4.672000000000000000e+03 -5.040000000000000000e+02 -1.230000000000000000e+02
-8.800000000000000000e+01 4.400000000000000000e+01 2.788000000000000000e+03 -4.640000000000000000e+03 -3.720000000000000000e+02 -4.680000000000000000e+02
-1.236000000000000000e+03 1.200000000000000000e+02 4.100000000000000000e+03 -4.688000000000000000e+03 1.300000000000000000e+02 -5.310000000000000000e+02
-2.288000000000000000e+03 6.720000000000000000e+02 8.188000000000000000e+03 -4.688000000000000000e+03 3.100000000000000000e+02 -7.940000000000000000e+02
-2.616000000000000000e+03 2.492000000000000000e+03 1.633200000000000000e+04 -4.656000000000000000e+03 -9.200000000000000000e+01 -8.630000000000000000e+02
-2.792000000000000000e+03 3.212000000000000000e+03 2.198800000000000000e+04 -4.640000000000000000e+03 -5.420000000000000000e+02 -8.520000000000000000e+02
-2.880000000000000000e+03 1.568000000000000000e+03 1.710000000000000000e+04 -4.688000000000000000e+03 -2.130000000000000000e+02 -9.680000000000000000e+02
-2.516000000000000000e+03 5.200000000000000000e+02 1.110000000000000000e+04 -4.688000000000000000e+03 1.570000000000000000e+02 -7.470000000000000000e+02
-1.264000000000000000e+03 7.920000000000000000e+02 1.067600000000000000e+04 -4.672000000000000000e+03 2.260000000000000000e+02 -5.480000000000000000e+02
-2.600000000000000000e+02 1.264000000000000000e+03 1.503600000000000000e+04 -4.688000000000000000e+03 3.600000000000000000e+01 -3.340000000000000000e+02
-1.644000000000000000e+03 1.540000000000000000e+03 1.695600000000000000e+04 -4.672000000000000000e+03 -2.140000000000000000e+02 -2.460000000000000000e+02
