-3.120000000000000000e+03 1.564000000000000000e+03 1.404000000000000000e+04 -4.752000000000000000e+03 -2.810000000000000000e+02 -4.220000000000000000e+02
-3.360000000000000000e+03 1.988000000000000000e+03 1.432000000000000000e+04 -4.752000000000000000e+03 -2.530000000000000000e+02 -3.880000000000000000e+02
-3.344000000000000000e+03 1.852000000000000000e+03 1.398000000000000000e+04 -4.736000000000000000e+03 -3.170000000000000000e+02 -2.560000000000000000e+02
-3.216000000000000000e+03 2.120000000000000000e+03 1.390800000000000000e+04 -4.736000000000000000e+03 -2.640000000000000000e+02 -9.900000000000000000e+01
-2.576000000000000000e+03 2.160000000000000000e+03 1.374800000000000000e+04 -4.768000000000000000e+03 -2.030000000000000000e+02 1.120000000000000000e+02
-3.592000000000000000e+03 2.064000000000000000e+03 1.377600000000000000e+04 -4.768000000000000000e+03 -2.110000000000000000e+02 3.360000000000000000e+02
-3.160000000000000000e+03 2.016000000000000000e+03 1.386400000000000000e+04 -4.768000000000000000e+03 -2.640000000000000000e+02 6.220000000000000000e+02
-3.112000000000000000e+03 1.888000000000000000e+03 1.432800000000000000e+04 -4.784000000000000000e+03 -2.870000000000000000e+02 8.090000000000000000e+02
-3.104000000000000000e+03 1.836000000000000000e+03 1.427600000000000000e+04 -4.752000000000000000e+03 -3.310000000000000000e+02 9.690000000000000000e+02
-2.716000000000000000e+03 1.928000000000000000e+03 1.466400000000000000e+04 -4.752000000000000000e+03 -3.590000000000000000e+02 9.940000000000000000e+02
-3.408000000000000000e+03 1.776000000000000000e+03 1.432400000000000000e+04 -4.752000000000000000e+03 -3.690000000000000000e+02 9.790000000000000000e+02
-3.280000000000000000e+03 1.664000000000000000e+03 1.387200000000000000e+04 -4.736000000000000000e+03 -3.670000000000000000e+02 1.048000000000000000e+03
-2.916000000000000000e+03 1.628000000000000000e+03 1.404400000000000000e+04 -4.784000000000000000e+03 -3.880000000000000000e+02 1.668000000000000000e+03
-2.956000000000000000e+03 1.612000000000000000e+03 1.444000000000000000e+04 -4.768000000000000000e+03 -3.960000000000000000e+02 1.583000000000000000e+03
-2.720000000000000000e+03 1.444000000000000000e+03 1.455200000000000000e+04 -4.752000000000000000e+03 -3.420000000000000000e+02 1.705000000000000000e+03
-2.736000000000000000e+03 1.592000000000000000e+03 1.458400000000000000e+04 -4.752000000000000000e+03 -4.610000000000000000e+02 1.985000000000000000e+03
-2.932000000000000000e+03 1.544000000000000000e+03 1.428800000000000000e+04 -4.704000000000000000e+03 -5.060000000000000000e+02 1.400000000000000000e+03
-2.788000000000000000e+03 1.560000000000000000e+03 1.420400000000000000e+04 -4.752000000000000000e+03 -6.450000000000000000e+02 1.224000000000000000e+03
-2.636000000000000000e+03 1.576000000000000000e+03 1.417600000000000000e+04 -4.768000000000000000e+03 -9.620000000000000000e+02 1.838000000000000000e+03
-2.564000000000000000e+03 1.696000000000000000e+03 1.440800000000000000e+04 -4.736000000000000000e+03 -6.570000000000000000e+02 2.100000000000000000e+03
-2.368000000000000000e+03 1.660000000000000000e+03 1.426000000000000000e+04 -4.752000000000000000e+03 -2.840000000000000000e+02 2.169000000000000000e+03
-2.348000000000000000e+03 1.624000000000000000e+03 1.432400000000000000e+04 -4.752000000000000000e+03 -6.570000000000000000e+02 1.448000000000000000e+03
-2.276000000000000000e+03 1.492000000000000000e+03 1.431600000000000000e+04 -4.752000000000000000e+03 -5.510000000000000000e+02 1.695000000000000000e+03
-2.272000000000000000e+03 1.400000000000000000e+03 1.450800000000000000e+04 -4.752000000000000000e+03 -6.560000000000000000e+02 1.274000000000000000e+03
-2.276000000000000000e+03 1.384000000000000000e+03 1.355200000000000000e+04 -4.752000000000000000e+03 -5.400000000000000000e+02 9.270000000000000000e+02
-2.260000000000000000e+03 1.384000000000000000e+03 1.239600000000000000e+04 -4.768000000000000000e+03 -4.240000000000000000e+02 6.310000000000000000e+02
-2.380000000000000000e+03 1.464000000000000000e+03 8.876000000000000000e+03 -4.736000000000000000e+03 -5.310000000000000000e+02 8.530000000000000000e+02
-2.648000000000000000e+03 1.476000000000000000e+03 5.124000000000000000e+03 -4.752000000000000000e+03 -3.730000000000000000e+02 2.450000000000000000e+02
-2.632000000000000000e+03 1.372000000000000000e+03 5.940000000000000000e+03 -4.752000000000000000e+03 -3.150000000000000000e+02 1.710000000000000000e+02
-2.516000000000000000e+03 1.424000000000000000e+03 9.356000000000000000e+03 -4.784000000000000000e+03 -3.370000000000000000e+02 -3.600000000000000000e+01
-2.872000000000000000e+03 9.920000000000000000e+02 8.528000000000000000e+03 -4.752000000000000000e+03 -2.600000000000000000e+02 -2.970000000000000000e+02
-3.016000000000000000e+03 8.960000000000000000e+02 1.070000000000000000e+04 -4.752000000000000000e+03 -2.150000000000000000e+02 -6.810000000000000000e+02
-3.772000000000000000e+03 4.720000000000000000e+02 1.104800000000000000e+04 -4.768000000000000000e+03 -2.000000000000000000e+02 -1.141000000000000000e+03
-4.292000000000000000e+03 2.000000000000000000e+01 1.366000000000000000e+04 -4.736000000000000000e+03 9.000000000000000000e+00 -1.494000000000000000e+03
-3.988000000000000000e+03 4.800000000000000000e+02 1.403600000000000000e+04 -4.752000000000000000e+03 -1.700000000000000000e+01 -7.640000000000000000e+02
-3.692000000000000000e+03 6.840000000000000000e+02 1.410400000000000000e+04 -4.736000000000000000e+03 2.730000000000000000e+02 -9.000000000000000000e+02
-2.464000000000000000e+03 6.480000000000000000e+02 1.535600000000000000e+04 -4.784000000000000000e+03 4.920000000000000000e+02 -9.900000000000000000e+02
-3.400000000000000000e+02 1.160000000000000000e+03 1.553200000000000000e+04 -4.736000000000000000e+03 4.300000000000000000e+02 -1.181000000000000000e+03
-1.264000000000000000e+03 1.416000000000000000e+03 1.448800000000000000e+04 -4.752000000000000000e+03 3.000000000000000000e+01 -2.090000000000000000e+02
-2.012000000000000000e+03 2.132000000000000000e+03 1.491200000000000000e+04 -4.768000000000000000e+03 -4.360000000000000000e+02 3.440000000000000000e+02
-3.088000000000000000e+03 1.992000000000000000e+03 1.484800000000000000e+04 -4.768000000000000000e+03 -2.850000000000000000e+02 4.440000000000000000e+02
-3.532000000000000000e+03 1.704000000000000000e+03 1.541200000000000000e+04 -4.736000000000000000e+03 -2.920000000000000000e+02 9.730000000000000000e+02
-3.764000000000000000e+03 1.520000000000000000e+03 1.710000000000000000e+04 -4.784000000000000000e+03 -3.640000000000000000e+02 1.207000000000000000e+03
-3.908000000000000000e+03 1.292000000000000000e+03 1.740800000000000000e+04 -4.752000000000000000e+03 -3.690000000000000000e+02 1.708000000000000000e+03
-4.036000000000000000e+03 1.440000000000000000e+03 2.364400000000000000e+04 -4.752000000000000000e+03 -4.500000000000000000e+02 1.502000000000000000e+03
-4.872000000000000000e+03 1.564000000000000000e+03 2.800800000000000000e+04 -4.768000000000000000e+03 -4.770000000000000000e+02 2.027000000000000000e+03
-5.580000000000000000e+03 1.516000000000000000e+03 3.085200000000000000e+04 -4.752000000000000000e+03 -5.880000000000000000e+02 2.234000000000000000e+03
-4.004000000000000000e+03 1.560000000000000000e+03 2.654000000000000000e+04 -4.752000000000000000e+03 -5.370000000000000000e+02 2.090000000000000000e+03
-4.124000000000000000e+03 1.404000000000000000e+03 2.035200000000000000e+04 -4.736000000000000000e+03 -5.510000000000000000e+02 1.917000000000000000e+03
-4.336000000000000000e+03 1.184000000000000000e+03 1.730000000000000000e+04 -4.784000000000000000e+03 -5.950000000000000000e+02 1.694000000000000000e+03
-4.884000000000000000e+03 2.288000000000000000e+03 1.614000000000000000e+04 -4.752000000000000000e+03 -9.200000000000000000e+02 1.742000000000000000e+03
-5.052000000000000000e+03 2.520000000000000000e+03 1.558800000000000000e+04 -4.752000000000000000e+03 -1.005000000000000000e+03 2.817000000000000000e+03
-5.736000000000000000e+03 3.092000000000000000e+03 1.518000000000000000e+04 -4.752000000000000000e+03 -1.018000000000000000e+03 2.860000000000000000e+03
-6.572000000000000000e+03 2.180000000000000000e+03 1.542400000000000000e+04 -4.784000000000000000e+03 -8.670000000000000000e+02 -1.422000000000000000e+03
-8.588000000000000000e+03 2.056000000000000000e+03 1.594000000000000000e+04 -4.752000000000000000e+03 -9.180000000000000000e+02 3.258000000000000000e+03
-9.172000000000000000e+03 2.212000000000000000e+03 1.579600000000000000e+04 -4.752000000000000000e+03 -8.020000000000000000e+02 1.701000000000000000e+03
-8.752000000000000000e+03 2.072000000000000000e+03 1.628800000000000000e+04 -4.752000000000000000e+03 -4.300000000000000000e+01 7.720000000000000000e+02
-5.052000000000000000e+03 1.860000000000000000e+03 1.708000000000000000e+04 -4.752000000000000000e+03 1.230000000000000000e+02 8.950000000000000000e+02
-3.536000000000000000e+03 1.596000000000000000e+03 1.550800000000000000e+04 -4.736000000000000000e+03 -4.410000000000000000e+02 -1.870000000000000000e+02
-2.848000000000000000e+03 1.308000000000000000e+03 1.037600000000000000e+04 -4.752000000000000000e+03 -1.464000000000000000e+03 1.130000000000000000e+03
-3.116000000000000000e+03 1.504000000000000000e+03 5.128000000000000000e+03 -4.736000000000000000e+03 -6.820000000000000000e+02 2.318000000000000000e+03
-2.940000000000000000e+03 1.852000000000000000e+03 1.264000000000000000e+03 -4.736000000000000000e+03 -6.200000000000000000e+01 8.340000000000000000e+02
-3.704000000000000000e+03 2.120000000000000000e+03 -2.400000000000000000e+02 -4.752000000000000000e+03 1.060000000000000000e+02 1.310000000000000000e+02
-3.780000000000000000e+03 2.032000000000000000e+03 1.244000000000000000e+03 -4.736000000000000000e+03 -2.810000000000000000e+02 -8.900000000000000000e+02
-4.172000000000000000e+03 2.140000000000000000e+03 2.920000000000000000e+03 -4.736000000000000000e+03 -4.040000000000000000e+02 -1.959000000000000000e+03
