-2.492000000000000000e+03 1.956000000000000000e+03 1.368000000000000000e+04 -4.736000000000000000e+03 -5.050000000000000000e+02 -1.013000000000000000e+03
-1.924000000000000000e+03 2.100000000000000000e+03 1.432400000000000000e+04 -4.736000000000000000e+03 -4.520000000000000000e+02 -1.070000000000000000e+03
-2.308000000000000000e+03 2.120000000000000000e+03 1.480800000000000000e+04 -4.784000000000000000e+03 -4.560000000000000000e+02 -1.070000000000000000e+03
-1.832000000000000000e+03 1.964000000000000000e+03 1.430800000000000000e+04 -4.720000000000000000e+03 -4.340000000000000000e+02 -9.950000000000000000e+02
-1.868000000000000000e+03 1.908000000000000000e+03 1.470000000000000000e+04 -4.784000000000000000e+03 -3.630000000000000000e+02 -9.420000000000000000e+02
-2.284000000000000000e+03 1.768000000000000000e+03 1.438400000000000000e+04 -4.736000000000000000e+03 -3.000000000000000000e+02 -8.300000000000000000e+02
-1.508000000000000000e+03 2.148000000000000000e+03 1.370400000000000000e+04 -4.752000000000000000e+03 -3.130000000000000000e+02 -7.780000000000000000e+02
-1.700000000000000000e+03 2.176000000000000000e+03 1.535600000000000000e+04 -4.752000000000000000e+03 -3.080000000000000000e+02 -6.420000000000000000e+02
-1.824000000000000000e+03 2.160000000000000000e+03 1.484000000000000000e+04 -4.768000000000000000e+03 -3.140000000000000000e+02 -3.910000000000000000e+02
-1.392000000000000000e+03 1.896000000000000000e+03 1.426800000000000000e+04 -4.800000000000000000e+03 -3.570000000000000000e+02 -2.800000000000000000e+01
-1.604000000000000000e+03 2.004000000000000000e+03 1.451600000000000000e+04 -4.752000000000000000e+03 -3.780000000000000000e+02 2.250000000000000000e+02
-1.692000000000000000e+03 2.084000000000000000e+03 1.450800000000000000e+04 -4.768000000000000000e+03 -3.990000000000000000e+02 1.700000000000000000e+02
-1.664000000000000000e+03 2.044000000000000000e+03 1.430400000000000000e+04 -4.752000000000000000e+03 -4.030000000000000000e+02 4.520000000000000000e+02
-1.684000000000000000e+03 2.416000000000000000e+03 1.441600000000000000e+04 -4.752000000000000000e+03 -4.820000000000000000e+02 6.260000000000000000e+02
-1.644000000000000000e+03 2.124000000000000000e+03 1.452000000000000000e+04 -4.784000000000000000e+03 -4.780000000000000000e+02 8.790000000000000000e+02
-7.120000000000000000e+02 2.060000000000000000e+03 1.418400000000000000e+04 -4.752000000000000000e+03 -5.580000000000000000e+02 1.012000000000000000e+03
-1.856000000000000000e+03 1.804000000000000000e+03 1.433200000000000000e+04 -4.752000000000000000e+03 -5.490000000000000000e+02 1.294000000000000000e+03
-1.888000000000000000e+03 1.692000000000000000e+03 1.423600000000000000e+04 -4.768000000000000000e+03 -5.290000000000000000e+02 1.628000000000000000e+03
-1.620000000000000000e+03 1.588000000000000000e+03 1.465200000000000000e+04 -4.736000000000000000e+03 -5.890000000000000000e+02 1.643000000000000000e+03
-1.728000000000000000e+03 1.896000000000000000e+03 1.454800000000000000e+04 -4.752000000000000000e+03 -6.420000000000000000e+02 9.230000000000000000e+02
-1.764000000000000000e+03 1.896000000000000000e+03 1.435200000000000000e+04 -4.736000000000000000e+03 -6.510000000000000000e+02 1.485000000000000000e+03
-1.944000000000000000e+03 1.904000000000000000e+03 1.451200000000000000e+04 -4.752000000000000000e+03 -6.330000000000000000e+02 2.790000000000000000e+03
-1.904000000000000000e+03 2.024000000000000000e+03 1.458800000000000000e+04 -4.768000000000000000e+03 -6.870000000000000000e+02 1.875000000000000000e+03
-1.820000000000000000e+03 2.192000000000000000e+03 1.434400000000000000e+04 -4.736000000000000000e+03 -8.460000000000000000e+02 1.218000000000000000e+03
-1.740000000000000000e+03 2.148000000000000000e+03 1.398400000000000000e+04 -4.720000000000000000e+03 -5.590000000000000000e+02 9.360000000000000000e+02
-1.472000000000000000e+03 1.952000000000000000e+03 1.486000000000000000e+04 -4.768000000000000000e+03 -5.200000000000000000e+02 8.160000000000000000e+02
-1.360000000000000000e+03 1.848000000000000000e+03 1.428800000000000000e+04 -4.736000000000000000e+03 -3.660000000000000000e+02 5.580000000000000000e+02
-1.236000000000000000e+03 1.856000000000000000e+03 1.376000000000000000e+04 -4.720000000000000000e+03 -4.290000000000000000e+02 5.230000000000000000e+02
-1.296000000000000000e+03 1.976000000000000000e+03 1.358800000000000000e+04 -4.736000000000000000e+03 -5.070000000000000000e+02 3.610000000000000000e+02
-1.248000000000000000e+03 1.712000000000000000e+03 1.272400000000000000e+04 -4.736000000000000000e+03 -2.520000000000000000e+02 3.050000000000000000e+02
-1.368000000000000000e+03 1.068000000000000000e+03 1.186400000000000000e+04 -4.720000000000000000e+03 -5.020000000000000000e+02 -2.000000000000000000e+00
-1.120000000000000000e+03 1.116000000000000000e+03 1.110400000000000000e+04 -4.720000000000000000e+03 -2.760000000000000000e+02 -2.940000000000000000e+02
-5.720000000000000000e+02 1.640000000000000000e+03 1.100800000000000000e+04 -4.736000000000000000e+03 -3.830000000000000000e+02 -7.400000000000000000e+02
-1.276000000000000000e+03 2.172000000000000000e+03 8.316000000000000000e+03 -4.768000000000000000e+03 -4.680000000000000000e+02 -1.187000000000000000e+03
-1.596000000000000000e+03 2.180000000000000000e+03 6.952000000000000000e+03 -4.768000000000000000e+03 -3.260000000000000000e+02 -1.633000000000000000e+03
-2.024000000000000000e+03 1.748000000000000000e+03 7.200000000000000000e+03 -4.752000000000000000e+03 -2.870000000000000000e+02 -1.765000000000000000e+03
-7.800000000000000000e+02 1.388000000000000000e+03 8.524000000000000000e+03 -4.784000000000000000e+03 -2.010000000000000000e+02 -1.473000000000000000e+03
-7.360000000000000000e+02 9.720000000000000000e+02 1.253600000000000000e+04 -4.752000000000000000e+03 2.300000000000000000e+01 -1.299000000000000000e+03
-1.032000000000000000e+03 7.440000000000000000e+02 1.278000000000000000e+04 -4.752000000000000000e+03 1.610000000000000000e+02 -1.119000000000000000e+03
-1.300000000000000000e+03 2.400000000000000000e+02 1.426400000000000000e+04 -4.768000000000000000e+03 3.450000000000000000e+02 -5.740000000000000000e+02
-1.148000000000000000e+03 1.040000000000000000e+03 1.520400000000000000e+04 -4.752000000000000000e+03 4.000000000000000000e+02 -2.830000000000000000e+02
-1.124000000000000000e+03 1.332000000000000000e+03 1.484400000000000000e+04 -4.720000000000000000e+03 -2.600000000000000000e+01 6.700000000000000000e+01
-1.320000000000000000e+03 1.568000000000000000e+03 1.591600000000000000e+04 -4.752000000000000000e+03 -6.400000000000000000e+02 3.560000000000000000e+02
5.200000000000000000e+02 1.852000000000000000e+03 1.478800000000000000e+04 -4.784000000000000000e+03 -7.610000000000000000e+02 6.340000000000000000e+02
6.640000000000000000e+02 1.288000000000000000e+03 1.419200000000000000e+04 -4.752000000000000000e+03 -5.570000000000000000e+02 9.400000000000000000e+02
3.400000000000000000e+02 1.908000000000000000e+03 1.463200000000000000e+04 -4.752000000000000000e+03 -5.890000000000000000e+02 1.166000000000000000e+03
-2.232000000000000000e+03 1.948000000000000000e+03 1.456400000000000000e+04 -4.752000000000000000e+03 -5.060000000000000000e+02 1.386000000000000000e+03
-2.792000000000000000e+03 1.784000000000000000e+03 1.496000000000000000e+04 -4.752000000000000000e+03 -4.810000000000000000e+02 1.408000000000000000e+03
-1.420000000000000000e+03 1.880000000000000000e+03 1.876800000000000000e+04 -4.752000000000000000e+03 -4.830000000000000000e+02 1.380000000000000000e+03
-1.440000000000000000e+03 1.400000000000000000e+03 2.236800000000000000e+04 -4.768000000000000000e+03 -4.740000000000000000e+02 1.468000000000000000e+03
-2.344000000000000000e+03 1.024000000000000000e+03 2.867600000000000000e+04 -4.720000000000000000e+03 -5.110000000000000000e+02 1.326000000000000000e+03
-2.588000000000000000e+03 1.016000000000000000e+03 3.257600000000000000e+04 -4.784000000000000000e+03 -4.140000000000000000e+02 5.520000000000000000e+02
-2.284000000000000000e+03 1.596000000000000000e+03 3.086000000000000000e+04 -4.752000000000000000e+03 -3.870000000000000000e+02 8.880000000000000000e+02
-1.848000000000000000e+03 1.584000000000000000e+03 2.307600000000000000e+04 -4.752000000000000000e+03 -4.530000000000000000e+02 1.671000000000000000e+03
-2.080000000000000000e+03 2.560000000000000000e+03 1.870400000000000000e+04 -4.752000000000000000e+03 -3.590000000000000000e+02 2.516000000000000000e+03
-1.820000000000000000e+03 2.320000000000000000e+03 1.673200000000000000e+04 -4.752000000000000000e+03 -5.820000000000000000e+02 2.465000000000000000e+03
-2.008000000000000000e+03 2.576000000000000000e+03 1.524000000000000000e+04 -4.752000000000000000e+03 -6.910000000000000000e+02 -2.146000000000000000e+03
-1.956000000000000000e+03 2.376000000000000000e+03 1.512000000000000000e+04 -4.768000000000000000e+03 -6.150000000000000000e+02 6.036000000000000000e+03
-3.124000000000000000e+03 2.920000000000000000e+03 1.457600000000000000e+04 -4.784000000000000000e+03 -5.650000000000000000e+02 4.164000000000000000e+03
-3.600000000000000000e+03 2.556000000000000000e+03 1.488800000000000000e+04 -4.768000000000000000e+03 2.590000000000000000e+02 1.484000000000000000e+03
-5.028000000000000000e+03 2.448000000000000000e+03 1.466400000000000000e+04 -4.784000000000000000e+03 -6.010000000000000000e+02 1.241000000000000000e+03
