2.560000000000000000e+02 2.592000000000000000e+03 1.556400000000000000e+04 -4.720000000000000000e+03 -2.810000000000000000e+02 -9.600000000000000000e+01
-9.280000000000000000e+02 1.254000000000000000e+04 1.586400000000000000e+04 -4.752000000000000000e+03 -3.200000000000000000e+02 -1.810000000000000000e+02
-8.960000000000000000e+02 1.608000000000000000e+03 1.549200000000000000e+04 -4.768000000000000000e+03 -3.190000000000000000e+02 -1.700000000000000000e+02
7.600000000000000000e+01 1.768000000000000000e+03 1.438800000000000000e+04 -4.752000000000000000e+03 -3.500000000000000000e+02 -2.430000000000000000e+02
-7.320000000000000000e+02 1.844000000000000000e+03 1.409600000000000000e+04 -4.752000000000000000e+03 -3.390000000000000000e+02 -2.840000000000000000e+02
-5.680000000000000000e+02 1.824000000000000000e+03 1.470400000000000000e+04 -4.736000000000000000e+03 -3.880000000000000000e+02 1.200000000000000000e+01
-7.280000000000000000e+02 1.828000000000000000e+03 1.524400000000000000e+04 -4.752000000000000000e+03 -3.890000000000000000e+02 -3.700000000000000000e+01
-1.068000000000000000e+03 1.984000000000000000e+03 1.508400000000000000e+04 -4.752000000000000000e+03 -3.440000000000000000e+02 -6.200000000000000000e+01
-1.392000000000000000e+03 1.972000000000000000e+03 1.469200000000000000e+04 -4.704000000000000000e+03 -3.450000000000000000e+02 -3.480000000000000000e+02
-9.280000000000000000e+02 1.868000000000000000e+03 1.416800000000000000e+04 -4.736000000000000000e+03 -2.970000000000000000e+02 -2.800000000000000000e+02
-8.560000000000000000e+02 1.804000000000000000e+03 1.428400000000000000e+04 -4.720000000000000000e+03 -2.630000000000000000e+02 -3.800000000000000000e+02
-1.172000000000000000e+03 1.984000000000000000e+03 1.481200000000000000e+04 -4.736000000000000000e+03 -1.970000000000000000e+02 -4.320000000000000000e+02
-1.156000000000000000e+03 2.076000000000000000e+03 1.486000000000000000e+04 -4.752000000000000000e+03 -1.870000000000000000e+02 -4.130000000000000000e+02
-1.108000000000000000e+03 2.080000000000000000e+03 1.452000000000000000e+04 -4.720000000000000000e+03 -1.590000000000000000e+02 -1.870000000000000000e+02
-8.760000000000000000e+02 1.960000000000000000e+03 1.398800000000000000e+04 -4.720000000000000000e+03 -9.700000000000000000e+01 -1.060000000000000000e+02
-4.440000000000000000e+02 2.048000000000000000e+03 1.425200000000000000e+04 -4.768000000000000000e+03 -9.000000000000000000e+01 4.700000000000000000e+01
-5.520000000000000000e+02 1.956000000000000000e+03 1.449600000000000000e+04 -4.720000000000000000e+03 -1.320000000000000000e+02 3.190000000000000000e+02
-9.320000000000000000e+02 2.024000000000000000e+03 1.461200000000000000e+04 -4.736000000000000000e+03 -1.500000000000000000e+02 5.530000000000000000e+02
-7.000000000000000000e+02 1.756000000000000000e+03 1.438000000000000000e+04 -4.704000000000000000e+03 -1.890000000000000000e+02 8.240000000000000000e+02
-7.280000000000000000e+02 1.940000000000000000e+03 1.422000000000000000e+04 -4.768000000000000000e+03 -2.290000000000000000e+02 1.102000000000000000e+03
-3.560000000000000000e+02 1.860000000000000000e+03 1.434400000000000000e+04 -4.752000000000000000e+03 -3.460000000000000000e+02 1.276000000000000000e+03
-3.920000000000000000e+02 1.860000000000000000e+03 1.429600000000000000e+04 -4.704000000000000000e+03 -4.630000000000000000e+02 1.438000000000000000e+03
-5.920000000000000000e+02 1.900000000000000000e+03 1.476000000000000000e+04 -4.736000000000000000e+03 -5.080000000000000000e+02 1.633000000000000000e+03
-6.840000000000000000e+02 1.924000000000000000e+03 1.483200000000000000e+04 -4.736000000000000000e+03 -5.090000000000000000e+02 1.609000000000000000e+03
-4.000000000000000000e+02 1.948000000000000000e+03 1.488800000000000000e+04 -4.736000000000000000e+03 -6.200000000000000000e+02 8.400000000000000000e+02
-5.080000000000000000e+02 1.912000000000000000e+03 1.548400000000000000e+04 -4.720000000000000000e+03 -3.810000000000000000e+02 1.769000000000000000e+03
-3.520000000000000000e+02 2.024000000000000000e+03 1.494000000000000000e+04 -4.736000000000000000e+03 -5.950000000000000000e+02 1.227000000000000000e+03
-3.200000000000000000e+02 1.944000000000000000e+03 1.487600000000000000e+04 -4.736000000000000000e+03 -5.120000000000000000e+02 6.640000000000000000e+02
-1.400000000000000000e+02 2.144000000000000000e+03 1.324800000000000000e+04 -4.752000000000000000e+03 -3.180000000000000000e+02 2.620000000000000000e+02
-2.400000000000000000e+02 2.336000000000000000e+03 1.163600000000000000e+04 -4.752000000000000000e+03 -4.710000000000000000e+02 2.000000000000000000e+00
-4.680000000000000000e+02 2.160000000000000000e+03 1.016800000000000000e+04 -4.736000000000000000e+03 -2.730000000000000000e+02 -2.490000000000000000e+02
-8.440000000000000000e+02 2.040000000000000000e+03 8.168000000000000000e+03 -4.736000000000000000e+03 -3.300000000000000000e+02 -7.350000000000000000e+02
-7.360000000000000000e+02 1.840000000000000000e+03 7.796000000000000000e+03 -4.736000000000000000e+03 -3.930000000000000000e+02 -1.344000000000000000e+03
-6.800000000000000000e+02 1.684000000000000000e+03 9.964000000000000000e+03 -4.752000000000000000e+03 -2.950000000000000000e+02 -1.464000000000000000e+03
-7.120000000000000000e+02 1.292000000000000000e+03 6.900000000000000000e+03 -4.736000000000000000e+03 -2.160000000000000000e+02 -1.609000000000000000e+03
-8.560000000000000000e+02 7.960000000000000000e+02 9.440000000000000000e+03 -4.768000000000000000e+03 -2.320000000000000000e+02 -1.778000000000000000e+03
-1.048000000000000000e+03 7.680000000000000000e+02 1.099200000000000000e+04 -4.720000000000000000e+03 -1.610000000000000000e+02 -1.721000000000000000e+03
-8.440000000000000000e+02 1.384000000000000000e+03 1.202400000000000000e+04 -4.704000000000000000e+03 -1.430000000000000000e+02 -2.069000000000000000e+03
-2.560000000000000000e+02 8.640000000000000000e+02 1.445200000000000000e+04 -4.720000000000000000e+03 -8.100000000000000000e+01 -2.140000000000000000e+03
5.600000000000000000e+01 1.260000000000000000e+03 1.444400000000000000e+04 -4.704000000000000000e+03 -1.760000000000000000e+02 -2.223000000000000000e+03
2.160000000000000000e+02 1.380000000000000000e+03 1.466400000000000000e+04 -4.736000000000000000e+03 7.400000000000000000e+01 -2.389000000000000000e+03
-1.760000000000000000e+02 1.252000000000000000e+03 1.573600000000000000e+04 -4.736000000000000000e+03 1.500000000000000000e+01 -2.297000000000000000e+03
-1.920000000000000000e+02 1.876000000000000000e+03 1.630800000000000000e+04 -4.720000000000000000e+03 2.230000000000000000e+02 -2.131000000000000000e+03
-6.680000000000000000e+02 1.984000000000000000e+03 1.565600000000000000e+04 -4.736000000000000000e+03 2.110000000000000000e+02 -1.916000000000000000e+03
-3.120000000000000000e+02 2.064000000000000000e+03 1.588400000000000000e+04 -4.736000000000000000e+03 1.540000000000000000e+02 -1.554000000000000000e+03
-7.600000000000000000e+02 2.152000000000000000e+03 1.646400000000000000e+04 -4.736000000000000000e+03 -2.120000000000000000e+02 -9.740000000000000000e+02
-6.280000000000000000e+02 2.084000000000000000e+03 1.633600000000000000e+04 -4.752000000000000000e+03 -5.630000000000000000e+02 -7.970000000000000000e+02
-1.008000000000000000e+03 2.024000000000000000e+03 1.663200000000000000e+04 -4.736000000000000000e+03 -3.400000000000000000e+02 -3.280000000000000000e+02
-1.444000000000000000e+03 2.192000000000000000e+03 1.950800000000000000e+04 -4.768000000000000000e+03 -4.290000000000000000e+02 8.100000000000000000e+01
-9.680000000000000000e+02 2.140000000000000000e+03 2.011200000000000000e+04 -4.720000000000000000e+03 -3.930000000000000000e+02 3.840000000000000000e+02
-4.600000000000000000e+02 2.048000000000000000e+03 2.544400000000000000e+04 -4.720000000000000000e+03 -5.170000000000000000e+02 6.940000000000000000e+02
-5.240000000000000000e+02 1.884000000000000000e+03 2.758000000000000000e+04 -4.752000000000000000e+03 -5.410000000000000000e+02 9.300000000000000000e+02
-6.400000000000000000e+01 2.568000000000000000e+03 3.046800000000000000e+04 -4.736000000000000000e+03 -5.260000000000000000e+02 1.516000000000000000e+03
-1.880000000000000000e+02 2.108000000000000000e+03 2.444000000000000000e+04 -4.688000000000000000e+03 -6.640000000000000000e+02 1.599000000000000000e+03
6.480000000000000000e+02 3.032000000000000000e+03 2.041600000000000000e+04 -4.720000000000000000e+03 -6.360000000000000000e+02 2.128000000000000000e+03
2.400000000000000000e+01 3.112000000000000000e+03 1.810000000000000000e+04 -4.736000000000000000e+03 -6.870000000000000000e+02 1.945000000000000000e+03
9.880000000000000000e+02 4.064000000000000000e+03 1.671200000000000000e+04 -4.752000000000000000e+03 -6.690000000000000000e+02 1.866000000000000000e+03
3.200000000000000000e+01 3.120000000000000000e+03 1.567600000000000000e+04 -4.720000000000000000e+03 -7.990000000000000000e+02 2.574000000000000000e+03
3.440000000000000000e+02 3.124000000000000000e+03 1.523200000000000000e+04 -4.768000000000000000e+03 -8.080000000000000000e+02 2.267000000000000000e+03
7.320000000000000000e+02 2.828000000000000000e+03 1.555600000000000000e+04 -4.736000000000000000e+03 -7.490000000000000000e+02 2.613000000000000000e+03
2.264000000000000000e+03 2.852000000000000000e+03 1.582400000000000000e+04 -4.736000000000000000e+03 -6.460000000000000000e+02 1.902000000000000000e+03
2.432000000000000000e+03 2.756000000000000000e+03 1.516400000000000000e+04 -4.752000000000000000e+03 -5.560000000000000000e+02 1.736000000000000000e+03
2.784000000000000000e+03 2.556000000000000000e+03 1.546400000000000000e+04 -4.752000000000000000e+03 -4.970000000000000000e+02 1.263000000000000000e+03
3.116000000000000000e+03 2.332000000000000000e+03 1.540400000000000000e+04 -4.720000000000000000e+03 -3.430000000000000000e+02 1.003000000000000000e+03
2.828000000000000000e+03 2.348000000000000000e+03 1.480000000000000000e+04 -4.736000000000000000e+03 -2.870000000000000000e+02 1.282000000000000000e+03
2.496000000000000000e+03 2.344000000000000000e+03 1.243600000000000000e+04 -4.752000000000000000e+03 1.400000000000000000e+01 7.330000000000000000e+02
2.428000000000000000e+03 2.364000000000000000e+03 8.584000000000000000e+03 -4.736000000000000000e+03 -3.900000000000000000e+01 1.036000000000000000e+03
2.540000000000000000e+03 2.192000000000000000e+03 6.436000000000000000e+03 -4.736000000000000000e+03 -4.000000000000000000e+02 1.123000000000000000e+03
2.424000000000000000e+03 2.040000000000000000e+03 5.488000000000000000e+03 -4.752000000000000000e+03 -5.830000000000000000e+02 1.195000000000000000e+03
