1.066000000000000000e+04 1.904000000000000000e+03 1.240000000000000000e+04 -4.688000000000000000e+03 -1.080000000000000000e+02 9.540000000000000000e+02
1.002000000000000000e+04 2.192000000000000000e+03 1.251600000000000000e+04 -4.672000000000000000e+03 -2.460000000000000000e+02 1.268000000000000000e+03
9.352000000000000000e+03 2.376000000000000000e+03 1.203200000000000000e+04 -4.672000000000000000e+03 -2.320000000000000000e+02 1.087000000000000000e+03
1.014000000000000000e+04 2.184000000000000000e+03 1.173200000000000000e+04 -4.704000000000000000e+03 -2.430000000000000000e+02 1.181000000000000000e+03
1.020800000000000000e+04 2.184000000000000000e+03 1.161600000000000000e+04 -4.688000000000000000e+03 -2.870000000000000000e+02 1.427000000000000000e+03
9.924000000000000000e+03 2.120000000000000000e+03 1.195200000000000000e+04 -4.688000000000000000e+03 -2.750000000000000000e+02 1.282000000000000000e+03
9.340000000000000000e+03 2.360000000000000000e+03 1.222000000000000000e+04 -4.704000000000000000e+03 -2.820000000000000000e+02 9.680000000000000000e+02
9.368000000000000000e+03 2.464000000000000000e+03 1.220000000000000000e+04 -4.688000000000000000e+03 -2.070000000000000000e+02 6.010000000000000000e+02
9.456000000000000000e+03 2.336000000000000000e+03 1.206000000000000000e+04 -4.672000000000000000e+03 -2.330000000000000000e+02 4.830000000000000000e+02
9.356000000000000000e+03 2.224000000000000000e+03 1.226000000000000000e+04 -4.704000000000000000e+03 -1.390000000000000000e+02 2.900000000000000000e+01
9.324000000000000000e+03 2.328000000000000000e+03 1.198800000000000000e+04 -4.672000000000000000e+03 -1.120000000000000000e+02 -2.840000000000000000e+02
8.892000000000000000e+03 2.360000000000000000e+03 1.229600000000000000e+04 -4.688000000000000000e+03 -8.200000000000000000e+01 -5.430000000000000000e+02
8.980000000000000000e+03 2.440000000000000000e+03 1.232400000000000000e+04 -4.704000000000000000e+03 -1.020000000000000000e+02 -7.290000000000000000e+02
8.864000000000000000e+03 2.448000000000000000e+03 1.200400000000000000e+04 -4.656000000000000000e+03 -3.300000000000000000e+01 -9.870000000000000000e+02
8.988000000000000000e+03 2.476000000000000000e+03 1.193600000000000000e+04 -4.688000000000000000e+03 -6.400000000000000000e+01 -1.070000000000000000e+03
9.104000000000000000e+03 2.440000000000000000e+03 1.176800000000000000e+04 -4.656000000000000000e+03 -5.200000000000000000e+01 -9.890000000000000000e+02
9.424000000000000000e+03 2.468000000000000000e+03 1.178800000000000000e+04 -4.656000000000000000e+03 -1.160000000000000000e+02 -9.590000000000000000e+02
9.348000000000000000e+03 2.432000000000000000e+03 1.185600000000000000e+04 -4.672000000000000000e+03 -1.530000000000000000e+02 -8.410000000000000000e+02
9.436000000000000000e+03 2.528000000000000000e+03 1.177200000000000000e+04 -4.704000000000000000e+03 -1.890000000000000000e+02 -7.000000000000000000e+02
9.708000000000000000e+03 2.556000000000000000e+03 1.176000000000000000e+04 -4.656000000000000000e+03 -2.670000000000000000e+02 -3.990000000000000000e+02
9.968000000000000000e+03 2.472000000000000000e+03 1.163200000000000000e+04 -4.656000000000000000e+03 -2.850000000000000000e+02 -1.940000000000000000e+02
1.005600000000000000e+04 2.412000000000000000e+03 1.149200000000000000e+04 -4.688000000000000000e+03 -3.250000000000000000e+02 1.110000000000000000e+02
1.001200000000000000e+04 2.404000000000000000e+03 1.155600000000000000e+04 -4.672000000000000000e+03 -3.690000000000000000e+02 3.340000000000000000e+02
9.972000000000000000e+03 2.560000000000000000e+03 1.173200000000000000e+04 -4.672000000000000000e+03 -4.010000000000000000e+02 5.900000000000000000e+02
9.740000000000000000e+03 2.592000000000000000e+03 1.179200000000000000e+04 -4.688000000000000000e+03 -4.280000000000000000e+02 9.050000000000000000e+02
9.740000000000000000e+03 2.660000000000000000e+03 1.199200000000000000e+04 -4.672000000000000000e+03 -5.110000000000000000e+02 1.190000000000000000e+03
9.636000000000000000e+03 2.676000000000000000e+03 1.198000000000000000e+04 -4.704000000000000000e+03 -6.320000000000000000e+02 1.535000000000000000e+03
9.948000000000000000e+03 2.796000000000000000e+03 1.200800000000000000e+04 -4.704000000000000000e+03 -7.340000000000000000e+02 1.742000000000000000e+03
9.888000000000000000e+03 2.772000000000000000e+03 1.104800000000000000e+04 -4.688000000000000000e+03 -8.970000000000000000e+02 1.891000000000000000e+03
1.008000000000000000e+04 2.512000000000000000e+03 8.816000000000000000e+03 -4.672000000000000000e+03 -9.240000000000000000e+02 1.814000000000000000e+03
9.316000000000000000e+03 2.064000000000000000e+03 4.740000000000000000e+03 -4.688000000000000000e+03 -4.280000000000000000e+02 1.897000000000000000e+03
7.808000000000000000e+03 1.156000000000000000e+03 2.988000000000000000e+03 -4.688000000000000000e+03 -5.870000000000000000e+02 1.499000000000000000e+03
5.752000000000000000e+03 6.080000000000000000e+02 5.700000000000000000e+03 -4.688000000000000000e+03 -5.460000000000000000e+02 1.884000000000000000e+03
2.468000000000000000e+03 1.500000000000000000e+03 4.856000000000000000e+03 -4.688000000000000000e+03 -3.660000000000000000e+02 2.110000000000000000e+03
3.556000000000000000e+03 5.920000000000000000e+02 8.600000000000000000e+03 -4.656000000000000000e+03 -5.430000000000000000e+02 1.728000000000000000e+03
6.528000000000000000e+03 1.132000000000000000e+03 1.130800000000000000e+04 -4.688000000000000000e+03 -3.830000000000000000e+02 9.380000000000000000e+02
4.804000000000000000e+03 1.388000000000000000e+03 1.189200000000000000e+04 -4.704000000000000000e+03 -4.240000000000000000e+02 7.490000000000000000e+02
6.536000000000000000e+03 1.884000000000000000e+03 1.300800000000000000e+04 -4.688000000000000000e+03 -4.080000000000000000e+02 1.073000000000000000e+03
6.936000000000000000e+03 2.660000000000000000e+03 1.333200000000000000e+04 -4.656000000000000000e+03 -4.090000000000000000e+02 6.160000000000000000e+02
7.688000000000000000e+03 2.700000000000000000e+03 1.477200000000000000e+04 -4.688000000000000000e+03 -4.300000000000000000e+02 6.570000000000000000e+02
9.512000000000000000e+03 2.808000000000000000e+03 1.405200000000000000e+04 -4.672000000000000000e+03 -2.910000000000000000e+02 4.660000000000000000e+02
1.056400000000000000e+04 2.684000000000000000e+03 1.399200000000000000e+04 -4.688000000000000000e+03 -3.090000000000000000e+02 7.250000000000000000e+02
1.058400000000000000e+04 2.576000000000000000e+03 1.413600000000000000e+04 -4.704000000000000000e+03 -2.980000000000000000e+02 7.910000000000000000e+02
1.014400000000000000e+04 2.892000000000000000e+03 1.491600000000000000e+04 -4.672000000000000000e+03 -3.020000000000000000e+02 4.430000000000000000e+02
9.444000000000000000e+03 2.504000000000000000e+03 1.546800000000000000e+04 -4.656000000000000000e+03 -1.830000000000000000e+02 -6.920000000000000000e+02
9.892000000000000000e+03 2.520000000000000000e+03 1.742000000000000000e+04 -4.656000000000000000e+03 -1.240000000000000000e+02 -1.460000000000000000e+02
9.836000000000000000e+03 3.348000000000000000e+03 1.944400000000000000e+04 -4.720000000000000000e+03 -1.700000000000000000e+02 -4.290000000000000000e+02
9.148000000000000000e+03 3.192000000000000000e+03 2.338800000000000000e+04 -4.688000000000000000e+03 -4.650000000000000000e+02 -4.790000000000000000e+02
1.146800000000000000e+04 4.488000000000000000e+03 2.476400000000000000e+04 -4.656000000000000000e+03 -6.960000000000000000e+02 -4.570000000000000000e+02
1.126400000000000000e+04 3.892000000000000000e+03 2.255600000000000000e+04 -4.640000000000000000e+03 -6.320000000000000000e+02 -4.030000000000000000e+02
1.490800000000000000e+04 2.764000000000000000e+03 1.869200000000000000e+04 -4.656000000000000000e+03 -4.700000000000000000e+02 -7.810000000000000000e+02
1.464400000000000000e+04 2.256000000000000000e+03 1.616000000000000000e+04 -4.672000000000000000e+03 -3.660000000000000000e+02 -8.790000000000000000e+02
1.430000000000000000e+04 2.660000000000000000e+03 1.437200000000000000e+04 -4.672000000000000000e+03 -2.610000000000000000e+02 -1.093000000000000000e+03
1.189200000000000000e+04 2.428000000000000000e+03 1.413200000000000000e+04 -4.688000000000000000e+03 -1.900000000000000000e+02 -1.526000000000000000e+03
1.104000000000000000e+04 2.568000000000000000e+03 1.378800000000000000e+04 -4.688000000000000000e+03 -9.300000000000000000e+01 -1.641000000000000000e+03
1.002800000000000000e+04 2.492000000000000000e+03 1.389600000000000000e+04 -4.656000000000000000e+03 -1.380000000000000000e+02 -1.353000000000000000e+03
1.005200000000000000e+04 2.716000000000000000e+03 1.411200000000000000e+04 -4.672000000000000000e+03 -1.510000000000000000e+02 -1.481000000000000000e+03
9.716000000000000000e+03 2.780000000000000000e+03 1.428800000000000000e+04 -4.688000000000000000e+03 -2.850000000000000000e+02 -1.183000000000000000e+03
1.032800000000000000e+04 2.908000000000000000e+03 1.348000000000000000e+04 -4.688000000000000000e+03 -3.340000000000000000e+02 -1.038000000000000000e+03
1.097600000000000000e+04 2.816000000000000000e+03 1.169600000000000000e+04 -4.704000000000000000e+03 -5.000000000000000000e+02 -6.400000000000000000e+02
1.112400000000000000e+04 2.628000000000000000e+03 8.812000000000000000e+03 -4.672000000000000000e+03 -4.500000000000000000e+02 -7.340000000000000000e+02
1.114800000000000000e+04 1.868000000000000000e+03 5.208000000000000000e+03 -4.688000000000000000e+03 -3.570000000000000000e+02 -7.290000000000000000e+02
1.133200000000000000e+04 9.040000000000000000e+02 2.748000000000000000e+03 -4.656000000000000000e+03 -2.500000000000000000e+02 -7.740000000000000000e+02
9.064000000000000000e+03 6.200000000000000000e+02 1.160000000000000000e+03 -4.672000000000000000e+03 -3.370000000000000000e+02 7.730000000000000000e+02
6.448000000000000000e+03 1.000000000000000000e+02 2.160000000000000000e+02 -4.704000000000000000e+03 -7.000000000000000000e+01 -1.360000000000000000e+02
4.492000000000000000e+03 -4.400000000000000000e+01 3.832000000000000000e+03 -4.704000000000000000e+03 5.830000000000000000e+02 -1.436000000000000000e+03
2.888000000000000000e+03 -1.520000000000000000e+02 5.052000000000000000e+03 -4.672000000000000000e+03 6.290000000000000000e+02 -8.280000000000000000e+02
2.244000000000000000e+03 4.560000000000000000e+02 1.490000000000000000e+04 -4.704000000000000000e+03 -4.220000000000000000e+02 -4.490000000000000000e+02
4.760000000000000000e+02 2.988000000000000000e+03 2.052400000000000000e+04 -4.640000000000000000e+03 -6.760000000000000000e+02 -6.580000000000000000e+02
4.252000000000000000e+03 5.216000000000000000e+03 1.225600000000000000e+04 -4.656000000000000000e+03 -3.600000000000000000e+01 -1.080000000000000000e+03
1.100400000000000000e+04 1.780000000000000000e+03 6.960000000000000000e+03 -4.672000000000000000e+03 1.940000000000000000e+02 -3.150000000000000000e+02
1.566000000000000000e+04 4.040000000000000000e+02 8.232000000000000000e+03 -4.704000000000000000e+03 3.240000000000000000e+02 -8.570000000000000000e+02
9.052000000000000000e+03 1.480000000000000000e+03 1.178000000000000000e+04 -4.672000000000000000e+03 -1.200000000000000000e+01 -2.160000000000000000e+02
5.796000000000000000e+03 2.584000000000000000e+03 1.380400000000000000e+04 -4.688000000000000000e+03 -1.350000000000000000e+02 1.840000000000000000e+02
8.124000000000000000e+03 2.892000000000000000e+03 1.232400000000000000e+04 -4.688000000000000000e+03 -9.500000000000000000e+01 2.460000000000000000e+02
1.103600000000000000e+04 2.408000000000000000e+03 1.074800000000000000e+04 -4.672000000000000000e+03 1.050000000000000000e+02 3.000000000000000000e+00
1.217200000000000000e+04 1.776000000000000000e+03 9.264000000000000000e+03 -4.704000000000000000e+03 3.300000000000000000e+02 -3.920000000000000000e+02
1.087600000000000000e+04 1.384000000000000000e+03 1.113600000000000000e+04 -4.672000000000000000e+03 1.620000000000000000e+02 6.870000000000000000e+02
8.928000000000000000e+03 1.676000000000000000e+03 1.265200000000000000e+04 -4.688000000000000000e+03 -2.100000000000000000e+01 6.560000000000000000e+02
9.252000000000000000e+03 2.192000000000000000e+03 1.287200000000000000e+04 -4.704000000000000000e+03 -8.400000000000000000e+01 7.730000000000000000e+02
9.256000000000000000e+03 2.292000000000000000e+03 1.173200000000000000e+04 -4.688000000000000000e+03 1.800000000000000000e+01 2.850000000000000000e+02
