-6.372000000000000000e+03 1.784000000000000000e+03 1.282000000000000000e+04 -4.720000000000000000e+03 -4.740000000000000000e+02 -2.000000000000000000e+02
-6.276000000000000000e+03 2.020000000000000000e+03 1.301600000000000000e+04 -4.752000000000000000e+03 -4.420000000000000000e+02 9.000000000000000000e+00
0.000000000000000000e+00 1.872000000000000000e+03 1.336000000000000000e+04 -4.784000000000000000e+03 -4.650000000000000000e+02 1.830000000000000000e+02
-6.160000000000000000e+03 2.024000000000000000e+03 1.348000000000000000e+04 -4.720000000000000000e+03 -4.280000000000000000e+02 3.750000000000000000e+02
-6.236000000000000000e+03 1.904000000000000000e+03 1.332800000000000000e+04 -4.752000000000000000e+03 -4.310000000000000000e+02 6.060000000000000000e+02
-6.400000000000000000e+03 1.780000000000000000e+03 1.315200000000000000e+04 -4.752000000000000000e+03 -3.980000000000000000e+02 7.840000000000000000e+02
-6.424000000000000000e+03 1.748000000000000000e+03 1.337200000000000000e+04 -4.768000000000000000e+03 -3.530000000000000000e+02 9.440000000000000000e+02
-6.520000000000000000e+03 1.864000000000000000e+03 1.355200000000000000e+04 -4.784000000000000000e+03 -3.360000000000000000e+02 1.072000000000000000e+03
-6.588000000000000000e+03 1.928000000000000000e+03 1.333200000000000000e+04 -4.736000000000000000e+03 -3.290000000000000000e+02 1.159000000000000000e+03
-6.508000000000000000e+03 1.872000000000000000e+03 1.308000000000000000e+04 -4.752000000000000000e+03 -3.250000000000000000e+02 1.173000000000000000e+03
-6.464000000000000000e+03 1.872000000000000000e+03 1.297200000000000000e+04 -4.752000000000000000e+03 -3.760000000000000000e+02 1.120000000000000000e+03
-6.368000000000000000e+03 2.028000000000000000e+03 1.307200000000000000e+04 -4.768000000000000000e+03 -2.960000000000000000e+02 1.084000000000000000e+03
-6.428000000000000000e+03 2.052000000000000000e+03 1.304400000000000000e+04 -4.768000000000000000e+03 -3.500000000000000000e+02 9.610000000000000000e+02
-6.404000000000000000e+03 2.148000000000000000e+03 1.292800000000000000e+04 -4.736000000000000000e+03 -3.660000000000000000e+02 7.650000000000000000e+02
-5.984000000000000000e+03 1.912000000000000000e+03 1.300400000000000000e+04 -4.768000000000000000e+03 -3.860000000000000000e+02 6.330000000000000000e+02
-5.756000000000000000e+03 1.868000000000000000e+03 1.283600000000000000e+04 -4.784000000000000000e+03 -4.160000000000000000e+02 3.710000000000000000e+02
-5.872000000000000000e+03 1.900000000000000000e+03 1.304000000000000000e+04 -4.752000000000000000e+03 -3.700000000000000000e+02 1.310000000000000000e+02
-5.824000000000000000e+03 2.076000000000000000e+03 1.308400000000000000e+04 -4.736000000000000000e+03 -3.320000000000000000e+02 2.900000000000000000e+01
-6.004000000000000000e+03 1.952000000000000000e+03 1.333600000000000000e+04 -4.752000000000000000e+03 -3.450000000000000000e+02 -1.230000000000000000e+02
-5.824000000000000000e+03 2.168000000000000000e+03 1.285600000000000000e+04 -4.736000000000000000e+03 -4.120000000000000000e+02 -3.330000000000000000e+02
-5.608000000000000000e+03 2.040000000000000000e+03 1.300000000000000000e+04 -4.752000000000000000e+03 -4.740000000000000000e+02 -5.480000000000000000e+02
-5.684000000000000000e+03 2.100000000000000000e+03 1.320400000000000000e+04 -4.752000000000000000e+03 -5.200000000000000000e+02 -9.530000000000000000e+02
-5.812000000000000000e+03 2.032000000000000000e+03 1.315200000000000000e+04 -4.784000000000000000e+03 -6.170000000000000000e+02 -1.188000000000000000e+03
-5.916000000000000000e+03 2.080000000000000000e+03 1.304400000000000000e+04 -4.752000000000000000e+03 -3.620000000000000000e+02 -1.135000000000000000e+03
-6.064000000000000000e+03 1.916000000000000000e+03 1.270800000000000000e+04 -4.752000000000000000e+03 -1.490000000000000000e+02 -1.274000000000000000e+03
-6.272000000000000000e+03 1.904000000000000000e+03 1.255600000000000000e+04 -4.736000000000000000e+03 -2.900000000000000000e+02 -1.306000000000000000e+03
-6.280000000000000000e+03 1.932000000000000000e+03 1.304400000000000000e+04 -4.736000000000000000e+03 -3.100000000000000000e+02 -1.743000000000000000e+03
-6.356000000000000000e+03 1.832000000000000000e+03 1.346400000000000000e+04 -4.752000000000000000e+03 -2.340000000000000000e+02 -2.139000000000000000e+03
-6.708000000000000000e+03 1.980000000000000000e+03 1.340400000000000000e+04 -4.736000000000000000e+03 -2.230000000000000000e+02 -2.662000000000000000e+03
-6.640000000000000000e+03 1.844000000000000000e+03 1.165600000000000000e+04 -4.752000000000000000e+03 -2.990000000000000000e+02 -2.773000000000000000e+03
-6.700000000000000000e+03 1.728000000000000000e+03 9.880000000000000000e+03 -4.752000000000000000e+03 -2.840000000000000000e+02 -3.286000000000000000e+03
-6.904000000000000000e+03 1.792000000000000000e+03 5.792000000000000000e+03 -4.784000000000000000e+03 -3.620000000000000000e+02 -3.439000000000000000e+03
-7.132000000000000000e+03 1.868000000000000000e+03 2.748000000000000000e+03 -4.752000000000000000e+03 -3.060000000000000000e+02 -3.480000000000000000e+03
-7.560000000000000000e+03 1.884000000000000000e+03 5.120000000000000000e+03 -4.784000000000000000e+03 -2.830000000000000000e+02 -3.141000000000000000e+03
-7.796000000000000000e+03 1.624000000000000000e+03 7.724000000000000000e+03 -4.720000000000000000e+03 -1.790000000000000000e+02 -2.791000000000000000e+03
-7.312000000000000000e+03 1.284000000000000000e+03 7.044000000000000000e+03 -4.768000000000000000e+03 -1.830000000000000000e+02 -2.250000000000000000e+03
-6.768000000000000000e+03 9.040000000000000000e+02 9.892000000000000000e+03 -4.784000000000000000e+03 -2.030000000000000000e+02 -1.656000000000000000e+03
-4.572000000000000000e+03 5.160000000000000000e+02 1.047600000000000000e+04 -4.752000000000000000e+03 -1.470000000000000000e+02 -8.180000000000000000e+02
-2.428000000000000000e+03 5.640000000000000000e+02 1.251200000000000000e+04 -4.736000000000000000e+03 -1.560000000000000000e+02 -3.060000000000000000e+02
-2.856000000000000000e+03 9.960000000000000000e+02 1.329200000000000000e+04 -4.752000000000000000e+03 -6.430000000000000000e+02 1.700000000000000000e+02
-4.180000000000000000e+03 1.212000000000000000e+03 1.426400000000000000e+04 -4.768000000000000000e+03 -7.260000000000000000e+02 3.130000000000000000e+02
-4.092000000000000000e+03 2.076000000000000000e+03 1.432800000000000000e+04 -4.752000000000000000e+03 -3.560000000000000000e+02 -9.900000000000000000e+01
-3.888000000000000000e+03 2.164000000000000000e+03 1.563200000000000000e+04 -4.752000000000000000e+03 -1.330000000000000000e+02 2.450000000000000000e+02
-4.208000000000000000e+03 2.312000000000000000e+03 1.754800000000000000e+04 -4.752000000000000000e+03 5.300000000000000000e+01 2.740000000000000000e+02
-4.136000000000000000e+03 1.800000000000000000e+03 2.066400000000000000e+04 -4.736000000000000000e+03 1.300000000000000000e+02 9.500000000000000000e+01
-4.588000000000000000e+03 1.872000000000000000e+03 2.347600000000000000e+04 -4.752000000000000000e+03 -9.300000000000000000e+01 3.490000000000000000e+02
-4.768000000000000000e+03 2.060000000000000000e+03 2.615600000000000000e+04 -4.736000000000000000e+03 -1.770000000000000000e+02 6.750000000000000000e+02
-4.396000000000000000e+03 2.292000000000000000e+03 3.080000000000000000e+04 -4.736000000000000000e+03 -7.500000000000000000e+01 1.111000000000000000e+03
-4.388000000000000000e+03 2.844000000000000000e+03 3.018000000000000000e+04 -4.752000000000000000e+03 -1.750000000000000000e+02 1.344000000000000000e+03
-4.668000000000000000e+03 2.896000000000000000e+03 2.252000000000000000e+04 -4.768000000000000000e+03 -4.270000000000000000e+02 1.639000000000000000e+03
-5.260000000000000000e+03 2.476000000000000000e+03 1.891600000000000000e+04 -4.752000000000000000e+03 -4.080000000000000000e+02 1.680000000000000000e+03
-6.232000000000000000e+03 2.936000000000000000e+03 1.678000000000000000e+04 -4.752000000000000000e+03 -4.920000000000000000e+02 1.506000000000000000e+03
-6.056000000000000000e+03 4.192000000000000000e+03 1.628000000000000000e+04 -4.736000000000000000e+03 -3.740000000000000000e+02 1.868000000000000000e+03
-7.168000000000000000e+03 4.092000000000000000e+03 1.852800000000000000e+04 -4.768000000000000000e+03 -2.830000000000000000e+02 1.787000000000000000e+03
-8.908000000000000000e+03 2.892000000000000000e+03 1.883600000000000000e+04 -4.768000000000000000e+03 -1.720000000000000000e+02 1.981000000000000000e+03
-5.192000000000000000e+03 2.560000000000000000e+03 1.681200000000000000e+04 -4.768000000000000000e+03 -2.300000000000000000e+01 2.088000000000000000e+03
-3.148000000000000000e+03 2.120000000000000000e+03 1.606000000000000000e+04 -4.720000000000000000e+03 2.290000000000000000e+02 1.392000000000000000e+03
-2.520000000000000000e+03 2.040000000000000000e+03 1.645200000000000000e+04 -4.752000000000000000e+03 3.840000000000000000e+02 1.225000000000000000e+03
-2.168000000000000000e+03 2.232000000000000000e+03 1.457200000000000000e+04 -4.752000000000000000e+03 -1.290000000000000000e+02 1.509000000000000000e+03
-1.992000000000000000e+03 2.132000000000000000e+03 1.109200000000000000e+04 -4.768000000000000000e+03 -7.260000000000000000e+02 1.316000000000000000e+03
-2.560000000000000000e+03 1.940000000000000000e+03 7.120000000000000000e+03 -4.752000000000000000e+03 -4.640000000000000000e+02 1.090000000000000000e+03
-1.708000000000000000e+03 1.896000000000000000e+03 3.132000000000000000e+03 -4.736000000000000000e+03 -1.650000000000000000e+02 1.877000000000000000e+03
-2.284000000000000000e+03 2.228000000000000000e+03 1.376000000000000000e+03 -4.752000000000000000e+03 -1.050000000000000000e+02 1.788000000000000000e+03
-3.352000000000000000e+03 2.112000000000000000e+03 1.160000000000000000e+03 -4.752000000000000000e+03 -3.240000000000000000e+02 1.444000000000000000e+03
-3.108000000000000000e+03 1.688000000000000000e+03 2.380000000000000000e+03 -4.784000000000000000e+03 -4.780000000000000000e+02 1.253000000000000000e+03
-1.912000000000000000e+03 1.208000000000000000e+03 6.408000000000000000e+03 -4.752000000000000000e+03 -4.120000000000000000e+02 9.200000000000000000e+02
-9.800000000000000000e+02 4.840000000000000000e+02 1.450800000000000000e+04 -4.752000000000000000e+03 -2.400000000000000000e+02 7.680000000000000000e+02
-3.760000000000000000e+02 1.920000000000000000e+02 1.955600000000000000e+04 -4.736000000000000000e+03 -1.920000000000000000e+02 7.580000000000000000e+02
-1.120000000000000000e+02 2.360000000000000000e+02 1.739200000000000000e+04 -4.736000000000000000e+03 -3.030000000000000000e+02 6.220000000000000000e+02
