1.028000000000000000e+03 1.792000000000000000e+03 1.472800000000000000e+04 -4.688000000000000000e+03 -3.160000000000000000e+02 8.100000000000000000e+01
1.100000000000000000e+03 1.684000000000000000e+03 1.468000000000000000e+04 -4.672000000000000000e+03 -2.370000000000000000e+02 1.930000000000000000e+02
1.368000000000000000e+03 1.736000000000000000e+03 1.487600000000000000e+04 -4.656000000000000000e+03 -2.500000000000000000e+02 1.940000000000000000e+02
1.604000000000000000e+03 1.736000000000000000e+03 1.467200000000000000e+04 -4.640000000000000000e+03 -2.610000000000000000e+02 4.670000000000000000e+02
1.904000000000000000e+03 1.864000000000000000e+03 1.442400000000000000e+04 -4.672000000000000000e+03 -2.290000000000000000e+02 6.990000000000000000e+02
1.780000000000000000e+03 1.964000000000000000e+03 1.436400000000000000e+04 -4.656000000000000000e+03 -2.890000000000000000e+02 9.940000000000000000e+02
1.692000000000000000e+03 1.892000000000000000e+03 1.459200000000000000e+04 -4.704000000000000000e+03 -3.010000000000000000e+02 1.334000000000000000e+03
1.760000000000000000e+03 1.912000000000000000e+03 1.464800000000000000e+04 -4.688000000000000000e+03 -3.890000000000000000e+02 1.559000000000000000e+03
1.912000000000000000e+03 1.932000000000000000e+03 1.445600000000000000e+04 -4.672000000000000000e+03 -4.240000000000000000e+02 1.776000000000000000e+03
1.960000000000000000e+03 1.924000000000000000e+03 1.449600000000000000e+04 -4.672000000000000000e+03 -5.980000000000000000e+02 1.805000000000000000e+03
1.880000000000000000e+03 1.900000000000000000e+03 1.448400000000000000e+04 -4.672000000000000000e+03 -6.670000000000000000e+02 1.695000000000000000e+03
1.856000000000000000e+03 1.756000000000000000e+03 1.447200000000000000e+04 -4.656000000000000000e+03 -6.430000000000000000e+02 1.871000000000000000e+03
1.748000000000000000e+03 1.572000000000000000e+03 1.486400000000000000e+04 -4.672000000000000000e+03 -7.850000000000000000e+02 2.955000000000000000e+03
1.460000000000000000e+03 1.656000000000000000e+03 1.475200000000000000e+04 -4.688000000000000000e+03 -5.960000000000000000e+02 1.674000000000000000e+03
1.400000000000000000e+03 1.552000000000000000e+03 1.444000000000000000e+04 -4.688000000000000000e+03 -5.130000000000000000e+02 1.520000000000000000e+03
1.180000000000000000e+03 1.540000000000000000e+03 1.460400000000000000e+04 -4.688000000000000000e+03 -5.890000000000000000e+02 2.169000000000000000e+03
1.112000000000000000e+03 1.524000000000000000e+03 1.465600000000000000e+04 -4.688000000000000000e+03 -2.960000000000000000e+02 1.833000000000000000e+03
1.224000000000000000e+03 1.384000000000000000e+03 1.445600000000000000e+04 -4.672000000000000000e+03 -2.150000000000000000e+02 1.105000000000000000e+03
1.172000000000000000e+03 1.660000000000000000e+03 1.480000000000000000e+04 -4.656000000000000000e+03 -3.060000000000000000e+02 6.840000000000000000e+02
1.248000000000000000e+03 1.764000000000000000e+03 1.446400000000000000e+04 -4.688000000000000000e+03 -6.700000000000000000e+01 3.370000000000000000e+02
9.960000000000000000e+02 1.800000000000000000e+03 1.452400000000000000e+04 -4.704000000000000000e+03 -1.270000000000000000e+02 9.200000000000000000e+01
1.140000000000000000e+03 1.564000000000000000e+03 1.416800000000000000e+04 -4.672000000000000000e+03 -1.270000000000000000e+02 -6.720000000000000000e+02
8.160000000000000000e+02 1.572000000000000000e+03 1.389600000000000000e+04 -4.672000000000000000e+03 -3.300000000000000000e+01 -6.550000000000000000e+02
9.480000000000000000e+02 1.536000000000000000e+03 1.303600000000000000e+04 -4.640000000000000000e+03 -1.690000000000000000e+02 -1.180000000000000000e+03
2.840000000000000000e+02 1.616000000000000000e+03 1.042800000000000000e+04 -4.656000000000000000e+03 -1.490000000000000000e+02 -1.677000000000000000e+03
2.480000000000000000e+02 1.696000000000000000e+03 9.804000000000000000e+03 -4.656000000000000000e+03 -2.350000000000000000e+02 -2.108000000000000000e+03
4.920000000000000000e+02 1.024000000000000000e+03 8.232000000000000000e+03 -4.672000000000000000e+03 -1.190000000000000000e+02 -2.548000000000000000e+03
6.280000000000000000e+02 9.000000000000000000e+02 6.468000000000000000e+03 -4.656000000000000000e+03 -9.000000000000000000e+01 -2.480000000000000000e+03
6.240000000000000000e+02 4.520000000000000000e+02 7.660000000000000000e+03 -4.656000000000000000e+03 -1.540000000000000000e+02 -2.659000000000000000e+03
-4.000000000000000000e+01 5.120000000000000000e+02 9.072000000000000000e+03 -4.656000000000000000e+03 8.500000000000000000e+01 -2.858000000000000000e+03
-7.600000000000000000e+01 7.080000000000000000e+02 1.000000000000000000e+04 -4.656000000000000000e+03 5.800000000000000000e+01 -2.440000000000000000e+03
-5.200000000000000000e+01 8.960000000000000000e+02 1.270800000000000000e+04 -4.656000000000000000e+03 8.100000000000000000e+01 -2.035000000000000000e+03
1.032000000000000000e+03 1.232000000000000000e+03 1.361200000000000000e+04 -4.688000000000000000e+03 -2.220000000000000000e+02 -2.233000000000000000e+03
1.812000000000000000e+03 1.584000000000000000e+03 1.424000000000000000e+04 -4.656000000000000000e+03 -6.700000000000000000e+01 -1.627000000000000000e+03
5.120000000000000000e+02 1.884000000000000000e+03 1.614000000000000000e+04 -4.688000000000000000e+03 -1.380000000000000000e+02 -1.237000000000000000e+03
5.600000000000000000e+01 2.196000000000000000e+03 1.570000000000000000e+04 -4.672000000000000000e+03 -6.700000000000000000e+01 -8.670000000000000000e+02
-6.800000000000000000e+02 2.212000000000000000e+03 1.640800000000000000e+04 -4.656000000000000000e+03 -1.540000000000000000e+02 -4.650000000000000000e+02
-8.320000000000000000e+02 1.712000000000000000e+03 1.738400000000000000e+04 -4.656000000000000000e+03 -1.860000000000000000e+02 -1.680000000000000000e+02
2.560000000000000000e+02 1.604000000000000000e+03 1.700800000000000000e+04 -4.688000000000000000e+03 -1.870000000000000000e+02 4.060000000000000000e+02
1.600000000000000000e+01 1.620000000000000000e+03 1.696800000000000000e+04 -4.656000000000000000e+03 -2.780000000000000000e+02 8.160000000000000000e+02
-5.160000000000000000e+02 1.412000000000000000e+03 1.691200000000000000e+04 -4.656000000000000000e+03 -2.710000000000000000e+02 1.270000000000000000e+03
-5.640000000000000000e+02 1.780000000000000000e+03 1.914000000000000000e+04 -4.672000000000000000e+03 -4.450000000000000000e+02 1.624000000000000000e+03
-1.220000000000000000e+03 1.744000000000000000e+03 1.900400000000000000e+04 -4.688000000000000000e+03 -5.710000000000000000e+02 1.894000000000000000e+03
-1.240000000000000000e+03 2.056000000000000000e+03 2.146800000000000000e+04 -4.640000000000000000e+03 -6.570000000000000000e+02 2.415000000000000000e+03
3.600000000000000000e+01 1.612000000000000000e+03 2.435600000000000000e+04 -4.656000000000000000e+03 -7.810000000000000000e+02 2.480000000000000000e+03
-6.080000000000000000e+02 1.984000000000000000e+03 2.706000000000000000e+04 -4.656000000000000000e+03 -9.840000000000000000e+02 2.278000000000000000e+03
-2.840000000000000000e+02 1.916000000000000000e+03 2.553600000000000000e+04 -4.688000000000000000e+03 -9.410000000000000000e+02 2.554000000000000000e+03
-4.800000000000000000e+02 2.408000000000000000e+03 2.207600000000000000e+04 -4.720000000000000000e+03 -8.220000000000000000e+02 1.939000000000000000e+03
9.000000000000000000e+02 2.232000000000000000e+03 1.982000000000000000e+04 -4.672000000000000000e+03 -6.910000000000000000e+02 2.167000000000000000e+03
3.680000000000000000e+02 2.308000000000000000e+03 1.734000000000000000e+04 -4.656000000000000000e+03 -5.970000000000000000e+02 1.535000000000000000e+03
1.240000000000000000e+02 2.488000000000000000e+03 1.668400000000000000e+04 -4.672000000000000000e+03 -3.170000000000000000e+02 1.095000000000000000e+03
2.120000000000000000e+02 2.432000000000000000e+03 1.530400000000000000e+04 -4.688000000000000000e+03 0.000000000000000000e+00 9.970000000000000000e+02
1.764000000000000000e+03 2.412000000000000000e+03 1.563200000000000000e+04 -4.672000000000000000e+03 1.130000000000000000e+02 1.089000000000000000e+03
1.852000000000000000e+03 2.256000000000000000e+03 1.580000000000000000e+04 -4.672000000000000000e+03 -2.270000000000000000e+02 4.890000000000000000e+02
2.520000000000000000e+03 2.408000000000000000e+03 1.644000000000000000e+04 -4.672000000000000000e+03 -6.790000000000000000e+02 2.770000000000000000e+02
2.972000000000000000e+03 2.428000000000000000e+03 1.732000000000000000e+04 -4.672000000000000000e+03 -4.150000000000000000e+02 -4.000000000000000000e+02
2.848000000000000000e+03 2.312000000000000000e+03 1.660400000000000000e+04 -4.688000000000000000e+03 -8.000000000000000000e+01 -3.720000000000000000e+02
2.924000000000000000e+03 2.284000000000000000e+03 1.600800000000000000e+04 -4.688000000000000000e+03 1.220000000000000000e+02 -4.160000000000000000e+02
2.540000000000000000e+03 2.204000000000000000e+03 1.451200000000000000e+04 -4.672000000000000000e+03 2.000000000000000000e+00 -1.235000000000000000e+03
3.188000000000000000e+03 2.492000000000000000e+03 1.118400000000000000e+04 -4.704000000000000000e+03 -1.340000000000000000e+02 -9.010000000000000000e+02
3.312000000000000000e+03 2.012000000000000000e+03 6.856000000000000000e+03 -4.672000000000000000e+03 -2.830000000000000000e+02 -1.214000000000000000e+03
3.488000000000000000e+03 1.672000000000000000e+03 4.184000000000000000e+03 -4.624000000000000000e+03 -5.700000000000000000e+01 -1.165000000000000000e+03
3.644000000000000000e+03 8.040000000000000000e+02 3.060000000000000000e+03 -4.672000000000000000e+03 5.400000000000000000e+01 -1.133000000000000000e+03
