-5.824000000000000000e+03 9.920000000000000000e+02 1.340800000000000000e+04 -4.784000000000000000e+03 -2.640000000000000000e+02 6.970000000000000000e+02
-5.664000000000000000e+03 1.120000000000000000e+03 1.342800000000000000e+04 -4.784000000000000000e+03 -3.210000000000000000e+02 1.023000000000000000e+03
-5.576000000000000000e+03 1.120000000000000000e+03 1.349600000000000000e+04 -4.816000000000000000e+03 -5.550000000000000000e+02 3.880000000000000000e+02
-5.668000000000000000e+03 1.228000000000000000e+03 1.365200000000000000e+04 -4.784000000000000000e+03 -6.070000000000000000e+02 5.170000000000000000e+02
-5.756000000000000000e+03 1.092000000000000000e+03 1.353600000000000000e+04 -4.784000000000000000e+03 -7.890000000000000000e+02 7.280000000000000000e+02
-5.648000000000000000e+03 1.060000000000000000e+03 1.338800000000000000e+04 -4.768000000000000000e+03 -9.050000000000000000e+02 -1.086000000000000000e+03
-5.732000000000000000e+03 1.032000000000000000e+03 1.357600000000000000e+04 -4.800000000000000000e+03 -9.230000000000000000e+02 -1.136000000000000000e+03
-5.660000000000000000e+03 8.480000000000000000e+02 1.336400000000000000e+04 -4.768000000000000000e+03 -5.310000000000000000e+02 -1.216000000000000000e+03
-5.856000000000000000e+03 9.760000000000000000e+02 1.384000000000000000e+04 -4.784000000000000000e+03 -7.880000000000000000e+02 -1.126000000000000000e+03
-5.752000000000000000e+03 1.112000000000000000e+03 1.378000000000000000e+04 -4.768000000000000000e+03 -6.780000000000000000e+02 -7.290000000000000000e+02
-5.612000000000000000e+03 1.180000000000000000e+03 1.358400000000000000e+04 -4.800000000000000000e+03 -8.010000000000000000e+02 -1.813000000000000000e+03
-5.632000000000000000e+03 1.224000000000000000e+03 1.359200000000000000e+04 -4.784000000000000000e+03 -5.940000000000000000e+02 -2.325000000000000000e+03
-5.652000000000000000e+03 1.140000000000000000e+03 1.368000000000000000e+04 -4.784000000000000000e+03 -5.590000000000000000e+02 -2.131000000000000000e+03
-5.652000000000000000e+03 1.040000000000000000e+03 1.392000000000000000e+04 -4.784000000000000000e+03 -7.300000000000000000e+02 -2.097000000000000000e+03
-5.656000000000000000e+03 1.220000000000000000e+03 1.369600000000000000e+04 -4.784000000000000000e+03 -4.180000000000000000e+02 -2.243000000000000000e+03
-5.500000000000000000e+03 9.160000000000000000e+02 1.354000000000000000e+04 -4.768000000000000000e+03 -4.140000000000000000e+02 -2.414000000000000000e+03
-5.632000000000000000e+03 1.044000000000000000e+03 1.394800000000000000e+04 -4.784000000000000000e+03 -4.430000000000000000e+02 -2.441000000000000000e+03
-5.592000000000000000e+03 1.152000000000000000e+03 1.480400000000000000e+04 -4.784000000000000000e+03 -3.440000000000000000e+02 -2.391000000000000000e+03
-5.592000000000000000e+03 1.340000000000000000e+03 1.422000000000000000e+04 -4.784000000000000000e+03 -3.420000000000000000e+02 -1.345000000000000000e+03
-5.652000000000000000e+03 1.216000000000000000e+03 1.286400000000000000e+04 -4.768000000000000000e+03 -3.800000000000000000e+01 -9.290000000000000000e+02
-5.672000000000000000e+03 1.368000000000000000e+03 1.102000000000000000e+04 -4.768000000000000000e+03 1.840000000000000000e+02 -8.550000000000000000e+02
-5.160000000000000000e+03 1.372000000000000000e+03 8.008000000000000000e+03 -4.768000000000000000e+03 1.300000000000000000e+02 -3.720000000000000000e+02
-5.032000000000000000e+03 1.168000000000000000e+03 5.576000000000000000e+03 -4.784000000000000000e+03 2.960000000000000000e+02 -4.600000000000000000e+01
-4.912000000000000000e+03 1.236000000000000000e+03 6.668000000000000000e+03 -4.784000000000000000e+03 2.920000000000000000e+02 4.660000000000000000e+02
-4.680000000000000000e+03 1.216000000000000000e+03 7.028000000000000000e+03 -4.784000000000000000e+03 -1.990000000000000000e+02 4.060000000000000000e+02
-4.788000000000000000e+03 1.228000000000000000e+03 6.668000000000000000e+03 -4.784000000000000000e+03 -6.320000000000000000e+02 5.960000000000000000e+02
-4.988000000000000000e+03 8.720000000000000000e+02 9.112000000000000000e+03 -4.768000000000000000e+03 -4.620000000000000000e+02 1.148000000000000000e+03
-5.104000000000000000e+03 6.320000000000000000e+02 1.095200000000000000e+04 -4.768000000000000000e+03 -4.150000000000000000e+02 1.427000000000000000e+03
-5.500000000000000000e+03 4.720000000000000000e+02 1.328400000000000000e+04 -4.768000000000000000e+03 -3.410000000000000000e+02 1.790000000000000000e+03
-6.204000000000000000e+03 1.960000000000000000e+02 1.218000000000000000e+04 -4.768000000000000000e+03 -1.580000000000000000e+02 1.860000000000000000e+03
-6.924000000000000000e+03 -3.600000000000000000e+01 1.336800000000000000e+04 -4.800000000000000000e+03 -2.000000000000000000e+02 1.985000000000000000e+03
-6.196000000000000000e+03 1.360000000000000000e+02 1.434800000000000000e+04 -4.768000000000000000e+03 5.700000000000000000e+01 1.924000000000000000e+03
-5.500000000000000000e+03 6.800000000000000000e+02 1.406000000000000000e+04 -4.784000000000000000e+03 -6.200000000000000000e+01 2.925000000000000000e+03
-4.576000000000000000e+03 6.840000000000000000e+02 1.405600000000000000e+04 -4.768000000000000000e+03 5.100000000000000000e+01 1.645000000000000000e+03
-3.972000000000000000e+03 2.664000000000000000e+03 1.375600000000000000e+04 -4.784000000000000000e+03 -2.100000000000000000e+01 1.721000000000000000e+03
-3.260000000000000000e+03 1.620000000000000000e+03 1.470800000000000000e+04 -4.800000000000000000e+03 -1.790000000000000000e+02 5.690000000000000000e+02
-1.232000000000000000e+03 1.040000000000000000e+03 1.746800000000000000e+04 -4.784000000000000000e+03 -1.420000000000000000e+02 1.952000000000000000e+03
-1.032000000000000000e+03 5.840000000000000000e+02 1.956800000000000000e+04 -4.784000000000000000e+03 -3.820000000000000000e+02 1.888000000000000000e+03
-7.080000000000000000e+02 6.000000000000000000e+02 2.360800000000000000e+04 -4.752000000000000000e+03 -3.600000000000000000e+02 9.760000000000000000e+02
-3.760000000000000000e+03 9.040000000000000000e+02 2.851200000000000000e+04 -4.784000000000000000e+03 -3.370000000000000000e+02 8.950000000000000000e+02
-6.416000000000000000e+03 5.880000000000000000e+02 3.166400000000000000e+04 -4.752000000000000000e+03 -2.650000000000000000e+02 2.256000000000000000e+03
-5.000000000000000000e+03 2.280000000000000000e+02 2.657200000000000000e+04 -4.784000000000000000e+03 -2.020000000000000000e+02 2.120000000000000000e+03
-5.028000000000000000e+03 7.560000000000000000e+02 2.118000000000000000e+04 -4.784000000000000000e+03 1.400000000000000000e+01 2.582000000000000000e+03
-4.396000000000000000e+03 1.324000000000000000e+03 1.753600000000000000e+04 -4.800000000000000000e+03 1.680000000000000000e+02 2.032000000000000000e+03
-4.740000000000000000e+03 1.992000000000000000e+03 1.578800000000000000e+04 -4.752000000000000000e+03 7.480000000000000000e+02 6.800000000000000000e+01
-6.264000000000000000e+03 1.048000000000000000e+03 1.501600000000000000e+04 -4.800000000000000000e+03 4.360000000000000000e+02 1.770000000000000000e+03
-5.952000000000000000e+03 1.416000000000000000e+03 1.451200000000000000e+04 -4.800000000000000000e+03 -5.410000000000000000e+02 1.194000000000000000e+03
