-3.732000000000000000e+03 1.576000000000000000e+03 1.401200000000000000e+04 -4.768000000000000000e+03 -2.160000000000000000e+02 8.600000000000000000e+02
-3.120000000000000000e+03 1.476000000000000000e+03 1.394800000000000000e+04 -4.768000000000000000e+03 -1.970000000000000000e+02 1.096000000000000000e+03
-3.108000000000000000e+03 1.616000000000000000e+03 1.388800000000000000e+04 -4.784000000000000000e+03 -1.730000000000000000e+02 1.445000000000000000e+03
-2.328000000000000000e+03 1.520000000000000000e+03 1.404800000000000000e+04 -4.784000000000000000e+03 -2.220000000000000000e+02 1.737000000000000000e+03
-2.648000000000000000e+03 1.392000000000000000e+03 1.448400000000000000e+04 -4.784000000000000000e+03 -1.810000000000000000e+02 2.022000000000000000e+03
-2.172000000000000000e+03 1.340000000000000000e+03 1.460000000000000000e+04 -4.752000000000000000e+03 -2.520000000000000000e+02 1.942000000000000000e+03
-2.616000000000000000e+03 1.256000000000000000e+03 1.410800000000000000e+04 -4.752000000000000000e+03 -1.740000000000000000e+02 1.727000000000000000e+03
-3.032000000000000000e+03 1.384000000000000000e+03 1.410400000000000000e+04 -4.736000000000000000e+03 -1.900000000000000000e+02 2.580000000000000000e+03
-2.768000000000000000e+03 1.204000000000000000e+03 1.400000000000000000e+04 -4.768000000000000000e+03 -2.750000000000000000e+02 2.931000000000000000e+03
-2.652000000000000000e+03 1.160000000000000000e+03 1.432800000000000000e+04 -4.752000000000000000e+03 -4.190000000000000000e+02 1.929000000000000000e+03
-3.068000000000000000e+03 1.120000000000000000e+03 1.412000000000000000e+04 -4.768000000000000000e+03 -6.960000000000000000e+02 1.531000000000000000e+03
-3.248000000000000000e+03 1.128000000000000000e+03 1.403200000000000000e+04 -4.752000000000000000e+03 -7.650000000000000000e+02 2.275000000000000000e+03
-3.540000000000000000e+03 1.052000000000000000e+03 1.397600000000000000e+04 -4.768000000000000000e+03 -4.660000000000000000e+02 2.037000000000000000e+03
-3.540000000000000000e+03 1.176000000000000000e+03 1.407600000000000000e+04 -4.768000000000000000e+03 -5.780000000000000000e+02 1.605000000000000000e+03
-3.656000000000000000e+03 1.164000000000000000e+03 1.411200000000000000e+04 -4.784000000000000000e+03 -6.170000000000000000e+02 1.093000000000000000e+03
-3.612000000000000000e+03 1.132000000000000000e+03 1.406400000000000000e+04 -4.784000000000000000e+03 -3.500000000000000000e+02 2.900000000000000000e+01
-3.868000000000000000e+03 1.072000000000000000e+03 1.358000000000000000e+04 -4.736000000000000000e+03 -3.320000000000000000e+02 7.300000000000000000e+01
-3.916000000000000000e+03 1.120000000000000000e+03 1.358800000000000000e+04 -4.752000000000000000e+03 -3.390000000000000000e+02 -3.510000000000000000e+02
-3.652000000000000000e+03 1.216000000000000000e+03 1.401600000000000000e+04 -4.752000000000000000e+03 -2.530000000000000000e+02 -8.310000000000000000e+02
-3.616000000000000000e+03 1.388000000000000000e+03 1.463200000000000000e+04 -4.736000000000000000e+03 -3.620000000000000000e+02 -1.186000000000000000e+03
-3.368000000000000000e+03 1.504000000000000000e+03 1.430800000000000000e+04 -4.736000000000000000e+03 -4.120000000000000000e+02 -1.290000000000000000e+03
-3.400000000000000000e+03 1.396000000000000000e+03 1.274800000000000000e+04 -4.720000000000000000e+03 -3.400000000000000000e+02 -1.601000000000000000e+03
-3.256000000000000000e+03 1.408000000000000000e+03 9.160000000000000000e+03 -4.736000000000000000e+03 -3.660000000000000000e+02 -1.183000000000000000e+03
-3.436000000000000000e+03 1.588000000000000000e+03 6.672000000000000000e+03 -4.752000000000000000e+03 -2.000000000000000000e+02 -1.059000000000000000e+03
-3.228000000000000000e+03 1.808000000000000000e+03 8.440000000000000000e+03 -4.768000000000000000e+03 -1.580000000000000000e+02 -5.930000000000000000e+02
-3.300000000000000000e+03 1.592000000000000000e+03 7.216000000000000000e+03 -4.768000000000000000e+03 -6.300000000000000000e+01 -4.700000000000000000e+01
-3.480000000000000000e+03 1.180000000000000000e+03 8.420000000000000000e+03 -4.768000000000000000e+03 3.400000000000000000e+01 3.850000000000000000e+02
-3.384000000000000000e+03 8.440000000000000000e+02 9.160000000000000000e+03 -4.736000000000000000e+03 1.320000000000000000e+02 5.390000000000000000e+02
-3.128000000000000000e+03 6.480000000000000000e+02 9.964000000000000000e+03 -4.784000000000000000e+03 1.830000000000000000e+02 5.800000000000000000e+02
-3.264000000000000000e+03 3.200000000000000000e+02 1.274400000000000000e+04 -4.768000000000000000e+03 3.340000000000000000e+02 6.900000000000000000e+02
-3.624000000000000000e+03 -2.280000000000000000e+02 1.461200000000000000e+04 -4.768000000000000000e+03 3.540000000000000000e+02 9.580000000000000000e+02
-3.800000000000000000e+03 -6.720000000000000000e+02 1.493600000000000000e+04 -4.800000000000000000e+03 2.540000000000000000e+02 8.680000000000000000e+02
-3.984000000000000000e+03 -9.200000000000000000e+01 1.478400000000000000e+04 -4.768000000000000000e+03 -1.580000000000000000e+02 9.150000000000000000e+02
-4.036000000000000000e+03 3.200000000000000000e+02 1.408800000000000000e+04 -4.768000000000000000e+03 -4.930000000000000000e+02 7.360000000000000000e+02
-3.736000000000000000e+03 1.356000000000000000e+03 1.386400000000000000e+04 -4.800000000000000000e+03 -5.510000000000000000e+02 6.700000000000000000e+02
-2.348000000000000000e+03 1.664000000000000000e+03 1.413200000000000000e+04 -4.736000000000000000e+03 -4.790000000000000000e+02 2.120000000000000000e+02
-2.456000000000000000e+03 1.332000000000000000e+03 1.410400000000000000e+04 -4.752000000000000000e+03 -5.340000000000000000e+02 1.570000000000000000e+02
-3.492000000000000000e+03 1.624000000000000000e+03 1.426400000000000000e+04 -4.752000000000000000e+03 -6.000000000000000000e+02 -1.900000000000000000e+01
-3.532000000000000000e+03 1.392000000000000000e+03 1.470800000000000000e+04 -4.768000000000000000e+03 -5.810000000000000000e+02 1.340000000000000000e+02
-3.196000000000000000e+03 1.644000000000000000e+03 1.580000000000000000e+04 -4.752000000000000000e+03 -4.660000000000000000e+02 2.510000000000000000e+02
-2.896000000000000000e+03 1.700000000000000000e+03 1.871600000000000000e+04 -4.752000000000000000e+03 -5.150000000000000000e+02 4.100000000000000000e+02
-4.096000000000000000e+03 1.792000000000000000e+03 2.180000000000000000e+04 -4.768000000000000000e+03 -3.740000000000000000e+02 5.940000000000000000e+02
-5.072000000000000000e+03 1.612000000000000000e+03 2.676000000000000000e+04 -4.752000000000000000e+03 -3.390000000000000000e+02 8.570000000000000000e+02
-5.380000000000000000e+03 1.576000000000000000e+03 2.836800000000000000e+04 -4.768000000000000000e+03 -2.520000000000000000e+02 6.170000000000000000e+02
-4.884000000000000000e+03 1.392000000000000000e+03 2.525200000000000000e+04 -4.784000000000000000e+03 -3.380000000000000000e+02 2.890000000000000000e+02
-5.068000000000000000e+03 1.000000000000000000e+03 2.070400000000000000e+04 -4.752000000000000000e+03 -3.430000000000000000e+02 2.616000000000000000e+03
-5.060000000000000000e+03 1.140000000000000000e+03 1.730800000000000000e+04 -4.736000000000000000e+03 -4.770000000000000000e+02 -1.012000000000000000e+03
-4.720000000000000000e+03 1.236000000000000000e+03 1.634000000000000000e+04 -4.784000000000000000e+03 -6.680000000000000000e+02 1.233000000000000000e+03
-4.788000000000000000e+03 1.344000000000000000e+03 1.500800000000000000e+04 -4.768000000000000000e+03 -7.630000000000000000e+02 2.970000000000000000e+02
-5.304000000000000000e+03 1.740000000000000000e+03 1.385200000000000000e+04 -4.784000000000000000e+03 -6.150000000000000000e+02 -9.100000000000000000e+01
-5.292000000000000000e+03 2.392000000000000000e+03 1.361600000000000000e+04 -4.752000000000000000e+03 -4.410000000000000000e+02 -5.600000000000000000e+01
-5.672000000000000000e+03 2.092000000000000000e+03 1.396800000000000000e+04 -4.768000000000000000e+03 -5.390000000000000000e+02 -1.350000000000000000e+02
-6.152000000000000000e+03 1.500000000000000000e+03 1.448800000000000000e+04 -4.784000000000000000e+03 8.800000000000000000e+01 -3.570000000000000000e+02
-6.668000000000000000e+03 1.664000000000000000e+03 1.465200000000000000e+04 -4.800000000000000000e+03 2.970000000000000000e+02 9.000000000000000000e+00
-8.828000000000000000e+03 1.964000000000000000e+03 1.540000000000000000e+04 -4.784000000000000000e+03 3.790000000000000000e+02 1.130000000000000000e+03
-1.056800000000000000e+04 1.936000000000000000e+03 1.602400000000000000e+04 -4.784000000000000000e+03 -3.090000000000000000e+02 -1.960000000000000000e+02
