-8.064000000000000000e+03 -4.672000000000000000e+03 1.189200000000000000e+04 -4.688000000000000000e+03 -6.010000000000000000e+02 8.040000000000000000e+02
1.192000000000000000e+04 2.068000000000000000e+03 1.218000000000000000e+04 -4.720000000000000000e+03 -5.330000000000000000e+02 6.210000000000000000e+02
-8.180000000000000000e+03 1.972000000000000000e+03 1.222000000000000000e+04 -4.704000000000000000e+03 -4.830000000000000000e+02 3.760000000000000000e+02
-8.192000000000000000e+03 2.156000000000000000e+03 1.175600000000000000e+04 -4.720000000000000000e+03 -4.320000000000000000e+02 2.060000000000000000e+02
-8.176000000000000000e+03 1.872000000000000000e+03 1.150800000000000000e+04 -4.736000000000000000e+03 -3.410000000000000000e+02 4.700000000000000000e+01
-8.092000000000000000e+03 1.788000000000000000e+03 1.150000000000000000e+04 -4.720000000000000000e+03 -2.770000000000000000e+02 3.400000000000000000e+01
-8.176000000000000000e+03 1.652000000000000000e+03 1.162800000000000000e+04 -4.720000000000000000e+03 -2.800000000000000000e+02 1.090000000000000000e+02
-8.192000000000000000e+03 1.568000000000000000e+03 1.190400000000000000e+04 -4.704000000000000000e+03 -2.290000000000000000e+02 1.110000000000000000e+02
-8.340000000000000000e+03 1.596000000000000000e+03 1.176000000000000000e+04 -4.736000000000000000e+03 -2.200000000000000000e+02 1.910000000000000000e+02
-8.472000000000000000e+03 1.500000000000000000e+03 1.173200000000000000e+04 -4.736000000000000000e+03 -2.110000000000000000e+02 3.840000000000000000e+02
-8.476000000000000000e+03 1.568000000000000000e+03 1.178400000000000000e+04 -4.704000000000000000e+03 -2.280000000000000000e+02 6.850000000000000000e+02
-8.476000000000000000e+03 1.588000000000000000e+03 1.204800000000000000e+04 -4.720000000000000000e+03 -2.380000000000000000e+02 8.970000000000000000e+02
-8.260000000000000000e+03 1.636000000000000000e+03 1.195200000000000000e+04 -4.736000000000000000e+03 -2.730000000000000000e+02 1.011000000000000000e+03
-8.096000000000000000e+03 1.484000000000000000e+03 1.199200000000000000e+04 -4.720000000000000000e+03 -2.790000000000000000e+02 9.940000000000000000e+02
-8.148000000000000000e+03 1.412000000000000000e+03 1.206400000000000000e+04 -4.704000000000000000e+03 -2.980000000000000000e+02 9.220000000000000000e+02
-8.120000000000000000e+03 1.476000000000000000e+03 1.198400000000000000e+04 -4.704000000000000000e+03 -3.120000000000000000e+02 8.120000000000000000e+02
-8.180000000000000000e+03 1.524000000000000000e+03 1.192800000000000000e+04 -4.720000000000000000e+03 -3.380000000000000000e+02 6.990000000000000000e+02
-8.116000000000000000e+03 1.536000000000000000e+03 1.163200000000000000e+04 -4.688000000000000000e+03 -3.200000000000000000e+02 5.920000000000000000e+02
-7.976000000000000000e+03 1.644000000000000000e+03 1.188800000000000000e+04 -4.704000000000000000e+03 -3.520000000000000000e+02 4.840000000000000000e+02
-8.056000000000000000e+03 1.756000000000000000e+03 1.176400000000000000e+04 -4.720000000000000000e+03 -3.500000000000000000e+02 4.320000000000000000e+02
-8.272000000000000000e+03 1.664000000000000000e+03 1.174800000000000000e+04 -4.720000000000000000e+03 -3.460000000000000000e+02 3.660000000000000000e+02
-8.500000000000000000e+03 1.548000000000000000e+03 1.184400000000000000e+04 -4.720000000000000000e+03 -3.540000000000000000e+02 4.320000000000000000e+02
-8.524000000000000000e+03 1.548000000000000000e+03 1.174400000000000000e+04 -4.688000000000000000e+03 -3.330000000000000000e+02 4.820000000000000000e+02
-8.752000000000000000e+03 1.480000000000000000e+03 1.193600000000000000e+04 -4.704000000000000000e+03 -3.740000000000000000e+02 3.280000000000000000e+02
-8.756000000000000000e+03 1.656000000000000000e+03 1.199200000000000000e+04 -4.720000000000000000e+03 -3.790000000000000000e+02 3.900000000000000000e+01
-8.780000000000000000e+03 1.456000000000000000e+03 1.182400000000000000e+04 -4.688000000000000000e+03 -3.850000000000000000e+02 -1.040000000000000000e+02
-9.100000000000000000e+03 1.448000000000000000e+03 1.174800000000000000e+04 -4.752000000000000000e+03 -3.190000000000000000e+02 1.580000000000000000e+02
-9.116000000000000000e+03 1.276000000000000000e+03 1.165600000000000000e+04 -4.720000000000000000e+03 -3.090000000000000000e+02 9.600000000000000000e+01
-9.064000000000000000e+03 1.336000000000000000e+03 1.164400000000000000e+04 -4.688000000000000000e+03 -3.410000000000000000e+02 -6.400000000000000000e+01
-9.124000000000000000e+03 1.384000000000000000e+03 1.196800000000000000e+04 -4.720000000000000000e+03 -4.060000000000000000e+02 -2.180000000000000000e+02
-9.356000000000000000e+03 1.488000000000000000e+03 1.156400000000000000e+04 -4.720000000000000000e+03 -3.770000000000000000e+02 -5.130000000000000000e+02
-9.704000000000000000e+03 1.304000000000000000e+03 1.080800000000000000e+04 -4.688000000000000000e+03 0.000000000000000000e+00 -2.670000000000000000e+03
-9.368000000000000000e+03 1.176000000000000000e+03 1.003600000000000000e+04 -4.704000000000000000e+03 5.600000000000000000e+01 1.466000000000000000e+03
-8.876000000000000000e+03 1.068000000000000000e+03 9.920000000000000000e+03 -4.704000000000000000e+03 -1.090000000000000000e+02 -1.903000000000000000e+03
-8.760000000000000000e+03 1.292000000000000000e+03 8.984000000000000000e+03 -4.720000000000000000e+03 4.000000000000000000e+00 -1.047000000000000000e+03
-9.112000000000000000e+03 1.100000000000000000e+03 6.740000000000000000e+03 -4.720000000000000000e+03 -1.180000000000000000e+02 -1.395000000000000000e+03
-9.124000000000000000e+03 9.680000000000000000e+02 3.468000000000000000e+03 -4.704000000000000000e+03 -1.770000000000000000e+02 -1.786000000000000000e+03
-7.460000000000000000e+03 5.000000000000000000e+02 2.920000000000000000e+03 -4.672000000000000000e+03 -1.910000000000000000e+02 -2.171000000000000000e+03
-4.696000000000000000e+03 2.120000000000000000e+02 6.304000000000000000e+03 -4.704000000000000000e+03 -2.620000000000000000e+02 -2.371000000000000000e+03
-2.832000000000000000e+03 3.400000000000000000e+02 6.484000000000000000e+03 -4.720000000000000000e+03 -2.430000000000000000e+02 -2.076000000000000000e+03
-4.288000000000000000e+03 -1.880000000000000000e+02 7.480000000000000000e+03 -4.704000000000000000e+03 -2.630000000000000000e+02 -2.208000000000000000e+03
-4.916000000000000000e+03 6.160000000000000000e+02 9.880000000000000000e+03 -4.704000000000000000e+03 -2.870000000000000000e+02 -2.154000000000000000e+03
-5.032000000000000000e+03 1.216000000000000000e+03 1.112800000000000000e+04 -4.720000000000000000e+03 -1.440000000000000000e+02 -1.697000000000000000e+03
-6.220000000000000000e+03 1.544000000000000000e+03 1.242400000000000000e+04 -4.688000000000000000e+03 -1.480000000000000000e+02 -1.310000000000000000e+03
-7.744000000000000000e+03 1.824000000000000000e+03 1.236400000000000000e+04 -4.704000000000000000e+03 -6.100000000000000000e+01 -8.140000000000000000e+02
-8.152000000000000000e+03 1.648000000000000000e+03 1.321600000000000000e+04 -4.720000000000000000e+03 -1.200000000000000000e+01 -2.890000000000000000e+02
-7.880000000000000000e+03 1.572000000000000000e+03 1.400800000000000000e+04 -4.704000000000000000e+03 -6.500000000000000000e+01 4.360000000000000000e+02
-7.796000000000000000e+03 1.648000000000000000e+03 1.414400000000000000e+04 -4.720000000000000000e+03 -1.840000000000000000e+02 1.033000000000000000e+03
-9.016000000000000000e+03 1.812000000000000000e+03 1.400000000000000000e+04 -4.736000000000000000e+03 -3.660000000000000000e+02 1.626000000000000000e+03
-8.936000000000000000e+03 1.564000000000000000e+03 1.754800000000000000e+04 -4.704000000000000000e+03 -2.420000000000000000e+02 1.326000000000000000e+03
-9.128000000000000000e+03 2.040000000000000000e+03 1.933200000000000000e+04 -4.672000000000000000e+03 -9.300000000000000000e+01 1.807000000000000000e+03
-9.556000000000000000e+03 2.184000000000000000e+03 2.181600000000000000e+04 -4.720000000000000000e+03 -5.700000000000000000e+01 1.356000000000000000e+03
-1.000000000000000000e+04 1.908000000000000000e+03 2.409200000000000000e+04 -4.736000000000000000e+03 1.280000000000000000e+02 9.350000000000000000e+02
-1.106800000000000000e+04 2.224000000000000000e+03 2.420400000000000000e+04 -4.720000000000000000e+03 1.710000000000000000e+02 5.650000000000000000e+02
-1.132400000000000000e+04 2.720000000000000000e+03 2.202000000000000000e+04 -4.720000000000000000e+03 2.050000000000000000e+02 3.360000000000000000e+02
-1.158000000000000000e+04 2.272000000000000000e+03 1.854800000000000000e+04 -4.720000000000000000e+03 2.410000000000000000e+02 1.600000000000000000e+01
-1.241200000000000000e+04 1.884000000000000000e+03 1.750000000000000000e+04 -4.720000000000000000e+03 4.900000000000000000e+02 -7.300000000000000000e+01
-1.081600000000000000e+04 1.800000000000000000e+03 1.478400000000000000e+04 -4.672000000000000000e+03 4.220000000000000000e+02 -4.570000000000000000e+02
-9.704000000000000000e+03 1.280000000000000000e+03 1.475600000000000000e+04 -4.704000000000000000e+03 4.590000000000000000e+02 -1.059000000000000000e+03
-7.352000000000000000e+03 9.800000000000000000e+02 1.442800000000000000e+04 -4.704000000000000000e+03 5.060000000000000000e+02 -7.150000000000000000e+02
-7.672000000000000000e+03 8.720000000000000000e+02 1.389200000000000000e+04 -4.736000000000000000e+03 3.080000000000000000e+02 -6.080000000000000000e+02
-8.052000000000000000e+03 1.084000000000000000e+03 1.190400000000000000e+04 -4.720000000000000000e+03 3.120000000000000000e+02 4.740000000000000000e+02
-7.896000000000000000e+03 1.028000000000000000e+03 1.226000000000000000e+04 -4.736000000000000000e+03 -1.720000000000000000e+02 -1.070000000000000000e+02
-7.408000000000000000e+03 1.208000000000000000e+03 1.329200000000000000e+04 -4.752000000000000000e+03 -2.390000000000000000e+02 7.300000000000000000e+01
-7.780000000000000000e+03 1.684000000000000000e+03 1.286400000000000000e+04 -4.704000000000000000e+03 -2.430000000000000000e+02 4.820000000000000000e+02
-8.344000000000000000e+03 2.172000000000000000e+03 1.417600000000000000e+04 -4.688000000000000000e+03 -1.910000000000000000e+02 1.028000000000000000e+03
-7.124000000000000000e+03 2.404000000000000000e+03 1.410000000000000000e+04 -4.736000000000000000e+03 -1.080000000000000000e+02 2.200000000000000000e+01
-6.444000000000000000e+03 2.296000000000000000e+03 1.384400000000000000e+04 -4.752000000000000000e+03 8.900000000000000000e+01 3.730000000000000000e+02
-5.808000000000000000e+03 2.172000000000000000e+03 1.298000000000000000e+04 -4.704000000000000000e+03 1.520000000000000000e+02 1.180000000000000000e+02
-5.664000000000000000e+03 2.188000000000000000e+03 7.236000000000000000e+03 -4.720000000000000000e+03 -1.120000000000000000e+02 -2.780000000000000000e+02
-5.716000000000000000e+03 1.040000000000000000e+03 3.320000000000000000e+03 -4.720000000000000000e+03 -5.780000000000000000e+02 2.200000000000000000e+01
-3.188000000000000000e+03 4.280000000000000000e+02 1.192000000000000000e+03 -4.720000000000000000e+03 -5.890000000000000000e+02 -1.152000000000000000e+03
-2.092000000000000000e+03 2.400000000000000000e+02 2.240000000000000000e+03 -4.720000000000000000e+03 -3.160000000000000000e+02 -5.830000000000000000e+02
-1.892000000000000000e+03 7.200000000000000000e+01 4.792000000000000000e+03 -4.736000000000000000e+03 -2.100000000000000000e+02 -7.770000000000000000e+02
-3.592000000000000000e+03 3.200000000000000000e+02 1.024400000000000000e+04 -4.688000000000000000e+03 -1.460000000000000000e+02 -9.230000000000000000e+02
-5.100000000000000000e+03 1.048000000000000000e+03 1.574400000000000000e+04 -4.720000000000000000e+03 -3.070000000000000000e+02 -1.008000000000000000e+03
