3.476000000000000000e+03 2.732000000000000000e+03 1.334800000000000000e+04 -4.736000000000000000e+03 -3.740000000000000000e+02 8.270000000000000000e+02
3.396000000000000000e+03 2.380000000000000000e+03 1.382000000000000000e+04 -4.736000000000000000e+03 -4.130000000000000000e+02 5.320000000000000000e+02
3.560000000000000000e+03 1.940000000000000000e+03 1.515200000000000000e+04 -4.688000000000000000e+03 -2.840000000000000000e+02 3.920000000000000000e+02
2.748000000000000000e+03 1.588000000000000000e+03 1.525600000000000000e+04 -4.720000000000000000e+03 -1.870000000000000000e+02 2.570000000000000000e+02
2.792000000000000000e+03 1.600000000000000000e+03 1.556800000000000000e+04 -4.720000000000000000e+03 -1.960000000000000000e+02 2.630000000000000000e+02
2.552000000000000000e+03 1.656000000000000000e+03 1.425200000000000000e+04 -4.720000000000000000e+03 -1.710000000000000000e+02 6.200000000000000000e+01
3.092000000000000000e+03 1.372000000000000000e+03 1.366000000000000000e+04 -4.768000000000000000e+03 -1.700000000000000000e+02 8.000000000000000000e+01
2.860000000000000000e+03 1.884000000000000000e+03 1.418800000000000000e+04 -4.752000000000000000e+03 -2.460000000000000000e+02 -6.400000000000000000e+01
2.064000000000000000e+03 1.928000000000000000e+03 1.453600000000000000e+04 -4.688000000000000000e+03 -2.520000000000000000e+02 -1.560000000000000000e+02
2.032000000000000000e+03 1.864000000000000000e+03 1.494000000000000000e+04 -4.720000000000000000e+03 -2.120000000000000000e+02 -1.920000000000000000e+02
1.956000000000000000e+03 1.840000000000000000e+03 1.548400000000000000e+04 -4.736000000000000000e+03 -2.580000000000000000e+02 -4.270000000000000000e+02
2.068000000000000000e+03 1.864000000000000000e+03 1.553200000000000000e+04 -4.720000000000000000e+03 -2.750000000000000000e+02 -5.110000000000000000e+02
1.844000000000000000e+03 1.960000000000000000e+03 1.448000000000000000e+04 -4.736000000000000000e+03 -3.200000000000000000e+02 -5.320000000000000000e+02
1.656000000000000000e+03 2.152000000000000000e+03 1.428400000000000000e+04 -4.720000000000000000e+03 -3.530000000000000000e+02 -6.270000000000000000e+02
1.780000000000000000e+03 2.176000000000000000e+03 1.446000000000000000e+04 -4.704000000000000000e+03 -4.020000000000000000e+02 -7.310000000000000000e+02
2.000000000000000000e+03 2.064000000000000000e+03 1.462000000000000000e+04 -4.720000000000000000e+03 -4.200000000000000000e+02 -7.390000000000000000e+02
1.804000000000000000e+03 2.100000000000000000e+03 1.501600000000000000e+04 -4.688000000000000000e+03 -4.370000000000000000e+02 -5.440000000000000000e+02
1.840000000000000000e+03 2.376000000000000000e+03 1.476800000000000000e+04 -4.736000000000000000e+03 -4.340000000000000000e+02 -2.380000000000000000e+02
1.796000000000000000e+03 2.292000000000000000e+03 1.460800000000000000e+04 -4.720000000000000000e+03 -4.280000000000000000e+02 4.100000000000000000e+01
1.916000000000000000e+03 2.468000000000000000e+03 1.457200000000000000e+04 -4.704000000000000000e+03 -6.170000000000000000e+02 1.050000000000000000e+02
1.760000000000000000e+03 2.444000000000000000e+03 1.457200000000000000e+04 -4.720000000000000000e+03 -6.690000000000000000e+02 1.150000000000000000e+02
1.912000000000000000e+03 2.404000000000000000e+03 1.472800000000000000e+04 -4.752000000000000000e+03 -6.450000000000000000e+02 6.280000000000000000e+02
2.064000000000000000e+03 2.308000000000000000e+03 1.527600000000000000e+04 -4.736000000000000000e+03 -6.710000000000000000e+02 1.185000000000000000e+03
1.904000000000000000e+03 2.256000000000000000e+03 1.558400000000000000e+04 -4.704000000000000000e+03 -7.170000000000000000e+02 1.027000000000000000e+03
2.152000000000000000e+03 2.304000000000000000e+03 1.457600000000000000e+04 -4.736000000000000000e+03 -6.910000000000000000e+02 1.303000000000000000e+03
2.288000000000000000e+03 2.572000000000000000e+03 1.452000000000000000e+04 -4.736000000000000000e+03 -6.180000000000000000e+02 1.639000000000000000e+03
2.348000000000000000e+03 2.192000000000000000e+03 1.405600000000000000e+04 -4.720000000000000000e+03 -6.860000000000000000e+02 1.829000000000000000e+03
3.380000000000000000e+03 1.832000000000000000e+03 1.308400000000000000e+04 -4.720000000000000000e+03 -9.440000000000000000e+02 1.684000000000000000e+03
2.776000000000000000e+03 1.644000000000000000e+03 1.281600000000000000e+04 -4.704000000000000000e+03 -1.141000000000000000e+03 2.155000000000000000e+03
1.780000000000000000e+03 1.992000000000000000e+03 1.386400000000000000e+04 -4.736000000000000000e+03 -8.400000000000000000e+02 1.561000000000000000e+03
9.280000000000000000e+02 2.024000000000000000e+03 1.434800000000000000e+04 -4.752000000000000000e+03 -7.560000000000000000e+02 2.051000000000000000e+03
2.060000000000000000e+03 1.772000000000000000e+03 1.411200000000000000e+04 -4.688000000000000000e+03 -8.540000000000000000e+02 1.519000000000000000e+03
2.252000000000000000e+03 1.688000000000000000e+03 9.816000000000000000e+03 -4.704000000000000000e+03 -7.630000000000000000e+02 1.354000000000000000e+03
2.344000000000000000e+03 1.844000000000000000e+03 7.144000000000000000e+03 -4.704000000000000000e+03 -6.700000000000000000e+02 1.311000000000000000e+03
1.724000000000000000e+03 1.876000000000000000e+03 8.252000000000000000e+03 -4.720000000000000000e+03 -6.490000000000000000e+02 9.140000000000000000e+02
1.692000000000000000e+03 9.640000000000000000e+02 9.276000000000000000e+03 -4.736000000000000000e+03 -5.120000000000000000e+02 2.560000000000000000e+02
1.900000000000000000e+03 2.160000000000000000e+02 7.192000000000000000e+03 -4.720000000000000000e+03 -6.090000000000000000e+02 -5.200000000000000000e+01
5.520000000000000000e+02 9.760000000000000000e+02 9.132000000000000000e+03 -4.720000000000000000e+03 -6.130000000000000000e+02 -3.250000000000000000e+02
4.840000000000000000e+02 8.960000000000000000e+02 1.042000000000000000e+04 -4.736000000000000000e+03 -5.030000000000000000e+02 -1.010000000000000000e+03
1.452000000000000000e+03 8.720000000000000000e+02 1.213200000000000000e+04 -4.672000000000000000e+03 -5.020000000000000000e+02 -1.173000000000000000e+03
4.480000000000000000e+02 1.288000000000000000e+03 1.436800000000000000e+04 -4.720000000000000000e+03 -5.480000000000000000e+02 -1.543000000000000000e+03
1.648000000000000000e+03 1.228000000000000000e+03 1.473600000000000000e+04 -4.704000000000000000e+03 -4.110000000000000000e+02 -2.247000000000000000e+03
1.932000000000000000e+03 1.320000000000000000e+03 1.524800000000000000e+04 -4.688000000000000000e+03 -4.400000000000000000e+02 -2.333000000000000000e+03
9.880000000000000000e+02 1.852000000000000000e+03 1.660800000000000000e+04 -4.704000000000000000e+03 -2.130000000000000000e+02 -2.780000000000000000e+03
8.760000000000000000e+02 1.724000000000000000e+03 1.612000000000000000e+04 -4.736000000000000000e+03 -2.010000000000000000e+02 -2.912000000000000000e+03
8.600000000000000000e+02 1.604000000000000000e+03 1.631200000000000000e+04 -4.720000000000000000e+03 8.100000000000000000e+01 -3.377000000000000000e+03
8.520000000000000000e+02 1.648000000000000000e+03 1.562800000000000000e+04 -4.736000000000000000e+03 1.770000000000000000e+02 -3.032000000000000000e+03
1.072000000000000000e+03 1.400000000000000000e+03 1.570400000000000000e+04 -4.720000000000000000e+03 3.430000000000000000e+02 -2.952000000000000000e+03
1.384000000000000000e+03 1.660000000000000000e+03 1.554800000000000000e+04 -4.736000000000000000e+03 4.060000000000000000e+02 -2.838000000000000000e+03
9.520000000000000000e+02 1.564000000000000000e+03 1.748400000000000000e+04 -4.736000000000000000e+03 3.000000000000000000e+00 -2.524000000000000000e+03
1.852000000000000000e+03 1.712000000000000000e+03 1.914800000000000000e+04 -4.720000000000000000e+03 -2.310000000000000000e+02 -2.187000000000000000e+03
9.840000000000000000e+02 1.452000000000000000e+03 2.324400000000000000e+04 -4.720000000000000000e+03 -2.010000000000000000e+02 -1.726000000000000000e+03
1.620000000000000000e+03 1.768000000000000000e+03 2.666400000000000000e+04 -4.704000000000000000e+03 -4.900000000000000000e+01 -1.353000000000000000e+03
1.660000000000000000e+03 1.392000000000000000e+03 2.982000000000000000e+04 -4.736000000000000000e+03 1.900000000000000000e+01 -1.145000000000000000e+03
2.676000000000000000e+03 1.936000000000000000e+03 2.622800000000000000e+04 -4.736000000000000000e+03 1.500000000000000000e+01 -9.320000000000000000e+02
2.324000000000000000e+03 2.168000000000000000e+03 2.106400000000000000e+04 -4.736000000000000000e+03 1.500000000000000000e+01 -5.620000000000000000e+02
3.536000000000000000e+03 2.364000000000000000e+03 1.756400000000000000e+04 -4.736000000000000000e+03 3.600000000000000000e+01 -2.210000000000000000e+02
4.572000000000000000e+03 2.088000000000000000e+03 1.590800000000000000e+04 -4.720000000000000000e+03 5.100000000000000000e+01 7.900000000000000000e+01
4.384000000000000000e+03 1.992000000000000000e+03 1.556000000000000000e+04 -4.688000000000000000e+03 -1.200000000000000000e+01 4.170000000000000000e+02
4.532000000000000000e+03 1.816000000000000000e+03 1.520800000000000000e+04 -4.752000000000000000e+03 -2.500000000000000000e+01 7.130000000000000000e+02
4.956000000000000000e+03 1.664000000000000000e+03 1.514400000000000000e+04 -4.736000000000000000e+03 -1.100000000000000000e+02 9.330000000000000000e+02
5.144000000000000000e+03 1.504000000000000000e+03 1.537200000000000000e+04 -4.752000000000000000e+03 -2.110000000000000000e+02 1.416000000000000000e+03
5.120000000000000000e+03 1.360000000000000000e+03 1.564000000000000000e+04 -4.720000000000000000e+03 -4.310000000000000000e+02 1.460000000000000000e+03
4.836000000000000000e+03 1.536000000000000000e+03 1.623600000000000000e+04 -4.704000000000000000e+03 -5.400000000000000000e+02 1.003000000000000000e+03
4.604000000000000000e+03 1.980000000000000000e+03 1.610000000000000000e+04 -4.720000000000000000e+03 -6.250000000000000000e+02 1.317000000000000000e+03
4.444000000000000000e+03 2.084000000000000000e+03 1.578800000000000000e+04 -4.720000000000000000e+03 -6.150000000000000000e+02 2.830000000000000000e+03
5.260000000000000000e+03 2.328000000000000000e+03 1.424800000000000000e+04 -4.720000000000000000e+03 -6.100000000000000000e+02 1.518000000000000000e+03
5.116000000000000000e+03 2.320000000000000000e+03 1.159200000000000000e+04 -4.720000000000000000e+03 -6.110000000000000000e+02 1.060000000000000000e+03
5.220000000000000000e+03 2.344000000000000000e+03 9.184000000000000000e+03 -4.688000000000000000e+03 -2.050000000000000000e+02 1.604000000000000000e+03
5.520000000000000000e+03 2.300000000000000000e+03 6.688000000000000000e+03 -4.736000000000000000e+03 -4.300000000000000000e+01 1.077000000000000000e+03
5.864000000000000000e+03 1.932000000000000000e+03 3.028000000000000000e+03 -4.736000000000000000e+03 1.420000000000000000e+02 7.090000000000000000e+02
6.124000000000000000e+03 1.356000000000000000e+03 2.092000000000000000e+03 -4.736000000000000000e+03 5.800000000000000000e+01 2.870000000000000000e+02
5.488000000000000000e+03 8.200000000000000000e+02 6.692000000000000000e+03 -4.752000000000000000e+03 -4.410000000000000000e+02 6.370000000000000000e+02
4.356000000000000000e+03 2.520000000000000000e+02 8.016000000000000000e+03 -4.736000000000000000e+03 -2.950000000000000000e+02 6.960000000000000000e+02
