6.120000000000000000e+02 1.724000000000000000e+03 1.481200000000000000e+04 -4.688000000000000000e+03 -8.300000000000000000e+02 2.608000000000000000e+03
6.160000000000000000e+02 1.784000000000000000e+03 1.499200000000000000e+04 -4.704000000000000000e+03 -9.590000000000000000e+02 2.887000000000000000e+03
1.056000000000000000e+03 1.760000000000000000e+03 1.458800000000000000e+04 -4.672000000000000000e+03 -9.930000000000000000e+02 2.817000000000000000e+03
1.092000000000000000e+03 1.704000000000000000e+03 1.450800000000000000e+04 -4.672000000000000000e+03 -7.720000000000000000e+02 2.407000000000000000e+03
7.920000000000000000e+02 1.708000000000000000e+03 1.437200000000000000e+04 -4.688000000000000000e+03 -8.530000000000000000e+02 2.262000000000000000e+03
6.480000000000000000e+02 1.864000000000000000e+03 1.478800000000000000e+04 -4.688000000000000000e+03 -7.160000000000000000e+02 2.065000000000000000e+03
8.880000000000000000e+02 1.452000000000000000e+03 1.484800000000000000e+04 -4.704000000000000000e+03 -7.390000000000000000e+02 1.681000000000000000e+03
6.400000000000000000e+02 1.520000000000000000e+03 1.511200000000000000e+04 -4.688000000000000000e+03 -8.510000000000000000e+02 1.107000000000000000e+03
6.640000000000000000e+02 1.620000000000000000e+03 1.480400000000000000e+04 -4.688000000000000000e+03 -6.850000000000000000e+02 7.760000000000000000e+02
5.920000000000000000e+02 1.640000000000000000e+03 1.446000000000000000e+04 -4.704000000000000000e+03 -7.790000000000000000e+02 2.660000000000000000e+02
5.920000000000000000e+02 1.592000000000000000e+03 1.466800000000000000e+04 -4.688000000000000000e+03 -6.760000000000000000e+02 -2.950000000000000000e+02
4.000000000000000000e+02 1.560000000000000000e+03 1.522000000000000000e+04 -4.688000000000000000e+03 -8.360000000000000000e+02 -7.090000000000000000e+02
4.520000000000000000e+02 1.592000000000000000e+03 1.496800000000000000e+04 -4.672000000000000000e+03 -6.660000000000000000e+02 -1.236000000000000000e+03
2.800000000000000000e+02 1.548000000000000000e+03 1.462800000000000000e+04 -4.704000000000000000e+03 -5.730000000000000000e+02 -1.765000000000000000e+03
3.520000000000000000e+02 1.668000000000000000e+03 1.417200000000000000e+04 -4.688000000000000000e+03 -4.180000000000000000e+02 -2.334000000000000000e+03
3.760000000000000000e+02 1.704000000000000000e+03 1.410800000000000000e+04 -4.704000000000000000e+03 -2.690000000000000000e+02 -2.532000000000000000e+03
4.720000000000000000e+02 1.676000000000000000e+03 1.458800000000000000e+04 -4.672000000000000000e+03 -9.000000000000000000e+00 -2.696000000000000000e+03
2.280000000000000000e+02 1.804000000000000000e+03 1.520800000000000000e+04 -4.672000000000000000e+03 1.690000000000000000e+02 -2.747000000000000000e+03
2.280000000000000000e+02 1.744000000000000000e+03 1.493200000000000000e+04 -4.720000000000000000e+03 3.430000000000000000e+02 -2.655000000000000000e+03
3.080000000000000000e+02 1.724000000000000000e+03 1.379200000000000000e+04 -4.656000000000000000e+03 1.330000000000000000e+02 -2.753000000000000000e+03
2.680000000000000000e+02 1.760000000000000000e+03 1.229200000000000000e+04 -4.720000000000000000e+03 -1.210000000000000000e+02 -2.785000000000000000e+03
2.520000000000000000e+02 1.604000000000000000e+03 1.074000000000000000e+04 -4.672000000000000000e+03 -2.030000000000000000e+02 -2.183000000000000000e+03
6.640000000000000000e+02 1.892000000000000000e+03 9.544000000000000000e+03 -4.704000000000000000e+03 -7.600000000000000000e+01 -2.036000000000000000e+03
1.840000000000000000e+02 1.972000000000000000e+03 6.680000000000000000e+03 -4.704000000000000000e+03 1.050000000000000000e+02 -1.793000000000000000e+03
-2.400000000000000000e+01 1.952000000000000000e+03 6.700000000000000000e+03 -4.720000000000000000e+03 2.220000000000000000e+02 -1.220000000000000000e+03
3.600000000000000000e+01 1.932000000000000000e+03 7.500000000000000000e+03 -4.672000000000000000e+03 2.100000000000000000e+02 -9.770000000000000000e+02
2.320000000000000000e+02 1.348000000000000000e+03 8.752000000000000000e+03 -4.720000000000000000e+03 1.700000000000000000e+02 -7.200000000000000000e+02
1.640000000000000000e+02 8.400000000000000000e+02 1.240400000000000000e+04 -4.704000000000000000e+03 4.700000000000000000e+01 -3.010000000000000000e+02
3.120000000000000000e+02 4.480000000000000000e+02 1.256400000000000000e+04 -4.688000000000000000e+03 -6.800000000000000000e+01 4.700000000000000000e+01
-1.360000000000000000e+02 2.160000000000000000e+02 1.406400000000000000e+04 -4.688000000000000000e+03 -1.420000000000000000e+02 4.410000000000000000e+02
-8.480000000000000000e+02 6.520000000000000000e+02 1.499200000000000000e+04 -4.688000000000000000e+03 -3.230000000000000000e+02 7.360000000000000000e+02
-1.188000000000000000e+03 7.880000000000000000e+02 1.572000000000000000e+04 -4.688000000000000000e+03 -4.870000000000000000e+02 9.440000000000000000e+02
-1.400000000000000000e+03 7.200000000000000000e+02 1.550400000000000000e+04 -4.704000000000000000e+03 -6.130000000000000000e+02 6.240000000000000000e+02
-1.236000000000000000e+03 9.320000000000000000e+02 1.499200000000000000e+04 -4.656000000000000000e+03 -7.560000000000000000e+02 5.930000000000000000e+02
-8.560000000000000000e+02 1.008000000000000000e+03 1.580800000000000000e+04 -4.720000000000000000e+03 -7.590000000000000000e+02 1.709000000000000000e+03
-7.360000000000000000e+02 1.512000000000000000e+03 1.567600000000000000e+04 -4.672000000000000000e+03 -7.650000000000000000e+02 7.700000000000000000e+01
-1.424000000000000000e+03 1.892000000000000000e+03 1.695600000000000000e+04 -4.704000000000000000e+03 -5.460000000000000000e+02 3.840000000000000000e+02
-3.164000000000000000e+03 1.784000000000000000e+03 1.806000000000000000e+04 -4.688000000000000000e+03 -3.390000000000000000e+02 1.050000000000000000e+03
-3.092000000000000000e+03 1.536000000000000000e+03 2.138400000000000000e+04 -4.704000000000000000e+03 -4.270000000000000000e+02 5.920000000000000000e+02
-2.312000000000000000e+03 9.680000000000000000e+02 2.520400000000000000e+04 -4.672000000000000000e+03 6.100000000000000000e+01 5.090000000000000000e+02
-1.336000000000000000e+03 1.132000000000000000e+03 2.825200000000000000e+04 -4.704000000000000000e+03 6.390000000000000000e+02 2.800000000000000000e+02
-2.152000000000000000e+03 1.356000000000000000e+03 2.730000000000000000e+04 -4.704000000000000000e+03 1.380000000000000000e+02 9.140000000000000000e+02
-2.096000000000000000e+03 1.564000000000000000e+03 2.317200000000000000e+04 -4.688000000000000000e+03 -6.260000000000000000e+02 1.988000000000000000e+03
-2.576000000000000000e+03 1.528000000000000000e+03 1.925600000000000000e+04 -4.688000000000000000e+03 -8.190000000000000000e+02 1.184000000000000000e+03
-3.044000000000000000e+03 1.676000000000000000e+03 1.702800000000000000e+04 -4.736000000000000000e+03 -2.950000000000000000e+02 1.086000000000000000e+03
-2.876000000000000000e+03 1.560000000000000000e+03 1.626000000000000000e+04 -4.688000000000000000e+03 1.900000000000000000e+01 1.117000000000000000e+03
-2.644000000000000000e+03 1.540000000000000000e+03 1.610400000000000000e+04 -4.688000000000000000e+03 1.500000000000000000e+01 1.676000000000000000e+03
-2.540000000000000000e+03 1.276000000000000000e+03 1.639600000000000000e+04 -4.688000000000000000e+03 -2.740000000000000000e+02 1.666000000000000000e+03
-2.796000000000000000e+03 1.052000000000000000e+03 1.563200000000000000e+04 -4.672000000000000000e+03 -4.910000000000000000e+02 1.535000000000000000e+03
-4.596000000000000000e+03 1.232000000000000000e+03 1.606000000000000000e+04 -4.704000000000000000e+03 -3.550000000000000000e+02 1.026000000000000000e+03
