-4.792000000000000000e+03 4.840000000000000000e+02 1.494800000000000000e+04 -4.752000000000000000e+03 -1.080000000000000000e+02 5.260000000000000000e+02
-4.184000000000000000e+03 3.400000000000000000e+02 1.360800000000000000e+04 -4.768000000000000000e+03 -1.280000000000000000e+02 8.040000000000000000e+02
-3.652000000000000000e+03 8.360000000000000000e+02 1.355200000000000000e+04 -4.736000000000000000e+03 -1.290000000000000000e+02 1.095000000000000000e+03
-3.476000000000000000e+03 1.560000000000000000e+03 1.374800000000000000e+04 -4.720000000000000000e+03 -1.690000000000000000e+02 1.464000000000000000e+03
-3.424000000000000000e+03 1.236000000000000000e+03 1.397200000000000000e+04 -4.752000000000000000e+03 -1.790000000000000000e+02 1.533000000000000000e+03
-3.824000000000000000e+03 1.680000000000000000e+03 1.389600000000000000e+04 -4.784000000000000000e+03 -3.320000000000000000e+02 1.211000000000000000e+03
-4.716000000000000000e+03 1.308000000000000000e+03 1.463600000000000000e+04 -4.752000000000000000e+03 -3.640000000000000000e+02 8.790000000000000000e+02
-4.220000000000000000e+03 1.056000000000000000e+03 1.482000000000000000e+04 -4.784000000000000000e+03 -4.730000000000000000e+02 1.784000000000000000e+03
-1.216000000000000000e+03 9.760000000000000000e+02 1.415200000000000000e+04 -4.784000000000000000e+03 -5.850000000000000000e+02 1.759000000000000000e+03
-2.356000000000000000e+03 1.160000000000000000e+03 1.358800000000000000e+04 -4.784000000000000000e+03 -7.560000000000000000e+02 1.538000000000000000e+03
-3.376000000000000000e+03 1.304000000000000000e+03 1.387600000000000000e+04 -4.768000000000000000e+03 -8.260000000000000000e+02 1.099000000000000000e+03
-3.740000000000000000e+03 1.384000000000000000e+03 1.449600000000000000e+04 -4.784000000000000000e+03 -5.240000000000000000e+02 6.350000000000000000e+02
-4.544000000000000000e+03 1.684000000000000000e+03 1.453200000000000000e+04 -4.768000000000000000e+03 -3.140000000000000000e+02 1.650000000000000000e+02
-3.392000000000000000e+03 1.548000000000000000e+03 1.415600000000000000e+04 -4.784000000000000000e+03 -6.900000000000000000e+02 -3.190000000000000000e+02
-3.192000000000000000e+03 1.524000000000000000e+03 1.429200000000000000e+04 -4.752000000000000000e+03 -4.940000000000000000e+02 -7.400000000000000000e+02
-3.416000000000000000e+03 1.512000000000000000e+03 1.428000000000000000e+04 -4.768000000000000000e+03 -4.710000000000000000e+02 -1.377000000000000000e+03
-3.148000000000000000e+03 1.412000000000000000e+03 1.458000000000000000e+04 -4.784000000000000000e+03 -5.070000000000000000e+02 -1.838000000000000000e+03
-3.160000000000000000e+03 1.420000000000000000e+03 1.495600000000000000e+04 -4.752000000000000000e+03 -4.590000000000000000e+02 -2.296000000000000000e+03
-3.688000000000000000e+03 1.456000000000000000e+03 1.468400000000000000e+04 -4.752000000000000000e+03 -5.120000000000000000e+02 -2.748000000000000000e+03
-3.544000000000000000e+03 1.456000000000000000e+03 1.412400000000000000e+04 -4.736000000000000000e+03 -4.570000000000000000e+02 -2.826000000000000000e+03
-3.248000000000000000e+03 1.500000000000000000e+03 1.362800000000000000e+04 -4.784000000000000000e+03 -5.550000000000000000e+02 -2.794000000000000000e+03
-3.092000000000000000e+03 1.356000000000000000e+03 1.242800000000000000e+04 -4.752000000000000000e+03 -3.310000000000000000e+02 -2.944000000000000000e+03
-3.048000000000000000e+03 1.368000000000000000e+03 1.010800000000000000e+04 -4.784000000000000000e+03 -3.050000000000000000e+02 -2.554000000000000000e+03
-3.444000000000000000e+03 1.540000000000000000e+03 7.256000000000000000e+03 -4.752000000000000000e+03 -2.380000000000000000e+02 -2.219000000000000000e+03
-3.364000000000000000e+03 1.464000000000000000e+03 5.356000000000000000e+03 -4.784000000000000000e+03 -2.550000000000000000e+02 -1.894000000000000000e+03
-2.940000000000000000e+03 1.492000000000000000e+03 7.644000000000000000e+03 -4.784000000000000000e+03 -1.770000000000000000e+02 -1.741000000000000000e+03
-3.116000000000000000e+03 1.528000000000000000e+03 8.472000000000000000e+03 -4.768000000000000000e+03 -1.400000000000000000e+02 -1.127000000000000000e+03
-3.312000000000000000e+03 1.420000000000000000e+03 9.476000000000000000e+03 -4.768000000000000000e+03 1.170000000000000000e+02 -6.160000000000000000e+02
-3.476000000000000000e+03 1.176000000000000000e+03 1.195200000000000000e+04 -4.784000000000000000e+03 1.200000000000000000e+01 -2.500000000000000000e+02
-3.700000000000000000e+03 1.000000000000000000e+03 1.289200000000000000e+04 -4.752000000000000000e+03 7.600000000000000000e+01 8.100000000000000000e+01
-3.880000000000000000e+03 7.560000000000000000e+02 1.460800000000000000e+04 -4.768000000000000000e+03 -3.860000000000000000e+02 3.260000000000000000e+02
-3.928000000000000000e+03 4.040000000000000000e+02 1.484400000000000000e+04 -4.784000000000000000e+03 -5.990000000000000000e+02 5.330000000000000000e+02
-4.004000000000000000e+03 2.800000000000000000e+02 1.496400000000000000e+04 -4.752000000000000000e+03 -7.730000000000000000e+02 6.100000000000000000e+02
-3.872000000000000000e+03 1.088000000000000000e+03 1.472400000000000000e+04 -4.736000000000000000e+03 -7.700000000000000000e+02 4.900000000000000000e+02
-3.524000000000000000e+03 1.440000000000000000e+03 1.407200000000000000e+04 -4.784000000000000000e+03 -7.920000000000000000e+02 2.880000000000000000e+02
-3.200000000000000000e+03 1.444000000000000000e+03 1.489200000000000000e+04 -4.800000000000000000e+03 -8.080000000000000000e+02 1.050000000000000000e+02
-2.420000000000000000e+03 1.568000000000000000e+03 1.528800000000000000e+04 -4.752000000000000000e+03 -7.890000000000000000e+02 -2.360000000000000000e+02
-1.132000000000000000e+03 1.492000000000000000e+03 1.551200000000000000e+04 -4.768000000000000000e+03 -7.020000000000000000e+02 -2.730000000000000000e+02
-1.172000000000000000e+03 1.672000000000000000e+03 1.567200000000000000e+04 -4.768000000000000000e+03 -7.080000000000000000e+02 -4.260000000000000000e+02
-1.444000000000000000e+03 1.500000000000000000e+03 1.676000000000000000e+04 -4.784000000000000000e+03 -5.390000000000000000e+02 -2.560000000000000000e+02
-2.556000000000000000e+03 1.236000000000000000e+03 1.880800000000000000e+04 -4.800000000000000000e+03 -5.260000000000000000e+02 -1.440000000000000000e+02
-3.320000000000000000e+03 9.760000000000000000e+02 2.339600000000000000e+04 -4.768000000000000000e+03 -3.880000000000000000e+02 -4.800000000000000000e+01
-3.780000000000000000e+03 8.840000000000000000e+02 2.694400000000000000e+04 -4.768000000000000000e+03 -3.750000000000000000e+02 -1.670000000000000000e+02
-3.908000000000000000e+03 1.196000000000000000e+03 2.907200000000000000e+04 -4.800000000000000000e+03 -3.290000000000000000e+02 8.700000000000000000e+01
-4.624000000000000000e+03 1.372000000000000000e+03 2.598000000000000000e+04 -4.752000000000000000e+03 -4.030000000000000000e+02 -1.400000000000000000e+01
-4.852000000000000000e+03 1.764000000000000000e+03 2.200000000000000000e+04 -4.736000000000000000e+03 -2.780000000000000000e+02 -2.110000000000000000e+02
-4.664000000000000000e+03 1.328000000000000000e+03 1.823600000000000000e+04 -4.784000000000000000e+03 -2.840000000000000000e+02 -6.050000000000000000e+02
-4.228000000000000000e+03 1.852000000000000000e+03 1.611600000000000000e+04 -4.768000000000000000e+03 -1.400000000000000000e+02 -1.232000000000000000e+03
-3.964000000000000000e+03 2.016000000000000000e+03 1.497600000000000000e+04 -4.784000000000000000e+03 -5.600000000000000000e+01 -1.637000000000000000e+03
-3.336000000000000000e+03 2.384000000000000000e+03 1.440800000000000000e+04 -4.784000000000000000e+03 9.400000000000000000e+01 -1.556000000000000000e+03
-3.112000000000000000e+03 2.684000000000000000e+03 1.485600000000000000e+04 -4.752000000000000000e+03 3.880000000000000000e+02 -1.640000000000000000e+03
-2.956000000000000000e+03 3.028000000000000000e+03 1.478800000000000000e+04 -4.784000000000000000e+03 6.410000000000000000e+02 -1.424000000000000000e+03
-2.836000000000000000e+03 2.356000000000000000e+03 1.494800000000000000e+04 -4.752000000000000000e+03 6.780000000000000000e+02 -1.353000000000000000e+03
-3.060000000000000000e+03 1.748000000000000000e+03 1.526400000000000000e+04 -4.752000000000000000e+03 6.600000000000000000e+01 -1.101000000000000000e+03
