9.036000000000000000e+03 3.600000000000000000e+03 1.351600000000000000e+04 -4.800000000000000000e+03 -3.000000000000000000e+02 1.256000000000000000e+03
7.444000000000000000e+03 2.776000000000000000e+03 1.352400000000000000e+04 -4.816000000000000000e+03 -3.350000000000000000e+02 1.222000000000000000e+03
6.304000000000000000e+03 1.318800000000000000e+04 1.297600000000000000e+04 -4.784000000000000000e+03 -3.610000000000000000e+02 1.156000000000000000e+03
1.200000000000000000e+01 3.016000000000000000e+03 1.283600000000000000e+04 -4.800000000000000000e+03 -3.860000000000000000e+02 5.200000000000000000e+02
7.332000000000000000e+03 2.932000000000000000e+03 1.318800000000000000e+04 -4.768000000000000000e+03 -4.230000000000000000e+02 5.020000000000000000e+02
7.532000000000000000e+03 2.736000000000000000e+03 1.342000000000000000e+04 -4.784000000000000000e+03 -4.580000000000000000e+02 1.900000000000000000e+02
6.908000000000000000e+03 2.628000000000000000e+03 1.380800000000000000e+04 -4.784000000000000000e+03 -4.860000000000000000e+02 -1.170000000000000000e+02
6.716000000000000000e+03 2.656000000000000000e+03 1.367200000000000000e+04 -4.800000000000000000e+03 -5.280000000000000000e+02 -5.190000000000000000e+02
6.780000000000000000e+03 3.016000000000000000e+03 1.317600000000000000e+04 -4.816000000000000000e+03 -5.480000000000000000e+02 -7.760000000000000000e+02
7.136000000000000000e+03 3.152000000000000000e+03 1.310000000000000000e+04 -4.816000000000000000e+03 -5.370000000000000000e+02 -9.190000000000000000e+02
6.800000000000000000e+03 2.956000000000000000e+03 1.351200000000000000e+04 -4.768000000000000000e+03 -5.340000000000000000e+02 -4.870000000000000000e+02
6.768000000000000000e+03 2.660000000000000000e+03 1.375600000000000000e+04 -4.784000000000000000e+03 -4.880000000000000000e+02 -6.820000000000000000e+02
6.752000000000000000e+03 3.028000000000000000e+03 1.389600000000000000e+04 -4.784000000000000000e+03 -5.160000000000000000e+02 -7.000000000000000000e+02
6.372000000000000000e+03 3.064000000000000000e+03 1.377600000000000000e+04 -4.800000000000000000e+03 -4.710000000000000000e+02 -7.780000000000000000e+02
6.524000000000000000e+03 2.920000000000000000e+03 1.340400000000000000e+04 -4.800000000000000000e+03 -4.500000000000000000e+02 -5.990000000000000000e+02
6.204000000000000000e+03 3.068000000000000000e+03 1.351200000000000000e+04 -4.816000000000000000e+03 -3.940000000000000000e+02 -9.110000000000000000e+02
6.080000000000000000e+03 2.828000000000000000e+03 1.370000000000000000e+04 -4.832000000000000000e+03 -3.480000000000000000e+02 -2.544000000000000000e+03
6.468000000000000000e+03 2.660000000000000000e+03 1.362800000000000000e+04 -4.800000000000000000e+03 -4.440000000000000000e+02 -3.800000000000000000e+01
6.640000000000000000e+03 2.676000000000000000e+03 1.376400000000000000e+04 -4.816000000000000000e+03 -5.230000000000000000e+02 -2.321000000000000000e+03
6.408000000000000000e+03 2.804000000000000000e+03 1.364800000000000000e+04 -4.800000000000000000e+03 -5.090000000000000000e+02 -3.760000000000000000e+02
6.476000000000000000e+03 2.724000000000000000e+03 1.348000000000000000e+04 -4.832000000000000000e+03 -4.840000000000000000e+02 -1.632000000000000000e+03
6.276000000000000000e+03 2.856000000000000000e+03 1.363200000000000000e+04 -4.784000000000000000e+03 -6.570000000000000000e+02 -2.294000000000000000e+03
6.260000000000000000e+03 2.712000000000000000e+03 1.384000000000000000e+04 -4.832000000000000000e+03 -7.140000000000000000e+02 -2.547000000000000000e+03
6.048000000000000000e+03 2.800000000000000000e+03 1.361600000000000000e+04 -4.816000000000000000e+03 -3.100000000000000000e+02 -3.243000000000000000e+03
6.352000000000000000e+03 2.756000000000000000e+03 1.345600000000000000e+04 -4.800000000000000000e+03 -1.310000000000000000e+02 -2.360000000000000000e+03
6.124000000000000000e+03 2.716000000000000000e+03 1.330000000000000000e+04 -4.800000000000000000e+03 -4.430000000000000000e+02 -3.082000000000000000e+03
6.144000000000000000e+03 2.772000000000000000e+03 1.367600000000000000e+04 -4.800000000000000000e+03 -7.300000000000000000e+01 -2.915000000000000000e+03
5.956000000000000000e+03 2.748000000000000000e+03 1.477600000000000000e+04 -4.800000000000000000e+03 -3.070000000000000000e+02 -3.332000000000000000e+03
5.736000000000000000e+03 2.740000000000000000e+03 1.510000000000000000e+04 -4.816000000000000000e+03 -1.050000000000000000e+02 -2.578000000000000000e+03
5.620000000000000000e+03 2.760000000000000000e+03 1.418000000000000000e+04 -4.784000000000000000e+03 -1.500000000000000000e+02 -2.448000000000000000e+03
5.364000000000000000e+03 2.800000000000000000e+03 1.298000000000000000e+04 -4.752000000000000000e+03 -2.250000000000000000e+02 -1.863000000000000000e+03
5.448000000000000000e+03 2.888000000000000000e+03 1.227200000000000000e+04 -4.784000000000000000e+03 -3.700000000000000000e+01 -1.485000000000000000e+03
5.176000000000000000e+03 2.756000000000000000e+03 9.828000000000000000e+03 -4.784000000000000000e+03 -6.600000000000000000e+01 -1.102000000000000000e+03
5.084000000000000000e+03 2.640000000000000000e+03 5.528000000000000000e+03 -4.800000000000000000e+03 3.900000000000000000e+01 -7.430000000000000000e+02
4.788000000000000000e+03 2.404000000000000000e+03 4.312000000000000000e+03 -4.800000000000000000e+03 -1.700000000000000000e+01 -9.540000000000000000e+02
5.140000000000000000e+03 2.620000000000000000e+03 6.276000000000000000e+03 -4.768000000000000000e+03 2.830000000000000000e+02 -5.120000000000000000e+02
5.728000000000000000e+03 2.824000000000000000e+03 6.316000000000000000e+03 -4.784000000000000000e+03 1.660000000000000000e+02 2.990000000000000000e+02
5.652000000000000000e+03 2.536000000000000000e+03 7.556000000000000000e+03 -4.816000000000000000e+03 3.510000000000000000e+02 1.130000000000000000e+03
5.172000000000000000e+03 2.232000000000000000e+03 9.704000000000000000e+03 -4.816000000000000000e+03 1.630000000000000000e+02 7.490000000000000000e+02
4.276000000000000000e+03 2.064000000000000000e+03 1.056000000000000000e+04 -4.832000000000000000e+03 -3.010000000000000000e+02 2.830000000000000000e+02
3.876000000000000000e+03 1.692000000000000000e+03 1.336000000000000000e+04 -4.816000000000000000e+03 -4.450000000000000000e+02 5.730000000000000000e+02
2.980000000000000000e+03 1.120000000000000000e+03 1.200400000000000000e+04 -4.816000000000000000e+03 -3.090000000000000000e+02 6.620000000000000000e+02
1.556000000000000000e+03 7.120000000000000000e+02 1.180000000000000000e+04 -4.800000000000000000e+03 -2.670000000000000000e+02 1.594000000000000000e+03
1.388000000000000000e+03 1.120000000000000000e+03 1.340800000000000000e+04 -4.800000000000000000e+03 -1.600000000000000000e+01 1.724000000000000000e+03
3.964000000000000000e+03 9.440000000000000000e+02 1.484800000000000000e+04 -4.816000000000000000e+03 3.000000000000000000e+00 1.898000000000000000e+03
3.996000000000000000e+03 1.724000000000000000e+03 1.590800000000000000e+04 -4.800000000000000000e+03 -1.120000000000000000e+02 1.977000000000000000e+03
5.784000000000000000e+03 2.488000000000000000e+03 1.796000000000000000e+04 -4.800000000000000000e+03 -8.100000000000000000e+01 1.254000000000000000e+03
6.116000000000000000e+03 2.336000000000000000e+03 2.101200000000000000e+04 -4.800000000000000000e+03 1.700000000000000000e+01 1.602000000000000000e+03
6.204000000000000000e+03 2.568000000000000000e+03 2.406400000000000000e+04 -4.784000000000000000e+03 -1.180000000000000000e+02 1.736000000000000000e+03
6.704000000000000000e+03 2.076000000000000000e+03 2.726400000000000000e+04 -4.784000000000000000e+03 -3.000000000000000000e+01 2.987000000000000000e+03
7.128000000000000000e+03 2.192000000000000000e+03 2.622400000000000000e+04 -4.816000000000000000e+03 -1.990000000000000000e+02 3.306000000000000000e+03
8.444000000000000000e+03 2.524000000000000000e+03 2.066800000000000000e+04 -4.816000000000000000e+03 -3.500000000000000000e+02 3.154000000000000000e+03
8.124000000000000000e+03 2.868000000000000000e+03 1.653600000000000000e+04 -4.800000000000000000e+03 -4.370000000000000000e+02 2.523000000000000000e+03
8.412000000000000000e+03 3.000000000000000000e+03 1.369200000000000000e+04 -4.816000000000000000e+03 -5.110000000000000000e+02 2.021000000000000000e+03
9.308000000000000000e+03 3.300000000000000000e+03 1.194000000000000000e+04 -4.800000000000000000e+03 -4.570000000000000000e+02 2.756000000000000000e+03
1.075600000000000000e+04 4.160000000000000000e+03 1.334800000000000000e+04 -4.800000000000000000e+03 -3.330000000000000000e+02 2.477000000000000000e+03
