2.804000000000000000e+03 2.004000000000000000e+03 1.429600000000000000e+04 -4.688000000000000000e+03 -2.880000000000000000e+02 3.560000000000000000e+02
2.640000000000000000e+03 1.980000000000000000e+03 1.439200000000000000e+04 -4.688000000000000000e+03 -3.030000000000000000e+02 3.700000000000000000e+02
2.540000000000000000e+03 1.880000000000000000e+03 1.455600000000000000e+04 -4.672000000000000000e+03 -3.130000000000000000e+02 5.600000000000000000e+02
2.428000000000000000e+03 1.912000000000000000e+03 1.443200000000000000e+04 -4.688000000000000000e+03 -3.330000000000000000e+02 5.270000000000000000e+02
2.644000000000000000e+03 2.008000000000000000e+03 1.436400000000000000e+04 -4.688000000000000000e+03 -3.310000000000000000e+02 7.280000000000000000e+02
2.960000000000000000e+03 1.840000000000000000e+03 1.449600000000000000e+04 -4.704000000000000000e+03 -3.910000000000000000e+02 1.076000000000000000e+03
2.700000000000000000e+03 1.900000000000000000e+03 1.452800000000000000e+04 -4.688000000000000000e+03 -4.220000000000000000e+02 1.348000000000000000e+03
2.980000000000000000e+03 1.844000000000000000e+03 1.462000000000000000e+04 -4.688000000000000000e+03 -3.880000000000000000e+02 1.734000000000000000e+03
2.928000000000000000e+03 1.792000000000000000e+03 1.462800000000000000e+04 -4.672000000000000000e+03 -4.560000000000000000e+02 1.801000000000000000e+03
2.936000000000000000e+03 1.736000000000000000e+03 1.454000000000000000e+04 -4.688000000000000000e+03 -6.850000000000000000e+02 1.814000000000000000e+03
2.880000000000000000e+03 1.892000000000000000e+03 1.452400000000000000e+04 -4.672000000000000000e+03 -6.260000000000000000e+02 1.969000000000000000e+03
2.872000000000000000e+03 1.908000000000000000e+03 1.462000000000000000e+04 -4.672000000000000000e+03 -7.690000000000000000e+02 1.935000000000000000e+03
2.692000000000000000e+03 1.912000000000000000e+03 1.454400000000000000e+04 -4.688000000000000000e+03 -8.510000000000000000e+02 2.705000000000000000e+03
2.720000000000000000e+03 1.996000000000000000e+03 1.449600000000000000e+04 -4.704000000000000000e+03 -3.970000000000000000e+02 3.126000000000000000e+03
2.800000000000000000e+03 1.980000000000000000e+03 1.450400000000000000e+04 -4.688000000000000000e+03 -6.230000000000000000e+02 2.667000000000000000e+03
2.760000000000000000e+03 1.936000000000000000e+03 1.453200000000000000e+04 -4.688000000000000000e+03 -4.990000000000000000e+02 2.409000000000000000e+03
2.632000000000000000e+03 1.868000000000000000e+03 1.477600000000000000e+04 -4.704000000000000000e+03 -3.320000000000000000e+02 1.867000000000000000e+03
2.836000000000000000e+03 1.848000000000000000e+03 1.463200000000000000e+04 -4.672000000000000000e+03 -6.570000000000000000e+02 2.217000000000000000e+03
2.736000000000000000e+03 1.744000000000000000e+03 1.431200000000000000e+04 -4.656000000000000000e+03 -4.320000000000000000e+02 2.236000000000000000e+03
2.504000000000000000e+03 1.724000000000000000e+03 1.467600000000000000e+04 -4.688000000000000000e+03 -4.900000000000000000e+02 1.659000000000000000e+03
2.608000000000000000e+03 1.900000000000000000e+03 1.462000000000000000e+04 -4.704000000000000000e+03 -7.050000000000000000e+02 8.430000000000000000e+02
2.440000000000000000e+03 1.832000000000000000e+03 1.446800000000000000e+04 -4.688000000000000000e+03 -4.760000000000000000e+02 3.700000000000000000e+02
2.776000000000000000e+03 1.856000000000000000e+03 1.535600000000000000e+04 -4.688000000000000000e+03 -6.240000000000000000e+02 6.300000000000000000e+01
2.892000000000000000e+03 1.940000000000000000e+03 1.413600000000000000e+04 -4.720000000000000000e+03 -4.450000000000000000e+02 -2.360000000000000000e+02
2.508000000000000000e+03 1.824000000000000000e+03 1.191200000000000000e+04 -4.704000000000000000e+03 -3.800000000000000000e+02 -6.020000000000000000e+02
2.668000000000000000e+03 1.656000000000000000e+03 1.082800000000000000e+04 -4.688000000000000000e+03 -4.080000000000000000e+02 -9.250000000000000000e+02
2.148000000000000000e+03 2.076000000000000000e+03 6.712000000000000000e+03 -4.656000000000000000e+03 -3.770000000000000000e+02 -1.220000000000000000e+03
1.936000000000000000e+03 1.732000000000000000e+03 5.708000000000000000e+03 -4.688000000000000000e+03 -4.140000000000000000e+02 -9.610000000000000000e+02
2.040000000000000000e+03 1.420000000000000000e+03 6.952000000000000000e+03 -4.688000000000000000e+03 -2.250000000000000000e+02 -6.880000000000000000e+02
2.692000000000000000e+03 1.220000000000000000e+03 6.872000000000000000e+03 -4.688000000000000000e+03 -2.260000000000000000e+02 -4.460000000000000000e+02
1.444000000000000000e+03 4.200000000000000000e+02 9.780000000000000000e+03 -4.672000000000000000e+03 -3.090000000000000000e+02 -1.300000000000000000e+01
1.112000000000000000e+03 4.280000000000000000e+02 1.117200000000000000e+04 -4.688000000000000000e+03 -8.090000000000000000e+02 1.940000000000000000e+02
4.320000000000000000e+02 8.920000000000000000e+02 1.174000000000000000e+04 -4.688000000000000000e+03 -1.141000000000000000e+03 3.170000000000000000e+02
-4.000000000000000000e+00 3.360000000000000000e+02 1.478400000000000000e+04 -4.672000000000000000e+03 -1.196000000000000000e+03 6.770000000000000000e+02
1.028000000000000000e+03 1.228000000000000000e+03 1.466800000000000000e+04 -4.688000000000000000e+03 -1.140000000000000000e+03 6.240000000000000000e+02
2.156000000000000000e+03 9.520000000000000000e+02 1.532000000000000000e+04 -4.688000000000000000e+03 -1.017000000000000000e+03 6.910000000000000000e+02
2.560000000000000000e+02 9.560000000000000000e+02 1.696400000000000000e+04 -4.672000000000000000e+03 -9.550000000000000000e+02 8.170000000000000000e+02
1.660000000000000000e+03 1.628000000000000000e+03 1.618800000000000000e+04 -4.656000000000000000e+03 -7.250000000000000000e+02 8.200000000000000000e+02
0.000000000000000000e+00 1.504000000000000000e+03 1.677600000000000000e+04 -4.688000000000000000e+03 -5.270000000000000000e+02 8.970000000000000000e+02
-3.320000000000000000e+02 1.464000000000000000e+03 1.764400000000000000e+04 -4.656000000000000000e+03 -4.380000000000000000e+02 9.230000000000000000e+02
7.320000000000000000e+02 1.628000000000000000e+03 1.830000000000000000e+04 -4.672000000000000000e+03 -3.540000000000000000e+02 9.090000000000000000e+02
5.800000000000000000e+02 1.712000000000000000e+03 1.920400000000000000e+04 -4.704000000000000000e+03 -2.950000000000000000e+02 1.065000000000000000e+03
1.012000000000000000e+03 1.804000000000000000e+03 2.078000000000000000e+04 -4.688000000000000000e+03 -3.250000000000000000e+02 1.136000000000000000e+03
2.600000000000000000e+02 2.124000000000000000e+03 2.490400000000000000e+04 -4.688000000000000000e+03 -3.830000000000000000e+02 1.122000000000000000e+03
3.760000000000000000e+02 1.980000000000000000e+03 2.874000000000000000e+04 -4.704000000000000000e+03 -3.270000000000000000e+02 1.232000000000000000e+03
4.560000000000000000e+02 1.964000000000000000e+03 3.050000000000000000e+04 -4.704000000000000000e+03 -4.430000000000000000e+02 1.260000000000000000e+03
3.880000000000000000e+02 1.548000000000000000e+03 2.602400000000000000e+04 -4.704000000000000000e+03 -3.700000000000000000e+02 1.002000000000000000e+03
8.520000000000000000e+02 2.116000000000000000e+03 2.094800000000000000e+04 -4.688000000000000000e+03 -2.780000000000000000e+02 1.176000000000000000e+03
5.240000000000000000e+02 2.472000000000000000e+03 1.784400000000000000e+04 -4.672000000000000000e+03 -1.800000000000000000e+02 6.400000000000000000e+02
-2.040000000000000000e+02 2.800000000000000000e+03 1.617200000000000000e+04 -4.704000000000000000e+03 -1.800000000000000000e+01 5.880000000000000000e+02
5.680000000000000000e+02 1.904000000000000000e+03 1.492000000000000000e+04 -4.704000000000000000e+03 4.700000000000000000e+01 1.509000000000000000e+03
-4.400000000000000000e+01 1.436000000000000000e+03 1.436400000000000000e+04 -4.656000000000000000e+03 4.000000000000000000e+02 7.420000000000000000e+02
-6.800000000000000000e+02 1.020000000000000000e+03 1.456800000000000000e+04 -4.704000000000000000e+03 7.360000000000000000e+02 9.630000000000000000e+02
-3.160000000000000000e+02 9.600000000000000000e+02 1.529200000000000000e+04 -4.672000000000000000e+03 6.080000000000000000e+02 7.440000000000000000e+02
1.380000000000000000e+03 5.760000000000000000e+02 1.616800000000000000e+04 -4.672000000000000000e+03 -3.190000000000000000e+02 6.910000000000000000e+02
1.264000000000000000e+03 6.080000000000000000e+02 1.660800000000000000e+04 -4.656000000000000000e+03 -4.520000000000000000e+02 8.230000000000000000e+02
1.524000000000000000e+03 1.132000000000000000e+03 1.687200000000000000e+04 -4.704000000000000000e+03 -6.900000000000000000e+01 4.660000000000000000e+02
1.748000000000000000e+03 1.548000000000000000e+03 1.542800000000000000e+04 -4.688000000000000000e+03 7.500000000000000000e+01 6.190000000000000000e+02
9.720000000000000000e+02 1.804000000000000000e+03 1.452800000000000000e+04 -4.704000000000000000e+03 3.500000000000000000e+01 1.044000000000000000e+03
1.276000000000000000e+03 1.720000000000000000e+03 1.174400000000000000e+04 -4.672000000000000000e+03 -1.700000000000000000e+02 2.960000000000000000e+02
1.252000000000000000e+03 1.560000000000000000e+03 8.488000000000000000e+03 -4.688000000000000000e+03 -3.990000000000000000e+02 -1.100000000000000000e+01
