8.000000000000000000e+01 1.472000000000000000e+03 1.440400000000000000e+04 -4.672000000000000000e+03 -5.220000000000000000e+02 4.700000000000000000e+02
1.560000000000000000e+02 1.772000000000000000e+03 1.473200000000000000e+04 -4.736000000000000000e+03 -5.170000000000000000e+02 2.530000000000000000e+02
-5.840000000000000000e+02 1.704000000000000000e+03 1.470400000000000000e+04 -4.688000000000000000e+03 -4.870000000000000000e+02 1.250000000000000000e+02
-5.400000000000000000e+02 1.712000000000000000e+03 1.472400000000000000e+04 -4.688000000000000000e+03 -3.780000000000000000e+02 1.400000000000000000e+02
-4.280000000000000000e+02 1.716000000000000000e+03 1.474800000000000000e+04 -4.688000000000000000e+03 -3.760000000000000000e+02 2.360000000000000000e+02
-2.800000000000000000e+02 1.864000000000000000e+03 1.483200000000000000e+04 -4.656000000000000000e+03 -3.210000000000000000e+02 3.240000000000000000e+02
1.200000000000000000e+01 1.668000000000000000e+03 1.481200000000000000e+04 -4.704000000000000000e+03 -2.700000000000000000e+02 6.690000000000000000e+02
-9.200000000000000000e+01 1.592000000000000000e+03 1.492800000000000000e+04 -4.672000000000000000e+03 -2.970000000000000000e+02 9.560000000000000000e+02
-2.480000000000000000e+02 1.452000000000000000e+03 1.495600000000000000e+04 -4.704000000000000000e+03 -5.240000000000000000e+02 1.047000000000000000e+03
-2.800000000000000000e+02 1.512000000000000000e+03 1.463200000000000000e+04 -4.688000000000000000e+03 -6.890000000000000000e+02 8.930000000000000000e+02
-3.080000000000000000e+02 1.468000000000000000e+03 1.436800000000000000e+04 -4.688000000000000000e+03 -7.330000000000000000e+02 7.650000000000000000e+02
-1.400000000000000000e+02 1.488000000000000000e+03 1.430400000000000000e+04 -4.688000000000000000e+03 -3.680000000000000000e+02 3.620000000000000000e+02
-3.200000000000000000e+01 1.624000000000000000e+03 1.496000000000000000e+04 -4.688000000000000000e+03 -3.920000000000000000e+02 1.583000000000000000e+03
-1.600000000000000000e+02 1.520000000000000000e+03 1.447600000000000000e+04 -4.704000000000000000e+03 -5.080000000000000000e+02 9.170000000000000000e+02
-1.720000000000000000e+02 1.516000000000000000e+03 1.451200000000000000e+04 -4.688000000000000000e+03 -1.770000000000000000e+02 1.630000000000000000e+02
4.000000000000000000e+00 1.612000000000000000e+03 1.478400000000000000e+04 -4.672000000000000000e+03 -4.360000000000000000e+02 -1.710000000000000000e+02
-3.240000000000000000e+02 1.636000000000000000e+03 1.444800000000000000e+04 -4.656000000000000000e+03 -2.160000000000000000e+02 -6.630000000000000000e+02
-2.720000000000000000e+02 1.704000000000000000e+03 1.438000000000000000e+04 -4.656000000000000000e+03 -1.400000000000000000e+02 -1.294000000000000000e+03
-1.320000000000000000e+02 1.596000000000000000e+03 1.495200000000000000e+04 -4.624000000000000000e+03 -9.400000000000000000e+01 -1.283000000000000000e+03
-4.560000000000000000e+02 1.620000000000000000e+03 1.458800000000000000e+04 -4.688000000000000000e+03 -4.100000000000000000e+01 -1.780000000000000000e+03
-5.120000000000000000e+02 1.500000000000000000e+03 1.436000000000000000e+04 -4.672000000000000000e+03 7.000000000000000000e+00 -2.198000000000000000e+03
-7.240000000000000000e+02 1.548000000000000000e+03 1.434800000000000000e+04 -4.688000000000000000e+03 2.200000000000000000e+01 -2.431000000000000000e+03
-8.440000000000000000e+02 1.600000000000000000e+03 1.480400000000000000e+04 -4.656000000000000000e+03 -6.000000000000000000e+01 -2.784000000000000000e+03
-8.800000000000000000e+02 1.572000000000000000e+03 1.376000000000000000e+04 -4.672000000000000000e+03 8.300000000000000000e+01 -2.883000000000000000e+03
-1.012000000000000000e+03 1.548000000000000000e+03 1.098400000000000000e+04 -4.672000000000000000e+03 1.250000000000000000e+02 -3.206000000000000000e+03
-1.136000000000000000e+03 1.348000000000000000e+03 7.248000000000000000e+03 -4.688000000000000000e+03 1.240000000000000000e+02 -3.327000000000000000e+03
-1.324000000000000000e+03 1.424000000000000000e+03 6.124000000000000000e+03 -4.672000000000000000e+03 2.240000000000000000e+02 -3.400000000000000000e+03
-1.476000000000000000e+03 1.440000000000000000e+03 9.544000000000000000e+03 -4.688000000000000000e+03 2.760000000000000000e+02 -3.328000000000000000e+03
-1.636000000000000000e+03 8.600000000000000000e+02 7.416000000000000000e+03 -4.704000000000000000e+03 2.490000000000000000e+02 -3.060000000000000000e+03
-1.428000000000000000e+03 2.360000000000000000e+02 9.524000000000000000e+03 -4.704000000000000000e+03 3.110000000000000000e+02 -2.897000000000000000e+03
-9.880000000000000000e+02 -5.000000000000000000e+02 1.164800000000000000e+04 -4.704000000000000000e+03 2.430000000000000000e+02 -2.540000000000000000e+03
-9.200000000000000000e+02 3.720000000000000000e+02 1.200400000000000000e+04 -4.672000000000000000e+03 -3.000000000000000000e+00 -1.919000000000000000e+03
-1.080000000000000000e+03 1.280000000000000000e+02 1.364800000000000000e+04 -4.656000000000000000e+03 -2.190000000000000000e+02 -1.798000000000000000e+03
-8.800000000000000000e+02 9.480000000000000000e+02 1.450400000000000000e+04 -4.704000000000000000e+03 -2.620000000000000000e+02 -1.484000000000000000e+03
-3.760000000000000000e+02 1.288000000000000000e+03 1.579600000000000000e+04 -4.688000000000000000e+03 -1.780000000000000000e+02 -1.188000000000000000e+03
-6.360000000000000000e+02 1.060000000000000000e+03 1.555200000000000000e+04 -4.672000000000000000e+03 -2.560000000000000000e+02 -8.750000000000000000e+02
-9.480000000000000000e+02 1.584000000000000000e+03 1.620000000000000000e+04 -4.656000000000000000e+03 -1.570000000000000000e+02 -5.580000000000000000e+02
-1.228000000000000000e+03 1.496000000000000000e+03 1.619200000000000000e+04 -4.672000000000000000e+03 -1.440000000000000000e+02 -6.900000000000000000e+01
-1.652000000000000000e+03 1.848000000000000000e+03 1.512000000000000000e+04 -4.704000000000000000e+03 -2.020000000000000000e+02 1.850000000000000000e+02
-1.020000000000000000e+03 1.680000000000000000e+03 1.617200000000000000e+04 -4.688000000000000000e+03 -1.730000000000000000e+02 6.680000000000000000e+02
-1.448000000000000000e+03 1.744000000000000000e+03 1.670800000000000000e+04 -4.688000000000000000e+03 -2.080000000000000000e+02 1.184000000000000000e+03
-8.800000000000000000e+02 1.520000000000000000e+03 1.765200000000000000e+04 -4.688000000000000000e+03 -1.720000000000000000e+02 1.416000000000000000e+03
-5.400000000000000000e+02 1.400000000000000000e+03 1.889600000000000000e+04 -4.656000000000000000e+03 -2.830000000000000000e+02 1.854000000000000000e+03
-8.160000000000000000e+02 1.716000000000000000e+03 2.055200000000000000e+04 -4.672000000000000000e+03 -3.430000000000000000e+02 1.770000000000000000e+03
-9.120000000000000000e+02 1.940000000000000000e+03 2.279200000000000000e+04 -4.688000000000000000e+03 -5.060000000000000000e+02 1.314000000000000000e+03
4.400000000000000000e+01 2.248000000000000000e+03 2.606800000000000000e+04 -4.704000000000000000e+03 -5.660000000000000000e+02 1.614000000000000000e+03
-1.520000000000000000e+02 2.724000000000000000e+03 2.662400000000000000e+04 -4.672000000000000000e+03 -5.210000000000000000e+02 2.203000000000000000e+03
-6.400000000000000000e+01 2.928000000000000000e+03 2.461200000000000000e+04 -4.704000000000000000e+03 -4.520000000000000000e+02 1.610000000000000000e+03
4.400000000000000000e+01 2.308000000000000000e+03 2.011600000000000000e+04 -4.688000000000000000e+03 -3.510000000000000000e+02 1.202000000000000000e+03
1.600000000000000000e+02 2.292000000000000000e+03 1.832000000000000000e+04 -4.720000000000000000e+03 -3.350000000000000000e+02 7.770000000000000000e+02
1.020000000000000000e+03 2.168000000000000000e+03 1.704800000000000000e+04 -4.656000000000000000e+03 -9.800000000000000000e+01 1.430000000000000000e+02
1.244000000000000000e+03 2.748000000000000000e+03 1.528800000000000000e+04 -4.688000000000000000e+03 1.570000000000000000e+02 2.700000000000000000e+01
1.832000000000000000e+03 2.660000000000000000e+03 1.594400000000000000e+04 -4.688000000000000000e+03 3.100000000000000000e+02 -3.200000000000000000e+01
1.260000000000000000e+03 2.728000000000000000e+03 1.576800000000000000e+04 -4.672000000000000000e+03 -5.900000000000000000e+01 -9.700000000000000000e+01
1.560000000000000000e+03 2.548000000000000000e+03 1.555200000000000000e+04 -4.704000000000000000e+03 -5.890000000000000000e+02 8.140000000000000000e+02
2.348000000000000000e+03 1.912000000000000000e+03 1.556800000000000000e+04 -4.720000000000000000e+03 -5.630000000000000000e+02 1.350000000000000000e+02
3.040000000000000000e+03 1.768000000000000000e+03 1.603600000000000000e+04 -4.704000000000000000e+03 -2.790000000000000000e+02 -6.820000000000000000e+02
3.368000000000000000e+03 1.888000000000000000e+03 1.622400000000000000e+04 -4.688000000000000000e+03 -2.140000000000000000e+02 -7.300000000000000000e+01
3.604000000000000000e+03 2.196000000000000000e+03 1.572000000000000000e+04 -4.704000000000000000e+03 -8.300000000000000000e+01 8.100000000000000000e+01
3.628000000000000000e+03 2.220000000000000000e+03 1.401200000000000000e+04 -4.688000000000000000e+03 -2.020000000000000000e+02 1.600000000000000000e+02
