1.320000000000000000e+03 2.336000000000000000e+03 1.488800000000000000e+04 -4.720000000000000000e+03 -3.090000000000000000e+02 -5.900000000000000000e+02
1.188000000000000000e+03 2.084000000000000000e+03 1.552800000000000000e+04 -4.720000000000000000e+03 -3.030000000000000000e+02 -4.870000000000000000e+02
1.204000000000000000e+03 2.164000000000000000e+03 1.482400000000000000e+04 -4.704000000000000000e+03 -2.170000000000000000e+02 -2.160000000000000000e+02
1.340000000000000000e+03 2.260000000000000000e+03 1.410400000000000000e+04 -4.720000000000000000e+03 -2.810000000000000000e+02 -1.030000000000000000e+02
9.080000000000000000e+02 2.312000000000000000e+03 1.396000000000000000e+04 -4.736000000000000000e+03 -3.330000000000000000e+02 -6.600000000000000000e+01
9.720000000000000000e+02 2.076000000000000000e+03 1.441200000000000000e+04 -4.704000000000000000e+03 -3.370000000000000000e+02 1.950000000000000000e+02
6.560000000000000000e+02 2.196000000000000000e+03 1.474800000000000000e+04 -4.752000000000000000e+03 -3.310000000000000000e+02 2.300000000000000000e+01
1.268000000000000000e+03 2.176000000000000000e+03 1.494400000000000000e+04 -4.768000000000000000e+03 -3.760000000000000000e+02 3.280000000000000000e+02
1.580000000000000000e+03 2.048000000000000000e+03 1.457200000000000000e+04 -4.720000000000000000e+03 -4.280000000000000000e+02 1.550000000000000000e+02
1.824000000000000000e+03 2.188000000000000000e+03 1.436000000000000000e+04 -4.720000000000000000e+03 -5.360000000000000000e+02 8.700000000000000000e+01
1.540000000000000000e+03 2.168000000000000000e+03 1.447200000000000000e+04 -4.736000000000000000e+03 -4.960000000000000000e+02 2.250000000000000000e+02
1.448000000000000000e+03 1.868000000000000000e+03 1.458800000000000000e+04 -4.704000000000000000e+03 -4.960000000000000000e+02 1.680000000000000000e+02
1.692000000000000000e+03 1.904000000000000000e+03 1.504400000000000000e+04 -4.704000000000000000e+03 -5.010000000000000000e+02 1.980000000000000000e+02
1.700000000000000000e+03 1.880000000000000000e+03 1.422800000000000000e+04 -4.752000000000000000e+03 -4.880000000000000000e+02 2.460000000000000000e+02
1.704000000000000000e+03 2.140000000000000000e+03 1.446000000000000000e+04 -4.736000000000000000e+03 -4.360000000000000000e+02 3.310000000000000000e+02
1.712000000000000000e+03 2.128000000000000000e+03 1.434400000000000000e+04 -4.720000000000000000e+03 -3.430000000000000000e+02 3.620000000000000000e+02
1.836000000000000000e+03 2.176000000000000000e+03 1.431200000000000000e+04 -4.736000000000000000e+03 -2.420000000000000000e+02 4.050000000000000000e+02
1.716000000000000000e+03 2.024000000000000000e+03 1.450400000000000000e+04 -4.736000000000000000e+03 -1.590000000000000000e+02 4.890000000000000000e+02
2.472000000000000000e+03 2.168000000000000000e+03 1.426800000000000000e+04 -4.720000000000000000e+03 -1.480000000000000000e+02 5.810000000000000000e+02
2.072000000000000000e+03 2.196000000000000000e+03 1.402000000000000000e+04 -4.752000000000000000e+03 -1.410000000000000000e+02 8.560000000000000000e+02
1.904000000000000000e+03 2.116000000000000000e+03 1.411200000000000000e+04 -4.736000000000000000e+03 -1.590000000000000000e+02 8.750000000000000000e+02
2.144000000000000000e+03 2.112000000000000000e+03 1.424000000000000000e+04 -4.688000000000000000e+03 -2.040000000000000000e+02 9.150000000000000000e+02
2.140000000000000000e+03 2.020000000000000000e+03 1.434000000000000000e+04 -4.720000000000000000e+03 -2.040000000000000000e+02 7.150000000000000000e+02
1.956000000000000000e+03 2.004000000000000000e+03 1.444800000000000000e+04 -4.704000000000000000e+03 -2.710000000000000000e+02 6.510000000000000000e+02
1.916000000000000000e+03 2.116000000000000000e+03 1.456400000000000000e+04 -4.704000000000000000e+03 -2.740000000000000000e+02 7.870000000000000000e+02
1.868000000000000000e+03 2.152000000000000000e+03 1.456400000000000000e+04 -4.752000000000000000e+03 -3.310000000000000000e+02 6.700000000000000000e+02
1.596000000000000000e+03 2.096000000000000000e+03 1.477600000000000000e+04 -4.736000000000000000e+03 -3.860000000000000000e+02 7.750000000000000000e+02
1.772000000000000000e+03 2.104000000000000000e+03 1.500400000000000000e+04 -4.736000000000000000e+03 -4.600000000000000000e+02 1.184000000000000000e+03
1.764000000000000000e+03 2.224000000000000000e+03 1.501200000000000000e+04 -4.720000000000000000e+03 -6.420000000000000000e+02 9.800000000000000000e+02
1.892000000000000000e+03 2.272000000000000000e+03 1.504400000000000000e+04 -4.752000000000000000e+03 -5.950000000000000000e+02 1.192000000000000000e+03
1.940000000000000000e+03 2.284000000000000000e+03 1.555600000000000000e+04 -4.736000000000000000e+03 -6.410000000000000000e+02 1.526000000000000000e+03
1.444000000000000000e+03 2.236000000000000000e+03 1.566000000000000000e+04 -4.720000000000000000e+03 -6.160000000000000000e+02 1.719000000000000000e+03
1.292000000000000000e+03 2.184000000000000000e+03 1.438800000000000000e+04 -4.736000000000000000e+03 -6.830000000000000000e+02 1.967000000000000000e+03
1.156000000000000000e+03 1.896000000000000000e+03 1.399200000000000000e+04 -4.704000000000000000e+03 -8.880000000000000000e+02 2.114000000000000000e+03
1.236000000000000000e+03 1.876000000000000000e+03 1.446400000000000000e+04 -4.704000000000000000e+03 -9.780000000000000000e+02 2.254000000000000000e+03
1.420000000000000000e+03 1.364000000000000000e+03 1.446400000000000000e+04 -4.688000000000000000e+03 -7.010000000000000000e+02 1.384000000000000000e+03
1.700000000000000000e+03 1.192000000000000000e+03 1.455600000000000000e+04 -4.704000000000000000e+03 -7.650000000000000000e+02 2.336000000000000000e+03
1.696000000000000000e+03 1.612000000000000000e+03 1.286800000000000000e+04 -4.720000000000000000e+03 -8.160000000000000000e+02 1.642000000000000000e+03
1.300000000000000000e+03 2.008000000000000000e+03 8.544000000000000000e+03 -4.720000000000000000e+03 -7.040000000000000000e+02 2.505000000000000000e+03
7.120000000000000000e+02 2.408000000000000000e+03 7.052000000000000000e+03 -4.736000000000000000e+03 -5.510000000000000000e+02 2.501000000000000000e+03
8.160000000000000000e+02 2.100000000000000000e+03 7.892000000000000000e+03 -4.704000000000000000e+03 -6.750000000000000000e+02 1.509000000000000000e+03
8.280000000000000000e+02 8.560000000000000000e+02 6.492000000000000000e+03 -4.720000000000000000e+03 -6.400000000000000000e+02 6.780000000000000000e+02
8.000000000000000000e+02 7.520000000000000000e+02 5.164000000000000000e+03 -4.752000000000000000e+03 -6.720000000000000000e+02 7.710000000000000000e+02
-3.200000000000000000e+02 1.256000000000000000e+03 7.592000000000000000e+03 -4.736000000000000000e+03 -6.310000000000000000e+02 6.750000000000000000e+02
-5.200000000000000000e+01 1.188000000000000000e+03 1.086800000000000000e+04 -4.736000000000000000e+03 -7.630000000000000000e+02 1.960000000000000000e+02
6.000000000000000000e+01 1.008000000000000000e+03 1.292400000000000000e+04 -4.720000000000000000e+03 -6.780000000000000000e+02 -3.850000000000000000e+02
-3.240000000000000000e+02 9.440000000000000000e+02 1.528400000000000000e+04 -4.704000000000000000e+03 -6.330000000000000000e+02 -1.021000000000000000e+03
1.376000000000000000e+03 8.480000000000000000e+02 1.568400000000000000e+04 -4.736000000000000000e+03 -6.490000000000000000e+02 -1.141000000000000000e+03
1.356000000000000000e+03 1.356000000000000000e+03 1.627600000000000000e+04 -4.736000000000000000e+03 -3.570000000000000000e+02 -1.635000000000000000e+03
-6.400000000000000000e+01 1.700000000000000000e+03 1.608400000000000000e+04 -4.704000000000000000e+03 -3.030000000000000000e+02 -2.278000000000000000e+03
-9.440000000000000000e+02 2.104000000000000000e+03 1.754400000000000000e+04 -4.752000000000000000e+03 1.650000000000000000e+02 -2.133000000000000000e+03
-2.724000000000000000e+03 2.056000000000000000e+03 1.654800000000000000e+04 -4.736000000000000000e+03 6.500000000000000000e+01 -2.697000000000000000e+03
-9.280000000000000000e+02 1.408000000000000000e+03 1.666400000000000000e+04 -4.720000000000000000e+03 4.250000000000000000e+02 -2.338000000000000000e+03
2.920000000000000000e+02 1.368000000000000000e+03 1.719200000000000000e+04 -4.720000000000000000e+03 8.800000000000000000e+01 -2.131000000000000000e+03
-2.600000000000000000e+02 1.608000000000000000e+03 2.102400000000000000e+04 -4.752000000000000000e+03 -4.380000000000000000e+02 -1.795000000000000000e+03
-8.800000000000000000e+02 1.744000000000000000e+03 2.352000000000000000e+04 -4.768000000000000000e+03 -3.000000000000000000e+02 -2.588000000000000000e+03
-9.880000000000000000e+02 1.584000000000000000e+03 2.846800000000000000e+04 -4.720000000000000000e+03 -9.000000000000000000e+01 -2.025000000000000000e+03
-2.800000000000000000e+01 1.852000000000000000e+03 3.264800000000000000e+04 -4.736000000000000000e+03 1.650000000000000000e+02 -1.857000000000000000e+03
-3.560000000000000000e+02 1.960000000000000000e+03 2.887600000000000000e+04 -4.720000000000000000e+03 2.610000000000000000e+02 -1.949000000000000000e+03
-7.080000000000000000e+02 2.632000000000000000e+03 2.128000000000000000e+04 -4.768000000000000000e+03 2.640000000000000000e+02 -2.405000000000000000e+03
-3.400000000000000000e+02 2.864000000000000000e+03 1.783200000000000000e+04 -4.704000000000000000e+03 2.060000000000000000e+02 -2.080000000000000000e+03
3.200000000000000000e+02 2.448000000000000000e+03 1.612400000000000000e+04 -4.752000000000000000e+03 2.740000000000000000e+02 -1.667000000000000000e+03
-1.152000000000000000e+03 1.872000000000000000e+03 1.599200000000000000e+04 -4.720000000000000000e+03 2.120000000000000000e+02 -1.419000000000000000e+03
-1.328000000000000000e+03 2.128000000000000000e+03 1.558000000000000000e+04 -4.736000000000000000e+03 1.670000000000000000e+02 -1.264000000000000000e+03
4.600000000000000000e+02 2.088000000000000000e+03 1.560400000000000000e+04 -4.736000000000000000e+03 1.510000000000000000e+02 -8.040000000000000000e+02
1.460000000000000000e+03 2.436000000000000000e+03 1.563600000000000000e+04 -4.720000000000000000e+03 6.800000000000000000e+01 -3.390000000000000000e+02
1.532000000000000000e+03 1.856000000000000000e+03 1.602400000000000000e+04 -4.752000000000000000e+03 1.120000000000000000e+02 -5.210000000000000000e+02
2.240000000000000000e+03 1.524000000000000000e+03 1.575200000000000000e+04 -4.736000000000000000e+03 -1.340000000000000000e+02 -1.450000000000000000e+03
3.164000000000000000e+03 1.772000000000000000e+03 1.602000000000000000e+04 -4.720000000000000000e+03 -8.000000000000000000e+01 -3.230000000000000000e+02
2.540000000000000000e+03 2.064000000000000000e+03 1.437200000000000000e+04 -4.704000000000000000e+03 1.290000000000000000e+02 3.400000000000000000e+02
2.144000000000000000e+03 2.200000000000000000e+03 1.303200000000000000e+04 -4.688000000000000000e+03 9.300000000000000000e+01 -1.096000000000000000e+03
2.304000000000000000e+03 2.352000000000000000e+03 1.081600000000000000e+04 -4.704000000000000000e+03 1.380000000000000000e+02 -2.670000000000000000e+02
3.040000000000000000e+03 2.072000000000000000e+03 6.196000000000000000e+03 -4.720000000000000000e+03 4.250000000000000000e+02 -4.430000000000000000e+02
3.932000000000000000e+03 1.860000000000000000e+03 3.568000000000000000e+03 -4.720000000000000000e+03 4.110000000000000000e+02 -4.780000000000000000e+02
