-1.932000000000000000e+03 1.184000000000000000e+03 1.517600000000000000e+04 -4.672000000000000000e+03 -1.290000000000000000e+02 3.540000000000000000e+02
-1.608000000000000000e+03 1.288000000000000000e+03 1.555200000000000000e+04 -4.672000000000000000e+03 -2.010000000000000000e+02 3.210000000000000000e+02
-9.280000000000000000e+02 1.472000000000000000e+03 1.380800000000000000e+04 -4.672000000000000000e+03 -1.780000000000000000e+02 2.740000000000000000e+02
-7.440000000000000000e+02 1.672000000000000000e+03 1.319200000000000000e+04 -4.704000000000000000e+03 -2.150000000000000000e+02 4.000000000000000000e+00
-1.216000000000000000e+03 1.620000000000000000e+03 1.343600000000000000e+04 -4.704000000000000000e+03 -3.090000000000000000e+02 -2.750000000000000000e+02
-1.576000000000000000e+03 1.476000000000000000e+03 1.450000000000000000e+04 -4.672000000000000000e+03 -3.450000000000000000e+02 -4.410000000000000000e+02
-2.044000000000000000e+03 1.344000000000000000e+03 1.536000000000000000e+04 -4.704000000000000000e+03 -3.950000000000000000e+02 -2.280000000000000000e+02
-8.640000000000000000e+02 1.360000000000000000e+03 1.518000000000000000e+04 -4.672000000000000000e+03 -3.570000000000000000e+02 -1.620000000000000000e+02
-6.600000000000000000e+02 1.292000000000000000e+03 1.416000000000000000e+04 -4.672000000000000000e+03 -3.540000000000000000e+02 -3.600000000000000000e+01
-8.600000000000000000e+02 1.296000000000000000e+03 1.452800000000000000e+04 -4.656000000000000000e+03 -3.620000000000000000e+02 2.300000000000000000e+01
-1.208000000000000000e+03 1.012000000000000000e+03 1.480000000000000000e+04 -4.688000000000000000e+03 -3.640000000000000000e+02 3.280000000000000000e+02
-6.600000000000000000e+02 1.100000000000000000e+03 1.480400000000000000e+04 -4.624000000000000000e+03 -4.180000000000000000e+02 6.160000000000000000e+02
-5.880000000000000000e+02 9.480000000000000000e+02 1.495200000000000000e+04 -4.656000000000000000e+03 -4.110000000000000000e+02 9.470000000000000000e+02
-2.360000000000000000e+02 8.200000000000000000e+02 1.452400000000000000e+04 -4.672000000000000000e+03 -5.070000000000000000e+02 7.340000000000000000e+02
3.200000000000000000e+01 1.188000000000000000e+03 1.460400000000000000e+04 -4.688000000000000000e+03 -7.600000000000000000e+02 1.074000000000000000e+03
-2.320000000000000000e+02 1.428000000000000000e+03 1.472800000000000000e+04 -4.672000000000000000e+03 -7.630000000000000000e+02 5.880000000000000000e+02
-4.080000000000000000e+02 1.396000000000000000e+03 1.519600000000000000e+04 -4.656000000000000000e+03 -3.540000000000000000e+02 -8.890000000000000000e+02
-5.960000000000000000e+02 1.320000000000000000e+03 1.526400000000000000e+04 -4.640000000000000000e+03 -3.280000000000000000e+02 2.980000000000000000e+02
-6.320000000000000000e+02 1.192000000000000000e+03 1.505600000000000000e+04 -4.688000000000000000e+03 -4.940000000000000000e+02 3.060000000000000000e+02
-5.280000000000000000e+02 1.048000000000000000e+03 1.450000000000000000e+04 -4.688000000000000000e+03 -1.630000000000000000e+02 1.110000000000000000e+03
-5.400000000000000000e+02 1.088000000000000000e+03 1.443600000000000000e+04 -4.656000000000000000e+03 -4.110000000000000000e+02 1.220000000000000000e+02
-5.040000000000000000e+02 1.040000000000000000e+03 1.453600000000000000e+04 -4.656000000000000000e+03 -3.610000000000000000e+02 -1.070000000000000000e+02
-7.480000000000000000e+02 1.024000000000000000e+03 1.470800000000000000e+04 -4.688000000000000000e+03 -3.610000000000000000e+02 -6.200000000000000000e+01
-7.120000000000000000e+02 1.036000000000000000e+03 1.501600000000000000e+04 -4.672000000000000000e+03 -4.630000000000000000e+02 1.390000000000000000e+02
-6.440000000000000000e+02 1.300000000000000000e+03 1.406400000000000000e+04 -4.656000000000000000e+03 -3.390000000000000000e+02 3.980000000000000000e+02
-4.600000000000000000e+02 1.440000000000000000e+03 1.318400000000000000e+04 -4.656000000000000000e+03 -2.960000000000000000e+02 -1.560000000000000000e+02
-4.960000000000000000e+02 1.396000000000000000e+03 1.030000000000000000e+04 -4.640000000000000000e+03 -3.580000000000000000e+02 -5.530000000000000000e+02
-5.040000000000000000e+02 1.632000000000000000e+03 4.728000000000000000e+03 -4.640000000000000000e+03 -2.750000000000000000e+02 -8.640000000000000000e+02
-1.032000000000000000e+03 1.308000000000000000e+03 4.844000000000000000e+03 -4.672000000000000000e+03 -1.920000000000000000e+02 -1.395000000000000000e+03
-8.520000000000000000e+02 5.600000000000000000e+02 6.528000000000000000e+03 -4.688000000000000000e+03 0.000000000000000000e+00 -1.859000000000000000e+03
-6.160000000000000000e+02 2.360000000000000000e+02 8.392000000000000000e+03 -4.640000000000000000e+03 1.570000000000000000e+02 -2.047000000000000000e+03
-6.320000000000000000e+02 4.040000000000000000e+02 9.812000000000000000e+03 -4.688000000000000000e+03 3.930000000000000000e+02 -1.833000000000000000e+03
-4.000000000000000000e+02 2.000000000000000000e+02 1.211600000000000000e+04 -4.672000000000000000e+03 5.430000000000000000e+02 -2.022000000000000000e+03
-7.640000000000000000e+02 1.000000000000000000e+02 1.205200000000000000e+04 -4.672000000000000000e+03 5.380000000000000000e+02 -1.606000000000000000e+03
7.600000000000000000e+01 5.960000000000000000e+02 1.424000000000000000e+04 -4.672000000000000000e+03 2.460000000000000000e+02 -1.059000000000000000e+03
-1.080000000000000000e+03 9.040000000000000000e+02 1.574000000000000000e+04 -4.672000000000000000e+03 -1.200000000000000000e+02 -5.330000000000000000e+02
-1.692000000000000000e+03 1.396000000000000000e+03 1.574400000000000000e+04 -4.672000000000000000e+03 -3.500000000000000000e+02 -4.130000000000000000e+02
-6.840000000000000000e+02 1.740000000000000000e+03 1.607600000000000000e+04 -4.656000000000000000e+03 -3.060000000000000000e+02 -1.470000000000000000e+02
-1.320000000000000000e+02 1.164000000000000000e+03 1.676000000000000000e+04 -4.704000000000000000e+03 -3.830000000000000000e+02 -4.700000000000000000e+01
-1.400000000000000000e+02 1.108000000000000000e+03 1.676400000000000000e+04 -4.688000000000000000e+03 -4.410000000000000000e+02 4.300000000000000000e+01
-2.920000000000000000e+02 9.120000000000000000e+02 1.628000000000000000e+04 -4.688000000000000000e+03 -4.250000000000000000e+02 -2.520000000000000000e+02
-1.204000000000000000e+03 1.312000000000000000e+03 1.740400000000000000e+04 -4.672000000000000000e+03 -3.560000000000000000e+02 -2.590000000000000000e+02
-6.040000000000000000e+02 1.156000000000000000e+03 1.748400000000000000e+04 -4.672000000000000000e+03 -3.060000000000000000e+02 -4.700000000000000000e+01
-9.720000000000000000e+02 1.548000000000000000e+03 1.991200000000000000e+04 -4.688000000000000000e+03 -2.910000000000000000e+02 -1.800000000000000000e+01
5.360000000000000000e+02 1.488000000000000000e+03 2.236400000000000000e+04 -4.688000000000000000e+03 -3.010000000000000000e+02 4.190000000000000000e+02
3.800000000000000000e+02 2.168000000000000000e+03 2.700000000000000000e+04 -4.656000000000000000e+03 -4.120000000000000000e+02 3.000000000000000000e+02
1.320000000000000000e+02 1.960000000000000000e+03 2.854800000000000000e+04 -4.640000000000000000e+03 -5.440000000000000000e+02 4.450000000000000000e+02
-5.240000000000000000e+02 2.516000000000000000e+03 2.727600000000000000e+04 -4.688000000000000000e+03 -5.370000000000000000e+02 6.520000000000000000e+02
3.640000000000000000e+02 2.324000000000000000e+03 2.198400000000000000e+04 -4.688000000000000000e+03 -5.840000000000000000e+02 9.180000000000000000e+02
-1.760000000000000000e+02 2.416000000000000000e+03 1.900800000000000000e+04 -4.688000000000000000e+03 -4.490000000000000000e+02 5.310000000000000000e+02
4.320000000000000000e+02 1.968000000000000000e+03 1.779200000000000000e+04 -4.688000000000000000e+03 -3.970000000000000000e+02 1.220000000000000000e+02
-2.200000000000000000e+02 2.032000000000000000e+03 1.703600000000000000e+04 -4.672000000000000000e+03 -3.830000000000000000e+02 6.760000000000000000e+02
3.360000000000000000e+02 1.780000000000000000e+03 1.551200000000000000e+04 -4.656000000000000000e+03 -1.580000000000000000e+02 1.136000000000000000e+03
1.280000000000000000e+03 1.736000000000000000e+03 1.575200000000000000e+04 -4.656000000000000000e+03 2.410000000000000000e+02 6.820000000000000000e+02
2.400000000000000000e+03 1.500000000000000000e+03 1.558000000000000000e+04 -4.672000000000000000e+03 5.380000000000000000e+02 6.880000000000000000e+02
1.828000000000000000e+03 1.608000000000000000e+03 1.667200000000000000e+04 -4.672000000000000000e+03 8.400000000000000000e+01 1.340000000000000000e+03
2.168000000000000000e+03 1.684000000000000000e+03 1.688000000000000000e+04 -4.640000000000000000e+03 -3.310000000000000000e+02 9.570000000000000000e+02
2.700000000000000000e+03 1.940000000000000000e+03 1.702000000000000000e+04 -4.672000000000000000e+03 -4.530000000000000000e+02 9.430000000000000000e+02
2.288000000000000000e+03 1.680000000000000000e+03 1.496400000000000000e+04 -4.672000000000000000e+03 -1.410000000000000000e+02 8.460000000000000000e+02
2.140000000000000000e+03 1.768000000000000000e+03 1.253600000000000000e+04 -4.656000000000000000e+03 9.000000000000000000e+01 5.530000000000000000e+02
1.812000000000000000e+03 1.912000000000000000e+03 9.080000000000000000e+03 -4.672000000000000000e+03 9.500000000000000000e+01 2.450000000000000000e+02
2.400000000000000000e+03 1.572000000000000000e+03 5.732000000000000000e+03 -4.704000000000000000e+03 -9.900000000000000000e+01 8.200000000000000000e+01
1.976000000000000000e+03 1.068000000000000000e+03 4.608000000000000000e+03 -4.656000000000000000e+03 -1.320000000000000000e+02 2.090000000000000000e+02
2.408000000000000000e+03 3.240000000000000000e+02 3.280000000000000000e+03 -4.656000000000000000e+03 -7.800000000000000000e+01 -1.930000000000000000e+02
1.660000000000000000e+03 1.800000000000000000e+02 3.268000000000000000e+03 -4.688000000000000000e+03 -5.800000000000000000e+01 -4.580000000000000000e+02
