-7.952000000000000000e+03 1.820000000000000000e+03 1.223200000000000000e+04 -4.784000000000000000e+03 -3.490000000000000000e+02 1.387000000000000000e+03
-8.012000000000000000e+03 1.836000000000000000e+03 1.232400000000000000e+04 -4.768000000000000000e+03 -3.460000000000000000e+02 1.330000000000000000e+03
-8.148000000000000000e+03 1.748000000000000000e+03 1.216400000000000000e+04 -4.768000000000000000e+03 -3.420000000000000000e+02 1.321000000000000000e+03
-7.988000000000000000e+03 1.772000000000000000e+03 1.226000000000000000e+04 -4.736000000000000000e+03 -3.550000000000000000e+02 1.267000000000000000e+03
-7.800000000000000000e+03 1.756000000000000000e+03 1.240400000000000000e+04 -4.752000000000000000e+03 -3.530000000000000000e+02 1.155000000000000000e+03
-7.812000000000000000e+03 1.760000000000000000e+03 1.234400000000000000e+04 -4.784000000000000000e+03 -3.450000000000000000e+02 1.117000000000000000e+03
-7.740000000000000000e+03 1.860000000000000000e+03 1.233600000000000000e+04 -4.784000000000000000e+03 -3.330000000000000000e+02 1.136000000000000000e+03
-7.640000000000000000e+03 1.864000000000000000e+03 1.222400000000000000e+04 -4.752000000000000000e+03 -3.350000000000000000e+02 1.102000000000000000e+03
-7.512000000000000000e+03 1.956000000000000000e+03 1.251200000000000000e+04 -4.752000000000000000e+03 -3.320000000000000000e+02 1.087000000000000000e+03
-7.424000000000000000e+03 1.800000000000000000e+03 1.220800000000000000e+04 -4.768000000000000000e+03 -3.370000000000000000e+02 9.500000000000000000e+02
-7.392000000000000000e+03 1.964000000000000000e+03 1.197600000000000000e+04 -4.768000000000000000e+03 -3.480000000000000000e+02 9.090000000000000000e+02
-7.436000000000000000e+03 1.872000000000000000e+03 1.207600000000000000e+04 -4.736000000000000000e+03 -3.540000000000000000e+02 7.670000000000000000e+02
-7.420000000000000000e+03 1.724000000000000000e+03 1.208400000000000000e+04 -4.768000000000000000e+03 -3.570000000000000000e+02 6.670000000000000000e+02
-7.592000000000000000e+03 1.904000000000000000e+03 1.212800000000000000e+04 -4.736000000000000000e+03 -3.690000000000000000e+02 3.350000000000000000e+02
-7.656000000000000000e+03 1.796000000000000000e+03 1.213600000000000000e+04 -4.736000000000000000e+03 -4.840000000000000000e+02 5.800000000000000000e+01
-7.748000000000000000e+03 1.640000000000000000e+03 1.177600000000000000e+04 -4.720000000000000000e+03 -5.330000000000000000e+02 -2.580000000000000000e+02
-7.748000000000000000e+03 1.828000000000000000e+03 1.167200000000000000e+04 -4.720000000000000000e+03 -4.900000000000000000e+02 -4.900000000000000000e+02
-7.620000000000000000e+03 1.792000000000000000e+03 1.174400000000000000e+04 -4.768000000000000000e+03 -5.120000000000000000e+02 -7.690000000000000000e+02
-7.832000000000000000e+03 1.736000000000000000e+03 1.168000000000000000e+04 -4.752000000000000000e+03 -5.250000000000000000e+02 -5.800000000000000000e+02
-7.888000000000000000e+03 1.776000000000000000e+03 1.177600000000000000e+04 -4.736000000000000000e+03 -5.930000000000000000e+02 -1.178000000000000000e+03
-8.068000000000000000e+03 1.668000000000000000e+03 1.171200000000000000e+04 -4.736000000000000000e+03 -6.090000000000000000e+02 -1.084000000000000000e+03
-8.088000000000000000e+03 1.652000000000000000e+03 1.164800000000000000e+04 -4.768000000000000000e+03 -4.020000000000000000e+02 -1.313000000000000000e+03
-8.208000000000000000e+03 1.784000000000000000e+03 1.144800000000000000e+04 -4.768000000000000000e+03 -2.620000000000000000e+02 -1.496000000000000000e+03
-8.376000000000000000e+03 1.940000000000000000e+03 1.147200000000000000e+04 -4.736000000000000000e+03 -3.250000000000000000e+02 -2.019000000000000000e+03
-8.652000000000000000e+03 1.916000000000000000e+03 1.224800000000000000e+04 -4.752000000000000000e+03 -1.450000000000000000e+02 -1.769000000000000000e+03
-8.744000000000000000e+03 1.644000000000000000e+03 1.232400000000000000e+04 -4.752000000000000000e+03 -2.380000000000000000e+02 -2.222000000000000000e+03
-8.728000000000000000e+03 1.752000000000000000e+03 1.183200000000000000e+04 -4.736000000000000000e+03 -3.990000000000000000e+02 -2.554000000000000000e+03
-8.772000000000000000e+03 1.640000000000000000e+03 1.138800000000000000e+04 -4.752000000000000000e+03 -2.530000000000000000e+02 -3.301000000000000000e+03
-8.876000000000000000e+03 1.624000000000000000e+03 1.101200000000000000e+04 -4.768000000000000000e+03 -4.700000000000000000e+02 -3.627000000000000000e+03
-9.204000000000000000e+03 1.788000000000000000e+03 1.006000000000000000e+04 -4.752000000000000000e+03 -3.830000000000000000e+02 -3.747000000000000000e+03
-9.760000000000000000e+03 1.744000000000000000e+03 8.480000000000000000e+03 -4.768000000000000000e+03 -4.040000000000000000e+02 -3.782000000000000000e+03
-1.008800000000000000e+04 1.672000000000000000e+03 6.008000000000000000e+03 -4.720000000000000000e+03 -3.590000000000000000e+02 -3.854000000000000000e+03
-9.552000000000000000e+03 1.624000000000000000e+03 3.304000000000000000e+03 -4.768000000000000000e+03 -2.550000000000000000e+02 -3.621000000000000000e+03
-9.556000000000000000e+03 1.492000000000000000e+03 5.364000000000000000e+03 -4.768000000000000000e+03 -1.650000000000000000e+02 -3.004000000000000000e+03
-9.436000000000000000e+03 1.464000000000000000e+03 5.124000000000000000e+03 -4.784000000000000000e+03 -4.700000000000000000e+01 -2.600000000000000000e+03
-8.856000000000000000e+03 1.332000000000000000e+03 7.208000000000000000e+03 -4.768000000000000000e+03 2.200000000000000000e+01 -2.396000000000000000e+03
-7.716000000000000000e+03 1.080000000000000000e+03 1.007200000000000000e+04 -4.752000000000000000e+03 1.600000000000000000e+01 -1.322000000000000000e+03
-6.356000000000000000e+03 7.400000000000000000e+02 1.048000000000000000e+04 -4.752000000000000000e+03 -2.260000000000000000e+02 -1.257000000000000000e+03
-4.320000000000000000e+03 8.520000000000000000e+02 1.225600000000000000e+04 -4.736000000000000000e+03 -5.240000000000000000e+02 -6.020000000000000000e+02
-4.780000000000000000e+03 6.680000000000000000e+02 1.310000000000000000e+04 -4.768000000000000000e+03 -5.390000000000000000e+02 -4.970000000000000000e+02
-4.064000000000000000e+03 1.028000000000000000e+03 1.277600000000000000e+04 -4.752000000000000000e+03 -3.320000000000000000e+02 8.800000000000000000e+01
-4.308000000000000000e+03 1.776000000000000000e+03 1.334800000000000000e+04 -4.736000000000000000e+03 -3.070000000000000000e+02 2.170000000000000000e+02
-4.912000000000000000e+03 2.084000000000000000e+03 1.376800000000000000e+04 -4.752000000000000000e+03 -8.900000000000000000e+01 9.900000000000000000e+01
-5.696000000000000000e+03 2.168000000000000000e+03 1.466000000000000000e+04 -4.736000000000000000e+03 -4.500000000000000000e+01 2.330000000000000000e+02
-6.592000000000000000e+03 1.652000000000000000e+03 1.644000000000000000e+04 -4.736000000000000000e+03 -1.090000000000000000e+02 4.610000000000000000e+02
-7.364000000000000000e+03 1.156000000000000000e+03 2.026000000000000000e+04 -4.768000000000000000e+03 -6.800000000000000000e+01 8.240000000000000000e+02
-6.308000000000000000e+03 1.356000000000000000e+03 2.246800000000000000e+04 -4.768000000000000000e+03 -5.200000000000000000e+01 1.724000000000000000e+03
-6.532000000000000000e+03 1.740000000000000000e+03 2.667600000000000000e+04 -4.752000000000000000e+03 1.900000000000000000e+01 1.650000000000000000e+03
-6.776000000000000000e+03 2.252000000000000000e+03 2.872400000000000000e+04 -4.736000000000000000e+03 -9.000000000000000000e+01 1.811000000000000000e+03
-6.628000000000000000e+03 2.380000000000000000e+03 2.651200000000000000e+04 -4.752000000000000000e+03 -7.900000000000000000e+01 2.074000000000000000e+03
-7.632000000000000000e+03 2.852000000000000000e+03 2.051600000000000000e+04 -4.784000000000000000e+03 -2.210000000000000000e+02 2.255000000000000000e+03
-7.116000000000000000e+03 2.444000000000000000e+03 1.750800000000000000e+04 -4.736000000000000000e+03 -2.260000000000000000e+02 2.351000000000000000e+03
-8.668000000000000000e+03 3.112000000000000000e+03 1.559600000000000000e+04 -4.752000000000000000e+03 -3.710000000000000000e+02 1.924000000000000000e+03
-8.520000000000000000e+03 3.608000000000000000e+03 1.496000000000000000e+04 -4.736000000000000000e+03 -2.670000000000000000e+02 2.260000000000000000e+03
-8.840000000000000000e+03 3.228000000000000000e+03 1.630800000000000000e+04 -4.752000000000000000e+03 -2.870000000000000000e+02 2.272000000000000000e+03
-9.980000000000000000e+03 2.560000000000000000e+03 1.640800000000000000e+04 -4.752000000000000000e+03 -2.250000000000000000e+02 2.224000000000000000e+03
-7.428000000000000000e+03 2.276000000000000000e+03 1.590400000000000000e+04 -4.784000000000000000e+03 -1.470000000000000000e+02 6.640000000000000000e+02
-5.784000000000000000e+03 2.092000000000000000e+03 1.510400000000000000e+04 -4.752000000000000000e+03 1.350000000000000000e+02 1.455000000000000000e+03
-4.648000000000000000e+03 2.224000000000000000e+03 1.536000000000000000e+04 -4.752000000000000000e+03 4.550000000000000000e+02 1.381000000000000000e+03
-3.748000000000000000e+03 2.420000000000000000e+03 1.430800000000000000e+04 -4.768000000000000000e+03 -1.870000000000000000e+02 1.016000000000000000e+03
-3.876000000000000000e+03 2.740000000000000000e+03 1.356400000000000000e+04 -4.736000000000000000e+03 -6.520000000000000000e+02 1.183000000000000000e+03
-4.100000000000000000e+03 2.528000000000000000e+03 1.200000000000000000e+04 -4.720000000000000000e+03 -4.980000000000000000e+02 -5.050000000000000000e+02
-4.200000000000000000e+03 2.300000000000000000e+03 1.058800000000000000e+04 -4.720000000000000000e+03 -2.680000000000000000e+02 1.130000000000000000e+03
-4.288000000000000000e+03 2.024000000000000000e+03 8.124000000000000000e+03 -4.768000000000000000e+03 -2.470000000000000000e+02 1.303000000000000000e+03
-5.220000000000000000e+03 2.116000000000000000e+03 5.712000000000000000e+03 -4.784000000000000000e+03 -3.910000000000000000e+02 6.890000000000000000e+02
-4.752000000000000000e+03 1.888000000000000000e+03 4.452000000000000000e+03 -4.784000000000000000e+03 -4.500000000000000000e+02 4.880000000000000000e+02
-4.612000000000000000e+03 1.464000000000000000e+03 3.496000000000000000e+03 -4.784000000000000000e+03 -5.120000000000000000e+02 3.770000000000000000e+02
