-8.924000000000000000e+03 1.588000000000000000e+03 1.191600000000000000e+04 -4.768000000000000000e+03 -5.430000000000000000e+02 1.140000000000000000e+03
-8.940000000000000000e+03 1.444000000000000000e+03 1.228800000000000000e+04 -4.768000000000000000e+03 -5.350000000000000000e+02 1.161000000000000000e+03
-9.208000000000000000e+03 1.540000000000000000e+03 1.223200000000000000e+04 -4.768000000000000000e+03 -5.270000000000000000e+02 1.378000000000000000e+03
-9.012000000000000000e+03 1.672000000000000000e+03 1.224400000000000000e+04 -4.752000000000000000e+03 -5.480000000000000000e+02 1.430000000000000000e+03
-8.876000000000000000e+03 1.644000000000000000e+03 1.251600000000000000e+04 -4.768000000000000000e+03 -4.960000000000000000e+02 1.424000000000000000e+03
-8.380000000000000000e+03 1.236000000000000000e+03 1.256000000000000000e+04 -4.784000000000000000e+03 -4.160000000000000000e+02 1.350000000000000000e+03
-8.196000000000000000e+03 9.640000000000000000e+02 1.269600000000000000e+04 -4.736000000000000000e+03 -3.630000000000000000e+02 1.327000000000000000e+03
-8.220000000000000000e+03 1.204000000000000000e+03 1.261600000000000000e+04 -4.784000000000000000e+03 -3.120000000000000000e+02 1.239000000000000000e+03
-6.904000000000000000e+03 1.368000000000000000e+03 1.277200000000000000e+04 -4.768000000000000000e+03 -1.770000000000000000e+02 1.094000000000000000e+03
-7.684000000000000000e+03 1.464000000000000000e+03 1.274000000000000000e+04 -4.768000000000000000e+03 -1.690000000000000000e+02 8.450000000000000000e+02
-7.252000000000000000e+03 1.564000000000000000e+03 1.280000000000000000e+04 -4.736000000000000000e+03 -7.700000000000000000e+01 5.700000000000000000e+02
-7.064000000000000000e+03 1.516000000000000000e+03 1.276400000000000000e+04 -4.736000000000000000e+03 -2.600000000000000000e+01 3.180000000000000000e+02
-7.068000000000000000e+03 1.400000000000000000e+03 1.295200000000000000e+04 -4.768000000000000000e+03 -7.000000000000000000e+00 2.500000000000000000e+02
-6.664000000000000000e+03 1.620000000000000000e+03 1.291600000000000000e+04 -4.768000000000000000e+03 -5.000000000000000000e+00 4.600000000000000000e+01
-6.664000000000000000e+03 1.780000000000000000e+03 1.274000000000000000e+04 -4.752000000000000000e+03 1.200000000000000000e+01 -8.800000000000000000e+01
-6.576000000000000000e+03 1.660000000000000000e+03 1.241600000000000000e+04 -4.720000000000000000e+03 -4.700000000000000000e+01 -1.630000000000000000e+02
-6.700000000000000000e+03 1.292000000000000000e+03 1.232000000000000000e+04 -4.752000000000000000e+03 -1.270000000000000000e+02 5.200000000000000000e+01
-6.492000000000000000e+03 1.132000000000000000e+03 1.235600000000000000e+04 -4.752000000000000000e+03 -2.370000000000000000e+02 -7.900000000000000000e+01
-6.560000000000000000e+03 1.376000000000000000e+03 1.217600000000000000e+04 -4.736000000000000000e+03 -2.050000000000000000e+02 -1.140000000000000000e+02
-6.660000000000000000e+03 1.376000000000000000e+03 1.206800000000000000e+04 -4.752000000000000000e+03 -2.010000000000000000e+02 -1.076000000000000000e+03
-6.564000000000000000e+03 1.376000000000000000e+03 1.222000000000000000e+04 -4.752000000000000000e+03 -5.600000000000000000e+01 1.200000000000000000e+01
-6.756000000000000000e+03 1.200000000000000000e+03 1.232800000000000000e+04 -4.768000000000000000e+03 -2.680000000000000000e+02 -5.980000000000000000e+02
-6.852000000000000000e+03 1.212000000000000000e+03 1.233200000000000000e+04 -4.752000000000000000e+03 -1.430000000000000000e+02 -3.170000000000000000e+02
-6.876000000000000000e+03 1.304000000000000000e+03 1.248800000000000000e+04 -4.768000000000000000e+03 -2.650000000000000000e+02 -8.430000000000000000e+02
-6.984000000000000000e+03 1.340000000000000000e+03 1.235600000000000000e+04 -4.768000000000000000e+03 -2.110000000000000000e+02 -1.204000000000000000e+03
-7.056000000000000000e+03 1.444000000000000000e+03 1.242800000000000000e+04 -4.736000000000000000e+03 -2.180000000000000000e+02 -1.614000000000000000e+03
-7.272000000000000000e+03 1.652000000000000000e+03 1.158000000000000000e+04 -4.784000000000000000e+03 -1.370000000000000000e+02 -1.742000000000000000e+03
-7.440000000000000000e+03 1.560000000000000000e+03 1.053600000000000000e+04 -4.752000000000000000e+03 -2.050000000000000000e+02 -1.497000000000000000e+03
-7.468000000000000000e+03 1.568000000000000000e+03 7.624000000000000000e+03 -4.768000000000000000e+03 -1.710000000000000000e+02 -1.770000000000000000e+03
-7.648000000000000000e+03 1.412000000000000000e+03 5.428000000000000000e+03 -4.768000000000000000e+03 -9.500000000000000000e+01 -1.528000000000000000e+03
-7.784000000000000000e+03 1.436000000000000000e+03 4.772000000000000000e+03 -4.752000000000000000e+03 -5.000000000000000000e+00 -1.137000000000000000e+03
-7.972000000000000000e+03 1.348000000000000000e+03 5.752000000000000000e+03 -4.736000000000000000e+03 1.100000000000000000e+01 -7.810000000000000000e+02
-8.160000000000000000e+03 1.304000000000000000e+03 6.616000000000000000e+03 -4.752000000000000000e+03 8.900000000000000000e+01 -3.550000000000000000e+02
-8.324000000000000000e+03 1.312000000000000000e+03 6.628000000000000000e+03 -4.752000000000000000e+03 2.160000000000000000e+02 -2.280000000000000000e+02
-8.296000000000000000e+03 1.240000000000000000e+03 9.324000000000000000e+03 -4.752000000000000000e+03 -5.700000000000000000e+01 -1.630000000000000000e+02
-7.832000000000000000e+03 9.320000000000000000e+02 1.024400000000000000e+04 -4.768000000000000000e+03 -4.450000000000000000e+02 1.070000000000000000e+02
-5.888000000000000000e+03 6.200000000000000000e+02 1.225600000000000000e+04 -4.752000000000000000e+03 -5.070000000000000000e+02 -1.040000000000000000e+02
-4.648000000000000000e+03 1.240000000000000000e+02 1.243600000000000000e+04 -4.736000000000000000e+03 -2.550000000000000000e+02 -1.890000000000000000e+02
-4.344000000000000000e+03 1.720000000000000000e+02 1.395200000000000000e+04 -4.736000000000000000e+03 -1.910000000000000000e+02 1.380000000000000000e+02
-3.984000000000000000e+03 5.400000000000000000e+02 1.304400000000000000e+04 -4.768000000000000000e+03 2.000000000000000000e+01 -7.200000000000000000e+01
-3.672000000000000000e+03 1.008000000000000000e+03 1.515200000000000000e+04 -4.736000000000000000e+03 1.400000000000000000e+01 -3.460000000000000000e+02
-3.648000000000000000e+03 1.836000000000000000e+03 1.713600000000000000e+04 -4.768000000000000000e+03 -1.280000000000000000e+02 -3.250000000000000000e+02
-4.552000000000000000e+03 2.112000000000000000e+03 1.842400000000000000e+04 -4.768000000000000000e+03 5.800000000000000000e+01 3.470000000000000000e+02
-5.064000000000000000e+03 2.316000000000000000e+03 2.255600000000000000e+04 -4.768000000000000000e+03 1.430000000000000000e+02 -5.680000000000000000e+02
-5.668000000000000000e+03 1.828000000000000000e+03 2.494400000000000000e+04 -4.768000000000000000e+03 2.350000000000000000e+02 1.280000000000000000e+02
-5.684000000000000000e+03 1.748000000000000000e+03 3.004000000000000000e+04 -4.752000000000000000e+03 1.600000000000000000e+02 6.360000000000000000e+02
-6.076000000000000000e+03 1.608000000000000000e+03 2.798000000000000000e+04 -4.784000000000000000e+03 -1.700000000000000000e+01 6.440000000000000000e+02
-6.252000000000000000e+03 2.060000000000000000e+03 2.195600000000000000e+04 -4.784000000000000000e+03 -2.280000000000000000e+02 1.329000000000000000e+03
-7.560000000000000000e+03 2.764000000000000000e+03 1.833200000000000000e+04 -4.800000000000000000e+03 -4.260000000000000000e+02 1.798000000000000000e+03
-8.136000000000000000e+03 2.596000000000000000e+03 1.598000000000000000e+04 -4.784000000000000000e+03 -4.490000000000000000e+02 1.518000000000000000e+03
-9.072000000000000000e+03 3.064000000000000000e+03 1.552800000000000000e+04 -4.768000000000000000e+03 -3.560000000000000000e+02 1.819000000000000000e+03
-9.844000000000000000e+03 3.084000000000000000e+03 1.690800000000000000e+04 -4.768000000000000000e+03 -3.420000000000000000e+02 1.921000000000000000e+03
-1.140800000000000000e+04 4.092000000000000000e+03 1.598800000000000000e+04 -4.768000000000000000e+03 -2.510000000000000000e+02 1.314000000000000000e+03
-1.306400000000000000e+04 3.548000000000000000e+03 1.360000000000000000e+04 -4.768000000000000000e+03 -7.700000000000000000e+01 2.150000000000000000e+03
-1.312400000000000000e+04 2.720000000000000000e+03 1.344400000000000000e+04 -4.800000000000000000e+03 -1.650000000000000000e+02 1.736000000000000000e+03
-1.000400000000000000e+04 2.480000000000000000e+03 1.410000000000000000e+04 -4.784000000000000000e+03 -4.280000000000000000e+02 1.520000000000000000e+03
-7.572000000000000000e+03 2.248000000000000000e+03 1.513200000000000000e+04 -4.752000000000000000e+03 -6.730000000000000000e+02 1.050000000000000000e+03
-6.068000000000000000e+03 2.156000000000000000e+03 1.406000000000000000e+04 -4.752000000000000000e+03 -4.720000000000000000e+02 1.534000000000000000e+03
-5.192000000000000000e+03 2.220000000000000000e+03 1.180400000000000000e+04 -4.784000000000000000e+03 -2.350000000000000000e+02 1.339000000000000000e+03
-6.368000000000000000e+03 2.032000000000000000e+03 8.324000000000000000e+03 -4.768000000000000000e+03 -2.210000000000000000e+02 1.164000000000000000e+03
-6.644000000000000000e+03 2.000000000000000000e+03 4.944000000000000000e+03 -4.816000000000000000e+03 -4.030000000000000000e+02 1.205000000000000000e+03
-5.328000000000000000e+03 1.932000000000000000e+03 2.512000000000000000e+03 -4.784000000000000000e+03 -6.400000000000000000e+02 1.048000000000000000e+03
-5.348000000000000000e+03 1.888000000000000000e+03 2.252000000000000000e+03 -4.752000000000000000e+03 -5.910000000000000000e+02 1.261000000000000000e+03
-6.268000000000000000e+03 1.528000000000000000e+03 4.028000000000000000e+03 -4.752000000000000000e+03 -5.010000000000000000e+02 1.564000000000000000e+03
-6.460000000000000000e+03 1.372000000000000000e+03 7.776000000000000000e+03 -4.768000000000000000e+03 -5.400000000000000000e+02 1.503000000000000000e+03
