-4.400000000000000000e+01 1.696000000000000000e+03 1.503600000000000000e+04 -4.672000000000000000e+03 -3.280000000000000000e+02 8.310000000000000000e+02
-1.320000000000000000e+02 1.776000000000000000e+03 1.478400000000000000e+04 -4.688000000000000000e+03 -3.460000000000000000e+02 8.770000000000000000e+02
3.400000000000000000e+02 1.816000000000000000e+03 1.506400000000000000e+04 -4.672000000000000000e+03 -3.710000000000000000e+02 8.710000000000000000e+02
1.920000000000000000e+02 1.692000000000000000e+03 1.492400000000000000e+04 -4.672000000000000000e+03 -4.400000000000000000e+02 5.870000000000000000e+02
4.840000000000000000e+02 1.672000000000000000e+03 1.473600000000000000e+04 -4.656000000000000000e+03 -4.650000000000000000e+02 7.660000000000000000e+02
4.560000000000000000e+02 1.744000000000000000e+03 1.482400000000000000e+04 -4.672000000000000000e+03 -4.180000000000000000e+02 5.900000000000000000e+02
4.920000000000000000e+02 1.664000000000000000e+03 1.478800000000000000e+04 -4.688000000000000000e+03 -4.470000000000000000e+02 5.960000000000000000e+02
6.760000000000000000e+02 1.676000000000000000e+03 1.464000000000000000e+04 -4.656000000000000000e+03 -4.790000000000000000e+02 4.810000000000000000e+02
8.960000000000000000e+02 1.572000000000000000e+03 1.439200000000000000e+04 -4.672000000000000000e+03 -5.290000000000000000e+02 5.640000000000000000e+02
1.152000000000000000e+03 1.592000000000000000e+03 1.454000000000000000e+04 -4.656000000000000000e+03 -4.530000000000000000e+02 1.194000000000000000e+03
1.364000000000000000e+03 1.624000000000000000e+03 1.442400000000000000e+04 -4.688000000000000000e+03 -3.340000000000000000e+02 9.800000000000000000e+02
1.328000000000000000e+03 1.756000000000000000e+03 1.460000000000000000e+04 -4.672000000000000000e+03 -3.010000000000000000e+02 1.148000000000000000e+03
1.252000000000000000e+03 1.768000000000000000e+03 1.465200000000000000e+04 -4.672000000000000000e+03 -2.760000000000000000e+02 1.357000000000000000e+03
1.364000000000000000e+03 1.768000000000000000e+03 1.481200000000000000e+04 -4.640000000000000000e+03 -4.470000000000000000e+02 1.090000000000000000e+03
1.392000000000000000e+03 1.668000000000000000e+03 1.477600000000000000e+04 -4.624000000000000000e+03 -5.120000000000000000e+02 8.730000000000000000e+02
1.356000000000000000e+03 1.600000000000000000e+03 1.440400000000000000e+04 -4.688000000000000000e+03 -5.890000000000000000e+02 1.664000000000000000e+03
1.128000000000000000e+03 1.740000000000000000e+03 1.494800000000000000e+04 -4.672000000000000000e+03 -7.240000000000000000e+02 2.678000000000000000e+03
1.048000000000000000e+03 1.540000000000000000e+03 1.540000000000000000e+04 -4.672000000000000000e+03 -4.440000000000000000e+02 9.750000000000000000e+02
1.144000000000000000e+03 1.472000000000000000e+03 1.549600000000000000e+04 -4.672000000000000000e+03 -3.600000000000000000e+02 1.416000000000000000e+03
1.036000000000000000e+03 1.476000000000000000e+03 1.489200000000000000e+04 -4.640000000000000000e+03 -5.940000000000000000e+02 7.650000000000000000e+02
1.012000000000000000e+03 1.500000000000000000e+03 1.361200000000000000e+04 -4.624000000000000000e+03 -3.040000000000000000e+02 5.330000000000000000e+02
9.840000000000000000e+02 1.656000000000000000e+03 1.370800000000000000e+04 -4.672000000000000000e+03 -4.520000000000000000e+02 3.500000000000000000e+02
9.760000000000000000e+02 1.612000000000000000e+03 1.424000000000000000e+04 -4.688000000000000000e+03 -3.860000000000000000e+02 -1.700000000000000000e+01
6.240000000000000000e+02 1.396000000000000000e+03 1.566400000000000000e+04 -4.656000000000000000e+03 -3.020000000000000000e+02 -3.860000000000000000e+02
6.560000000000000000e+02 1.584000000000000000e+03 1.568400000000000000e+04 -4.656000000000000000e+03 -4.870000000000000000e+02 -6.450000000000000000e+02
1.012000000000000000e+03 1.700000000000000000e+03 1.380400000000000000e+04 -4.688000000000000000e+03 -3.720000000000000000e+02 -1.075000000000000000e+03
7.880000000000000000e+02 1.588000000000000000e+03 1.181200000000000000e+04 -4.656000000000000000e+03 -3.570000000000000000e+02 -1.431000000000000000e+03
7.640000000000000000e+02 1.080000000000000000e+03 8.608000000000000000e+03 -4.672000000000000000e+03 -3.160000000000000000e+02 -1.675000000000000000e+03
3.720000000000000000e+02 1.124000000000000000e+03 5.548000000000000000e+03 -4.688000000000000000e+03 -2.930000000000000000e+02 -1.898000000000000000e+03
-4.600000000000000000e+02 7.640000000000000000e+02 6.584000000000000000e+03 -4.656000000000000000e+03 -2.480000000000000000e+02 -1.968000000000000000e+03
-9.880000000000000000e+02 4.120000000000000000e+02 8.260000000000000000e+03 -4.688000000000000000e+03 -2.240000000000000000e+02 -2.071000000000000000e+03
-6.280000000000000000e+02 8.120000000000000000e+02 9.800000000000000000e+03 -4.656000000000000000e+03 -1.670000000000000000e+02 -2.047000000000000000e+03
-3.600000000000000000e+02 5.360000000000000000e+02 1.091200000000000000e+04 -4.656000000000000000e+03 -1.220000000000000000e+02 -1.911000000000000000e+03
4.360000000000000000e+02 6.280000000000000000e+02 1.168800000000000000e+04 -4.656000000000000000e+03 1.180000000000000000e+02 -1.580000000000000000e+03
2.152000000000000000e+03 8.880000000000000000e+02 1.412400000000000000e+04 -4.672000000000000000e+03 5.500000000000000000e+01 -1.572000000000000000e+03
3.640000000000000000e+02 1.300000000000000000e+03 1.520800000000000000e+04 -4.672000000000000000e+03 1.840000000000000000e+02 -1.239000000000000000e+03
-3.840000000000000000e+02 1.628000000000000000e+03 1.522000000000000000e+04 -4.672000000000000000e+03 2.000000000000000000e+00 -4.610000000000000000e+02
-2.680000000000000000e+02 1.816000000000000000e+03 1.663600000000000000e+04 -4.688000000000000000e+03 -1.340000000000000000e+02 -2.050000000000000000e+02
-5.040000000000000000e+02 1.380000000000000000e+03 1.701600000000000000e+04 -4.672000000000000000e+03 -2.520000000000000000e+02 1.450000000000000000e+02
-2.160000000000000000e+02 1.432000000000000000e+03 1.711200000000000000e+04 -4.656000000000000000e+03 -1.040000000000000000e+02 8.270000000000000000e+02
-3.200000000000000000e+01 1.624000000000000000e+03 1.709600000000000000e+04 -4.672000000000000000e+03 -1.390000000000000000e+02 1.129000000000000000e+03
-4.600000000000000000e+02 1.972000000000000000e+03 1.671200000000000000e+04 -4.656000000000000000e+03 -1.390000000000000000e+02 1.604000000000000000e+03
-1.600000000000000000e+01 1.928000000000000000e+03 1.685600000000000000e+04 -4.688000000000000000e+03 -1.680000000000000000e+02 1.900000000000000000e+03
-1.640000000000000000e+02 1.824000000000000000e+03 1.655200000000000000e+04 -4.672000000000000000e+03 -1.280000000000000000e+02 2.249000000000000000e+03
9.600000000000000000e+01 1.600000000000000000e+03 1.705200000000000000e+04 -4.656000000000000000e+03 -2.270000000000000000e+02 2.806000000000000000e+03
1.600000000000000000e+02 1.620000000000000000e+03 1.968800000000000000e+04 -4.656000000000000000e+03 -2.950000000000000000e+02 3.143000000000000000e+03
6.200000000000000000e+02 1.404000000000000000e+03 2.198800000000000000e+04 -4.704000000000000000e+03 -3.860000000000000000e+02 3.376000000000000000e+03
8.520000000000000000e+02 1.540000000000000000e+03 2.515200000000000000e+04 -4.688000000000000000e+03 -5.650000000000000000e+02 3.184000000000000000e+03
9.440000000000000000e+02 1.604000000000000000e+03 2.528000000000000000e+04 -4.672000000000000000e+03 -6.260000000000000000e+02 3.112000000000000000e+03
8.040000000000000000e+02 2.256000000000000000e+03 2.301200000000000000e+04 -4.656000000000000000e+03 -8.380000000000000000e+02 2.682000000000000000e+03
1.592000000000000000e+03 2.076000000000000000e+03 1.996000000000000000e+04 -4.656000000000000000e+03 -8.680000000000000000e+02 2.787000000000000000e+03
1.584000000000000000e+03 2.216000000000000000e+03 1.911200000000000000e+04 -4.672000000000000000e+03 -1.024000000000000000e+03 3.494000000000000000e+03
1.860000000000000000e+03 2.284000000000000000e+03 1.736000000000000000e+04 -4.656000000000000000e+03 -1.000000000000000000e+03 2.104000000000000000e+03
1.056000000000000000e+03 2.388000000000000000e+03 1.593200000000000000e+04 -4.688000000000000000e+03 -9.230000000000000000e+02 2.047000000000000000e+03
2.416000000000000000e+03 2.308000000000000000e+03 1.604400000000000000e+04 -4.688000000000000000e+03 -8.830000000000000000e+02 1.677000000000000000e+03
2.908000000000000000e+03 1.820000000000000000e+03 1.648800000000000000e+04 -4.720000000000000000e+03 -5.870000000000000000e+02 2.232000000000000000e+03
2.200000000000000000e+03 1.776000000000000000e+03 1.636800000000000000e+04 -4.704000000000000000e+03 -3.170000000000000000e+02 2.118000000000000000e+03
2.780000000000000000e+03 2.048000000000000000e+03 1.708000000000000000e+04 -4.688000000000000000e+03 2.100000000000000000e+02 2.048000000000000000e+03
2.912000000000000000e+03 2.192000000000000000e+03 1.696800000000000000e+04 -4.672000000000000000e+03 8.000000000000000000e+00 1.689000000000000000e+03
2.496000000000000000e+03 2.420000000000000000e+03 1.695600000000000000e+04 -4.672000000000000000e+03 -7.450000000000000000e+02 1.964000000000000000e+03
2.596000000000000000e+03 2.548000000000000000e+03 1.598800000000000000e+04 -4.656000000000000000e+03 -1.045000000000000000e+03 1.173000000000000000e+03
2.512000000000000000e+03 2.496000000000000000e+03 1.418000000000000000e+04 -4.688000000000000000e+03 -2.220000000000000000e+02 1.586000000000000000e+03
3.248000000000000000e+03 1.992000000000000000e+03 1.097600000000000000e+04 -4.672000000000000000e+03 1.400000000000000000e+01 1.899000000000000000e+03
2.996000000000000000e+03 1.300000000000000000e+03 7.132000000000000000e+03 -4.688000000000000000e+03 1.540000000000000000e+02 1.816000000000000000e+03
2.400000000000000000e+03 8.480000000000000000e+02 4.008000000000000000e+03 -4.688000000000000000e+03 -4.280000000000000000e+02 1.227000000000000000e+03
1.312000000000000000e+03 4.760000000000000000e+02 2.260000000000000000e+03 -4.688000000000000000e+03 -6.220000000000000000e+02 6.420000000000000000e+02
