7.200000000000000000e+01 3.024000000000000000e+03 1.466800000000000000e+04 -4.672000000000000000e+03 -4.920000000000000000e+02 9.000000000000000000e+00
2.428000000000000000e+03 3.040000000000000000e+03 1.412400000000000000e+04 -4.656000000000000000e+03 -5.200000000000000000e+02 -6.800000000000000000e+01
2.120000000000000000e+03 2.872000000000000000e+03 1.410400000000000000e+04 -4.720000000000000000e+03 -4.830000000000000000e+02 -1.290000000000000000e+02
2.364000000000000000e+03 2.948000000000000000e+03 1.458800000000000000e+04 -4.672000000000000000e+03 -4.300000000000000000e+02 -2.910000000000000000e+02
2.344000000000000000e+03 3.036000000000000000e+03 1.491200000000000000e+04 -4.688000000000000000e+03 -3.990000000000000000e+02 -4.530000000000000000e+02
2.240000000000000000e+03 3.096000000000000000e+03 1.440400000000000000e+04 -4.688000000000000000e+03 -3.600000000000000000e+02 -4.820000000000000000e+02
2.116000000000000000e+03 2.940000000000000000e+03 1.413600000000000000e+04 -4.704000000000000000e+03 -3.520000000000000000e+02 -4.030000000000000000e+02
2.296000000000000000e+03 2.936000000000000000e+03 1.416400000000000000e+04 -4.688000000000000000e+03 -2.750000000000000000e+02 -3.910000000000000000e+02
2.184000000000000000e+03 2.972000000000000000e+03 1.452400000000000000e+04 -4.720000000000000000e+03 -2.740000000000000000e+02 -3.630000000000000000e+02
2.364000000000000000e+03 2.848000000000000000e+03 1.425200000000000000e+04 -4.672000000000000000e+03 -2.840000000000000000e+02 -2.490000000000000000e+02
2.820000000000000000e+03 2.692000000000000000e+03 1.402400000000000000e+04 -4.656000000000000000e+03 -2.690000000000000000e+02 -8.100000000000000000e+01
3.028000000000000000e+03 2.748000000000000000e+03 1.397200000000000000e+04 -4.688000000000000000e+03 -2.910000000000000000e+02 5.400000000000000000e+01
2.844000000000000000e+03 2.760000000000000000e+03 1.432800000000000000e+04 -4.656000000000000000e+03 -2.620000000000000000e+02 1.600000000000000000e+02
2.728000000000000000e+03 2.744000000000000000e+03 1.422000000000000000e+04 -4.640000000000000000e+03 -2.750000000000000000e+02 3.560000000000000000e+02
2.800000000000000000e+03 2.612000000000000000e+03 1.420400000000000000e+04 -4.688000000000000000e+03 -3.110000000000000000e+02 4.910000000000000000e+02
2.852000000000000000e+03 2.572000000000000000e+03 1.399600000000000000e+04 -4.720000000000000000e+03 -3.600000000000000000e+02 6.350000000000000000e+02
2.904000000000000000e+03 2.624000000000000000e+03 1.387200000000000000e+04 -4.672000000000000000e+03 -3.910000000000000000e+02 7.540000000000000000e+02
2.972000000000000000e+03 2.724000000000000000e+03 1.423200000000000000e+04 -4.656000000000000000e+03 -4.210000000000000000e+02 8.310000000000000000e+02
2.856000000000000000e+03 2.840000000000000000e+03 1.456400000000000000e+04 -4.688000000000000000e+03 -4.270000000000000000e+02 9.140000000000000000e+02
2.960000000000000000e+03 2.696000000000000000e+03 1.450400000000000000e+04 -4.672000000000000000e+03 -4.810000000000000000e+02 1.001000000000000000e+03
2.892000000000000000e+03 2.700000000000000000e+03 1.438800000000000000e+04 -4.688000000000000000e+03 -5.220000000000000000e+02 1.089000000000000000e+03
2.972000000000000000e+03 2.628000000000000000e+03 1.438400000000000000e+04 -4.688000000000000000e+03 -4.980000000000000000e+02 1.094000000000000000e+03
2.900000000000000000e+03 2.692000000000000000e+03 1.447600000000000000e+04 -4.688000000000000000e+03 -5.180000000000000000e+02 1.100000000000000000e+03
3.036000000000000000e+03 2.532000000000000000e+03 1.470000000000000000e+04 -4.672000000000000000e+03 -5.110000000000000000e+02 1.107000000000000000e+03
2.868000000000000000e+03 2.660000000000000000e+03 1.442400000000000000e+04 -4.672000000000000000e+03 -5.200000000000000000e+02 1.166000000000000000e+03
2.824000000000000000e+03 2.536000000000000000e+03 1.435200000000000000e+04 -4.688000000000000000e+03 -5.110000000000000000e+02 1.184000000000000000e+03
2.620000000000000000e+03 2.620000000000000000e+03 1.441200000000000000e+04 -4.656000000000000000e+03 -4.490000000000000000e+02 1.196000000000000000e+03
2.692000000000000000e+03 2.568000000000000000e+03 1.427200000000000000e+04 -4.704000000000000000e+03 -4.900000000000000000e+02 1.278000000000000000e+03
2.764000000000000000e+03 2.504000000000000000e+03 1.423200000000000000e+04 -4.640000000000000000e+03 -5.540000000000000000e+02 1.477000000000000000e+03
2.784000000000000000e+03 2.484000000000000000e+03 1.386800000000000000e+04 -4.672000000000000000e+03 -5.850000000000000000e+02 1.709000000000000000e+03
2.492000000000000000e+03 2.488000000000000000e+03 1.461600000000000000e+04 -4.672000000000000000e+03 -5.580000000000000000e+02 1.855000000000000000e+03
2.232000000000000000e+03 2.696000000000000000e+03 1.509600000000000000e+04 -4.688000000000000000e+03 -7.650000000000000000e+02 2.056000000000000000e+03
2.140000000000000000e+03 2.828000000000000000e+03 1.436000000000000000e+04 -4.688000000000000000e+03 -6.870000000000000000e+02 1.975000000000000000e+03
1.896000000000000000e+03 2.832000000000000000e+03 1.303600000000000000e+04 -4.688000000000000000e+03 -4.120000000000000000e+02 1.857000000000000000e+03
1.428000000000000000e+03 2.568000000000000000e+03 1.211200000000000000e+04 -4.672000000000000000e+03 -3.130000000000000000e+02 1.363000000000000000e+03
9.720000000000000000e+02 2.224000000000000000e+03 9.524000000000000000e+03 -4.672000000000000000e+03 -4.650000000000000000e+02 1.098000000000000000e+03
5.080000000000000000e+02 1.624000000000000000e+03 5.576000000000000000e+03 -4.688000000000000000e+03 -3.790000000000000000e+02 1.713000000000000000e+03
-2.080000000000000000e+02 7.640000000000000000e+02 4.668000000000000000e+03 -4.672000000000000000e+03 -5.780000000000000000e+02 1.123000000000000000e+03
-5.480000000000000000e+02 4.160000000000000000e+02 6.416000000000000000e+03 -4.704000000000000000e+03 -4.410000000000000000e+02 5.310000000000000000e+02
-7.000000000000000000e+02 7.520000000000000000e+02 7.768000000000000000e+03 -4.672000000000000000e+03 -4.680000000000000000e+02 1.560000000000000000e+02
1.500000000000000000e+03 7.520000000000000000e+02 1.034400000000000000e+04 -4.720000000000000000e+03 -4.360000000000000000e+02 -3.940000000000000000e+02
4.160000000000000000e+02 1.648000000000000000e+03 1.230800000000000000e+04 -4.672000000000000000e+03 -4.830000000000000000e+02 -7.060000000000000000e+02
6.760000000000000000e+02 2.444000000000000000e+03 1.270000000000000000e+04 -4.672000000000000000e+03 -4.240000000000000000e+02 -8.620000000000000000e+02
9.840000000000000000e+02 2.960000000000000000e+03 1.339200000000000000e+04 -4.640000000000000000e+03 -5.180000000000000000e+02 -1.600000000000000000e+03
8.680000000000000000e+02 3.124000000000000000e+03 1.497200000000000000e+04 -4.656000000000000000e+03 -4.370000000000000000e+02 -2.162000000000000000e+03
1.048000000000000000e+03 2.876000000000000000e+03 1.476400000000000000e+04 -4.656000000000000000e+03 -4.890000000000000000e+02 -2.266000000000000000e+03
1.252000000000000000e+03 2.292000000000000000e+03 1.650000000000000000e+04 -4.640000000000000000e+03 -2.980000000000000000e+02 -2.556000000000000000e+03
1.380000000000000000e+03 2.416000000000000000e+03 1.804000000000000000e+04 -4.672000000000000000e+03 -5.010000000000000000e+02 -2.624000000000000000e+03
8.400000000000000000e+02 2.644000000000000000e+03 1.774400000000000000e+04 -4.672000000000000000e+03 -3.590000000000000000e+02 -2.493000000000000000e+03
5.520000000000000000e+02 2.868000000000000000e+03 1.963200000000000000e+04 -4.672000000000000000e+03 -3.680000000000000000e+02 -2.314000000000000000e+03
1.508000000000000000e+03 3.164000000000000000e+03 2.136000000000000000e+04 -4.688000000000000000e+03 -5.060000000000000000e+02 -1.894000000000000000e+03
1.920000000000000000e+03 3.244000000000000000e+03 2.256800000000000000e+04 -4.688000000000000000e+03 -5.590000000000000000e+02 -1.614000000000000000e+03
2.592000000000000000e+03 3.064000000000000000e+03 2.444800000000000000e+04 -4.656000000000000000e+03 -4.500000000000000000e+02 -1.298000000000000000e+03
2.312000000000000000e+03 3.536000000000000000e+03 2.511600000000000000e+04 -4.656000000000000000e+03 -3.120000000000000000e+02 -9.130000000000000000e+02
3.960000000000000000e+03 3.660000000000000000e+03 2.541600000000000000e+04 -4.656000000000000000e+03 -2.540000000000000000e+02 -7.120000000000000000e+02
3.592000000000000000e+03 3.732000000000000000e+03 2.284400000000000000e+04 -4.704000000000000000e+03 -1.140000000000000000e+02 -4.640000000000000000e+02
3.732000000000000000e+03 3.252000000000000000e+03 1.996800000000000000e+04 -4.688000000000000000e+03 -1.660000000000000000e+02 -1.060000000000000000e+02
3.452000000000000000e+03 3.104000000000000000e+03 1.802400000000000000e+04 -4.656000000000000000e+03 -1.510000000000000000e+02 2.180000000000000000e+02
4.044000000000000000e+03 2.552000000000000000e+03 1.677200000000000000e+04 -4.688000000000000000e+03 -6.900000000000000000e+01 5.010000000000000000e+02
4.184000000000000000e+03 1.884000000000000000e+03 1.604400000000000000e+04 -4.704000000000000000e+03 -9.900000000000000000e+01 7.880000000000000000e+02
4.348000000000000000e+03 1.484000000000000000e+03 1.642000000000000000e+04 -4.688000000000000000e+03 -1.030000000000000000e+02 1.075000000000000000e+03
4.324000000000000000e+03 1.604000000000000000e+03 1.592800000000000000e+04 -4.656000000000000000e+03 -2.040000000000000000e+02 1.538000000000000000e+03
4.168000000000000000e+03 1.780000000000000000e+03 1.632000000000000000e+04 -4.688000000000000000e+03 -2.590000000000000000e+02 1.798000000000000000e+03
3.808000000000000000e+03 2.224000000000000000e+03 1.631200000000000000e+04 -4.704000000000000000e+03 -2.360000000000000000e+02 2.240000000000000000e+03
3.896000000000000000e+03 2.352000000000000000e+03 1.589600000000000000e+04 -4.704000000000000000e+03 -2.360000000000000000e+02 2.697000000000000000e+03
3.672000000000000000e+03 1.896000000000000000e+03 1.514800000000000000e+04 -4.688000000000000000e+03 -8.400000000000000000e+01 2.561000000000000000e+03
3.608000000000000000e+03 1.520000000000000000e+03 1.287200000000000000e+04 -4.688000000000000000e+03 1.120000000000000000e+02 2.774000000000000000e+03
4.076000000000000000e+03 1.488000000000000000e+03 1.032800000000000000e+04 -4.688000000000000000e+03 3.130000000000000000e+02 2.887000000000000000e+03
4.088000000000000000e+03 1.704000000000000000e+03 7.680000000000000000e+03 -4.688000000000000000e+03 3.800000000000000000e+02 2.933000000000000000e+03
3.632000000000000000e+03 1.616000000000000000e+03 4.484000000000000000e+03 -4.656000000000000000e+03 5.310000000000000000e+02 3.106000000000000000e+03
2.212000000000000000e+03 1.208000000000000000e+03 2.956000000000000000e+03 -4.656000000000000000e+03 5.310000000000000000e+02 3.306000000000000000e+03
1.220000000000000000e+03 1.036000000000000000e+03 3.808000000000000000e+03 -4.688000000000000000e+03 2.980000000000000000e+02 3.546000000000000000e+03
5.280000000000000000e+02 1.196000000000000000e+03 5.564000000000000000e+03 -4.688000000000000000e+03 7.000000000000000000e+01 3.826000000000000000e+03
3.400000000000000000e+02 1.636000000000000000e+03 8.852000000000000000e+03 -4.688000000000000000e+03 -6.700000000000000000e+01 4.009000000000000000e+03
8.000000000000000000e+01 1.864000000000000000e+03 1.331600000000000000e+04 -4.720000000000000000e+03 -1.020000000000000000e+02 4.177000000000000000e+03
3.680000000000000000e+02 2.488000000000000000e+03 1.674400000000000000e+04 -4.704000000000000000e+03 -1.230000000000000000e+02 4.319000000000000000e+03
6.520000000000000000e+02 3.084000000000000000e+03 1.664000000000000000e+04 -4.672000000000000000e+03 -1.800000000000000000e+02 4.539000000000000000e+03
1.720000000000000000e+02 3.160000000000000000e+03 1.584000000000000000e+04 -4.688000000000000000e+03 -4.010000000000000000e+02 4.751000000000000000e+03
-2.120000000000000000e+02 2.756000000000000000e+03 1.407600000000000000e+04 -4.688000000000000000e+03 -5.110000000000000000e+02 4.984000000000000000e+03
