9.012000000000000000e+03 3.030000000000000000e+03 1.373600000000000000e+04 -4.784000000000000000e+03 -1.490000000000000000e+02 -2.119000000000000000e+03
8.100000000000000000e+03 2.792000000000000000e+03 1.362000000000000000e+04 -4.832000000000000000e+03 -1.080000000000000000e+02 8.520000000000000000e+02
8.208000000000000000e+03 2.576000000000000000e+03 1.386400000000000000e+04 -4.816000000000000000e+03 -1.050000000000000000e+02 -5.290000000000000000e+02
8.468000000000000000e+03 2.228000000000000000e+03 1.355600000000000000e+04 -4.832000000000000000e+03 -2.540000000000000000e+02 8.200000000000000000e+01
2.280000000000000000e+02 2.556000000000000000e+03 1.355600000000000000e+04 -4.832000000000000000e+03 -3.190000000000000000e+02 -8.000000000000000000e+00
8.300000000000000000e+03 2.584000000000000000e+03 1.362000000000000000e+04 -4.784000000000000000e+03 -3.110000000000000000e+02 -8.910000000000000000e+02
7.852000000000000000e+03 2.640000000000000000e+03 1.376400000000000000e+04 -4.800000000000000000e+03 -4.990000000000000000e+02 -1.193000000000000000e+03
7.712000000000000000e+03 2.788000000000000000e+03 1.396400000000000000e+04 -4.800000000000000000e+03 -3.140000000000000000e+02 -1.311000000000000000e+03
7.764000000000000000e+03 2.760000000000000000e+03 1.373200000000000000e+04 -4.816000000000000000e+03 -6.000000000000000000e+01 -1.201000000000000000e+03
7.268000000000000000e+03 2.656000000000000000e+03 1.312000000000000000e+04 -4.816000000000000000e+03 -3.140000000000000000e+02 -8.800000000000000000e+02
7.956000000000000000e+03 2.660000000000000000e+03 1.352400000000000000e+04 -4.832000000000000000e+03 -1.650000000000000000e+02 -1.346000000000000000e+03
6.480000000000000000e+03 2.732000000000000000e+03 1.309200000000000000e+04 -4.816000000000000000e+03 -1.780000000000000000e+02 -1.423000000000000000e+03
6.396000000000000000e+03 2.596000000000000000e+03 1.313200000000000000e+04 -4.816000000000000000e+03 -3.420000000000000000e+02 -1.107000000000000000e+03
6.612000000000000000e+03 2.520000000000000000e+03 1.309600000000000000e+04 -4.816000000000000000e+03 -3.160000000000000000e+02 -1.089000000000000000e+03
6.668000000000000000e+03 2.644000000000000000e+03 1.314400000000000000e+04 -4.784000000000000000e+03 -3.540000000000000000e+02 -1.149000000000000000e+03
6.720000000000000000e+03 2.640000000000000000e+03 1.354800000000000000e+04 -4.784000000000000000e+03 -4.170000000000000000e+02 -1.208000000000000000e+03
6.364000000000000000e+03 2.656000000000000000e+03 1.351600000000000000e+04 -4.816000000000000000e+03 -3.930000000000000000e+02 -1.351000000000000000e+03
6.140000000000000000e+03 2.584000000000000000e+03 1.399600000000000000e+04 -4.800000000000000000e+03 -4.680000000000000000e+02 -1.712000000000000000e+03
6.164000000000000000e+03 2.492000000000000000e+03 1.455200000000000000e+04 -4.784000000000000000e+03 -3.870000000000000000e+02 -1.943000000000000000e+03
6.288000000000000000e+03 2.684000000000000000e+03 1.386000000000000000e+04 -4.784000000000000000e+03 -3.070000000000000000e+02 -1.874000000000000000e+03
5.988000000000000000e+03 2.592000000000000000e+03 1.192800000000000000e+04 -4.816000000000000000e+03 -1.280000000000000000e+02 -2.247000000000000000e+03
6.152000000000000000e+03 2.736000000000000000e+03 1.059600000000000000e+04 -4.784000000000000000e+03 -8.300000000000000000e+01 -2.394000000000000000e+03
6.064000000000000000e+03 2.540000000000000000e+03 8.512000000000000000e+03 -4.816000000000000000e+03 1.130000000000000000e+02 -1.965000000000000000e+03
5.940000000000000000e+03 2.568000000000000000e+03 5.692000000000000000e+03 -4.816000000000000000e+03 5.100000000000000000e+01 -2.155000000000000000e+03
6.176000000000000000e+03 2.648000000000000000e+03 7.176000000000000000e+03 -4.816000000000000000e+03 -4.190000000000000000e+02 -2.269000000000000000e+03
6.552000000000000000e+03 2.736000000000000000e+03 6.700000000000000000e+03 -4.816000000000000000e+03 -5.810000000000000000e+02 -1.604000000000000000e+03
6.516000000000000000e+03 2.852000000000000000e+03 6.388000000000000000e+03 -4.816000000000000000e+03 -2.010000000000000000e+02 -1.462000000000000000e+03
6.488000000000000000e+03 2.832000000000000000e+03 1.029200000000000000e+04 -4.816000000000000000e+03 4.800000000000000000e+01 -1.115000000000000000e+03
6.216000000000000000e+03 2.668000000000000000e+03 1.071600000000000000e+04 -4.848000000000000000e+03 1.730000000000000000e+02 -1.091000000000000000e+03
5.992000000000000000e+03 2.316000000000000000e+03 1.145200000000000000e+04 -4.784000000000000000e+03 1.540000000000000000e+02 -1.167000000000000000e+03
5.896000000000000000e+03 2.300000000000000000e+03 1.168400000000000000e+04 -4.784000000000000000e+03 -4.500000000000000000e+01 -8.980000000000000000e+02
5.724000000000000000e+03 1.968000000000000000e+03 1.197600000000000000e+04 -4.832000000000000000e+03 -3.390000000000000000e+02 -1.037000000000000000e+03
5.448000000000000000e+03 1.072000000000000000e+03 1.248800000000000000e+04 -4.816000000000000000e+03 -4.860000000000000000e+02 -4.920000000000000000e+02
4.484000000000000000e+03 1.304000000000000000e+03 1.312400000000000000e+04 -4.800000000000000000e+03 -7.430000000000000000e+02 1.320000000000000000e+02
4.184000000000000000e+03 1.264000000000000000e+03 1.355600000000000000e+04 -4.800000000000000000e+03 -8.140000000000000000e+02 4.090000000000000000e+02
2.696000000000000000e+03 1.520000000000000000e+03 1.486000000000000000e+04 -4.800000000000000000e+03 -9.830000000000000000e+02 -6.100000000000000000e+02
1.864000000000000000e+03 2.484000000000000000e+03 1.746800000000000000e+04 -4.816000000000000000e+03 -9.240000000000000000e+02 -1.246000000000000000e+03
2.976000000000000000e+03 2.392000000000000000e+03 2.062800000000000000e+04 -4.768000000000000000e+03 -8.170000000000000000e+02 -2.530000000000000000e+02
4.660000000000000000e+03 2.312000000000000000e+03 2.444400000000000000e+04 -4.816000000000000000e+03 -7.520000000000000000e+02 -1.390000000000000000e+02
6.360000000000000000e+03 1.924000000000000000e+03 2.940800000000000000e+04 -4.800000000000000000e+03 -5.650000000000000000e+02 5.840000000000000000e+02
5.864000000000000000e+03 1.920000000000000000e+03 2.996800000000000000e+04 -4.832000000000000000e+03 -4.670000000000000000e+02 3.350000000000000000e+02
5.928000000000000000e+03 2.212000000000000000e+03 2.241600000000000000e+04 -4.816000000000000000e+03 -3.140000000000000000e+02 6.520000000000000000e+02
6.364000000000000000e+03 2.712000000000000000e+03 1.607200000000000000e+04 -4.816000000000000000e+03 -1.520000000000000000e+02 9.360000000000000000e+02
6.508000000000000000e+03 2.956000000000000000e+03 1.415200000000000000e+04 -4.816000000000000000e+03 -4.370000000000000000e+02 1.094000000000000000e+03
6.848000000000000000e+03 3.712000000000000000e+03 1.298800000000000000e+04 -4.848000000000000000e+03 -7.680000000000000000e+02 1.483000000000000000e+03
6.996000000000000000e+03 4.188000000000000000e+03 1.367600000000000000e+04 -4.800000000000000000e+03 -6.390000000000000000e+02 1.822000000000000000e+03
6.844000000000000000e+03 4.420000000000000000e+03 1.412000000000000000e+04 -4.816000000000000000e+03 -3.990000000000000000e+02 2.155000000000000000e+03
