3.764000000000000000e+03 2.472000000000000000e+03 1.424000000000000000e+04 -4.672000000000000000e+03 -4.040000000000000000e+02 1.570000000000000000e+02
3.680000000000000000e+03 2.468000000000000000e+03 1.419200000000000000e+04 -4.656000000000000000e+03 -4.290000000000000000e+02 3.270000000000000000e+02
3.740000000000000000e+03 2.456000000000000000e+03 1.405200000000000000e+04 -4.640000000000000000e+03 -4.430000000000000000e+02 4.710000000000000000e+02
3.816000000000000000e+03 2.384000000000000000e+03 1.426800000000000000e+04 -4.672000000000000000e+03 -4.520000000000000000e+02 6.020000000000000000e+02
3.888000000000000000e+03 2.444000000000000000e+03 1.424400000000000000e+04 -4.656000000000000000e+03 -4.770000000000000000e+02 7.200000000000000000e+02
3.672000000000000000e+03 2.400000000000000000e+03 1.420000000000000000e+04 -4.640000000000000000e+03 -4.610000000000000000e+02 8.190000000000000000e+02
3.536000000000000000e+03 2.460000000000000000e+03 1.416400000000000000e+04 -4.704000000000000000e+03 -4.450000000000000000e+02 8.830000000000000000e+02
3.408000000000000000e+03 2.244000000000000000e+03 1.411600000000000000e+04 -4.656000000000000000e+03 -4.950000000000000000e+02 9.070000000000000000e+02
3.364000000000000000e+03 2.324000000000000000e+03 1.396800000000000000e+04 -4.656000000000000000e+03 -4.310000000000000000e+02 9.220000000000000000e+02
3.524000000000000000e+03 2.344000000000000000e+03 1.415600000000000000e+04 -4.640000000000000000e+03 -4.760000000000000000e+02 8.540000000000000000e+02
3.468000000000000000e+03 2.508000000000000000e+03 1.449600000000000000e+04 -4.656000000000000000e+03 -4.670000000000000000e+02 7.770000000000000000e+02
3.312000000000000000e+03 2.400000000000000000e+03 1.431200000000000000e+04 -4.656000000000000000e+03 -4.680000000000000000e+02 5.900000000000000000e+02
3.224000000000000000e+03 2.272000000000000000e+03 1.438800000000000000e+04 -4.640000000000000000e+03 -4.440000000000000000e+02 4.290000000000000000e+02
3.184000000000000000e+03 2.340000000000000000e+03 1.463600000000000000e+04 -4.656000000000000000e+03 -4.390000000000000000e+02 1.010000000000000000e+02
3.184000000000000000e+03 2.204000000000000000e+03 1.409600000000000000e+04 -4.656000000000000000e+03 -3.790000000000000000e+02 -2.440000000000000000e+02
3.120000000000000000e+03 2.320000000000000000e+03 1.454400000000000000e+04 -4.672000000000000000e+03 -3.730000000000000000e+02 -4.860000000000000000e+02
3.268000000000000000e+03 2.316000000000000000e+03 1.436400000000000000e+04 -4.624000000000000000e+03 -3.030000000000000000e+02 -8.000000000000000000e+02
3.244000000000000000e+03 2.296000000000000000e+03 1.402000000000000000e+04 -4.640000000000000000e+03 -2.830000000000000000e+02 -9.480000000000000000e+02
3.140000000000000000e+03 2.252000000000000000e+03 1.444800000000000000e+04 -4.656000000000000000e+03 -2.390000000000000000e+02 -1.005000000000000000e+03
3.384000000000000000e+03 2.168000000000000000e+03 1.433200000000000000e+04 -4.656000000000000000e+03 -2.440000000000000000e+02 -1.051000000000000000e+03
3.648000000000000000e+03 2.084000000000000000e+03 1.432400000000000000e+04 -4.656000000000000000e+03 -2.200000000000000000e+02 -8.760000000000000000e+02
3.676000000000000000e+03 2.188000000000000000e+03 1.422400000000000000e+04 -4.656000000000000000e+03 -2.460000000000000000e+02 -6.780000000000000000e+02
3.804000000000000000e+03 2.212000000000000000e+03 1.389600000000000000e+04 -4.672000000000000000e+03 -2.210000000000000000e+02 -4.080000000000000000e+02
3.860000000000000000e+03 2.120000000000000000e+03 1.386400000000000000e+04 -4.640000000000000000e+03 -2.240000000000000000e+02 -1.100000000000000000e+01
3.824000000000000000e+03 1.960000000000000000e+03 1.458000000000000000e+04 -4.656000000000000000e+03 -3.080000000000000000e+02 2.400000000000000000e+02
3.648000000000000000e+03 1.960000000000000000e+03 1.484800000000000000e+04 -4.656000000000000000e+03 -3.420000000000000000e+02 5.360000000000000000e+02
3.300000000000000000e+03 1.936000000000000000e+03 1.409600000000000000e+04 -4.672000000000000000e+03 -4.460000000000000000e+02 8.090000000000000000e+02
3.248000000000000000e+03 1.904000000000000000e+03 1.329200000000000000e+04 -4.688000000000000000e+03 -7.080000000000000000e+02 9.760000000000000000e+02
1.884000000000000000e+03 1.272000000000000000e+03 1.015200000000000000e+04 -4.656000000000000000e+03 -5.160000000000000000e+02 1.006000000000000000e+03
9.440000000000000000e+02 4.800000000000000000e+02 5.908000000000000000e+03 -4.640000000000000000e+03 -8.500000000000000000e+01 1.039000000000000000e+03
2.304000000000000000e+03 1.304000000000000000e+03 7.556000000000000000e+03 -4.656000000000000000e+03 -5.410000000000000000e+02 1.229000000000000000e+03
2.224000000000000000e+03 1.668000000000000000e+03 1.004000000000000000e+04 -4.672000000000000000e+03 -4.130000000000000000e+02 1.257000000000000000e+03
1.184000000000000000e+03 1.044000000000000000e+03 7.668000000000000000e+03 -4.672000000000000000e+03 -1.770000000000000000e+02 1.422000000000000000e+03
2.344000000000000000e+03 1.572000000000000000e+03 9.796000000000000000e+03 -4.656000000000000000e+03 -2.900000000000000000e+02 1.554000000000000000e+03
3.032000000000000000e+03 2.160000000000000000e+03 1.221200000000000000e+04 -4.656000000000000000e+03 -3.800000000000000000e+02 1.821000000000000000e+03
2.276000000000000000e+03 1.708000000000000000e+03 1.167600000000000000e+04 -4.656000000000000000e+03 -2.020000000000000000e+02 2.036000000000000000e+03
3.312000000000000000e+03 2.616000000000000000e+03 1.496000000000000000e+04 -4.672000000000000000e+03 -6.640000000000000000e+02 2.247000000000000000e+03
2.864000000000000000e+03 2.640000000000000000e+03 1.605600000000000000e+04 -4.672000000000000000e+03 -6.350000000000000000e+02 2.438000000000000000e+03
2.604000000000000000e+03 2.148000000000000000e+03 1.521600000000000000e+04 -4.656000000000000000e+03 -6.420000000000000000e+02 2.475000000000000000e+03
2.808000000000000000e+03 2.140000000000000000e+03 1.563600000000000000e+04 -4.656000000000000000e+03 -6.270000000000000000e+02 2.534000000000000000e+03
2.048000000000000000e+03 1.924000000000000000e+03 1.547600000000000000e+04 -4.656000000000000000e+03 -5.330000000000000000e+02 2.200000000000000000e+03
2.008000000000000000e+03 2.632000000000000000e+03 1.614400000000000000e+04 -4.640000000000000000e+03 -4.700000000000000000e+02 1.953000000000000000e+03
1.912000000000000000e+03 2.548000000000000000e+03 1.607600000000000000e+04 -4.672000000000000000e+03 -3.320000000000000000e+02 1.670000000000000000e+03
2.368000000000000000e+03 2.720000000000000000e+03 1.624000000000000000e+04 -4.656000000000000000e+03 -2.080000000000000000e+02 1.275000000000000000e+03
2.512000000000000000e+03 2.560000000000000000e+03 1.605600000000000000e+04 -4.656000000000000000e+03 -3.000000000000000000e+00 7.620000000000000000e+02
2.488000000000000000e+03 2.492000000000000000e+03 1.665200000000000000e+04 -4.672000000000000000e+03 1.610000000000000000e+02 3.320000000000000000e+02
2.488000000000000000e+03 2.400000000000000000e+03 1.727200000000000000e+04 -4.656000000000000000e+03 3.650000000000000000e+02 -3.800000000000000000e+01
2.192000000000000000e+03 2.540000000000000000e+03 1.891200000000000000e+04 -4.656000000000000000e+03 4.370000000000000000e+02 -3.480000000000000000e+02
2.004000000000000000e+03 2.520000000000000000e+03 2.075600000000000000e+04 -4.688000000000000000e+03 5.460000000000000000e+02 -4.570000000000000000e+02
2.752000000000000000e+03 2.700000000000000000e+03 2.276000000000000000e+04 -4.672000000000000000e+03 4.540000000000000000e+02 -4.100000000000000000e+02
3.044000000000000000e+03 3.284000000000000000e+03 2.426800000000000000e+04 -4.624000000000000000e+03 3.420000000000000000e+02 -1.500000000000000000e+02
3.140000000000000000e+03 3.152000000000000000e+03 2.395200000000000000e+04 -4.656000000000000000e+03 2.550000000000000000e+02 1.730000000000000000e+02
3.084000000000000000e+03 3.004000000000000000e+03 2.270800000000000000e+04 -4.672000000000000000e+03 1.580000000000000000e+02 5.080000000000000000e+02
2.728000000000000000e+03 3.032000000000000000e+03 2.018000000000000000e+04 -4.640000000000000000e+03 2.030000000000000000e+02 8.490000000000000000e+02
2.800000000000000000e+03 3.272000000000000000e+03 1.834400000000000000e+04 -4.688000000000000000e+03 1.300000000000000000e+02 1.044000000000000000e+03
2.616000000000000000e+03 3.108000000000000000e+03 1.751200000000000000e+04 -4.624000000000000000e+03 1.520000000000000000e+02 1.260000000000000000e+03
2.420000000000000000e+03 3.016000000000000000e+03 1.704400000000000000e+04 -4.672000000000000000e+03 5.500000000000000000e+01 1.498000000000000000e+03
2.244000000000000000e+03 3.164000000000000000e+03 1.724000000000000000e+04 -4.672000000000000000e+03 -1.500000000000000000e+01 1.682000000000000000e+03
1.848000000000000000e+03 3.288000000000000000e+03 1.729200000000000000e+04 -4.672000000000000000e+03 -1.210000000000000000e+02 1.577000000000000000e+03
1.256000000000000000e+03 3.148000000000000000e+03 1.741200000000000000e+04 -4.624000000000000000e+03 -2.010000000000000000e+02 1.207000000000000000e+03
1.456000000000000000e+03 3.316000000000000000e+03 1.801600000000000000e+04 -4.688000000000000000e+03 -3.870000000000000000e+02 8.740000000000000000e+02
1.616000000000000000e+03 3.368000000000000000e+03 1.709200000000000000e+04 -4.672000000000000000e+03 -5.300000000000000000e+02 4.160000000000000000e+02
1.576000000000000000e+03 3.428000000000000000e+03 1.491200000000000000e+04 -4.656000000000000000e+03 -7.080000000000000000e+02 5.700000000000000000e+01
1.164000000000000000e+03 2.792000000000000000e+03 1.132000000000000000e+04 -4.688000000000000000e+03 -5.690000000000000000e+02 -3.230000000000000000e+02
7.240000000000000000e+02 1.720000000000000000e+03 7.408000000000000000e+03 -4.688000000000000000e+03 -6.750000000000000000e+02 -6.260000000000000000e+02
3.880000000000000000e+02 1.248000000000000000e+03 4.588000000000000000e+03 -4.656000000000000000e+03 -5.930000000000000000e+02 -6.170000000000000000e+02
-2.640000000000000000e+02 3.400000000000000000e+02 2.764000000000000000e+03 -4.672000000000000000e+03 -5.190000000000000000e+02 -6.060000000000000000e+02
-6.960000000000000000e+02 2.240000000000000000e+02 2.196000000000000000e+03 -4.688000000000000000e+03 -4.780000000000000000e+02 -8.850000000000000000e+02
-7.560000000000000000e+02 2.680000000000000000e+02 3.288000000000000000e+03 -4.672000000000000000e+03 -7.500000000000000000e+01 -1.100000000000000000e+03
6.720000000000000000e+02 7.200000000000000000e+02 6.488000000000000000e+03 -4.688000000000000000e+03 3.980000000000000000e+02 -3.550000000000000000e+02
2.764000000000000000e+03 4.100000000000000000e+03 1.804000000000000000e+04 -4.672000000000000000e+03 -1.072000000000000000e+03 -6.030000000000000000e+02
1.712000000000000000e+03 6.092000000000000000e+03 2.514400000000000000e+04 -4.624000000000000000e+03 -1.481000000000000000e+03 -5.230000000000000000e+02
7.480000000000000000e+02 2.872000000000000000e+03 1.558800000000000000e+04 -4.656000000000000000e+03 -9.240000000000000000e+02 -5.310000000000000000e+02
9.320000000000000000e+02 1.212000000000000000e+03 9.680000000000000000e+03 -4.672000000000000000e+03 -7.350000000000000000e+02 -7.500000000000000000e+01
2.736000000000000000e+03 1.480000000000000000e+03 9.444000000000000000e+03 -4.672000000000000000e+03 -5.590000000000000000e+02 1.220000000000000000e+02
1.496000000000000000e+03 2.444000000000000000e+03 1.506000000000000000e+04 -4.656000000000000000e+03 -9.720000000000000000e+02 3.520000000000000000e+02
2.232000000000000000e+03 3.176000000000000000e+03 1.828400000000000000e+04 -4.640000000000000000e+03 -1.356000000000000000e+03 2.530000000000000000e+02
1.316000000000000000e+03 2.340000000000000000e+03 1.656000000000000000e+04 -4.672000000000000000e+03 -1.200000000000000000e+03 4.310000000000000000e+02
8.800000000000000000e+02 1.468000000000000000e+03 1.251200000000000000e+04 -4.672000000000000000e+03 -8.070000000000000000e+02 2.200000000000000000e+01
1.432000000000000000e+03 1.556000000000000000e+03 1.113200000000000000e+04 -4.656000000000000000e+03 -6.150000000000000000e+02 3.110000000000000000e+02
1.792000000000000000e+03 1.596000000000000000e+03 1.330000000000000000e+04 -4.656000000000000000e+03 -5.740000000000000000e+02 5.530000000000000000e+02
1.176000000000000000e+03 1.096000000000000000e+03 1.501200000000000000e+04 -4.688000000000000000e+03 -5.260000000000000000e+02 6.270000000000000000e+02
6.040000000000000000e+02 1.120000000000000000e+03 1.491600000000000000e+04 -4.672000000000000000e+03 -3.760000000000000000e+02 4.750000000000000000e+02
2.480000000000000000e+02 1.240000000000000000e+03 1.461200000000000000e+04 -4.672000000000000000e+03 -2.830000000000000000e+02 3.860000000000000000e+02
