-1.080000000000000000e+03 1.872000000000000000e+03 1.457200000000000000e+04 -4.656000000000000000e+03 -2.280000000000000000e+02 -6.130000000000000000e+02
-9.520000000000000000e+02 1.780000000000000000e+03 1.470800000000000000e+04 -4.672000000000000000e+03 -2.230000000000000000e+02 -5.630000000000000000e+02
-9.560000000000000000e+02 1.840000000000000000e+03 1.471200000000000000e+04 -4.656000000000000000e+03 -1.710000000000000000e+02 -4.030000000000000000e+02
-1.012000000000000000e+03 1.716000000000000000e+03 1.466000000000000000e+04 -4.672000000000000000e+03 -2.240000000000000000e+02 -1.880000000000000000e+02
-1.012000000000000000e+03 1.764000000000000000e+03 1.460400000000000000e+04 -4.656000000000000000e+03 -3.040000000000000000e+02 4.000000000000000000e+00
-1.128000000000000000e+03 1.768000000000000000e+03 1.447600000000000000e+04 -4.640000000000000000e+03 -3.300000000000000000e+02 1.750000000000000000e+02
-1.164000000000000000e+03 1.620000000000000000e+03 1.464800000000000000e+04 -4.624000000000000000e+03 -3.360000000000000000e+02 3.820000000000000000e+02
-9.800000000000000000e+02 1.568000000000000000e+03 1.446800000000000000e+04 -4.672000000000000000e+03 -3.400000000000000000e+02 5.880000000000000000e+02
-1.164000000000000000e+03 1.820000000000000000e+03 1.459600000000000000e+04 -4.656000000000000000e+03 -3.650000000000000000e+02 7.620000000000000000e+02
-8.320000000000000000e+02 1.780000000000000000e+03 1.437600000000000000e+04 -4.672000000000000000e+03 -3.300000000000000000e+02 8.940000000000000000e+02
-6.360000000000000000e+02 1.716000000000000000e+03 1.461600000000000000e+04 -4.672000000000000000e+03 -3.190000000000000000e+02 1.037000000000000000e+03
-5.960000000000000000e+02 1.772000000000000000e+03 1.476800000000000000e+04 -4.656000000000000000e+03 -2.800000000000000000e+02 1.123000000000000000e+03
-5.200000000000000000e+02 1.740000000000000000e+03 1.478400000000000000e+04 -4.656000000000000000e+03 -2.770000000000000000e+02 1.141000000000000000e+03
-4.120000000000000000e+02 1.788000000000000000e+03 1.426400000000000000e+04 -4.688000000000000000e+03 -2.430000000000000000e+02 1.068000000000000000e+03
-3.280000000000000000e+02 1.764000000000000000e+03 1.442800000000000000e+04 -4.640000000000000000e+03 -2.260000000000000000e+02 9.300000000000000000e+02
-4.240000000000000000e+02 1.720000000000000000e+03 1.462000000000000000e+04 -4.640000000000000000e+03 -2.090000000000000000e+02 7.570000000000000000e+02
-4.520000000000000000e+02 1.824000000000000000e+03 1.446400000000000000e+04 -4.656000000000000000e+03 -1.640000000000000000e+02 5.800000000000000000e+02
-4.280000000000000000e+02 1.832000000000000000e+03 1.429600000000000000e+04 -4.640000000000000000e+03 -1.690000000000000000e+02 5.780000000000000000e+02
-3.560000000000000000e+02 1.720000000000000000e+03 1.425200000000000000e+04 -4.640000000000000000e+03 -8.600000000000000000e+01 7.390000000000000000e+02
-5.360000000000000000e+02 1.700000000000000000e+03 1.426000000000000000e+04 -4.656000000000000000e+03 -3.080000000000000000e+02 9.680000000000000000e+02
-4.520000000000000000e+02 1.768000000000000000e+03 1.449200000000000000e+04 -4.640000000000000000e+03 -4.580000000000000000e+02 1.195000000000000000e+03
-2.640000000000000000e+02 1.636000000000000000e+03 1.441200000000000000e+04 -4.688000000000000000e+03 -5.840000000000000000e+02 1.424000000000000000e+03
-3.720000000000000000e+02 1.688000000000000000e+03 1.463600000000000000e+04 -4.672000000000000000e+03 -6.200000000000000000e+02 1.673000000000000000e+03
-7.440000000000000000e+02 1.640000000000000000e+03 1.424800000000000000e+04 -4.656000000000000000e+03 -8.590000000000000000e+02 1.898000000000000000e+03
-8.360000000000000000e+02 1.568000000000000000e+03 1.454400000000000000e+04 -4.672000000000000000e+03 -1.070000000000000000e+03 2.010000000000000000e+03
-9.400000000000000000e+02 1.692000000000000000e+03 1.486800000000000000e+04 -4.688000000000000000e+03 -6.460000000000000000e+02 1.703000000000000000e+03
-1.224000000000000000e+03 1.804000000000000000e+03 1.538400000000000000e+04 -4.624000000000000000e+03 -7.470000000000000000e+02 1.849000000000000000e+03
-1.268000000000000000e+03 1.656000000000000000e+03 1.686000000000000000e+04 -4.624000000000000000e+03 -8.290000000000000000e+02 2.403000000000000000e+03
-1.316000000000000000e+03 2.036000000000000000e+03 1.513200000000000000e+04 -4.672000000000000000e+03 -6.190000000000000000e+02 1.689000000000000000e+03
-1.536000000000000000e+03 1.564000000000000000e+03 1.370000000000000000e+04 -4.656000000000000000e+03 -8.210000000000000000e+02 1.384000000000000000e+03
-2.028000000000000000e+03 1.532000000000000000e+03 1.201200000000000000e+04 -4.640000000000000000e+03 -7.400000000000000000e+02 8.920000000000000000e+02
-2.672000000000000000e+03 1.292000000000000000e+03 1.056000000000000000e+04 -4.656000000000000000e+03 -7.220000000000000000e+02 3.860000000000000000e+02
-2.244000000000000000e+03 1.092000000000000000e+03 6.204000000000000000e+03 -4.672000000000000000e+03 -7.330000000000000000e+02 1.900000000000000000e+02
-1.884000000000000000e+03 4.720000000000000000e+02 5.056000000000000000e+03 -4.640000000000000000e+03 -6.670000000000000000e+02 -1.960000000000000000e+02
-1.652000000000000000e+03 4.720000000000000000e+02 8.200000000000000000e+03 -4.672000000000000000e+03 -6.020000000000000000e+02 -7.050000000000000000e+02
-1.516000000000000000e+03 1.160000000000000000e+03 7.100000000000000000e+03 -4.672000000000000000e+03 -6.660000000000000000e+02 -1.134000000000000000e+03
-6.640000000000000000e+02 1.760000000000000000e+02 1.033200000000000000e+04 -4.656000000000000000e+03 -5.180000000000000000e+02 -1.573000000000000000e+03
9.200000000000000000e+01 9.440000000000000000e+02 1.290400000000000000e+04 -4.624000000000000000e+03 -5.320000000000000000e+02 -1.998000000000000000e+03
-1.068000000000000000e+03 1.472000000000000000e+03 1.325600000000000000e+04 -4.656000000000000000e+03 -4.270000000000000000e+02 -2.166000000000000000e+03
-7.760000000000000000e+02 1.776000000000000000e+03 1.560000000000000000e+04 -4.624000000000000000e+03 -3.180000000000000000e+02 -2.389000000000000000e+03
-2.332000000000000000e+03 2.048000000000000000e+03 1.559600000000000000e+04 -4.688000000000000000e+03 -1.740000000000000000e+02 -2.530000000000000000e+03
-2.964000000000000000e+03 1.292000000000000000e+03 1.619600000000000000e+04 -4.656000000000000000e+03 -3.800000000000000000e+01 -2.611000000000000000e+03
-2.772000000000000000e+03 9.160000000000000000e+02 1.706000000000000000e+04 -4.672000000000000000e+03 -3.000000000000000000e+01 -2.432000000000000000e+03
-2.500000000000000000e+03 1.224000000000000000e+03 1.686400000000000000e+04 -4.656000000000000000e+03 -7.800000000000000000e+01 -2.016000000000000000e+03
-2.736000000000000000e+03 1.724000000000000000e+03 1.618000000000000000e+04 -4.640000000000000000e+03 -2.210000000000000000e+02 -1.727000000000000000e+03
-3.248000000000000000e+03 1.788000000000000000e+03 1.669600000000000000e+04 -4.640000000000000000e+03 -3.220000000000000000e+02 -1.263000000000000000e+03
-3.324000000000000000e+03 2.004000000000000000e+03 1.528400000000000000e+04 -4.640000000000000000e+03 -1.760000000000000000e+02 -8.410000000000000000e+02
-2.740000000000000000e+03 1.656000000000000000e+03 1.640000000000000000e+04 -4.640000000000000000e+03 -5.300000000000000000e+01 -3.730000000000000000e+02
-2.604000000000000000e+03 1.860000000000000000e+03 1.648400000000000000e+04 -4.640000000000000000e+03 -7.800000000000000000e+01 -5.600000000000000000e+01
-2.088000000000000000e+03 1.292000000000000000e+03 2.074400000000000000e+04 -4.624000000000000000e+03 -1.350000000000000000e+02 3.290000000000000000e+02
-1.064000000000000000e+03 1.852000000000000000e+03 2.288000000000000000e+04 -4.656000000000000000e+03 -2.020000000000000000e+02 7.080000000000000000e+02
-2.380000000000000000e+03 1.576000000000000000e+03 2.594400000000000000e+04 -4.656000000000000000e+03 -1.550000000000000000e+02 1.027000000000000000e+03
-1.612000000000000000e+03 1.920000000000000000e+03 2.538800000000000000e+04 -4.672000000000000000e+03 -2.710000000000000000e+02 1.223000000000000000e+03
-1.960000000000000000e+03 1.232000000000000000e+03 2.266000000000000000e+04 -4.624000000000000000e+03 -4.170000000000000000e+02 1.323000000000000000e+03
-1.428000000000000000e+03 1.636000000000000000e+03 1.894800000000000000e+04 -4.672000000000000000e+03 -4.300000000000000000e+02 1.167000000000000000e+03
-2.172000000000000000e+03 1.948000000000000000e+03 1.788000000000000000e+04 -4.672000000000000000e+03 -4.990000000000000000e+02 8.230000000000000000e+02
-1.788000000000000000e+03 1.888000000000000000e+03 1.720000000000000000e+04 -4.640000000000000000e+03 -5.490000000000000000e+02 7.890000000000000000e+02
-6.560000000000000000e+02 1.656000000000000000e+03 1.666400000000000000e+04 -4.640000000000000000e+03 -5.600000000000000000e+02 8.180000000000000000e+02
-5.600000000000000000e+01 1.712000000000000000e+03 1.592800000000000000e+04 -4.688000000000000000e+03 -4.890000000000000000e+02 6.030000000000000000e+02
5.600000000000000000e+01 1.948000000000000000e+03 1.601200000000000000e+04 -4.672000000000000000e+03 -4.030000000000000000e+02 1.450000000000000000e+02
2.600000000000000000e+02 1.856000000000000000e+03 1.674800000000000000e+04 -4.656000000000000000e+03 -3.160000000000000000e+02 -2.000000000000000000e+01
6.720000000000000000e+02 1.832000000000000000e+03 1.628400000000000000e+04 -4.640000000000000000e+03 -2.330000000000000000e+02 4.100000000000000000e+01
1.960000000000000000e+02 1.584000000000000000e+03 1.601600000000000000e+04 -4.672000000000000000e+03 -1.150000000000000000e+02 -1.810000000000000000e+02
-8.400000000000000000e+01 1.496000000000000000e+03 1.539600000000000000e+04 -4.656000000000000000e+03 1.280000000000000000e+02 -4.120000000000000000e+02
-6.800000000000000000e+01 1.400000000000000000e+03 1.338800000000000000e+04 -4.672000000000000000e+03 3.660000000000000000e+02 -6.160000000000000000e+02
6.400000000000000000e+01 1.172000000000000000e+03 1.054000000000000000e+04 -4.688000000000000000e+03 2.060000000000000000e+02 -9.180000000000000000e+02
-1.040000000000000000e+02 6.040000000000000000e+02 8.596000000000000000e+03 -4.672000000000000000e+03 -3.630000000000000000e+02 -7.330000000000000000e+02
2.240000000000000000e+02 5.000000000000000000e+02 7.048000000000000000e+03 -4.656000000000000000e+03 -4.210000000000000000e+02 -2.330000000000000000e+02
1.400000000000000000e+02 3.800000000000000000e+02 5.792000000000000000e+03 -4.640000000000000000e+03 -1.250000000000000000e+02 -1.100000000000000000e+02
-2.280000000000000000e+02 3.240000000000000000e+02 4.748000000000000000e+03 -4.672000000000000000e+03 -2.300000000000000000e+01 2.450000000000000000e+02
-3.280000000000000000e+02 -8.000000000000000000e+00 4.892000000000000000e+03 -4.624000000000000000e+03 -2.120000000000000000e+02 4.590000000000000000e+02
-8.000000000000000000e+01 -2.840000000000000000e+02 7.460000000000000000e+03 -4.688000000000000000e+03 -4.080000000000000000e+02 6.010000000000000000e+02
-3.720000000000000000e+02 -4.000000000000000000e+01 1.235600000000000000e+04 -4.672000000000000000e+03 -2.820000000000000000e+02 5.190000000000000000e+02
