4.972000000000000000e+03 1.916000000000000000e+03 1.423200000000000000e+04 -4.672000000000000000e+03 -1.630000000000000000e+02 -3.820000000000000000e+02
0.000000000000000000e+00 2.044000000000000000e+03 1.425200000000000000e+04 -4.720000000000000000e+03 -2.700000000000000000e+02 -1.920000000000000000e+02
4.768000000000000000e+03 2.396000000000000000e+03 1.341600000000000000e+04 -4.688000000000000000e+03 -2.240000000000000000e+02 8.300000000000000000e+01
5.432000000000000000e+03 1.812000000000000000e+03 1.319600000000000000e+04 -4.704000000000000000e+03 -1.890000000000000000e+02 3.400000000000000000e+02
5.416000000000000000e+03 1.868000000000000000e+03 1.351200000000000000e+04 -4.688000000000000000e+03 -1.460000000000000000e+02 4.610000000000000000e+02
5.124000000000000000e+03 2.120000000000000000e+03 1.407600000000000000e+04 -4.672000000000000000e+03 -1.330000000000000000e+02 7.400000000000000000e+02
5.112000000000000000e+03 2.340000000000000000e+03 1.374800000000000000e+04 -4.672000000000000000e+03 -1.680000000000000000e+02 7.050000000000000000e+02
4.968000000000000000e+03 2.080000000000000000e+03 1.396400000000000000e+04 -4.688000000000000000e+03 -1.450000000000000000e+02 8.070000000000000000e+02
5.348000000000000000e+03 2.352000000000000000e+03 1.382000000000000000e+04 -4.672000000000000000e+03 -1.620000000000000000e+02 7.210000000000000000e+02
5.216000000000000000e+03 2.136000000000000000e+03 1.328000000000000000e+04 -4.672000000000000000e+03 -1.730000000000000000e+02 8.870000000000000000e+02
5.148000000000000000e+03 2.036000000000000000e+03 1.375600000000000000e+04 -4.688000000000000000e+03 -1.730000000000000000e+02 6.300000000000000000e+02
5.008000000000000000e+03 2.016000000000000000e+03 1.398000000000000000e+04 -4.704000000000000000e+03 -1.250000000000000000e+02 2.500000000000000000e+02
6.068000000000000000e+03 2.020000000000000000e+03 1.410000000000000000e+04 -4.688000000000000000e+03 -1.370000000000000000e+02 2.330000000000000000e+02
5.560000000000000000e+03 1.920000000000000000e+03 1.410400000000000000e+04 -4.720000000000000000e+03 -1.490000000000000000e+02 1.980000000000000000e+02
5.608000000000000000e+03 1.984000000000000000e+03 1.404800000000000000e+04 -4.704000000000000000e+03 -1.210000000000000000e+02 2.000000000000000000e+00
5.376000000000000000e+03 2.188000000000000000e+03 1.402400000000000000e+04 -4.688000000000000000e+03 -1.250000000000000000e+02 -8.200000000000000000e+01
5.160000000000000000e+03 2.264000000000000000e+03 1.442800000000000000e+04 -4.688000000000000000e+03 -1.950000000000000000e+02 1.020000000000000000e+02
5.164000000000000000e+03 2.224000000000000000e+03 1.404000000000000000e+04 -4.672000000000000000e+03 -2.010000000000000000e+02 1.050000000000000000e+02
5.652000000000000000e+03 2.104000000000000000e+03 1.350000000000000000e+04 -4.688000000000000000e+03 -1.660000000000000000e+02 2.620000000000000000e+02
5.320000000000000000e+03 1.932000000000000000e+03 1.366800000000000000e+04 -4.688000000000000000e+03 -1.730000000000000000e+02 3.140000000000000000e+02
5.020000000000000000e+03 2.004000000000000000e+03 1.390000000000000000e+04 -4.672000000000000000e+03 -1.340000000000000000e+02 2.800000000000000000e+02
4.848000000000000000e+03 2.260000000000000000e+03 1.389600000000000000e+04 -4.688000000000000000e+03 -1.550000000000000000e+02 3.740000000000000000e+02
5.028000000000000000e+03 2.412000000000000000e+03 1.404800000000000000e+04 -4.688000000000000000e+03 -1.530000000000000000e+02 3.180000000000000000e+02
5.168000000000000000e+03 2.216000000000000000e+03 1.397200000000000000e+04 -4.672000000000000000e+03 -1.250000000000000000e+02 3.130000000000000000e+02
5.172000000000000000e+03 2.268000000000000000e+03 1.403200000000000000e+04 -4.656000000000000000e+03 -1.270000000000000000e+02 1.560000000000000000e+02
4.960000000000000000e+03 2.444000000000000000e+03 1.406000000000000000e+04 -4.688000000000000000e+03 -1.640000000000000000e+02 1.630000000000000000e+02
4.900000000000000000e+03 2.524000000000000000e+03 1.428400000000000000e+04 -4.704000000000000000e+03 -1.800000000000000000e+02 2.210000000000000000e+02
4.824000000000000000e+03 2.496000000000000000e+03 1.428800000000000000e+04 -4.688000000000000000e+03 -2.440000000000000000e+02 2.240000000000000000e+02
5.080000000000000000e+03 2.516000000000000000e+03 1.428000000000000000e+04 -4.656000000000000000e+03 -2.630000000000000000e+02 1.330000000000000000e+02
5.028000000000000000e+03 2.276000000000000000e+03 1.445200000000000000e+04 -4.640000000000000000e+03 -3.240000000000000000e+02 -2.000000000000000000e+00
4.912000000000000000e+03 2.432000000000000000e+03 1.404000000000000000e+04 -4.672000000000000000e+03 -3.440000000000000000e+02 -5.500000000000000000e+01
4.616000000000000000e+03 2.404000000000000000e+03 1.348800000000000000e+04 -4.640000000000000000e+03 -4.300000000000000000e+02 -2.100000000000000000e+01
4.860000000000000000e+03 2.304000000000000000e+03 1.347600000000000000e+04 -4.672000000000000000e+03 -3.730000000000000000e+02 4.600000000000000000e+01
5.240000000000000000e+03 2.452000000000000000e+03 1.386400000000000000e+04 -4.672000000000000000e+03 -3.680000000000000000e+02 -5.500000000000000000e+01
5.688000000000000000e+03 2.488000000000000000e+03 1.371600000000000000e+04 -4.672000000000000000e+03 -4.390000000000000000e+02 2.470000000000000000e+02
5.544000000000000000e+03 2.328000000000000000e+03 1.402800000000000000e+04 -4.656000000000000000e+03 -5.260000000000000000e+02 4.730000000000000000e+02
5.356000000000000000e+03 2.244000000000000000e+03 1.349600000000000000e+04 -4.672000000000000000e+03 -5.940000000000000000e+02 7.150000000000000000e+02
5.080000000000000000e+03 2.056000000000000000e+03 1.246800000000000000e+04 -4.688000000000000000e+03 -7.860000000000000000e+02 9.760000000000000000e+02
4.896000000000000000e+03 1.860000000000000000e+03 9.976000000000000000e+03 -4.688000000000000000e+03 -9.400000000000000000e+02 1.162000000000000000e+03
4.860000000000000000e+03 1.380000000000000000e+03 6.644000000000000000e+03 -4.672000000000000000e+03 -9.470000000000000000e+02 1.263000000000000000e+03
4.344000000000000000e+03 7.760000000000000000e+02 4.712000000000000000e+03 -4.672000000000000000e+03 -8.280000000000000000e+02 1.368000000000000000e+03
3.212000000000000000e+03 5.240000000000000000e+02 5.052000000000000000e+03 -4.656000000000000000e+03 -6.770000000000000000e+02 1.444000000000000000e+03
1.884000000000000000e+03 4.760000000000000000e+02 7.052000000000000000e+03 -4.656000000000000000e+03 -7.090000000000000000e+02 1.505000000000000000e+03
1.644000000000000000e+03 6.160000000000000000e+02 9.428000000000000000e+03 -4.656000000000000000e+03 -6.090000000000000000e+02 1.467000000000000000e+03
1.792000000000000000e+03 9.200000000000000000e+02 1.078400000000000000e+04 -4.624000000000000000e+03 -7.440000000000000000e+02 8.520000000000000000e+02
2.332000000000000000e+03 1.416000000000000000e+03 1.166000000000000000e+04 -4.656000000000000000e+03 -6.300000000000000000e+02 5.260000000000000000e+02
2.056000000000000000e+03 1.700000000000000000e+03 1.494000000000000000e+04 -4.640000000000000000e+03 -6.240000000000000000e+02 8.570000000000000000e+02
3.176000000000000000e+03 2.324000000000000000e+03 1.630800000000000000e+04 -4.656000000000000000e+03 -7.310000000000000000e+02 2.010000000000000000e+02
3.340000000000000000e+03 1.972000000000000000e+03 1.684800000000000000e+04 -4.720000000000000000e+03 -6.520000000000000000e+02 3.820000000000000000e+02
5.096000000000000000e+03 2.232000000000000000e+03 1.740800000000000000e+04 -4.704000000000000000e+03 -7.280000000000000000e+02 2.800000000000000000e+02
5.004000000000000000e+03 2.144000000000000000e+03 1.689600000000000000e+04 -4.656000000000000000e+03 -6.480000000000000000e+02 2.970000000000000000e+02
5.916000000000000000e+03 2.208000000000000000e+03 1.709200000000000000e+04 -4.688000000000000000e+03 -5.430000000000000000e+02 3.330000000000000000e+02
4.636000000000000000e+03 2.492000000000000000e+03 1.638800000000000000e+04 -4.672000000000000000e+03 -5.550000000000000000e+02 3.820000000000000000e+02
4.576000000000000000e+03 2.204000000000000000e+03 1.708800000000000000e+04 -4.656000000000000000e+03 -1.900000000000000000e+02 1.340000000000000000e+02
4.604000000000000000e+03 2.492000000000000000e+03 1.900400000000000000e+04 -4.656000000000000000e+03 -2.370000000000000000e+02 3.640000000000000000e+02
4.244000000000000000e+03 1.836000000000000000e+03 2.144400000000000000e+04 -4.704000000000000000e+03 1.440000000000000000e+02 -2.810000000000000000e+02
6.112000000000000000e+03 1.860000000000000000e+03 2.470000000000000000e+04 -4.656000000000000000e+03 1.970000000000000000e+02 -3.360000000000000000e+02
5.532000000000000000e+03 2.132000000000000000e+03 2.672800000000000000e+04 -4.688000000000000000e+03 1.320000000000000000e+02 -5.370000000000000000e+02
6.008000000000000000e+03 2.464000000000000000e+03 2.561200000000000000e+04 -4.672000000000000000e+03 -1.650000000000000000e+02 -5.420000000000000000e+02
6.424000000000000000e+03 2.772000000000000000e+03 2.163200000000000000e+04 -4.688000000000000000e+03 -1.720000000000000000e+02 -3.720000000000000000e+02
7.156000000000000000e+03 2.740000000000000000e+03 1.890400000000000000e+04 -4.704000000000000000e+03 -1.330000000000000000e+02 -8.900000000000000000e+01
6.872000000000000000e+03 2.760000000000000000e+03 1.739600000000000000e+04 -4.688000000000000000e+03 -1.330000000000000000e+02 1.070000000000000000e+02
6.600000000000000000e+03 2.444000000000000000e+03 1.709600000000000000e+04 -4.672000000000000000e+03 -1.750000000000000000e+02 2.760000000000000000e+02
6.500000000000000000e+03 2.244000000000000000e+03 1.660800000000000000e+04 -4.672000000000000000e+03 -3.890000000000000000e+02 3.250000000000000000e+02
5.816000000000000000e+03 2.032000000000000000e+03 1.619600000000000000e+04 -4.688000000000000000e+03 -3.470000000000000000e+02 2.640000000000000000e+02
5.908000000000000000e+03 2.060000000000000000e+03 1.690400000000000000e+04 -4.672000000000000000e+03 -4.240000000000000000e+02 2.790000000000000000e+02
5.608000000000000000e+03 2.708000000000000000e+03 1.704000000000000000e+04 -4.672000000000000000e+03 -4.910000000000000000e+02 1.440000000000000000e+02
5.620000000000000000e+03 2.664000000000000000e+03 1.724800000000000000e+04 -4.688000000000000000e+03 -5.420000000000000000e+02 6.700000000000000000e+01
6.280000000000000000e+03 2.356000000000000000e+03 1.609600000000000000e+04 -4.688000000000000000e+03 -6.560000000000000000e+02 -1.800000000000000000e+02
6.256000000000000000e+03 2.212000000000000000e+03 1.378000000000000000e+04 -4.672000000000000000e+03 -6.510000000000000000e+02 -4.170000000000000000e+02
6.528000000000000000e+03 2.416000000000000000e+03 1.046800000000000000e+04 -4.688000000000000000e+03 -8.380000000000000000e+02 -3.680000000000000000e+02
6.332000000000000000e+03 1.884000000000000000e+03 5.304000000000000000e+03 -4.704000000000000000e+03 -7.080000000000000000e+02 -7.300000000000000000e+02
6.936000000000000000e+03 7.760000000000000000e+02 1.916000000000000000e+03 -4.704000000000000000e+03 -4.820000000000000000e+02 -1.039000000000000000e+03
5.636000000000000000e+03 3.240000000000000000e+02 1.200000000000000000e+02 -4.704000000000000000e+03 -4.070000000000000000e+02 -8.070000000000000000e+02
3.276000000000000000e+03 -1.720000000000000000e+02 -4.600000000000000000e+02 -4.672000000000000000e+03 -3.040000000000000000e+02 7.470000000000000000e+02
2.280000000000000000e+03 -1.280000000000000000e+02 4.056000000000000000e+03 -4.672000000000000000e+03 1.140000000000000000e+02 -1.296000000000000000e+03
5.960000000000000000e+02 -3.840000000000000000e+02 7.164000000000000000e+03 -4.656000000000000000e+03 9.290000000000000000e+02 -1.717000000000000000e+03
1.920000000000000000e+02 -2.160000000000000000e+02 2.352800000000000000e+04 -4.672000000000000000e+03 8.010000000000000000e+02 -2.564000000000000000e+03
-2.264000000000000000e+03 4.364000000000000000e+03 2.187200000000000000e+04 -4.656000000000000000e+03 -5.230000000000000000e+02 -2.748000000000000000e+03
2.160000000000000000e+03 3.556000000000000000e+03 1.001200000000000000e+04 -4.688000000000000000e+03 -5.810000000000000000e+02 -1.181000000000000000e+03
9.608000000000000000e+03 8.040000000000000000e+02 6.548000000000000000e+03 -4.704000000000000000e+03 3.140000000000000000e+02 -1.979000000000000000e+03
8.492000000000000000e+03 4.520000000000000000e+02 9.468000000000000000e+03 -4.672000000000000000e+03 3.950000000000000000e+02 -1.993000000000000000e+03
