7.536000000000000000e+03 2.880000000000000000e+03 1.474800000000000000e+04 -4.784000000000000000e+03 -5.130000000000000000e+02 1.919000000000000000e+03
6.632000000000000000e+03 2.576000000000000000e+03 1.404800000000000000e+04 -4.816000000000000000e+03 -4.500000000000000000e+02 2.176000000000000000e+03
5.312000000000000000e+03 -2.910000000000000000e+02 1.446400000000000000e+04 -4.832000000000000000e+03 -4.640000000000000000e+02 1.471000000000000000e+03
5.980000000000000000e+03 2.944000000000000000e+03 1.412000000000000000e+04 -4.800000000000000000e+03 -4.400000000000000000e+02 1.614000000000000000e+03
4.784000000000000000e+03 3.236000000000000000e+03 1.392000000000000000e+04 -4.800000000000000000e+03 -4.490000000000000000e+02 1.593000000000000000e+03
5.520000000000000000e+03 2.524000000000000000e+03 1.438800000000000000e+04 -4.816000000000000000e+03 -4.220000000000000000e+02 1.450000000000000000e+02
5.052000000000000000e+03 3.084000000000000000e+03 1.407200000000000000e+04 -4.816000000000000000e+03 -4.370000000000000000e+02 1.562000000000000000e+03
5.392000000000000000e+03 3.308000000000000000e+03 1.394800000000000000e+04 -4.800000000000000000e+03 -3.950000000000000000e+02 7.970000000000000000e+02
4.476000000000000000e+03 3.024000000000000000e+03 1.429200000000000000e+04 -4.832000000000000000e+03 -4.880000000000000000e+02 7.460000000000000000e+02
4.536000000000000000e+03 2.904000000000000000e+03 1.424000000000000000e+04 -4.816000000000000000e+03 -4.690000000000000000e+02 2.310000000000000000e+02
4.624000000000000000e+03 2.744000000000000000e+03 1.412800000000000000e+04 -4.816000000000000000e+03 -1.470000000000000000e+02 -5.000000000000000000e+00
4.676000000000000000e+03 2.584000000000000000e+03 1.362000000000000000e+04 -4.768000000000000000e+03 6.900000000000000000e+01 -8.450000000000000000e+02
4.040000000000000000e+03 2.380000000000000000e+03 1.372400000000000000e+04 -4.816000000000000000e+03 -9.900000000000000000e+01 -7.830000000000000000e+02
4.672000000000000000e+03 2.364000000000000000e+03 1.395200000000000000e+04 -4.800000000000000000e+03 1.140000000000000000e+02 -1.049000000000000000e+03
4.600000000000000000e+03 2.528000000000000000e+03 1.422400000000000000e+04 -4.800000000000000000e+03 -1.800000000000000000e+01 -1.626000000000000000e+03
4.376000000000000000e+03 2.424000000000000000e+03 1.409600000000000000e+04 -4.816000000000000000e+03 -3.600000000000000000e+01 -2.024000000000000000e+03
4.736000000000000000e+03 2.548000000000000000e+03 1.448400000000000000e+04 -4.784000000000000000e+03 2.800000000000000000e+01 -2.261000000000000000e+03
4.344000000000000000e+03 2.368000000000000000e+03 1.463600000000000000e+04 -4.784000000000000000e+03 4.700000000000000000e+01 -3.141000000000000000e+03
4.096000000000000000e+03 2.036000000000000000e+03 1.465600000000000000e+04 -4.816000000000000000e+03 -4.900000000000000000e+01 -3.090000000000000000e+03
4.012000000000000000e+03 2.184000000000000000e+03 1.446000000000000000e+04 -4.832000000000000000e+03 -1.400000000000000000e+01 -3.768000000000000000e+03
4.016000000000000000e+03 2.252000000000000000e+03 1.389600000000000000e+04 -4.784000000000000000e+03 7.200000000000000000e+01 -3.782000000000000000e+03
3.944000000000000000e+03 2.376000000000000000e+03 1.310000000000000000e+04 -4.832000000000000000e+03 2.800000000000000000e+01 -4.259000000000000000e+03
3.924000000000000000e+03 2.180000000000000000e+03 1.153200000000000000e+04 -4.784000000000000000e+03 1.820000000000000000e+02 -4.275000000000000000e+03
3.320000000000000000e+03 2.212000000000000000e+03 7.696000000000000000e+03 -4.816000000000000000e+03 2.090000000000000000e+02 -4.476000000000000000e+03
2.956000000000000000e+03 2.316000000000000000e+03 6.304000000000000000e+03 -4.816000000000000000e+03 1.860000000000000000e+02 -4.391000000000000000e+03
2.928000000000000000e+03 2.432000000000000000e+03 8.252000000000000000e+03 -4.816000000000000000e+03 4.350000000000000000e+02 -4.519000000000000000e+03
2.596000000000000000e+03 2.628000000000000000e+03 7.948000000000000000e+03 -4.832000000000000000e+03 3.400000000000000000e+02 -3.937000000000000000e+03
2.508000000000000000e+03 2.476000000000000000e+03 8.980000000000000000e+03 -4.784000000000000000e+03 3.020000000000000000e+02 -3.994000000000000000e+03
2.204000000000000000e+03 2.500000000000000000e+03 1.019600000000000000e+04 -4.784000000000000000e+03 1.490000000000000000e+02 -3.542000000000000000e+03
1.912000000000000000e+03 2.300000000000000000e+03 9.860000000000000000e+03 -4.768000000000000000e+03 -3.640000000000000000e+02 -4.553000000000000000e+03
1.560000000000000000e+03 2.144000000000000000e+03 1.259200000000000000e+04 -4.768000000000000000e+03 -4.860000000000000000e+02 -3.942000000000000000e+03
7.600000000000000000e+02 1.472000000000000000e+03 1.371600000000000000e+04 -4.768000000000000000e+03 -3.350000000000000000e+02 -2.900000000000000000e+03
1.600000000000000000e+02 1.040000000000000000e+03 1.508400000000000000e+04 -4.816000000000000000e+03 -2.080000000000000000e+02 -2.888000000000000000e+03
-4.160000000000000000e+02 9.840000000000000000e+02 1.362800000000000000e+04 -4.784000000000000000e+03 1.000000000000000000e+01 -2.436000000000000000e+03
-4.840000000000000000e+02 7.600000000000000000e+02 1.425200000000000000e+04 -4.816000000000000000e+03 1.220000000000000000e+02 -2.320000000000000000e+03
-6.400000000000000000e+02 8.160000000000000000e+02 1.477600000000000000e+04 -4.816000000000000000e+03 2.150000000000000000e+02 -2.068000000000000000e+03
3.880000000000000000e+02 1.176000000000000000e+03 1.540000000000000000e+04 -4.816000000000000000e+03 8.000000000000000000e+00 -1.954000000000000000e+03
-1.360000000000000000e+02 1.300000000000000000e+03 1.684800000000000000e+04 -4.800000000000000000e+03 1.050000000000000000e+02 -1.890000000000000000e+03
9.360000000000000000e+02 1.844000000000000000e+03 1.817600000000000000e+04 -4.800000000000000000e+03 -2.600000000000000000e+01 -1.979000000000000000e+03
1.648000000000000000e+03 2.284000000000000000e+03 2.154800000000000000e+04 -4.832000000000000000e+03 -1.840000000000000000e+02 -1.428000000000000000e+03
7.240000000000000000e+02 2.472000000000000000e+03 2.368400000000000000e+04 -4.784000000000000000e+03 -3.300000000000000000e+02 -1.770000000000000000e+03
1.440000000000000000e+03 2.160000000000000000e+03 2.676800000000000000e+04 -4.784000000000000000e+03 -3.290000000000000000e+02 -7.490000000000000000e+02
1.192000000000000000e+03 2.488000000000000000e+03 2.941200000000000000e+04 -4.816000000000000000e+03 -3.500000000000000000e+02 -1.000000000000000000e+03
1.396000000000000000e+03 2.568000000000000000e+03 2.905600000000000000e+04 -4.800000000000000000e+03 -6.040000000000000000e+02 -8.310000000000000000e+02
1.800000000000000000e+03 2.888000000000000000e+03 2.270800000000000000e+04 -4.800000000000000000e+03 -6.290000000000000000e+02 -1.743000000000000000e+03
1.752000000000000000e+03 3.280000000000000000e+03 1.862400000000000000e+04 -4.800000000000000000e+03 -6.670000000000000000e+02 -1.230000000000000000e+03
1.620000000000000000e+03 3.572000000000000000e+03 1.576000000000000000e+04 -4.784000000000000000e+03 -4.390000000000000000e+02 2.470000000000000000e+02
1.500000000000000000e+03 4.340000000000000000e+03 1.455200000000000000e+04 -4.784000000000000000e+03 -3.460000000000000000e+02 1.370000000000000000e+02
1.752000000000000000e+03 4.624000000000000000e+03 1.361600000000000000e+04 -4.800000000000000000e+03 -1.390000000000000000e+02 -6.550000000000000000e+02
3.012000000000000000e+03 5.052000000000000000e+03 1.510400000000000000e+04 -4.784000000000000000e+03 2.930000000000000000e+02 -3.650000000000000000e+02
3.616000000000000000e+03 5.424000000000000000e+03 1.620400000000000000e+04 -4.816000000000000000e+03 -2.800000000000000000e+02 -5.180000000000000000e+02
4.992000000000000000e+03 5.456000000000000000e+03 1.570800000000000000e+04 -4.816000000000000000e+03 -1.025000000000000000e+03 3.750000000000000000e+02
