-3.008000000000000000e+03 1.364000000000000000e+03 1.375200000000000000e+04 -4.784000000000000000e+03 -5.130000000000000000e+02 2.479000000000000000e+03
-2.832000000000000000e+03 1.240000000000000000e+03 1.413200000000000000e+04 -4.768000000000000000e+03 -5.280000000000000000e+02 2.381000000000000000e+03
-3.076000000000000000e+03 1.076000000000000000e+03 1.414400000000000000e+04 -4.816000000000000000e+03 -5.970000000000000000e+02 1.984000000000000000e+03
-3.092000000000000000e+03 1.124000000000000000e+03 1.416000000000000000e+04 -4.768000000000000000e+03 -6.990000000000000000e+02 2.280000000000000000e+03
-3.316000000000000000e+03 1.148000000000000000e+03 1.428800000000000000e+04 -4.800000000000000000e+03 -7.180000000000000000e+02 1.042000000000000000e+03
-3.548000000000000000e+03 1.276000000000000000e+03 1.418800000000000000e+04 -4.784000000000000000e+03 -7.700000000000000000e+02 -1.470000000000000000e+02
-3.260000000000000000e+03 1.164000000000000000e+03 1.451200000000000000e+04 -4.800000000000000000e+03 -8.160000000000000000e+02 3.150000000000000000e+02
-3.412000000000000000e+03 1.108000000000000000e+03 1.416800000000000000e+04 -4.784000000000000000e+03 -5.780000000000000000e+02 -1.340000000000000000e+02
-3.432000000000000000e+03 1.380000000000000000e+03 1.422400000000000000e+04 -4.784000000000000000e+03 -7.370000000000000000e+02 -4.300000000000000000e+02
-3.456000000000000000e+03 1.380000000000000000e+03 1.448000000000000000e+04 -4.784000000000000000e+03 -3.940000000000000000e+02 -1.265000000000000000e+03
-3.400000000000000000e+03 1.304000000000000000e+03 1.449600000000000000e+04 -4.784000000000000000e+03 -3.660000000000000000e+02 -1.349000000000000000e+03
-3.456000000000000000e+03 1.372000000000000000e+03 1.452000000000000000e+04 -4.784000000000000000e+03 -4.500000000000000000e+02 -1.617000000000000000e+03
-3.316000000000000000e+03 1.428000000000000000e+03 1.447200000000000000e+04 -4.784000000000000000e+03 -6.510000000000000000e+02 -2.127000000000000000e+03
-3.560000000000000000e+03 1.340000000000000000e+03 1.431600000000000000e+04 -4.832000000000000000e+03 -5.060000000000000000e+02 -2.263000000000000000e+03
-3.400000000000000000e+03 1.340000000000000000e+03 1.453200000000000000e+04 -4.784000000000000000e+03 -3.400000000000000000e+02 -2.378000000000000000e+03
-3.472000000000000000e+03 1.440000000000000000e+03 1.429600000000000000e+04 -4.800000000000000000e+03 -6.730000000000000000e+02 -2.242000000000000000e+03
-3.228000000000000000e+03 1.436000000000000000e+03 1.453600000000000000e+04 -4.768000000000000000e+03 -4.250000000000000000e+02 -1.875000000000000000e+03
-3.012000000000000000e+03 1.440000000000000000e+03 1.425600000000000000e+04 -4.784000000000000000e+03 -3.850000000000000000e+02 -1.550000000000000000e+03
-3.328000000000000000e+03 1.564000000000000000e+03 1.418000000000000000e+04 -4.784000000000000000e+03 -3.570000000000000000e+02 -1.348000000000000000e+03
-3.124000000000000000e+03 1.536000000000000000e+03 1.379600000000000000e+04 -4.768000000000000000e+03 -2.490000000000000000e+02 -1.551000000000000000e+03
-2.796000000000000000e+03 1.484000000000000000e+03 1.288400000000000000e+04 -4.784000000000000000e+03 -3.020000000000000000e+02 -7.060000000000000000e+02
-2.708000000000000000e+03 1.512000000000000000e+03 1.181200000000000000e+04 -4.784000000000000000e+03 -2.450000000000000000e+02 -2.850000000000000000e+02
-2.672000000000000000e+03 1.460000000000000000e+03 1.049200000000000000e+04 -4.768000000000000000e+03 -1.350000000000000000e+02 -1.210000000000000000e+02
-2.676000000000000000e+03 1.444000000000000000e+03 8.552000000000000000e+03 -4.784000000000000000e+03 -9.300000000000000000e+01 2.110000000000000000e+02
-2.664000000000000000e+03 1.408000000000000000e+03 8.196000000000000000e+03 -4.768000000000000000e+03 1.440000000000000000e+02 6.900000000000000000e+02
-2.716000000000000000e+03 1.572000000000000000e+03 7.656000000000000000e+03 -4.752000000000000000e+03 1.160000000000000000e+02 8.370000000000000000e+02
-2.852000000000000000e+03 1.564000000000000000e+03 6.608000000000000000e+03 -4.752000000000000000e+03 -5.500000000000000000e+01 1.129000000000000000e+03
-2.944000000000000000e+03 1.512000000000000000e+03 9.968000000000000000e+03 -4.784000000000000000e+03 -3.740000000000000000e+02 1.198000000000000000e+03
-3.304000000000000000e+03 1.204000000000000000e+03 1.177200000000000000e+04 -4.768000000000000000e+03 -3.090000000000000000e+02 1.334000000000000000e+03
-3.492000000000000000e+03 9.880000000000000000e+02 1.236800000000000000e+04 -4.784000000000000000e+03 -3.300000000000000000e+02 1.093000000000000000e+03
-3.804000000000000000e+03 6.840000000000000000e+02 1.295200000000000000e+04 -4.800000000000000000e+03 -4.580000000000000000e+02 8.560000000000000000e+02
-3.536000000000000000e+03 -8.000000000000000000e+00 1.503600000000000000e+04 -4.752000000000000000e+03 -4.950000000000000000e+02 6.120000000000000000e+02
-3.388000000000000000e+03 5.640000000000000000e+02 1.493600000000000000e+04 -4.784000000000000000e+03 -5.210000000000000000e+02 1.580000000000000000e+02
-3.224000000000000000e+03 1.060000000000000000e+03 1.388000000000000000e+04 -4.784000000000000000e+03 -6.230000000000000000e+02 -9.900000000000000000e+01
-3.180000000000000000e+03 1.064000000000000000e+03 1.527600000000000000e+04 -4.784000000000000000e+03 -5.710000000000000000e+02 3.390000000000000000e+02
-3.304000000000000000e+03 1.216000000000000000e+03 1.454000000000000000e+04 -4.736000000000000000e+03 -6.230000000000000000e+02 3.030000000000000000e+02
-2.368000000000000000e+03 8.400000000000000000e+02 1.470400000000000000e+04 -4.816000000000000000e+03 -5.560000000000000000e+02 4.720000000000000000e+02
-2.424000000000000000e+03 5.760000000000000000e+02 1.574000000000000000e+04 -4.768000000000000000e+03 -6.380000000000000000e+02 1.460000000000000000e+02
-6.160000000000000000e+02 4.960000000000000000e+02 1.590000000000000000e+04 -4.800000000000000000e+03 -5.450000000000000000e+02 8.500000000000000000e+01
-2.252000000000000000e+03 1.256000000000000000e+03 1.729200000000000000e+04 -4.784000000000000000e+03 -6.110000000000000000e+02 5.500000000000000000e+02
-3.512000000000000000e+03 1.192000000000000000e+03 1.857200000000000000e+04 -4.784000000000000000e+03 -5.830000000000000000e+02 2.490000000000000000e+02
-4.088000000000000000e+03 9.200000000000000000e+02 2.148800000000000000e+04 -4.800000000000000000e+03 -7.400000000000000000e+02 -4.640000000000000000e+02
-4.692000000000000000e+03 1.168000000000000000e+03 2.507200000000000000e+04 -4.816000000000000000e+03 -6.800000000000000000e+02 1.410000000000000000e+03
-5.436000000000000000e+03 1.316000000000000000e+03 2.721200000000000000e+04 -4.768000000000000000e+03 -6.510000000000000000e+02 1.381000000000000000e+03
-5.292000000000000000e+03 1.240000000000000000e+03 2.499600000000000000e+04 -4.800000000000000000e+03 -5.990000000000000000e+02 9.110000000000000000e+02
