-1.624000000000000000e+03 2.324000000000000000e+03 1.428400000000000000e+04 -4.784000000000000000e+03 -4.190000000000000000e+02 7.220000000000000000e+02
-1.748000000000000000e+03 2.364000000000000000e+03 1.462400000000000000e+04 -4.784000000000000000e+03 -4.150000000000000000e+02 6.600000000000000000e+02
-1.652000000000000000e+03 2.368000000000000000e+03 1.486800000000000000e+04 -4.784000000000000000e+03 -3.960000000000000000e+02 5.940000000000000000e+02
-1.560000000000000000e+03 2.432000000000000000e+03 1.460800000000000000e+04 -4.784000000000000000e+03 -3.870000000000000000e+02 4.930000000000000000e+02
-1.452000000000000000e+03 2.516000000000000000e+03 1.433200000000000000e+04 -4.784000000000000000e+03 -3.800000000000000000e+02 3.280000000000000000e+02
-1.368000000000000000e+03 2.564000000000000000e+03 1.447200000000000000e+04 -4.784000000000000000e+03 -3.750000000000000000e+02 -1.340000000000000000e+02
-1.144000000000000000e+03 2.620000000000000000e+03 1.463600000000000000e+04 -4.752000000000000000e+03 -4.140000000000000000e+02 -5.100000000000000000e+02
-1.032000000000000000e+03 2.484000000000000000e+03 1.459600000000000000e+04 -4.784000000000000000e+03 -4.430000000000000000e+02 -9.030000000000000000e+02
-1.012000000000000000e+03 2.532000000000000000e+03 1.441600000000000000e+04 -4.800000000000000000e+03 -4.310000000000000000e+02 -1.340000000000000000e+03
-1.104000000000000000e+03 2.556000000000000000e+03 1.444000000000000000e+04 -4.784000000000000000e+03 -4.280000000000000000e+02 -1.879000000000000000e+03
-9.280000000000000000e+02 2.608000000000000000e+03 1.426000000000000000e+04 -4.768000000000000000e+03 -4.800000000000000000e+02 -2.045000000000000000e+03
-9.240000000000000000e+02 2.444000000000000000e+03 1.449600000000000000e+04 -4.816000000000000000e+03 -4.300000000000000000e+02 -2.679000000000000000e+03
-8.880000000000000000e+02 2.328000000000000000e+03 1.440800000000000000e+04 -4.784000000000000000e+03 -3.910000000000000000e+02 -2.415000000000000000e+03
-8.680000000000000000e+02 2.472000000000000000e+03 1.442400000000000000e+04 -4.800000000000000000e+03 -4.460000000000000000e+02 -2.829000000000000000e+03
-9.760000000000000000e+02 2.520000000000000000e+03 1.417600000000000000e+04 -4.768000000000000000e+03 -5.680000000000000000e+02 -2.957000000000000000e+03
-1.224000000000000000e+03 2.640000000000000000e+03 1.413600000000000000e+04 -4.784000000000000000e+03 -4.400000000000000000e+02 -3.313000000000000000e+03
-1.228000000000000000e+03 2.588000000000000000e+03 1.446800000000000000e+04 -4.784000000000000000e+03 -3.060000000000000000e+02 -3.912000000000000000e+03
-1.396000000000000000e+03 2.596000000000000000e+03 1.465600000000000000e+04 -4.784000000000000000e+03 -3.140000000000000000e+02 -4.330000000000000000e+03
-1.360000000000000000e+03 2.372000000000000000e+03 1.450000000000000000e+04 -4.800000000000000000e+03 -2.680000000000000000e+02 -4.466000000000000000e+03
-1.584000000000000000e+03 2.472000000000000000e+03 1.426400000000000000e+04 -4.768000000000000000e+03 -2.730000000000000000e+02 -4.550000000000000000e+03
-1.796000000000000000e+03 2.444000000000000000e+03 1.462400000000000000e+04 -4.800000000000000000e+03 -3.140000000000000000e+02 -4.602000000000000000e+03
-1.924000000000000000e+03 2.520000000000000000e+03 1.448000000000000000e+04 -4.784000000000000000e+03 -3.530000000000000000e+02 -4.686000000000000000e+03
-2.040000000000000000e+03 2.444000000000000000e+03 1.322800000000000000e+04 -4.784000000000000000e+03 -3.200000000000000000e+02 -4.387000000000000000e+03
-1.924000000000000000e+03 2.380000000000000000e+03 1.256000000000000000e+04 -4.784000000000000000e+03 -3.870000000000000000e+02 -4.040000000000000000e+03
-2.032000000000000000e+03 2.268000000000000000e+03 1.206800000000000000e+04 -4.768000000000000000e+03 -3.360000000000000000e+02 -3.646000000000000000e+03
-2.024000000000000000e+03 2.172000000000000000e+03 9.072000000000000000e+03 -4.768000000000000000e+03 -3.270000000000000000e+02 -3.130000000000000000e+03
-2.140000000000000000e+03 2.200000000000000000e+03 6.796000000000000000e+03 -4.784000000000000000e+03 -2.790000000000000000e+02 -2.588000000000000000e+03
-2.336000000000000000e+03 2.296000000000000000e+03 6.788000000000000000e+03 -4.784000000000000000e+03 -1.590000000000000000e+02 -2.020000000000000000e+03
-2.488000000000000000e+03 2.272000000000000000e+03 7.448000000000000000e+03 -4.768000000000000000e+03 -8.500000000000000000e+01 -1.382000000000000000e+03
-2.916000000000000000e+03 2.324000000000000000e+03 8.556000000000000000e+03 -4.800000000000000000e+03 -7.000000000000000000e+00 -1.058000000000000000e+03
-3.480000000000000000e+03 1.988000000000000000e+03 1.045600000000000000e+04 -4.800000000000000000e+03 1.150000000000000000e+02 -1.926000000000000000e+03
-3.128000000000000000e+03 1.860000000000000000e+03 1.184400000000000000e+04 -4.800000000000000000e+03 -7.000000000000000000e+01 -2.690000000000000000e+02
-3.016000000000000000e+03 1.760000000000000000e+03 1.307200000000000000e+04 -4.768000000000000000e+03 -2.900000000000000000e+02 -4.000000000000000000e+00
-3.136000000000000000e+03 1.476000000000000000e+03 1.378400000000000000e+04 -4.800000000000000000e+03 -5.820000000000000000e+02 -1.170000000000000000e+02
-2.632000000000000000e+03 1.160000000000000000e+03 1.439200000000000000e+04 -4.800000000000000000e+03 -5.370000000000000000e+02 -9.900000000000000000e+01
-1.124000000000000000e+03 1.220000000000000000e+03 1.476800000000000000e+04 -4.752000000000000000e+03 -2.200000000000000000e+02 4.890000000000000000e+02
-3.640000000000000000e+02 1.284000000000000000e+03 1.550000000000000000e+04 -4.752000000000000000e+03 -1.620000000000000000e+02 6.700000000000000000e+02
1.280000000000000000e+02 1.524000000000000000e+03 1.598000000000000000e+04 -4.752000000000000000e+03 9.300000000000000000e+01 9.760000000000000000e+02
6.720000000000000000e+02 1.840000000000000000e+03 1.724800000000000000e+04 -4.816000000000000000e+03 7.300000000000000000e+01 1.479000000000000000e+03
-2.800000000000000000e+01 1.920000000000000000e+03 1.926800000000000000e+04 -4.816000000000000000e+03 -1.250000000000000000e+02 1.704000000000000000e+03
-4.080000000000000000e+02 2.368000000000000000e+03 2.125200000000000000e+04 -4.752000000000000000e+03 6.000000000000000000e+01 1.722000000000000000e+03
1.000000000000000000e+02 2.536000000000000000e+03 2.496000000000000000e+04 -4.768000000000000000e+03 -8.100000000000000000e+01 2.234000000000000000e+03
5.120000000000000000e+02 2.524000000000000000e+03 2.845600000000000000e+04 -4.800000000000000000e+03 -2.270000000000000000e+02 2.343000000000000000e+03
8.560000000000000000e+02 2.428000000000000000e+03 2.912000000000000000e+04 -4.800000000000000000e+03 -3.880000000000000000e+02 3.250000000000000000e+03
1.272000000000000000e+03 2.520000000000000000e+03 2.614400000000000000e+04 -4.800000000000000000e+03 -5.010000000000000000e+02 2.291000000000000000e+03
1.684000000000000000e+03 2.680000000000000000e+03 2.106800000000000000e+04 -4.784000000000000000e+03 -5.690000000000000000e+02 2.565000000000000000e+03
2.252000000000000000e+03 2.936000000000000000e+03 1.741600000000000000e+04 -4.784000000000000000e+03 -4.710000000000000000e+02 3.674000000000000000e+03
3.092000000000000000e+03 3.044000000000000000e+03 1.598800000000000000e+04 -4.800000000000000000e+03 -3.360000000000000000e+02 2.862000000000000000e+03
4.020000000000000000e+03 2.988000000000000000e+03 1.558800000000000000e+04 -4.784000000000000000e+03 -2.820000000000000000e+02 2.857000000000000000e+03
4.404000000000000000e+03 3.324000000000000000e+03 1.835200000000000000e+04 -4.800000000000000000e+03 -8.600000000000000000e+01 3.114000000000000000e+03
5.396000000000000000e+03 4.076000000000000000e+03 1.646400000000000000e+04 -4.784000000000000000e+03 1.360000000000000000e+02 2.786000000000000000e+03
6.272000000000000000e+03 4.428000000000000000e+03 1.605200000000000000e+04 -4.816000000000000000e+03 3.220000000000000000e+02 3.048000000000000000e+03
6.360000000000000000e+03 3.816000000000000000e+03 1.659200000000000000e+04 -4.784000000000000000e+03 -3.430000000000000000e+02 2.834000000000000000e+03
5.700000000000000000e+03 3.168000000000000000e+03 1.557600000000000000e+04 -4.784000000000000000e+03 -9.050000000000000000e+02 2.505000000000000000e+03
5.788000000000000000e+03 2.904000000000000000e+03 1.349200000000000000e+04 -4.784000000000000000e+03 -5.350000000000000000e+02 2.126000000000000000e+03
6.156000000000000000e+03 2.900000000000000000e+03 9.940000000000000000e+03 -4.800000000000000000e+03 -1.360000000000000000e+02 1.720000000000000000e+03
7.712000000000000000e+03 2.496000000000000000e+03 5.804000000000000000e+03 -4.800000000000000000e+03 1.600000000000000000e+01 1.828000000000000000e+03
7.176000000000000000e+03 3.080000000000000000e+03 2.368000000000000000e+03 -4.784000000000000000e+03 -1.340000000000000000e+02 1.660000000000000000e+03
7.156000000000000000e+03 2.360000000000000000e+03 1.112000000000000000e+03 -4.816000000000000000e+03 -5.290000000000000000e+02 1.403000000000000000e+03
