1.225600000000000000e+04 2.624000000000000000e+03 1.001200000000000000e+04 -4.704000000000000000e+03 -2.640000000000000000e+02 7.530000000000000000e+02
1.210800000000000000e+04 2.748000000000000000e+03 9.620000000000000000e+03 -4.688000000000000000e+03 -2.830000000000000000e+02 4.380000000000000000e+02
1.207200000000000000e+04 2.580000000000000000e+03 9.368000000000000000e+03 -4.688000000000000000e+03 -3.020000000000000000e+02 1.260000000000000000e+02
1.233600000000000000e+04 2.460000000000000000e+03 9.612000000000000000e+03 -4.704000000000000000e+03 -2.580000000000000000e+02 4.330000000000000000e+02
1.220400000000000000e+04 2.776000000000000000e+03 1.014400000000000000e+04 -4.656000000000000000e+03 -3.030000000000000000e+02 5.070000000000000000e+02
1.196800000000000000e+04 2.488000000000000000e+03 1.003600000000000000e+04 -4.688000000000000000e+03 -2.700000000000000000e+02 2.670000000000000000e+02
1.200400000000000000e+04 2.620000000000000000e+03 1.022000000000000000e+04 -4.688000000000000000e+03 -2.110000000000000000e+02 8.100000000000000000e+01
1.174800000000000000e+04 2.552000000000000000e+03 9.940000000000000000e+03 -4.704000000000000000e+03 -2.270000000000000000e+02 -9.500000000000000000e+01
1.207200000000000000e+04 2.448000000000000000e+03 9.600000000000000000e+03 -4.704000000000000000e+03 -1.770000000000000000e+02 -1.700000000000000000e+01
1.184000000000000000e+04 2.348000000000000000e+03 9.812000000000000000e+03 -4.656000000000000000e+03 -2.260000000000000000e+02 1.360000000000000000e+02
1.140400000000000000e+04 2.468000000000000000e+03 9.804000000000000000e+03 -4.656000000000000000e+03 -1.970000000000000000e+02 1.140000000000000000e+02
1.175600000000000000e+04 2.604000000000000000e+03 9.968000000000000000e+03 -4.688000000000000000e+03 -1.670000000000000000e+02 3.350000000000000000e+02
1.179600000000000000e+04 2.672000000000000000e+03 9.584000000000000000e+03 -4.704000000000000000e+03 -2.250000000000000000e+02 5.070000000000000000e+02
1.246800000000000000e+04 2.572000000000000000e+03 9.512000000000000000e+03 -4.672000000000000000e+03 -2.260000000000000000e+02 7.630000000000000000e+02
1.223200000000000000e+04 2.612000000000000000e+03 9.916000000000000000e+03 -4.688000000000000000e+03 -3.090000000000000000e+02 8.700000000000000000e+02
1.214800000000000000e+04 2.680000000000000000e+03 1.017200000000000000e+04 -4.688000000000000000e+03 -3.140000000000000000e+02 9.440000000000000000e+02
1.173600000000000000e+04 2.640000000000000000e+03 1.013200000000000000e+04 -4.688000000000000000e+03 -4.100000000000000000e+02 6.820000000000000000e+02
1.175600000000000000e+04 2.776000000000000000e+03 9.956000000000000000e+03 -4.688000000000000000e+03 -3.640000000000000000e+02 8.310000000000000000e+02
1.180800000000000000e+04 2.760000000000000000e+03 1.028400000000000000e+04 -4.688000000000000000e+03 -4.140000000000000000e+02 4.210000000000000000e+02
1.236000000000000000e+04 2.656000000000000000e+03 1.007600000000000000e+04 -4.656000000000000000e+03 -3.470000000000000000e+02 3.280000000000000000e+02
1.195600000000000000e+04 2.556000000000000000e+03 1.045200000000000000e+04 -4.704000000000000000e+03 -3.510000000000000000e+02 7.020000000000000000e+02
1.141200000000000000e+04 2.668000000000000000e+03 1.009600000000000000e+04 -4.704000000000000000e+03 -3.270000000000000000e+02 3.500000000000000000e+02
1.144800000000000000e+04 2.668000000000000000e+03 9.540000000000000000e+03 -4.704000000000000000e+03 -2.840000000000000000e+02 8.080000000000000000e+02
1.170800000000000000e+04 2.680000000000000000e+03 9.644000000000000000e+03 -4.688000000000000000e+03 -4.000000000000000000e+02 9.790000000000000000e+02
1.222000000000000000e+04 2.592000000000000000e+03 9.536000000000000000e+03 -4.704000000000000000e+03 -4.770000000000000000e+02 1.149000000000000000e+03
1.191200000000000000e+04 2.584000000000000000e+03 1.099600000000000000e+04 -4.688000000000000000e+03 -4.750000000000000000e+02 1.460000000000000000e+03
1.161600000000000000e+04 2.796000000000000000e+03 1.070800000000000000e+04 -4.656000000000000000e+03 -5.630000000000000000e+02 1.294000000000000000e+03
1.181600000000000000e+04 2.732000000000000000e+03 9.536000000000000000e+03 -4.672000000000000000e+03 -6.050000000000000000e+02 1.542000000000000000e+03
1.080400000000000000e+04 2.600000000000000000e+03 8.588000000000000000e+03 -4.656000000000000000e+03 -6.830000000000000000e+02 1.013000000000000000e+03
1.151200000000000000e+04 2.032000000000000000e+03 7.820000000000000000e+03 -4.656000000000000000e+03 -5.770000000000000000e+02 2.249000000000000000e+03
1.111600000000000000e+04 1.472000000000000000e+03 6.736000000000000000e+03 -4.688000000000000000e+03 -7.010000000000000000e+02 2.355000000000000000e+03
9.588000000000000000e+03 9.720000000000000000e+02 5.552000000000000000e+03 -4.640000000000000000e+03 -5.880000000000000000e+02 2.160000000000000000e+03
8.104000000000000000e+03 1.012000000000000000e+03 4.320000000000000000e+03 -4.656000000000000000e+03 -6.130000000000000000e+02 2.329000000000000000e+03
6.168000000000000000e+03 1.188000000000000000e+03 5.332000000000000000e+03 -4.688000000000000000e+03 -6.790000000000000000e+02 2.326000000000000000e+03
6.220000000000000000e+03 1.240000000000000000e+03 6.796000000000000000e+03 -4.672000000000000000e+03 -6.850000000000000000e+02 2.221000000000000000e+03
7.452000000000000000e+03 1.636000000000000000e+03 9.036000000000000000e+03 -4.656000000000000000e+03 -5.800000000000000000e+02 2.580000000000000000e+03
6.748000000000000000e+03 1.880000000000000000e+03 1.044000000000000000e+04 -4.672000000000000000e+03 -6.590000000000000000e+02 1.684000000000000000e+03
8.308000000000000000e+03 2.492000000000000000e+03 1.076800000000000000e+04 -4.688000000000000000e+03 -5.740000000000000000e+02 1.344000000000000000e+03
8.600000000000000000e+03 2.704000000000000000e+03 1.184800000000000000e+04 -4.720000000000000000e+03 -4.280000000000000000e+02 1.310000000000000000e+03
9.764000000000000000e+03 3.152000000000000000e+03 1.300800000000000000e+04 -4.672000000000000000e+03 -3.780000000000000000e+02 4.010000000000000000e+02
1.034800000000000000e+04 2.888000000000000000e+03 1.287200000000000000e+04 -4.672000000000000000e+03 -2.290000000000000000e+02 4.200000000000000000e+01
1.188000000000000000e+04 2.616000000000000000e+03 1.275200000000000000e+04 -4.688000000000000000e+03 -1.520000000000000000e+02 -5.030000000000000000e+02
1.144000000000000000e+04 2.556000000000000000e+03 1.276000000000000000e+04 -4.672000000000000000e+03 7.100000000000000000e+01 -6.720000000000000000e+02
1.176000000000000000e+04 2.292000000000000000e+03 1.327600000000000000e+04 -4.688000000000000000e+03 7.400000000000000000e+01 -1.113000000000000000e+03
1.208400000000000000e+04 3.068000000000000000e+03 1.242400000000000000e+04 -4.672000000000000000e+03 2.210000000000000000e+02 -8.980000000000000000e+02
1.071200000000000000e+04 2.696000000000000000e+03 1.335200000000000000e+04 -4.656000000000000000e+03 1.170000000000000000e+02 -9.880000000000000000e+02
1.171600000000000000e+04 3.148000000000000000e+03 1.478000000000000000e+04 -4.688000000000000000e+03 -8.600000000000000000e+01 -9.190000000000000000e+02
1.064000000000000000e+04 2.852000000000000000e+03 1.667600000000000000e+04 -4.704000000000000000e+03 -3.820000000000000000e+02 -5.420000000000000000e+02
1.168000000000000000e+04 2.940000000000000000e+03 1.975600000000000000e+04 -4.672000000000000000e+03 -4.470000000000000000e+02 -9.900000000000000000e+01
1.232800000000000000e+04 3.456000000000000000e+03 2.178400000000000000e+04 -4.656000000000000000e+03 -4.460000000000000000e+02 3.340000000000000000e+02
1.395600000000000000e+04 3.300000000000000000e+03 2.034000000000000000e+04 -4.656000000000000000e+03 -4.790000000000000000e+02 3.390000000000000000e+02
1.657600000000000000e+04 3.212000000000000000e+03 1.705600000000000000e+04 -4.656000000000000000e+03 -4.310000000000000000e+02 5.880000000000000000e+02
1.636400000000000000e+04 2.864000000000000000e+03 1.459200000000000000e+04 -4.672000000000000000e+03 -4.250000000000000000e+02 6.200000000000000000e+02
1.671200000000000000e+04 3.024000000000000000e+03 1.298800000000000000e+04 -4.704000000000000000e+03 -4.450000000000000000e+02 5.840000000000000000e+02
1.476400000000000000e+04 2.856000000000000000e+03 1.230000000000000000e+04 -4.688000000000000000e+03 -4.040000000000000000e+02 3.370000000000000000e+02
1.369600000000000000e+04 2.888000000000000000e+03 1.197200000000000000e+04 -4.688000000000000000e+03 -4.040000000000000000e+02 -5.300000000000000000e+01
1.295600000000000000e+04 2.752000000000000000e+03 1.207600000000000000e+04 -4.688000000000000000e+03 -4.110000000000000000e+02 -6.240000000000000000e+02
1.297600000000000000e+04 2.788000000000000000e+03 1.238800000000000000e+04 -4.672000000000000000e+03 -4.540000000000000000e+02 -8.370000000000000000e+02
1.253200000000000000e+04 2.688000000000000000e+03 1.251600000000000000e+04 -4.688000000000000000e+03 -4.270000000000000000e+02 -6.090000000000000000e+02
1.226400000000000000e+04 2.684000000000000000e+03 1.226800000000000000e+04 -4.688000000000000000e+03 -4.340000000000000000e+02 -1.680000000000000000e+02
1.172000000000000000e+04 2.752000000000000000e+03 1.182800000000000000e+04 -4.688000000000000000e+03 -5.710000000000000000e+02 -6.920000000000000000e+02
1.138800000000000000e+04 2.888000000000000000e+03 1.007600000000000000e+04 -4.688000000000000000e+03 -4.580000000000000000e+02 -9.600000000000000000e+02
1.139600000000000000e+04 2.352000000000000000e+03 8.840000000000000000e+03 -4.672000000000000000e+03 -3.930000000000000000e+02 -1.354000000000000000e+03
1.140800000000000000e+04 1.832000000000000000e+03 7.532000000000000000e+03 -4.656000000000000000e+03 -2.340000000000000000e+02 -5.230000000000000000e+02
1.120400000000000000e+04 1.356000000000000000e+03 4.556000000000000000e+03 -4.720000000000000000e+03 -2.200000000000000000e+02 -1.689000000000000000e+03
1.054000000000000000e+04 1.076000000000000000e+03 3.612000000000000000e+03 -4.672000000000000000e+03 8.400000000000000000e+01 -1.404000000000000000e+03
8.220000000000000000e+03 7.760000000000000000e+02 2.732000000000000000e+03 -4.688000000000000000e+03 2.000000000000000000e+02 -1.133000000000000000e+03
6.596000000000000000e+03 3.520000000000000000e+02 3.352000000000000000e+03 -4.672000000000000000e+03 -3.100000000000000000e+01 -1.739000000000000000e+03
4.480000000000000000e+03 2.360000000000000000e+02 6.120000000000000000e+03 -4.688000000000000000e+03 -7.180000000000000000e+02 -2.767000000000000000e+03
2.604000000000000000e+03 3.520000000000000000e+02 1.065600000000000000e+04 -4.688000000000000000e+03 -3.440000000000000000e+02 -2.322000000000000000e+03
2.832000000000000000e+03 1.276000000000000000e+03 1.687200000000000000e+04 -4.688000000000000000e+03 -5.000000000000000000e+01 -1.545000000000000000e+03
4.316000000000000000e+03 3.596000000000000000e+03 1.527200000000000000e+04 -4.656000000000000000e+03 6.000000000000000000e+00 -2.372000000000000000e+03
9.384000000000000000e+03 3.600000000000000000e+03 8.316000000000000000e+03 -4.656000000000000000e+03 1.100000000000000000e+01 -1.246000000000000000e+03
1.593200000000000000e+04 1.628000000000000000e+03 6.980000000000000000e+03 -4.688000000000000000e+03 -3.750000000000000000e+02 -1.587000000000000000e+03
1.371600000000000000e+04 1.124000000000000000e+03 9.596000000000000000e+03 -4.688000000000000000e+03 -2.250000000000000000e+02 -1.311000000000000000e+03
8.188000000000000000e+03 1.644000000000000000e+03 1.244400000000000000e+04 -4.688000000000000000e+03 -1.300000000000000000e+02 -2.219000000000000000e+03
9.024000000000000000e+03 2.736000000000000000e+03 1.016000000000000000e+04 -4.672000000000000000e+03 4.800000000000000000e+01 -4.230000000000000000e+02
1.155600000000000000e+04 2.776000000000000000e+03 9.352000000000000000e+03 -4.672000000000000000e+03 -1.800000000000000000e+02 -4.210000000000000000e+02
