-6.988000000000000000e+03 1.488000000000000000e+03 1.262800000000000000e+04 -4.736000000000000000e+03 -2.110000000000000000e+02 -1.855000000000000000e+03
-7.224000000000000000e+03 1.476000000000000000e+03 1.281200000000000000e+04 -4.720000000000000000e+03 -1.940000000000000000e+02 -1.501000000000000000e+03
-6.496000000000000000e+03 1.304000000000000000e+03 1.233600000000000000e+04 -4.720000000000000000e+03 -1.670000000000000000e+02 -1.148000000000000000e+03
-6.960000000000000000e+03 1.436000000000000000e+03 1.306000000000000000e+04 -4.736000000000000000e+03 -2.120000000000000000e+02 -8.560000000000000000e+02
-6.656000000000000000e+03 1.536000000000000000e+03 1.330000000000000000e+04 -4.720000000000000000e+03 -2.370000000000000000e+02 -7.310000000000000000e+02
-6.260000000000000000e+03 1.568000000000000000e+03 1.362800000000000000e+04 -4.720000000000000000e+03 -2.030000000000000000e+02 -6.900000000000000000e+01
-5.892000000000000000e+03 1.492000000000000000e+03 1.329200000000000000e+04 -4.736000000000000000e+03 -1.880000000000000000e+02 8.000000000000000000e+00
-6.128000000000000000e+03 1.388000000000000000e+03 1.361600000000000000e+04 -4.720000000000000000e+03 -2.390000000000000000e+02 2.720000000000000000e+02
-6.016000000000000000e+03 1.368000000000000000e+03 1.333200000000000000e+04 -4.752000000000000000e+03 -2.680000000000000000e+02 7.740000000000000000e+02
-5.936000000000000000e+03 1.288000000000000000e+03 1.351600000000000000e+04 -4.720000000000000000e+03 -3.020000000000000000e+02 1.073000000000000000e+03
-5.716000000000000000e+03 1.304000000000000000e+03 1.332800000000000000e+04 -4.688000000000000000e+03 -3.420000000000000000e+02 1.177000000000000000e+03
-5.476000000000000000e+03 1.344000000000000000e+03 1.374800000000000000e+04 -4.720000000000000000e+03 -3.620000000000000000e+02 1.509000000000000000e+03
-5.132000000000000000e+03 1.196000000000000000e+03 1.364000000000000000e+04 -4.704000000000000000e+03 -2.750000000000000000e+02 1.285000000000000000e+03
-4.816000000000000000e+03 1.320000000000000000e+03 1.356800000000000000e+04 -4.736000000000000000e+03 -2.620000000000000000e+02 9.650000000000000000e+02
-4.544000000000000000e+03 1.168000000000000000e+03 1.324800000000000000e+04 -4.704000000000000000e+03 -2.240000000000000000e+02 7.080000000000000000e+02
-4.736000000000000000e+03 1.100000000000000000e+03 1.299200000000000000e+04 -4.704000000000000000e+03 -2.220000000000000000e+02 3.070000000000000000e+02
-4.900000000000000000e+03 9.480000000000000000e+02 1.328800000000000000e+04 -4.720000000000000000e+03 -2.420000000000000000e+02 5.700000000000000000e+01
-4.696000000000000000e+03 1.044000000000000000e+03 1.306800000000000000e+04 -4.720000000000000000e+03 -2.430000000000000000e+02 -3.200000000000000000e+01
-4.600000000000000000e+03 1.112000000000000000e+03 1.360800000000000000e+04 -4.656000000000000000e+03 -2.350000000000000000e+02 1.030000000000000000e+02
-4.900000000000000000e+03 1.344000000000000000e+03 1.414000000000000000e+04 -4.720000000000000000e+03 -2.610000000000000000e+02 1.840000000000000000e+02
-5.372000000000000000e+03 1.348000000000000000e+03 1.378800000000000000e+04 -4.704000000000000000e+03 -2.870000000000000000e+02 2.330000000000000000e+02
-5.276000000000000000e+03 1.264000000000000000e+03 1.365200000000000000e+04 -4.704000000000000000e+03 -4.570000000000000000e+02 4.860000000000000000e+02
-5.748000000000000000e+03 1.140000000000000000e+03 1.344400000000000000e+04 -4.720000000000000000e+03 -5.960000000000000000e+02 8.820000000000000000e+02
-6.040000000000000000e+03 1.232000000000000000e+03 1.346000000000000000e+04 -4.736000000000000000e+03 -8.080000000000000000e+02 1.690000000000000000e+02
-6.188000000000000000e+03 1.384000000000000000e+03 1.408000000000000000e+04 -4.736000000000000000e+03 -9.000000000000000000e+02 1.191000000000000000e+03
-6.212000000000000000e+03 1.356000000000000000e+03 1.489600000000000000e+04 -4.752000000000000000e+03 -4.140000000000000000e+02 8.370000000000000000e+02
-6.112000000000000000e+03 1.496000000000000000e+03 1.398000000000000000e+04 -4.704000000000000000e+03 -2.820000000000000000e+02 8.790000000000000000e+02
-6.036000000000000000e+03 1.412000000000000000e+03 1.103600000000000000e+04 -4.752000000000000000e+03 -6.950000000000000000e+02 5.850000000000000000e+02
-6.152000000000000000e+03 1.152000000000000000e+03 6.652000000000000000e+03 -4.688000000000000000e+03 -3.390000000000000000e+02 4.290000000000000000e+02
-6.264000000000000000e+03 1.216000000000000000e+03 4.936000000000000000e+03 -4.736000000000000000e+03 -4.590000000000000000e+02 2.550000000000000000e+02
-6.660000000000000000e+03 5.240000000000000000e+02 6.836000000000000000e+03 -4.704000000000000000e+03 -4.180000000000000000e+02 -2.720000000000000000e+02
-5.592000000000000000e+03 5.800000000000000000e+02 7.084000000000000000e+03 -4.704000000000000000e+03 -4.490000000000000000e+02 -5.680000000000000000e+02
-4.408000000000000000e+03 1.648000000000000000e+03 6.664000000000000000e+03 -4.720000000000000000e+03 -3.830000000000000000e+02 -4.630000000000000000e+02
-3.176000000000000000e+03 1.048000000000000000e+03 8.856000000000000000e+03 -4.704000000000000000e+03 -4.490000000000000000e+02 -4.280000000000000000e+02
-1.436000000000000000e+03 9.440000000000000000e+02 9.344000000000000000e+03 -4.720000000000000000e+03 -6.230000000000000000e+02 -1.090000000000000000e+02
-3.064000000000000000e+03 7.240000000000000000e+02 1.114000000000000000e+04 -4.672000000000000000e+03 -3.740000000000000000e+02 -4.820000000000000000e+02
-2.516000000000000000e+03 2.800000000000000000e+02 1.162800000000000000e+04 -4.720000000000000000e+03 -6.730000000000000000e+02 -8.380000000000000000e+02
-2.964000000000000000e+03 1.520000000000000000e+02 1.399200000000000000e+04 -4.688000000000000000e+03 -6.440000000000000000e+02 -2.290000000000000000e+02
-3.924000000000000000e+03 2.320000000000000000e+02 1.314800000000000000e+04 -4.736000000000000000e+03 -6.000000000000000000e+02 -6.460000000000000000e+02
-5.488000000000000000e+03 7.480000000000000000e+02 1.440400000000000000e+04 -4.720000000000000000e+03 -6.770000000000000000e+02 -1.103000000000000000e+03
-6.120000000000000000e+03 4.320000000000000000e+02 1.577600000000000000e+04 -4.720000000000000000e+03 -5.790000000000000000e+02 -1.460000000000000000e+03
-6.272000000000000000e+03 1.120000000000000000e+03 1.498400000000000000e+04 -4.720000000000000000e+03 -2.190000000000000000e+02 -1.332000000000000000e+03
-5.876000000000000000e+03 1.816000000000000000e+03 1.602400000000000000e+04 -4.688000000000000000e+03 -1.760000000000000000e+02 -1.385000000000000000e+03
-5.116000000000000000e+03 1.416000000000000000e+03 1.627600000000000000e+04 -4.720000000000000000e+03 3.800000000000000000e+01 -1.523000000000000000e+03
-5.916000000000000000e+03 1.312000000000000000e+03 1.796800000000000000e+04 -4.720000000000000000e+03 -4.900000000000000000e+02 -8.600000000000000000e+02
-6.064000000000000000e+03 1.008000000000000000e+03 1.915200000000000000e+04 -4.736000000000000000e+03 -4.080000000000000000e+02 -5.200000000000000000e+02
-5.684000000000000000e+03 1.452000000000000000e+03 2.390000000000000000e+04 -4.736000000000000000e+03 -4.950000000000000000e+02 -3.070000000000000000e+02
-5.700000000000000000e+03 1.260000000000000000e+03 2.708400000000000000e+04 -4.736000000000000000e+03 -5.430000000000000000e+02 -1.690000000000000000e+02
-6.384000000000000000e+03 1.888000000000000000e+03 2.807200000000000000e+04 -4.720000000000000000e+03 -6.390000000000000000e+02 -3.180000000000000000e+02
-7.968000000000000000e+03 1.760000000000000000e+03 2.260800000000000000e+04 -4.736000000000000000e+03 -6.290000000000000000e+02 -4.600000000000000000e+02
-8.364000000000000000e+03 1.816000000000000000e+03 1.987200000000000000e+04 -4.704000000000000000e+03 -5.660000000000000000e+02 -6.490000000000000000e+02
-1.069200000000000000e+04 1.484000000000000000e+03 1.708400000000000000e+04 -4.736000000000000000e+03 -3.870000000000000000e+02 -8.410000000000000000e+02
-1.163200000000000000e+04 1.964000000000000000e+03 1.542800000000000000e+04 -4.736000000000000000e+03 -2.830000000000000000e+02 -8.490000000000000000e+02
-8.464000000000000000e+03 1.844000000000000000e+03 1.471600000000000000e+04 -4.704000000000000000e+03 -2.250000000000000000e+02 -7.470000000000000000e+02
-5.932000000000000000e+03 1.380000000000000000e+03 1.436400000000000000e+04 -4.720000000000000000e+03 -2.590000000000000000e+02 -6.170000000000000000e+02
-4.280000000000000000e+03 1.000000000000000000e+03 1.420800000000000000e+04 -4.736000000000000000e+03 -3.900000000000000000e+02 -7.300000000000000000e+02
-3.880000000000000000e+03 5.760000000000000000e+02 1.508400000000000000e+04 -4.736000000000000000e+03 -4.920000000000000000e+02 -4.480000000000000000e+02
-4.164000000000000000e+03 6.920000000000000000e+02 1.514000000000000000e+04 -4.736000000000000000e+03 -3.560000000000000000e+02 -5.340000000000000000e+02
-4.816000000000000000e+03 9.960000000000000000e+02 1.656000000000000000e+04 -4.720000000000000000e+03 -3.480000000000000000e+02 -6.800000000000000000e+02
-4.872000000000000000e+03 1.080000000000000000e+03 1.479600000000000000e+04 -4.720000000000000000e+03 -4.040000000000000000e+02 -6.190000000000000000e+02
-4.800000000000000000e+03 1.444000000000000000e+03 1.196000000000000000e+04 -4.704000000000000000e+03 -3.320000000000000000e+02 -4.200000000000000000e+02
-4.468000000000000000e+03 1.672000000000000000e+03 9.324000000000000000e+03 -4.736000000000000000e+03 -2.850000000000000000e+02 -1.164000000000000000e+03
-4.048000000000000000e+03 1.900000000000000000e+03 8.484000000000000000e+03 -4.704000000000000000e+03 -4.450000000000000000e+02 -7.790000000000000000e+02
-3.088000000000000000e+03 1.592000000000000000e+03 6.908000000000000000e+03 -4.752000000000000000e+03 2.060000000000000000e+02 -8.280000000000000000e+02
-2.136000000000000000e+03 8.920000000000000000e+02 5.264000000000000000e+03 -4.720000000000000000e+03 2.230000000000000000e+02 -6.800000000000000000e+02
-1.364000000000000000e+03 1.040000000000000000e+02 4.192000000000000000e+03 -4.720000000000000000e+03 1.300000000000000000e+02 -5.260000000000000000e+02
-1.348000000000000000e+03 -4.520000000000000000e+02 5.324000000000000000e+03 -4.736000000000000000e+03 -5.120000000000000000e+02 -4.590000000000000000e+02
-1.880000000000000000e+03 -4.200000000000000000e+02 7.132000000000000000e+03 -4.736000000000000000e+03 -3.880000000000000000e+02 -1.070000000000000000e+02
-2.076000000000000000e+03 -4.784000000000000000e+03 1.430800000000000000e+04 -4.720000000000000000e+03 3.100000000000000000e+01 -7.400000000000000000e+01
-2.328000000000000000e+03 -8.000000000000000000e+00 1.951200000000000000e+04 -4.720000000000000000e+03 3.470000000000000000e+02 -2.110000000000000000e+02
-2.880000000000000000e+03 6.000000000000000000e+02 1.956400000000000000e+04 -4.736000000000000000e+03 1.470000000000000000e+02 -1.750000000000000000e+02
-3.080000000000000000e+03 1.440000000000000000e+03 1.112400000000000000e+04 -4.720000000000000000e+03 -5.400000000000000000e+01 3.520000000000000000e+02
-4.140000000000000000e+03 1.580000000000000000e+03 9.560000000000000000e+03 -4.704000000000000000e+03 -7.600000000000000000e+01 4.510000000000000000e+02
-5.348000000000000000e+03 8.000000000000000000e+00 1.266800000000000000e+04 -4.720000000000000000e+03 9.400000000000000000e+01 5.470000000000000000e+02
-5.928000000000000000e+03 -6.040000000000000000e+02 1.647200000000000000e+04 -4.736000000000000000e+03 1.540000000000000000e+02 9.700000000000000000e+02
