-9.168000000000000000e+03 9.880000000000000000e+02 1.173600000000000000e+04 -4.752000000000000000e+03 -6.160000000000000000e+02 6.930000000000000000e+02
-9.116000000000000000e+03 1.028000000000000000e+03 1.173200000000000000e+04 -4.800000000000000000e+03 -6.320000000000000000e+02 6.390000000000000000e+02
-8.980000000000000000e+03 1.108000000000000000e+03 1.195200000000000000e+04 -4.736000000000000000e+03 -6.560000000000000000e+02 6.880000000000000000e+02
-9.132000000000000000e+03 1.276000000000000000e+03 1.164000000000000000e+04 -4.784000000000000000e+03 -6.630000000000000000e+02 6.800000000000000000e+02
-9.168000000000000000e+03 1.328000000000000000e+03 1.186000000000000000e+04 -4.768000000000000000e+03 -6.590000000000000000e+02 6.560000000000000000e+02
-9.184000000000000000e+03 1.296000000000000000e+03 1.183200000000000000e+04 -4.752000000000000000e+03 -6.530000000000000000e+02 6.510000000000000000e+02
-9.248000000000000000e+03 1.404000000000000000e+03 1.200000000000000000e+04 -4.752000000000000000e+03 -6.740000000000000000e+02 6.110000000000000000e+02
-9.120000000000000000e+03 1.420000000000000000e+03 1.197200000000000000e+04 -4.768000000000000000e+03 -6.710000000000000000e+02 6.020000000000000000e+02
-9.032000000000000000e+03 1.444000000000000000e+03 1.208800000000000000e+04 -4.768000000000000000e+03 -6.720000000000000000e+02 4.880000000000000000e+02
-9.000000000000000000e+03 1.544000000000000000e+03 1.168800000000000000e+04 -4.784000000000000000e+03 -6.450000000000000000e+02 4.340000000000000000e+02
-8.888000000000000000e+03 1.500000000000000000e+03 1.166000000000000000e+04 -4.768000000000000000e+03 -6.630000000000000000e+02 4.490000000000000000e+02
-8.740000000000000000e+03 1.468000000000000000e+03 1.175600000000000000e+04 -4.752000000000000000e+03 -6.710000000000000000e+02 6.040000000000000000e+02
-8.692000000000000000e+03 1.424000000000000000e+03 1.176400000000000000e+04 -4.752000000000000000e+03 -6.650000000000000000e+02 9.380000000000000000e+02
-8.648000000000000000e+03 1.404000000000000000e+03 1.156400000000000000e+04 -4.768000000000000000e+03 -6.880000000000000000e+02 7.960000000000000000e+02
-8.904000000000000000e+03 1.492000000000000000e+03 1.148800000000000000e+04 -4.784000000000000000e+03 -7.740000000000000000e+02 5.890000000000000000e+02
-8.932000000000000000e+03 1.460000000000000000e+03 1.142800000000000000e+04 -4.768000000000000000e+03 -8.650000000000000000e+02 3.270000000000000000e+02
-8.996000000000000000e+03 1.468000000000000000e+03 1.145200000000000000e+04 -4.768000000000000000e+03 -9.940000000000000000e+02 3.710000000000000000e+02
-8.788000000000000000e+03 1.456000000000000000e+03 1.167200000000000000e+04 -4.752000000000000000e+03 -6.270000000000000000e+02 -1.061000000000000000e+03
-8.836000000000000000e+03 1.512000000000000000e+03 1.138400000000000000e+04 -4.768000000000000000e+03 -3.420000000000000000e+02 1.993000000000000000e+03
-8.856000000000000000e+03 1.492000000000000000e+03 1.148400000000000000e+04 -4.784000000000000000e+03 -4.950000000000000000e+02 -1.825000000000000000e+03
-8.976000000000000000e+03 1.480000000000000000e+03 1.140800000000000000e+04 -4.752000000000000000e+03 -5.430000000000000000e+02 -1.237000000000000000e+03
-8.904000000000000000e+03 1.360000000000000000e+03 1.136800000000000000e+04 -4.800000000000000000e+03 -3.700000000000000000e+02 6.150000000000000000e+02
-8.960000000000000000e+03 1.220000000000000000e+03 1.127200000000000000e+04 -4.768000000000000000e+03 -5.090000000000000000e+02 -1.760000000000000000e+03
-8.980000000000000000e+03 1.188000000000000000e+03 1.109200000000000000e+04 -4.784000000000000000e+03 -5.160000000000000000e+02 -1.916000000000000000e+03
-9.172000000000000000e+03 1.228000000000000000e+03 1.091200000000000000e+04 -4.768000000000000000e+03 -4.770000000000000000e+02 -1.883000000000000000e+03
-9.344000000000000000e+03 1.196000000000000000e+03 9.924000000000000000e+03 -4.736000000000000000e+03 -4.960000000000000000e+02 -2.231000000000000000e+03
-9.156000000000000000e+03 1.116000000000000000e+03 8.352000000000000000e+03 -4.784000000000000000e+03 -2.770000000000000000e+02 -2.416000000000000000e+03
-9.000000000000000000e+03 1.280000000000000000e+03 4.604000000000000000e+03 -4.752000000000000000e+03 -2.110000000000000000e+02 -2.547000000000000000e+03
-9.056000000000000000e+03 1.244000000000000000e+03 9.480000000000000000e+02 -4.768000000000000000e+03 -9.900000000000000000e+01 -2.199000000000000000e+03
-9.284000000000000000e+03 1.084000000000000000e+03 3.344000000000000000e+03 -4.768000000000000000e+03 1.350000000000000000e+02 -1.825000000000000000e+03
-9.408000000000000000e+03 1.076000000000000000e+03 3.832000000000000000e+03 -4.768000000000000000e+03 1.000000000000000000e+02 -1.399000000000000000e+03
-9.368000000000000000e+03 1.004000000000000000e+03 6.864000000000000000e+03 -4.752000000000000000e+03 3.250000000000000000e+02 -1.229000000000000000e+03
-9.736000000000000000e+03 7.840000000000000000e+02 5.680000000000000000e+03 -4.784000000000000000e+03 1.700000000000000000e+01 -8.460000000000000000e+02
-9.916000000000000000e+03 6.040000000000000000e+02 1.058800000000000000e+04 -4.768000000000000000e+03 -3.400000000000000000e+02 -9.750000000000000000e+02
-9.172000000000000000e+03 3.320000000000000000e+02 1.020800000000000000e+04 -4.752000000000000000e+03 -2.580000000000000000e+02 -1.487000000000000000e+03
-6.468000000000000000e+03 2.400000000000000000e+01 1.097600000000000000e+04 -4.752000000000000000e+03 -1.480000000000000000e+02 -1.084000000000000000e+03
-3.012000000000000000e+03 3.520000000000000000e+02 1.227600000000000000e+04 -4.784000000000000000e+03 4.000000000000000000e+00 -9.960000000000000000e+02
-3.268000000000000000e+03 2.520000000000000000e+02 1.297600000000000000e+04 -4.720000000000000000e+03 1.730000000000000000e+02 -1.240000000000000000e+03
-3.288000000000000000e+03 1.800000000000000000e+02 1.362400000000000000e+04 -4.736000000000000000e+03 1.010000000000000000e+02 -1.335000000000000000e+03
-6.732000000000000000e+03 2.480000000000000000e+02 1.581600000000000000e+04 -4.752000000000000000e+03 1.830000000000000000e+02 -1.392000000000000000e+03
-4.512000000000000000e+03 6.720000000000000000e+02 1.774800000000000000e+04 -4.752000000000000000e+03 2.180000000000000000e+02 -8.700000000000000000e+02
-7.544000000000000000e+03 9.200000000000000000e+02 2.196400000000000000e+04 -4.768000000000000000e+03 2.020000000000000000e+02 -7.130000000000000000e+02
-7.340000000000000000e+03 9.920000000000000000e+02 2.386800000000000000e+04 -4.768000000000000000e+03 6.300000000000000000e+01 -5.170000000000000000e+02
-7.960000000000000000e+03 1.124000000000000000e+03 2.783600000000000000e+04 -4.784000000000000000e+03 7.900000000000000000e+01 -1.110000000000000000e+02
-9.024000000000000000e+03 1.372000000000000000e+03 2.412800000000000000e+04 -4.784000000000000000e+03 -6.900000000000000000e+01 4.150000000000000000e+02
-9.264000000000000000e+03 1.532000000000000000e+03 1.910000000000000000e+04 -4.784000000000000000e+03 -1.170000000000000000e+02 -1.470000000000000000e+02
-1.015200000000000000e+04 2.088000000000000000e+03 1.631600000000000000e+04 -4.768000000000000000e+03 -3.250000000000000000e+02 -1.830000000000000000e+02
-1.102400000000000000e+04 1.896000000000000000e+03 1.405200000000000000e+04 -4.768000000000000000e+03 -2.290000000000000000e+02 1.080000000000000000e+02
-1.261600000000000000e+04 2.012000000000000000e+03 1.504000000000000000e+04 -4.800000000000000000e+03 -2.400000000000000000e+02 4.390000000000000000e+02
-1.438000000000000000e+04 2.036000000000000000e+03 1.533200000000000000e+04 -4.784000000000000000e+03 -1.450000000000000000e+02 -4.700000000000000000e+02
-1.619600000000000000e+04 2.708000000000000000e+03 1.457600000000000000e+04 -4.752000000000000000e+03 1.160000000000000000e+02 9.800000000000000000e+02
-1.834400000000000000e+04 2.208000000000000000e+03 1.503200000000000000e+04 -4.784000000000000000e+03 3.920000000000000000e+02 -3.110000000000000000e+02
-1.530000000000000000e+04 2.072000000000000000e+03 1.502000000000000000e+04 -4.784000000000000000e+03 3.650000000000000000e+02 6.280000000000000000e+02
-1.090400000000000000e+04 1.824000000000000000e+03 1.461200000000000000e+04 -4.800000000000000000e+03 -1.710000000000000000e+02 1.084000000000000000e+03
-9.220000000000000000e+03 1.524000000000000000e+03 1.412000000000000000e+04 -4.768000000000000000e+03 -7.410000000000000000e+02 -2.700000000000000000e+01
-7.208000000000000000e+03 1.504000000000000000e+03 1.265600000000000000e+04 -4.816000000000000000e+03 -6.340000000000000000e+02 1.263000000000000000e+03
-7.392000000000000000e+03 1.176000000000000000e+03 1.061200000000000000e+04 -4.768000000000000000e+03 -3.130000000000000000e+02 1.404000000000000000e+03
-7.708000000000000000e+03 1.000000000000000000e+03 7.596000000000000000e+03 -4.768000000000000000e+03 -2.570000000000000000e+02 1.321000000000000000e+03
-7.600000000000000000e+03 1.160000000000000000e+03 4.780000000000000000e+03 -4.784000000000000000e+03 -4.040000000000000000e+02 1.027000000000000000e+03
-7.204000000000000000e+03 1.500000000000000000e+03 1.712000000000000000e+03 -4.752000000000000000e+03 -5.650000000000000000e+02 7.880000000000000000e+02
-7.096000000000000000e+03 1.848000000000000000e+03 3.920000000000000000e+02 -4.752000000000000000e+03 -4.520000000000000000e+02 1.256000000000000000e+03
-6.100000000000000000e+03 1.832000000000000000e+03 1.508000000000000000e+03 -4.784000000000000000e+03 -2.500000000000000000e+02 1.078000000000000000e+03
-5.660000000000000000e+03 1.756000000000000000e+03 5.384000000000000000e+03 -4.752000000000000000e+03 -1.760000000000000000e+02 1.077000000000000000e+03
-4.496000000000000000e+03 1.312000000000000000e+03 1.384000000000000000e+04 -4.784000000000000000e+03 -2.190000000000000000e+02 1.013000000000000000e+03
