1.174000000000000000e+04 2.008000000000000000e+03 6.860000000000000000e+02 -4.688000000000000000e+03 -2.870000000000000000e+02 8.930000000000000000e+02
1.360800000000000000e+04 -3.440000000000000000e+02 8.724000000000000000e+03 -4.688000000000000000e+03 -2.830000000000000000e+02 1.228000000000000000e+03
1.262800000000000000e+04 1.972000000000000000e+03 9.124000000000000000e+03 -4.672000000000000000e+03 -3.370000000000000000e+02 1.630000000000000000e+03
4.000000000000000000e+00 1.876000000000000000e+03 9.020000000000000000e+03 -4.688000000000000000e+03 -3.700000000000000000e+02 1.573000000000000000e+03
1.279200000000000000e+04 2.096000000000000000e+03 9.444000000000000000e+03 -4.672000000000000000e+03 -3.270000000000000000e+02 1.239000000000000000e+03
1.225200000000000000e+04 2.116000000000000000e+03 9.320000000000000000e+03 -4.688000000000000000e+03 -2.680000000000000000e+02 1.033000000000000000e+03
1.259600000000000000e+04 2.244000000000000000e+03 9.820000000000000000e+03 -4.688000000000000000e+03 -1.960000000000000000e+02 7.980000000000000000e+02
1.231600000000000000e+04 2.332000000000000000e+03 9.332000000000000000e+03 -4.704000000000000000e+03 -1.830000000000000000e+02 4.460000000000000000e+02
1.243200000000000000e+04 2.252000000000000000e+03 9.244000000000000000e+03 -4.672000000000000000e+03 -1.920000000000000000e+02 2.100000000000000000e+02
1.232400000000000000e+04 2.112000000000000000e+03 9.512000000000000000e+03 -4.672000000000000000e+03 -1.460000000000000000e+02 -1.900000000000000000e+01
1.204000000000000000e+04 1.968000000000000000e+03 9.940000000000000000e+03 -4.688000000000000000e+03 -1.320000000000000000e+02 -2.710000000000000000e+02
1.182800000000000000e+04 1.920000000000000000e+03 1.042000000000000000e+04 -4.688000000000000000e+03 -9.800000000000000000e+01 -2.620000000000000000e+02
1.196800000000000000e+04 2.116000000000000000e+03 1.065200000000000000e+04 -4.672000000000000000e+03 -1.410000000000000000e+02 -6.590000000000000000e+02
1.171600000000000000e+04 2.184000000000000000e+03 1.007200000000000000e+04 -4.672000000000000000e+03 -1.730000000000000000e+02 -6.550000000000000000e+02
1.226800000000000000e+04 2.188000000000000000e+03 1.002800000000000000e+04 -4.688000000000000000e+03 -2.110000000000000000e+02 -7.740000000000000000e+02
1.182400000000000000e+04 2.224000000000000000e+03 1.020000000000000000e+04 -4.688000000000000000e+03 -1.780000000000000000e+02 -6.100000000000000000e+02
1.190800000000000000e+04 2.252000000000000000e+03 1.051200000000000000e+04 -4.656000000000000000e+03 -2.670000000000000000e+02 -8.220000000000000000e+02
1.212800000000000000e+04 2.276000000000000000e+03 1.034000000000000000e+04 -4.656000000000000000e+03 -2.280000000000000000e+02 -6.210000000000000000e+02
1.216400000000000000e+04 2.400000000000000000e+03 9.828000000000000000e+03 -4.704000000000000000e+03 -2.110000000000000000e+02 -4.590000000000000000e+02
1.182400000000000000e+04 2.388000000000000000e+03 9.884000000000000000e+03 -4.688000000000000000e+03 -1.910000000000000000e+02 -2.590000000000000000e+02
1.208400000000000000e+04 2.332000000000000000e+03 9.772000000000000000e+03 -4.656000000000000000e+03 -1.050000000000000000e+02 -7.600000000000000000e+01
1.191600000000000000e+04 2.416000000000000000e+03 9.616000000000000000e+03 -4.672000000000000000e+03 -7.100000000000000000e+01 2.020000000000000000e+02
1.222400000000000000e+04 2.256000000000000000e+03 9.276000000000000000e+03 -4.656000000000000000e+03 -7.900000000000000000e+01 4.630000000000000000e+02
1.270400000000000000e+04 2.104000000000000000e+03 8.712000000000000000e+03 -4.720000000000000000e+03 -8.500000000000000000e+01 8.430000000000000000e+02
1.224000000000000000e+04 2.232000000000000000e+03 8.744000000000000000e+03 -4.672000000000000000e+03 -1.260000000000000000e+02 1.138000000000000000e+03
1.190800000000000000e+04 2.268000000000000000e+03 9.116000000000000000e+03 -4.704000000000000000e+03 -1.140000000000000000e+02 1.478000000000000000e+03
1.182400000000000000e+04 2.276000000000000000e+03 9.508000000000000000e+03 -4.672000000000000000e+03 -2.120000000000000000e+02 1.508000000000000000e+03
1.212800000000000000e+04 2.228000000000000000e+03 9.556000000000000000e+03 -4.688000000000000000e+03 -2.040000000000000000e+02 2.372000000000000000e+03
1.254400000000000000e+04 2.252000000000000000e+03 9.444000000000000000e+03 -4.672000000000000000e+03 -3.720000000000000000e+02 2.369000000000000000e+03
1.238800000000000000e+04 2.256000000000000000e+03 9.944000000000000000e+03 -4.688000000000000000e+03 -3.710000000000000000e+02 2.596000000000000000e+03
1.213200000000000000e+04 2.336000000000000000e+03 1.028400000000000000e+04 -4.672000000000000000e+03 -4.330000000000000000e+02 2.852000000000000000e+03
1.226800000000000000e+04 2.420000000000000000e+03 1.039200000000000000e+04 -4.672000000000000000e+03 -4.610000000000000000e+02 3.056000000000000000e+03
1.225200000000000000e+04 2.312000000000000000e+03 1.078800000000000000e+04 -4.672000000000000000e+03 -4.140000000000000000e+02 3.140000000000000000e+03
1.195600000000000000e+04 2.692000000000000000e+03 9.700000000000000000e+03 -4.688000000000000000e+03 -4.340000000000000000e+02 3.088000000000000000e+03
1.223600000000000000e+04 2.548000000000000000e+03 8.480000000000000000e+03 -4.688000000000000000e+03 -3.430000000000000000e+02 3.242000000000000000e+03
1.210800000000000000e+04 2.516000000000000000e+03 7.276000000000000000e+03 -4.704000000000000000e+03 -3.150000000000000000e+02 3.146000000000000000e+03
1.048000000000000000e+04 1.772000000000000000e+03 6.424000000000000000e+03 -4.672000000000000000e+03 -1.970000000000000000e+02 3.421000000000000000e+03
9.596000000000000000e+03 1.192000000000000000e+03 6.088000000000000000e+03 -4.672000000000000000e+03 -5.800000000000000000e+01 3.105000000000000000e+03
7.876000000000000000e+03 9.680000000000000000e+02 5.544000000000000000e+03 -4.656000000000000000e+03 -2.650000000000000000e+02 2.518000000000000000e+03
6.812000000000000000e+03 9.040000000000000000e+02 5.336000000000000000e+03 -4.656000000000000000e+03 -2.380000000000000000e+02 1.816000000000000000e+03
6.648000000000000000e+03 1.224000000000000000e+03 5.988000000000000000e+03 -4.656000000000000000e+03 -1.710000000000000000e+02 1.548000000000000000e+03
7.028000000000000000e+03 1.160000000000000000e+03 8.060000000000000000e+03 -4.688000000000000000e+03 -1.380000000000000000e+02 1.484000000000000000e+03
7.760000000000000000e+03 1.848000000000000000e+03 1.094800000000000000e+04 -4.672000000000000000e+03 -1.770000000000000000e+02 4.710000000000000000e+02
7.160000000000000000e+03 2.348000000000000000e+03 1.099200000000000000e+04 -4.656000000000000000e+03 -1.880000000000000000e+02 -3.790000000000000000e+02
8.828000000000000000e+03 2.536000000000000000e+03 1.168000000000000000e+04 -4.688000000000000000e+03 -1.580000000000000000e+02 -8.040000000000000000e+02
9.124000000000000000e+03 3.080000000000000000e+03 1.187200000000000000e+04 -4.704000000000000000e+03 -1.870000000000000000e+02 -1.239000000000000000e+03
8.712000000000000000e+03 2.968000000000000000e+03 1.333600000000000000e+04 -4.672000000000000000e+03 -3.100000000000000000e+01 -1.412000000000000000e+03
1.073200000000000000e+04 2.936000000000000000e+03 1.412800000000000000e+04 -4.704000000000000000e+03 -1.120000000000000000e+02 -2.571000000000000000e+03
1.097600000000000000e+04 2.656000000000000000e+03 1.392000000000000000e+04 -4.672000000000000000e+03 1.600000000000000000e+01 -3.031000000000000000e+03
1.157200000000000000e+04 2.676000000000000000e+03 1.350800000000000000e+04 -4.672000000000000000e+03 1.720000000000000000e+02 -3.180000000000000000e+03
1.055600000000000000e+04 2.680000000000000000e+03 1.280000000000000000e+04 -4.688000000000000000e+03 2.720000000000000000e+02 -3.514000000000000000e+03
1.042000000000000000e+04 2.664000000000000000e+03 1.476800000000000000e+04 -4.688000000000000000e+03 2.000000000000000000e+02 -3.584000000000000000e+03
1.060800000000000000e+04 3.280000000000000000e+03 1.326400000000000000e+04 -4.688000000000000000e+03 1.020000000000000000e+02 -3.344000000000000000e+03
1.116000000000000000e+04 2.588000000000000000e+03 1.460400000000000000e+04 -4.672000000000000000e+03 -1.600000000000000000e+02 -2.924000000000000000e+03
1.102400000000000000e+04 3.160000000000000000e+03 1.660800000000000000e+04 -4.688000000000000000e+03 -3.300000000000000000e+02 -2.513000000000000000e+03
1.072400000000000000e+04 3.252000000000000000e+03 1.889200000000000000e+04 -4.688000000000000000e+03 -3.550000000000000000e+02 -2.078000000000000000e+03
1.375600000000000000e+04 4.048000000000000000e+03 1.998400000000000000e+04 -4.688000000000000000e+03 -4.470000000000000000e+02 -1.592000000000000000e+03
1.400000000000000000e+04 4.000000000000000000e+03 1.846400000000000000e+04 -4.720000000000000000e+03 -5.150000000000000000e+02 -1.367000000000000000e+03
1.763600000000000000e+04 4.428000000000000000e+03 1.551200000000000000e+04 -4.688000000000000000e+03 -5.090000000000000000e+02 -1.514000000000000000e+03
1.748400000000000000e+04 3.560000000000000000e+03 1.296800000000000000e+04 -4.672000000000000000e+03 -3.660000000000000000e+02 -1.175000000000000000e+03
1.802400000000000000e+04 3.456000000000000000e+03 1.144400000000000000e+04 -4.656000000000000000e+03 -4.350000000000000000e+02 -1.549000000000000000e+03
1.563200000000000000e+04 3.032000000000000000e+03 1.068400000000000000e+04 -4.640000000000000000e+03 -3.900000000000000000e+02 -1.632000000000000000e+03
1.517200000000000000e+04 2.332000000000000000e+03 1.035200000000000000e+04 -4.672000000000000000e+03 -3.530000000000000000e+02 -1.865000000000000000e+03
1.461600000000000000e+04 2.252000000000000000e+03 9.988000000000000000e+03 -4.672000000000000000e+03 -3.160000000000000000e+02 -2.012000000000000000e+03
1.417200000000000000e+04 2.596000000000000000e+03 1.047200000000000000e+04 -4.688000000000000000e+03 -3.320000000000000000e+02 -2.033000000000000000e+03
1.342400000000000000e+04 3.324000000000000000e+03 1.046800000000000000e+04 -4.688000000000000000e+03 -2.740000000000000000e+02 -2.467000000000000000e+03
1.287200000000000000e+04 3.000000000000000000e+03 1.025600000000000000e+04 -4.672000000000000000e+03 -9.600000000000000000e+01 -2.369000000000000000e+03
1.432400000000000000e+04 3.004000000000000000e+03 9.572000000000000000e+03 -4.672000000000000000e+03 3.600000000000000000e+01 -2.312000000000000000e+03
1.426800000000000000e+04 2.816000000000000000e+03 7.892000000000000000e+03 -4.704000000000000000e+03 1.250000000000000000e+02 -1.278000000000000000e+03
1.506800000000000000e+04 2.204000000000000000e+03 5.752000000000000000e+03 -4.704000000000000000e+03 1.320000000000000000e+02 -1.911000000000000000e+03
1.489200000000000000e+04 1.464000000000000000e+03 3.372000000000000000e+03 -4.672000000000000000e+03 3.730000000000000000e+02 -3.932000000000000000e+03
1.424000000000000000e+04 7.880000000000000000e+02 1.848000000000000000e+03 -4.672000000000000000e+03 6.380000000000000000e+02 -1.962000000000000000e+03
1.185600000000000000e+04 6.000000000000000000e+02 1.184000000000000000e+03 -4.672000000000000000e+03 4.590000000000000000e+02 -1.726000000000000000e+03
8.608000000000000000e+03 2.480000000000000000e+02 1.912000000000000000e+03 -4.672000000000000000e+03 1.180000000000000000e+02 -2.801000000000000000e+03
6.144000000000000000e+03 1.840000000000000000e+02 4.452000000000000000e+03 -4.688000000000000000e+03 -1.230000000000000000e+02 -2.358000000000000000e+03
4.208000000000000000e+03 3.000000000000000000e+02 6.472000000000000000e+03 -4.656000000000000000e+03 6.300000000000000000e+01 -2.817000000000000000e+03
3.284000000000000000e+03 9.440000000000000000e+02 9.312000000000000000e+03 -4.688000000000000000e+03 3.350000000000000000e+02 -1.588000000000000000e+03
