7.120000000000000000e+02 2.196000000000000000e+03 1.461200000000000000e+04 -4.800000000000000000e+03 -4.030000000000000000e+02 -9.000000000000000000e+00
7.400000000000000000e+02 2.116000000000000000e+03 1.470800000000000000e+04 -4.784000000000000000e+03 -4.150000000000000000e+02 -1.290000000000000000e+02
9.440000000000000000e+02 2.036000000000000000e+03 1.484800000000000000e+04 -4.784000000000000000e+03 -4.300000000000000000e+02 -4.290000000000000000e+02
1.132000000000000000e+03 2.100000000000000000e+03 1.479600000000000000e+04 -4.784000000000000000e+03 -4.180000000000000000e+02 -6.150000000000000000e+02
1.124000000000000000e+03 2.112000000000000000e+03 1.474800000000000000e+04 -4.800000000000000000e+03 -4.220000000000000000e+02 -5.160000000000000000e+02
1.348000000000000000e+03 2.048000000000000000e+03 1.469200000000000000e+04 -4.784000000000000000e+03 -3.850000000000000000e+02 -4.840000000000000000e+02
1.148000000000000000e+03 2.064000000000000000e+03 1.494000000000000000e+04 -4.768000000000000000e+03 -4.460000000000000000e+02 -2.000000000000000000e+02
1.320000000000000000e+03 2.036000000000000000e+03 1.505600000000000000e+04 -4.800000000000000000e+03 -4.190000000000000000e+02 5.300000000000000000e+01
1.196000000000000000e+03 2.040000000000000000e+03 1.467600000000000000e+04 -4.784000000000000000e+03 -3.830000000000000000e+02 3.750000000000000000e+02
1.132000000000000000e+03 2.132000000000000000e+03 1.462800000000000000e+04 -4.752000000000000000e+03 -4.060000000000000000e+02 7.080000000000000000e+02
1.008000000000000000e+03 2.152000000000000000e+03 1.474400000000000000e+04 -4.800000000000000000e+03 -3.880000000000000000e+02 9.610000000000000000e+02
9.440000000000000000e+02 2.056000000000000000e+03 1.495600000000000000e+04 -4.784000000000000000e+03 -3.680000000000000000e+02 1.035000000000000000e+03
7.280000000000000000e+02 2.092000000000000000e+03 1.500800000000000000e+04 -4.800000000000000000e+03 -4.150000000000000000e+02 1.167000000000000000e+03
5.320000000000000000e+02 2.156000000000000000e+03 1.448800000000000000e+04 -4.784000000000000000e+03 -4.930000000000000000e+02 6.900000000000000000e+01
6.960000000000000000e+02 2.200000000000000000e+03 1.429600000000000000e+04 -4.816000000000000000e+03 -4.240000000000000000e+02 1.510000000000000000e+03
5.520000000000000000e+02 2.232000000000000000e+03 1.456000000000000000e+04 -4.768000000000000000e+03 -5.850000000000000000e+02 1.005000000000000000e+03
3.920000000000000000e+02 2.136000000000000000e+03 1.487600000000000000e+04 -4.784000000000000000e+03 -7.900000000000000000e+02 3.130000000000000000e+02
1.640000000000000000e+02 2.120000000000000000e+03 1.483600000000000000e+04 -4.800000000000000000e+03 -5.030000000000000000e+02 -1.920000000000000000e+02
-8.000000000000000000e+00 2.048000000000000000e+03 1.458000000000000000e+04 -4.784000000000000000e+03 -1.000000000000000000e+01 -4.200000000000000000e+02
-3.080000000000000000e+02 2.188000000000000000e+03 1.435600000000000000e+04 -4.800000000000000000e+03 -5.980000000000000000e+02 -7.600000000000000000e+02
-3.440000000000000000e+02 2.272000000000000000e+03 1.432800000000000000e+04 -4.784000000000000000e+03 -2.390000000000000000e+02 -1.256000000000000000e+03
-6.800000000000000000e+02 2.068000000000000000e+03 1.452400000000000000e+04 -4.800000000000000000e+03 -3.180000000000000000e+02 -1.510000000000000000e+03
-4.520000000000000000e+02 1.932000000000000000e+03 1.469600000000000000e+04 -4.784000000000000000e+03 -3.320000000000000000e+02 -2.007000000000000000e+03
-5.400000000000000000e+02 1.996000000000000000e+03 1.475200000000000000e+04 -4.784000000000000000e+03 -2.760000000000000000e+02 -2.323000000000000000e+03
-5.440000000000000000e+02 2.116000000000000000e+03 1.392000000000000000e+04 -4.784000000000000000e+03 -3.430000000000000000e+02 -2.854000000000000000e+03
-6.360000000000000000e+02 2.076000000000000000e+03 1.298800000000000000e+04 -4.784000000000000000e+03 -3.990000000000000000e+02 -3.100000000000000000e+03
-4.760000000000000000e+02 1.944000000000000000e+03 1.219600000000000000e+04 -4.800000000000000000e+03 -3.190000000000000000e+02 -3.117000000000000000e+03
-4.920000000000000000e+02 1.896000000000000000e+03 7.976000000000000000e+03 -4.800000000000000000e+03 -1.540000000000000000e+02 -3.101000000000000000e+03
-2.880000000000000000e+02 1.948000000000000000e+03 3.748000000000000000e+03 -4.784000000000000000e+03 -1.030000000000000000e+02 -3.180000000000000000e+03
-8.400000000000000000e+01 1.976000000000000000e+03 7.912000000000000000e+03 -4.768000000000000000e+03 3.800000000000000000e+01 -2.776000000000000000e+03
-2.960000000000000000e+02 2.052000000000000000e+03 9.256000000000000000e+03 -4.784000000000000000e+03 1.630000000000000000e+02 -2.348000000000000000e+03
-5.160000000000000000e+02 2.160000000000000000e+03 7.036000000000000000e+03 -4.784000000000000000e+03 3.190000000000000000e+02 -1.850000000000000000e+03
-6.080000000000000000e+02 2.012000000000000000e+03 1.026800000000000000e+04 -4.784000000000000000e+03 3.670000000000000000e+02 -1.629000000000000000e+03
-9.680000000000000000e+02 1.868000000000000000e+03 1.181600000000000000e+04 -4.800000000000000000e+03 2.940000000000000000e+02 -1.115000000000000000e+03
-1.264000000000000000e+03 1.860000000000000000e+03 1.320800000000000000e+04 -4.800000000000000000e+03 1.880000000000000000e+02 -1.331000000000000000e+03
-1.740000000000000000e+03 1.148000000000000000e+03 1.492400000000000000e+04 -4.784000000000000000e+03 -3.000000000000000000e+00 -1.349000000000000000e+03
-1.848000000000000000e+03 4.640000000000000000e+02 1.425200000000000000e+04 -4.784000000000000000e+03 -1.010000000000000000e+02 -1.167000000000000000e+03
-1.068000000000000000e+03 1.212000000000000000e+03 1.415600000000000000e+04 -4.784000000000000000e+03 3.900000000000000000e+01 -1.174000000000000000e+03
-1.436000000000000000e+03 1.544000000000000000e+03 1.505600000000000000e+04 -4.768000000000000000e+03 1.450000000000000000e+02 -9.040000000000000000e+02
2.600000000000000000e+02 9.840000000000000000e+02 1.642400000000000000e+04 -4.800000000000000000e+03 3.450000000000000000e+02 -6.220000000000000000e+02
1.404000000000000000e+03 1.696000000000000000e+03 1.808400000000000000e+04 -4.800000000000000000e+03 3.850000000000000000e+02 -4.180000000000000000e+02
2.060000000000000000e+03 1.632000000000000000e+03 1.937600000000000000e+04 -4.768000000000000000e+03 3.520000000000000000e+02 -2.000000000000000000e+00
5.680000000000000000e+02 1.996000000000000000e+03 2.192800000000000000e+04 -4.752000000000000000e+03 2.720000000000000000e+02 3.680000000000000000e+02
-1.240000000000000000e+02 2.000000000000000000e+03 2.477600000000000000e+04 -4.784000000000000000e+03 2.190000000000000000e+02 6.660000000000000000e+02
-7.640000000000000000e+02 1.692000000000000000e+03 2.668800000000000000e+04 -4.800000000000000000e+03 8.400000000000000000e+01 7.720000000000000000e+02
-3.440000000000000000e+02 1.752000000000000000e+03 2.701200000000000000e+04 -4.768000000000000000e+03 -1.410000000000000000e+02 1.124000000000000000e+03
1.680000000000000000e+02 2.032000000000000000e+03 2.603600000000000000e+04 -4.784000000000000000e+03 -2.050000000000000000e+02 1.635000000000000000e+03
-1.640000000000000000e+02 2.640000000000000000e+03 2.254400000000000000e+04 -4.784000000000000000e+03 -2.730000000000000000e+02 1.287000000000000000e+03
-4.920000000000000000e+02 2.780000000000000000e+03 1.956800000000000000e+04 -4.784000000000000000e+03 -3.920000000000000000e+02 1.540000000000000000e+03
3.640000000000000000e+02 2.552000000000000000e+03 1.671200000000000000e+04 -4.752000000000000000e+03 -4.490000000000000000e+02 1.591000000000000000e+03
1.008000000000000000e+03 3.008000000000000000e+03 1.625600000000000000e+04 -4.768000000000000000e+03 -4.770000000000000000e+02 1.696000000000000000e+03
1.984000000000000000e+03 3.332000000000000000e+03 1.718000000000000000e+04 -4.768000000000000000e+03 -4.490000000000000000e+02 2.249000000000000000e+03
1.752000000000000000e+03 3.884000000000000000e+03 1.726400000000000000e+04 -4.800000000000000000e+03 -2.840000000000000000e+02 2.057000000000000000e+03
2.400000000000000000e+03 3.824000000000000000e+03 1.720000000000000000e+04 -4.800000000000000000e+03 -9.300000000000000000e+01 2.272000000000000000e+03
2.864000000000000000e+03 3.748000000000000000e+03 1.691200000000000000e+04 -4.784000000000000000e+03 6.200000000000000000e+01 2.500000000000000000e+03
2.416000000000000000e+03 2.996000000000000000e+03 1.731200000000000000e+04 -4.784000000000000000e+03 -3.180000000000000000e+02 2.277000000000000000e+03
2.312000000000000000e+03 2.756000000000000000e+03 1.570000000000000000e+04 -4.784000000000000000e+03 -9.190000000000000000e+02 2.649000000000000000e+03
3.244000000000000000e+03 2.364000000000000000e+03 1.360800000000000000e+04 -4.800000000000000000e+03 -5.780000000000000000e+02 2.169000000000000000e+03
4.012000000000000000e+03 2.316000000000000000e+03 1.170800000000000000e+04 -4.752000000000000000e+03 -3.090000000000000000e+02 1.707000000000000000e+03
