-4.800000000000000000e+03 2.776000000000000000e+03 1.248800000000000000e+04 -4.816000000000000000e+03 -4.510000000000000000e+02 5.900000000000000000e+02
9.212000000000000000e+03 2.744000000000000000e+03 1.302800000000000000e+04 -4.784000000000000000e+03 -4.360000000000000000e+02 3.650000000000000000e+02
8.916000000000000000e+03 2.620000000000000000e+03 1.339600000000000000e+04 -4.832000000000000000e+03 -4.730000000000000000e+02 2.790000000000000000e+02
8.456000000000000000e+03 2.476000000000000000e+03 1.291600000000000000e+04 -4.816000000000000000e+03 -4.760000000000000000e+02 6.850000000000000000e+02
8.340000000000000000e+03 2.736000000000000000e+03 1.276800000000000000e+04 -4.800000000000000000e+03 -5.000000000000000000e+02 3.630000000000000000e+02
8.388000000000000000e+03 3.144000000000000000e+03 1.290000000000000000e+04 -4.800000000000000000e+03 -4.990000000000000000e+02 3.660000000000000000e+02
8.676000000000000000e+03 3.092000000000000000e+03 1.296400000000000000e+04 -4.816000000000000000e+03 -5.100000000000000000e+02 7.190000000000000000e+02
8.372000000000000000e+03 2.816000000000000000e+03 1.292800000000000000e+04 -4.784000000000000000e+03 -4.600000000000000000e+02 1.035000000000000000e+03
7.788000000000000000e+03 2.988000000000000000e+03 1.260400000000000000e+04 -4.784000000000000000e+03 -3.760000000000000000e+02 1.386000000000000000e+03
7.776000000000000000e+03 2.928000000000000000e+03 1.274800000000000000e+04 -4.800000000000000000e+03 -3.940000000000000000e+02 -1.030000000000000000e+03
8.180000000000000000e+03 3.036000000000000000e+03 1.275200000000000000e+04 -4.816000000000000000e+03 -4.840000000000000000e+02 7.810000000000000000e+02
8.168000000000000000e+03 2.960000000000000000e+03 1.284000000000000000e+04 -4.784000000000000000e+03 -5.160000000000000000e+02 5.160000000000000000e+02
7.916000000000000000e+03 2.916000000000000000e+03 1.274000000000000000e+04 -4.832000000000000000e+03 -5.210000000000000000e+02 -4.690000000000000000e+02
7.872000000000000000e+03 2.936000000000000000e+03 1.257200000000000000e+04 -4.800000000000000000e+03 -5.120000000000000000e+02 1.282000000000000000e+03
7.936000000000000000e+03 2.936000000000000000e+03 1.301200000000000000e+04 -4.784000000000000000e+03 -6.250000000000000000e+02 -8.930000000000000000e+02
7.916000000000000000e+03 2.932000000000000000e+03 1.298400000000000000e+04 -4.800000000000000000e+03 -8.190000000000000000e+02 -6.120000000000000000e+02
8.064000000000000000e+03 2.916000000000000000e+03 1.316000000000000000e+04 -4.800000000000000000e+03 -6.710000000000000000e+02 -8.770000000000000000e+02
8.104000000000000000e+03 2.812000000000000000e+03 1.308800000000000000e+04 -4.784000000000000000e+03 -6.500000000000000000e+01 -1.690000000000000000e+03
7.760000000000000000e+03 2.780000000000000000e+03 1.298000000000000000e+04 -4.768000000000000000e+03 -4.230000000000000000e+02 -1.465000000000000000e+03
8.088000000000000000e+03 2.844000000000000000e+03 1.284000000000000000e+04 -4.800000000000000000e+03 -3.780000000000000000e+02 -1.785000000000000000e+03
7.856000000000000000e+03 2.908000000000000000e+03 1.281200000000000000e+04 -4.784000000000000000e+03 -1.210000000000000000e+02 -1.973000000000000000e+03
7.996000000000000000e+03 2.780000000000000000e+03 1.346400000000000000e+04 -4.800000000000000000e+03 -3.850000000000000000e+02 -2.055000000000000000e+03
7.712000000000000000e+03 2.860000000000000000e+03 1.452800000000000000e+04 -4.800000000000000000e+03 -2.670000000000000000e+02 -1.910000000000000000e+03
7.528000000000000000e+03 2.816000000000000000e+03 1.456000000000000000e+04 -4.816000000000000000e+03 -2.560000000000000000e+02 -1.636000000000000000e+03
7.476000000000000000e+03 2.792000000000000000e+03 1.381600000000000000e+04 -4.816000000000000000e+03 -3.260000000000000000e+02 -1.013000000000000000e+03
7.260000000000000000e+03 2.656000000000000000e+03 1.291200000000000000e+04 -4.784000000000000000e+03 -2.070000000000000000e+02 -8.430000000000000000e+02
7.276000000000000000e+03 2.744000000000000000e+03 1.257200000000000000e+04 -4.816000000000000000e+03 -1.120000000000000000e+02 -1.030000000000000000e+03
7.340000000000000000e+03 2.564000000000000000e+03 1.157200000000000000e+04 -4.800000000000000000e+03 -9.100000000000000000e+01 -7.260000000000000000e+02
6.736000000000000000e+03 2.428000000000000000e+03 8.652000000000000000e+03 -4.784000000000000000e+03 1.600000000000000000e+01 -3.050000000000000000e+02
6.448000000000000000e+03 2.600000000000000000e+03 4.388000000000000000e+03 -4.800000000000000000e+03 1.480000000000000000e+02 -1.488000000000000000e+03
6.736000000000000000e+03 2.920000000000000000e+03 4.988000000000000000e+03 -4.816000000000000000e+03 2.710000000000000000e+02 -8.910000000000000000e+02
7.272000000000000000e+03 2.856000000000000000e+03 7.912000000000000000e+03 -4.816000000000000000e+03 3.120000000000000000e+02 -1.406000000000000000e+03
7.068000000000000000e+03 2.720000000000000000e+03 6.132000000000000000e+03 -4.800000000000000000e+03 3.440000000000000000e+02 -1.562000000000000000e+03
6.336000000000000000e+03 2.520000000000000000e+03 9.448000000000000000e+03 -4.816000000000000000e+03 -1.100000000000000000e+01 -9.800000000000000000e+02
5.948000000000000000e+03 2.424000000000000000e+03 1.014000000000000000e+04 -4.800000000000000000e+03 -3.750000000000000000e+02 -9.390000000000000000e+02
5.564000000000000000e+03 2.272000000000000000e+03 1.044400000000000000e+04 -4.784000000000000000e+03 -4.040000000000000000e+02 -3.290000000000000000e+02
4.680000000000000000e+03 1.624000000000000000e+03 1.293200000000000000e+04 -4.816000000000000000e+03 -2.770000000000000000e+02 -6.070000000000000000e+02
3.040000000000000000e+03 7.720000000000000000e+02 1.222400000000000000e+04 -4.816000000000000000e+03 -2.560000000000000000e+02 -2.750000000000000000e+02
4.120000000000000000e+02 1.056000000000000000e+03 1.217200000000000000e+04 -4.816000000000000000e+03 -1.280000000000000000e+02 2.100000000000000000e+01
1.540000000000000000e+03 2.064000000000000000e+03 1.417200000000000000e+04 -4.800000000000000000e+03 -2.420000000000000000e+02 4.670000000000000000e+02
5.100000000000000000e+03 6.560000000000000000e+02 1.509200000000000000e+04 -4.800000000000000000e+03 -2.750000000000000000e+02 7.010000000000000000e+02
5.220000000000000000e+03 1.156000000000000000e+03 1.594800000000000000e+04 -4.800000000000000000e+03 -3.490000000000000000e+02 1.114000000000000000e+03
4.796000000000000000e+03 1.672000000000000000e+03 1.706000000000000000e+04 -4.816000000000000000e+03 -4.120000000000000000e+02 9.800000000000000000e+02
7.784000000000000000e+03 1.564000000000000000e+03 2.011200000000000000e+04 -4.800000000000000000e+03 -5.090000000000000000e+02 1.047000000000000000e+03
6.932000000000000000e+03 2.432000000000000000e+03 2.284800000000000000e+04 -4.768000000000000000e+03 -5.330000000000000000e+02 1.274000000000000000e+03
6.556000000000000000e+03 2.548000000000000000e+03 2.640400000000000000e+04 -4.848000000000000000e+03 -5.780000000000000000e+02 1.485000000000000000e+03
7.308000000000000000e+03 2.380000000000000000e+03 2.852800000000000000e+04 -4.784000000000000000e+03 -3.920000000000000000e+02 1.736000000000000000e+03
7.412000000000000000e+03 2.572000000000000000e+03 2.438000000000000000e+04 -4.784000000000000000e+03 -4.260000000000000000e+02 2.162000000000000000e+03
6.900000000000000000e+03 2.688000000000000000e+03 1.754000000000000000e+04 -4.784000000000000000e+03 -4.480000000000000000e+02 2.100000000000000000e+03
7.236000000000000000e+03 3.136000000000000000e+03 1.480800000000000000e+04 -4.784000000000000000e+03 -3.320000000000000000e+02 2.277000000000000000e+03
8.740000000000000000e+03 3.116000000000000000e+03 1.219600000000000000e+04 -4.800000000000000000e+03 -2.180000000000000000e+02 2.625000000000000000e+03
9.668000000000000000e+03 3.404000000000000000e+03 1.282400000000000000e+04 -4.816000000000000000e+03 -4.100000000000000000e+01 2.891000000000000000e+03
1.184000000000000000e+04 3.668000000000000000e+03 1.363600000000000000e+04 -4.832000000000000000e+03 3.900000000000000000e+01 3.020000000000000000e+03
1.293600000000000000e+04 4.920000000000000000e+03 1.350400000000000000e+04 -4.832000000000000000e+03 9.700000000000000000e+01 3.120000000000000000e+03
