-9.600000000000000000e+02 1.312000000000000000e+03 1.419600000000000000e+04 -4.704000000000000000e+03 -3.510000000000000000e+02 -6.400000000000000000e+02
-6.480000000000000000e+02 1.372000000000000000e+03 1.461600000000000000e+04 -4.688000000000000000e+03 -2.830000000000000000e+02 -8.060000000000000000e+02
-1.348000000000000000e+03 1.396000000000000000e+03 1.560000000000000000e+04 -4.688000000000000000e+03 -1.010000000000000000e+02 -1.125000000000000000e+03
-1.376000000000000000e+03 1.284000000000000000e+03 1.506000000000000000e+04 -4.688000000000000000e+03 -1.260000000000000000e+02 -1.481000000000000000e+03
-1.188000000000000000e+03 1.416000000000000000e+03 1.453600000000000000e+04 -4.704000000000000000e+03 -1.440000000000000000e+02 -1.795000000000000000e+03
-1.260000000000000000e+03 1.464000000000000000e+03 1.450000000000000000e+04 -4.688000000000000000e+03 -2.420000000000000000e+02 -2.177000000000000000e+03
-7.800000000000000000e+02 1.608000000000000000e+03 1.428800000000000000e+04 -4.672000000000000000e+03 -3.860000000000000000e+02 -2.459000000000000000e+03
-1.560000000000000000e+03 1.456000000000000000e+03 1.410400000000000000e+04 -4.688000000000000000e+03 -2.880000000000000000e+02 -3.053000000000000000e+03
-1.460000000000000000e+03 1.332000000000000000e+03 1.409600000000000000e+04 -4.656000000000000000e+03 -4.970000000000000000e+02 -3.414000000000000000e+03
-2.196000000000000000e+03 1.304000000000000000e+03 1.394000000000000000e+04 -4.672000000000000000e+03 -3.330000000000000000e+02 -3.836000000000000000e+03
-1.824000000000000000e+03 1.408000000000000000e+03 1.448000000000000000e+04 -4.704000000000000000e+03 -3.030000000000000000e+02 -4.024000000000000000e+03
-1.524000000000000000e+03 1.292000000000000000e+03 1.468400000000000000e+04 -4.656000000000000000e+03 -4.500000000000000000e+01 -4.040000000000000000e+03
-1.756000000000000000e+03 1.188000000000000000e+03 1.471200000000000000e+04 -4.688000000000000000e+03 -8.200000000000000000e+01 -4.090000000000000000e+03
-2.388000000000000000e+03 1.348000000000000000e+03 1.454000000000000000e+04 -4.672000000000000000e+03 3.530000000000000000e+02 -3.770000000000000000e+03
-2.224000000000000000e+03 1.496000000000000000e+03 1.460800000000000000e+04 -4.704000000000000000e+03 2.800000000000000000e+02 -3.387000000000000000e+03
-2.108000000000000000e+03 1.540000000000000000e+03 1.348000000000000000e+04 -4.640000000000000000e+03 5.440000000000000000e+02 -2.900000000000000000e+03
-2.068000000000000000e+03 1.484000000000000000e+03 1.384400000000000000e+04 -4.688000000000000000e+03 2.090000000000000000e+02 -2.403000000000000000e+03
-1.916000000000000000e+03 1.272000000000000000e+03 1.369200000000000000e+04 -4.672000000000000000e+03 9.000000000000000000e+00 -1.969000000000000000e+03
-2.076000000000000000e+03 1.128000000000000000e+03 1.325200000000000000e+04 -4.688000000000000000e+03 -4.200000000000000000e+01 -1.563000000000000000e+03
-2.344000000000000000e+03 1.244000000000000000e+03 1.002400000000000000e+04 -4.688000000000000000e+03 2.000000000000000000e+00 -1.246000000000000000e+03
-2.324000000000000000e+03 1.192000000000000000e+03 7.216000000000000000e+03 -4.704000000000000000e+03 8.700000000000000000e+01 -9.590000000000000000e+02
-2.476000000000000000e+03 1.280000000000000000e+03 8.760000000000000000e+03 -4.672000000000000000e+03 5.500000000000000000e+01 -6.480000000000000000e+02
-2.468000000000000000e+03 1.120000000000000000e+03 8.588000000000000000e+03 -4.672000000000000000e+03 7.700000000000000000e+01 -2.900000000000000000e+02
-2.340000000000000000e+03 1.196000000000000000e+03 7.612000000000000000e+03 -4.720000000000000000e+03 2.000000000000000000e+01 1.700000000000000000e+01
-2.268000000000000000e+03 1.032000000000000000e+03 8.976000000000000000e+03 -4.688000000000000000e+03 -9.100000000000000000e+01 2.490000000000000000e+02
-2.064000000000000000e+03 6.000000000000000000e+02 9.940000000000000000e+03 -4.688000000000000000e+03 -1.220000000000000000e+02 6.090000000000000000e+02
-2.056000000000000000e+03 3.720000000000000000e+02 1.237600000000000000e+04 -4.704000000000000000e+03 -1.200000000000000000e+02 8.710000000000000000e+02
-1.976000000000000000e+03 2.840000000000000000e+02 1.368400000000000000e+04 -4.688000000000000000e+03 -2.430000000000000000e+02 1.270000000000000000e+03
-2.316000000000000000e+03 6.520000000000000000e+02 1.583600000000000000e+04 -4.704000000000000000e+03 -2.710000000000000000e+02 1.294000000000000000e+03
-2.848000000000000000e+03 8.360000000000000000e+02 1.551200000000000000e+04 -4.688000000000000000e+03 -4.260000000000000000e+02 6.730000000000000000e+02
-2.928000000000000000e+03 7.000000000000000000e+02 1.662800000000000000e+04 -4.688000000000000000e+03 -5.420000000000000000e+02 8.200000000000000000e+02
-2.168000000000000000e+03 8.440000000000000000e+02 1.648000000000000000e+04 -4.672000000000000000e+03 -7.320000000000000000e+02 2.459000000000000000e+03
-1.480000000000000000e+03 9.520000000000000000e+02 1.621200000000000000e+04 -4.656000000000000000e+03 -6.470000000000000000e+02 -3.080000000000000000e+02
-1.596000000000000000e+03 1.300000000000000000e+03 1.637600000000000000e+04 -4.704000000000000000e+03 -4.770000000000000000e+02 2.185000000000000000e+03
-1.496000000000000000e+03 1.616000000000000000e+03 1.687600000000000000e+04 -4.688000000000000000e+03 -3.710000000000000000e+02 6.340000000000000000e+02
-1.704000000000000000e+03 2.068000000000000000e+03 1.808400000000000000e+04 -4.688000000000000000e+03 -3.810000000000000000e+02 9.550000000000000000e+02
-1.616000000000000000e+03 1.728000000000000000e+03 1.935600000000000000e+04 -4.704000000000000000e+03 2.330000000000000000e+02 1.035000000000000000e+03
-1.708000000000000000e+03 1.900000000000000000e+03 2.266000000000000000e+04 -4.688000000000000000e+03 4.100000000000000000e+02 4.810000000000000000e+02
-1.404000000000000000e+03 1.628000000000000000e+03 2.524000000000000000e+04 -4.672000000000000000e+03 -2.000000000000000000e+00 1.558000000000000000e+03
-1.396000000000000000e+03 1.576000000000000000e+03 2.869200000000000000e+04 -4.704000000000000000e+03 -9.210000000000000000e+02 5.510000000000000000e+02
-1.704000000000000000e+03 1.660000000000000000e+03 2.522400000000000000e+04 -4.688000000000000000e+03 -8.610000000000000000e+02 1.052000000000000000e+03
-1.412000000000000000e+03 1.964000000000000000e+03 2.218800000000000000e+04 -4.688000000000000000e+03 -1.940000000000000000e+02 6.830000000000000000e+02
-1.264000000000000000e+03 1.996000000000000000e+03 1.896800000000000000e+04 -4.704000000000000000e+03 -7.000000000000000000e+01 1.052000000000000000e+03
-4.760000000000000000e+02 1.828000000000000000e+03 1.709600000000000000e+04 -4.688000000000000000e+03 -2.400000000000000000e+01 9.940000000000000000e+02
-6.440000000000000000e+02 2.172000000000000000e+03 1.601600000000000000e+04 -4.704000000000000000e+03 -3.790000000000000000e+02 1.298000000000000000e+03
-8.720000000000000000e+02 2.300000000000000000e+03 1.554400000000000000e+04 -4.704000000000000000e+03 -4.560000000000000000e+02 7.660000000000000000e+02
-1.560000000000000000e+02 2.860000000000000000e+03 1.552400000000000000e+04 -4.704000000000000000e+03 -4.070000000000000000e+02 1.099000000000000000e+03
