-3.228000000000000000e+03 1.156000000000000000e+03 1.501200000000000000e+04 -4.752000000000000000e+03 -2.480000000000000000e+02 1.200000000000000000e+02
4.220000000000000000e+03 1.248000000000000000e+03 1.485600000000000000e+04 -4.736000000000000000e+03 -2.520000000000000000e+02 1.410000000000000000e+02
-2.764000000000000000e+03 1.388000000000000000e+03 1.522800000000000000e+04 -4.752000000000000000e+03 -1.860000000000000000e+02 9.400000000000000000e+01
-2.008000000000000000e+03 1.468000000000000000e+03 1.442000000000000000e+04 -4.752000000000000000e+03 -1.660000000000000000e+02 6.490000000000000000e+02
-2.744000000000000000e+03 1.444000000000000000e+03 1.436000000000000000e+04 -4.768000000000000000e+03 -2.450000000000000000e+02 1.239000000000000000e+03
-3.184000000000000000e+03 9.280000000000000000e+02 1.437600000000000000e+04 -4.752000000000000000e+03 -2.650000000000000000e+02 1.075000000000000000e+03
-2.976000000000000000e+03 1.288000000000000000e+03 1.450800000000000000e+04 -4.768000000000000000e+03 -3.610000000000000000e+02 1.168000000000000000e+03
-2.340000000000000000e+03 1.148000000000000000e+03 1.473600000000000000e+04 -4.736000000000000000e+03 -4.280000000000000000e+02 1.745000000000000000e+03
-1.728000000000000000e+03 1.228000000000000000e+03 1.497200000000000000e+04 -4.752000000000000000e+03 -4.160000000000000000e+02 1.741000000000000000e+03
-2.600000000000000000e+03 1.152000000000000000e+03 1.436000000000000000e+04 -4.752000000000000000e+03 -5.320000000000000000e+02 1.570000000000000000e+02
-2.360000000000000000e+03 1.512000000000000000e+03 1.423200000000000000e+04 -4.784000000000000000e+03 -7.450000000000000000e+02 3.010000000000000000e+03
-2.484000000000000000e+03 1.512000000000000000e+03 1.380400000000000000e+04 -4.752000000000000000e+03 -7.540000000000000000e+02 1.985000000000000000e+03
-2.384000000000000000e+03 1.576000000000000000e+03 1.444400000000000000e+04 -4.736000000000000000e+03 -3.350000000000000000e+02 2.615000000000000000e+03
-2.096000000000000000e+03 1.680000000000000000e+03 1.515200000000000000e+04 -4.752000000000000000e+03 -6.950000000000000000e+02 1.629000000000000000e+03
-1.980000000000000000e+03 1.760000000000000000e+03 1.535600000000000000e+04 -4.720000000000000000e+03 -2.230000000000000000e+02 1.118000000000000000e+03
-2.076000000000000000e+03 1.824000000000000000e+03 1.464400000000000000e+04 -4.752000000000000000e+03 -5.910000000000000000e+02 9.910000000000000000e+02
-2.108000000000000000e+03 1.624000000000000000e+03 1.374800000000000000e+04 -4.768000000000000000e+03 -3.500000000000000000e+02 6.980000000000000000e+02
-1.968000000000000000e+03 1.512000000000000000e+03 1.379600000000000000e+04 -4.768000000000000000e+03 -3.550000000000000000e+02 3.480000000000000000e+02
-1.352000000000000000e+03 1.388000000000000000e+03 1.316000000000000000e+04 -4.784000000000000000e+03 -4.030000000000000000e+02 -3.300000000000000000e+02
-2.092000000000000000e+03 1.756000000000000000e+03 1.254800000000000000e+04 -4.752000000000000000e+03 -4.700000000000000000e+02 -6.930000000000000000e+02
-2.764000000000000000e+03 1.812000000000000000e+03 1.046800000000000000e+04 -4.720000000000000000e+03 -3.100000000000000000e+02 -1.039000000000000000e+03
-3.280000000000000000e+03 1.724000000000000000e+03 5.740000000000000000e+03 -4.752000000000000000e+03 -4.510000000000000000e+02 -1.462000000000000000e+03
-2.688000000000000000e+03 1.472000000000000000e+03 3.552000000000000000e+03 -4.752000000000000000e+03 -2.770000000000000000e+02 -1.749000000000000000e+03
-2.200000000000000000e+03 1.216000000000000000e+03 5.932000000000000000e+03 -4.752000000000000000e+03 -1.390000000000000000e+02 -1.762000000000000000e+03
-1.968000000000000000e+03 1.144000000000000000e+03 6.676000000000000000e+03 -4.768000000000000000e+03 -6.300000000000000000e+01 -1.673000000000000000e+03
-2.256000000000000000e+03 1.200000000000000000e+03 1.071200000000000000e+04 -4.752000000000000000e+03 8.800000000000000000e+01 -1.501000000000000000e+03
-3.392000000000000000e+03 8.400000000000000000e+02 1.025200000000000000e+04 -4.752000000000000000e+03 2.980000000000000000e+02 -1.222000000000000000e+03
-3.184000000000000000e+03 2.200000000000000000e+02 1.355200000000000000e+04 -4.736000000000000000e+03 4.350000000000000000e+02 -9.300000000000000000e+02
-3.016000000000000000e+03 5.760000000000000000e+02 1.438000000000000000e+04 -4.768000000000000000e+03 4.960000000000000000e+02 -1.199000000000000000e+03
-2.940000000000000000e+03 6.760000000000000000e+02 1.503600000000000000e+04 -4.752000000000000000e+03 3.220000000000000000e+02 -5.520000000000000000e+02
-1.840000000000000000e+03 7.440000000000000000e+02 1.523600000000000000e+04 -4.752000000000000000e+03 -1.400000000000000000e+02 -3.610000000000000000e+02
1.504000000000000000e+03 1.176000000000000000e+03 1.612400000000000000e+04 -4.768000000000000000e+03 -2.700000000000000000e+02 -1.850000000000000000e+02
9.200000000000000000e+01 8.320000000000000000e+02 1.454400000000000000e+04 -4.768000000000000000e+03 -2.060000000000000000e+02 2.400000000000000000e+01
-1.388000000000000000e+03 1.676000000000000000e+03 1.522800000000000000e+04 -4.736000000000000000e+03 -1.760000000000000000e+02 2.970000000000000000e+02
-3.460000000000000000e+03 1.808000000000000000e+03 1.550000000000000000e+04 -4.768000000000000000e+03 -1.970000000000000000e+02 6.530000000000000000e+02
-3.580000000000000000e+03 1.732000000000000000e+03 1.628800000000000000e+04 -4.752000000000000000e+03 -2.170000000000000000e+02 9.470000000000000000e+02
-3.248000000000000000e+03 1.512000000000000000e+03 1.722400000000000000e+04 -4.768000000000000000e+03 -3.320000000000000000e+02 1.085000000000000000e+03
-3.480000000000000000e+03 1.844000000000000000e+03 2.166800000000000000e+04 -4.720000000000000000e+03 -3.750000000000000000e+02 1.419000000000000000e+03
-4.012000000000000000e+03 1.324000000000000000e+03 2.576400000000000000e+04 -4.752000000000000000e+03 -3.790000000000000000e+02 1.760000000000000000e+03
-3.988000000000000000e+03 1.648000000000000000e+03 3.010400000000000000e+04 -4.752000000000000000e+03 -4.710000000000000000e+02 2.032000000000000000e+03
-3.844000000000000000e+03 1.660000000000000000e+03 2.944800000000000000e+04 -4.752000000000000000e+03 -5.000000000000000000e+02 2.307000000000000000e+03
-3.272000000000000000e+03 1.808000000000000000e+03 2.372400000000000000e+04 -4.784000000000000000e+03 -5.770000000000000000e+02 2.416000000000000000e+03
-2.792000000000000000e+03 1.696000000000000000e+03 1.890000000000000000e+04 -4.752000000000000000e+03 -7.350000000000000000e+02 2.580000000000000000e+03
-3.348000000000000000e+03 2.176000000000000000e+03 1.683600000000000000e+04 -4.784000000000000000e+03 -1.123000000000000000e+03 3.793000000000000000e+03
-2.596000000000000000e+03 2.628000000000000000e+03 1.595200000000000000e+04 -4.768000000000000000e+03 -9.990000000000000000e+02 3.548000000000000000e+03
-3.108000000000000000e+03 2.940000000000000000e+03 1.547200000000000000e+04 -4.800000000000000000e+03 -8.240000000000000000e+02 2.187000000000000000e+03
-4.204000000000000000e+03 2.664000000000000000e+03 1.553200000000000000e+04 -4.736000000000000000e+03 -9.100000000000000000e+02 6.720000000000000000e+02
-4.948000000000000000e+03 2.300000000000000000e+03 1.498400000000000000e+04 -4.800000000000000000e+03 -6.930000000000000000e+02 2.797000000000000000e+03
-6.324000000000000000e+03 2.176000000000000000e+03 1.552400000000000000e+04 -4.800000000000000000e+03 -3.210000000000000000e+02 1.901000000000000000e+03
-7.080000000000000000e+03 2.396000000000000000e+03 1.602000000000000000e+04 -4.768000000000000000e+03 5.030000000000000000e+02 1.517000000000000000e+03
-4.856000000000000000e+03 2.412000000000000000e+03 1.618800000000000000e+04 -4.752000000000000000e+03 3.250000000000000000e+02 1.924000000000000000e+03
-2.244000000000000000e+03 2.224000000000000000e+03 1.619600000000000000e+04 -4.768000000000000000e+03 -6.450000000000000000e+02 1.287000000000000000e+03
-1.412000000000000000e+03 2.104000000000000000e+03 1.614400000000000000e+04 -4.768000000000000000e+03 -4.730000000000000000e+02 1.941000000000000000e+03
-1.676000000000000000e+03 1.868000000000000000e+03 1.236400000000000000e+04 -4.768000000000000000e+03 -2.200000000000000000e+01 1.928000000000000000e+03
-1.404000000000000000e+03 1.884000000000000000e+03 7.156000000000000000e+03 -4.784000000000000000e+03 2.610000000000000000e+02 7.590000000000000000e+02
-9.840000000000000000e+02 1.924000000000000000e+03 4.340000000000000000e+03 -4.736000000000000000e+03 2.680000000000000000e+02 6.840000000000000000e+02
-1.244000000000000000e+03 2.308000000000000000e+03 1.256000000000000000e+03 -4.800000000000000000e+03 -4.100000000000000000e+01 -9.180000000000000000e+02
-1.804000000000000000e+03 2.316000000000000000e+03 8.080000000000000000e+02 -4.768000000000000000e+03 -1.870000000000000000e+02 -6.800000000000000000e+01
-2.124000000000000000e+03 2.728000000000000000e+03 2.292000000000000000e+03 -4.736000000000000000e+03 -1.300000000000000000e+02 1.082000000000000000e+03
-1.652000000000000000e+03 2.040000000000000000e+03 6.152000000000000000e+03 -4.752000000000000000e+03 1.870000000000000000e+02 3.080000000000000000e+02
-1.560000000000000000e+03 1.740000000000000000e+03 2.023200000000000000e+04 -4.768000000000000000e+03 1.260000000000000000e+02 -7.500000000000000000e+01
-1.064000000000000000e+03 7.200000000000000000e+02 2.030400000000000000e+04 -4.784000000000000000e+03 -2.000000000000000000e+02 -2.700000000000000000e+02
-2.400000000000000000e+02 -1.240000000000000000e+02 1.265600000000000000e+04 -4.768000000000000000e+03 -3.050000000000000000e+02 3.760000000000000000e+02
