1.180000000000000000e+03 2.588000000000000000e+03 1.423200000000000000e+04 -4.720000000000000000e+03 -5.220000000000000000e+02 6.510000000000000000e+02
1.144000000000000000e+03 2.916000000000000000e+03 1.407600000000000000e+04 -4.720000000000000000e+03 -5.460000000000000000e+02 5.950000000000000000e+02
1.120000000000000000e+03 2.832000000000000000e+03 1.442800000000000000e+04 -4.720000000000000000e+03 -5.080000000000000000e+02 5.230000000000000000e+02
1.104000000000000000e+03 2.540000000000000000e+03 1.508800000000000000e+04 -4.720000000000000000e+03 -4.850000000000000000e+02 4.810000000000000000e+02
9.520000000000000000e+02 2.284000000000000000e+03 1.483600000000000000e+04 -4.720000000000000000e+03 -3.960000000000000000e+02 3.250000000000000000e+02
1.020000000000000000e+03 2.244000000000000000e+03 1.450000000000000000e+04 -4.736000000000000000e+03 -3.350000000000000000e+02 1.240000000000000000e+02
9.160000000000000000e+02 2.116000000000000000e+03 1.421600000000000000e+04 -4.768000000000000000e+03 -2.880000000000000000e+02 2.300000000000000000e+01
1.000000000000000000e+03 2.148000000000000000e+03 1.455200000000000000e+04 -4.736000000000000000e+03 -2.090000000000000000e+02 -1.840000000000000000e+02
1.056000000000000000e+03 1.920000000000000000e+03 1.463600000000000000e+04 -4.720000000000000000e+03 -1.700000000000000000e+02 -3.230000000000000000e+02
9.240000000000000000e+02 2.088000000000000000e+03 1.440000000000000000e+04 -4.736000000000000000e+03 -9.900000000000000000e+01 -3.670000000000000000e+02
1.020000000000000000e+03 2.076000000000000000e+03 1.433600000000000000e+04 -4.704000000000000000e+03 -1.180000000000000000e+02 -4.280000000000000000e+02
8.320000000000000000e+02 2.176000000000000000e+03 1.416400000000000000e+04 -4.720000000000000000e+03 -1.080000000000000000e+02 -5.070000000000000000e+02
8.000000000000000000e+02 2.168000000000000000e+03 1.442000000000000000e+04 -4.736000000000000000e+03 -1.290000000000000000e+02 -5.520000000000000000e+02
8.560000000000000000e+02 2.116000000000000000e+03 1.442400000000000000e+04 -4.704000000000000000e+03 -1.370000000000000000e+02 -5.810000000000000000e+02
7.600000000000000000e+02 2.116000000000000000e+03 1.417200000000000000e+04 -4.752000000000000000e+03 -1.720000000000000000e+02 -3.950000000000000000e+02
7.360000000000000000e+02 2.092000000000000000e+03 1.426800000000000000e+04 -4.752000000000000000e+03 -2.170000000000000000e+02 -3.840000000000000000e+02
6.800000000000000000e+02 2.324000000000000000e+03 1.452000000000000000e+04 -4.720000000000000000e+03 -2.530000000000000000e+02 -3.400000000000000000e+02
5.880000000000000000e+02 2.404000000000000000e+03 1.434000000000000000e+04 -4.752000000000000000e+03 -2.880000000000000000e+02 -2.270000000000000000e+02
7.440000000000000000e+02 2.384000000000000000e+03 1.463200000000000000e+04 -4.736000000000000000e+03 -3.170000000000000000e+02 2.400000000000000000e+01
5.720000000000000000e+02 2.404000000000000000e+03 1.453600000000000000e+04 -4.720000000000000000e+03 -3.700000000000000000e+02 1.500000000000000000e+02
9.040000000000000000e+02 2.464000000000000000e+03 1.462400000000000000e+04 -4.704000000000000000e+03 -4.470000000000000000e+02 4.180000000000000000e+02
9.040000000000000000e+02 2.384000000000000000e+03 1.486400000000000000e+04 -4.752000000000000000e+03 -5.750000000000000000e+02 6.080000000000000000e+02
8.880000000000000000e+02 2.400000000000000000e+03 1.468800000000000000e+04 -4.720000000000000000e+03 -6.880000000000000000e+02 5.470000000000000000e+02
8.920000000000000000e+02 2.360000000000000000e+03 1.467200000000000000e+04 -4.704000000000000000e+03 -7.800000000000000000e+02 5.800000000000000000e+02
9.920000000000000000e+02 2.300000000000000000e+03 1.477600000000000000e+04 -4.736000000000000000e+03 -4.290000000000000000e+02 1.390000000000000000e+02
1.088000000000000000e+03 2.396000000000000000e+03 1.458000000000000000e+04 -4.768000000000000000e+03 -1.700000000000000000e+02 3.560000000000000000e+02
1.328000000000000000e+03 2.400000000000000000e+03 1.458000000000000000e+04 -4.752000000000000000e+03 -5.150000000000000000e+02 -2.660000000000000000e+02
1.144000000000000000e+03 2.452000000000000000e+03 1.425200000000000000e+04 -4.720000000000000000e+03 -3.560000000000000000e+02 1.270000000000000000e+02
1.080000000000000000e+03 2.284000000000000000e+03 1.283600000000000000e+04 -4.704000000000000000e+03 -4.160000000000000000e+02 1.730000000000000000e+02
1.072000000000000000e+03 2.320000000000000000e+03 1.042400000000000000e+04 -4.704000000000000000e+03 -5.480000000000000000e+02 -8.100000000000000000e+02
6.840000000000000000e+02 2.220000000000000000e+03 6.388000000000000000e+03 -4.736000000000000000e+03 -5.160000000000000000e+02 -1.642000000000000000e+03
3.760000000000000000e+02 2.080000000000000000e+03 3.652000000000000000e+03 -4.752000000000000000e+03 -5.870000000000000000e+02 -1.382000000000000000e+03
-8.400000000000000000e+01 1.704000000000000000e+03 7.092000000000000000e+03 -4.736000000000000000e+03 -6.220000000000000000e+02 -9.150000000000000000e+02
-5.600000000000000000e+02 9.440000000000000000e+02 7.356000000000000000e+03 -4.688000000000000000e+03 -5.820000000000000000e+02 -1.395000000000000000e+03
-6.520000000000000000e+02 4.600000000000000000e+02 7.700000000000000000e+03 -4.720000000000000000e+03 -5.820000000000000000e+02 -1.158000000000000000e+03
-3.640000000000000000e+02 1.000000000000000000e+03 1.030800000000000000e+04 -4.720000000000000000e+03 -4.290000000000000000e+02 -8.010000000000000000e+02
7.800000000000000000e+02 1.012000000000000000e+03 1.195200000000000000e+04 -4.704000000000000000e+03 -3.770000000000000000e+02 -1.740000000000000000e+02
1.424000000000000000e+03 1.148000000000000000e+03 1.381600000000000000e+04 -4.720000000000000000e+03 -3.040000000000000000e+02 2.650000000000000000e+02
1.512000000000000000e+03 1.632000000000000000e+03 1.584800000000000000e+04 -4.720000000000000000e+03 -1.100000000000000000e+02 7.440000000000000000e+02
2.352000000000000000e+03 1.720000000000000000e+03 1.515600000000000000e+04 -4.704000000000000000e+03 -2.500000000000000000e+02 1.236000000000000000e+03
1.184000000000000000e+03 2.216000000000000000e+03 1.656000000000000000e+04 -4.720000000000000000e+03 -5.030000000000000000e+02 1.529000000000000000e+03
1.304000000000000000e+03 2.260000000000000000e+03 1.692800000000000000e+04 -4.736000000000000000e+03 -8.260000000000000000e+02 1.441000000000000000e+03
1.280000000000000000e+03 1.744000000000000000e+03 1.815200000000000000e+04 -4.720000000000000000e+03 -7.680000000000000000e+02 1.160000000000000000e+03
1.992000000000000000e+03 2.348000000000000000e+03 2.053600000000000000e+04 -4.704000000000000000e+03 -5.850000000000000000e+02 8.270000000000000000e+02
2.460000000000000000e+03 2.844000000000000000e+03 2.037600000000000000e+04 -4.736000000000000000e+03 -3.810000000000000000e+02 1.083000000000000000e+03
2.444000000000000000e+03 3.112000000000000000e+03 2.525200000000000000e+04 -4.720000000000000000e+03 -1.320000000000000000e+02 6.670000000000000000e+02
2.252000000000000000e+03 3.536000000000000000e+03 2.836000000000000000e+04 -4.688000000000000000e+03 -9.900000000000000000e+01 4.360000000000000000e+02
3.660000000000000000e+03 2.520000000000000000e+03 2.940800000000000000e+04 -4.736000000000000000e+03 9.600000000000000000e+01 3.810000000000000000e+02
2.740000000000000000e+03 3.336000000000000000e+03 2.667600000000000000e+04 -4.736000000000000000e+03 2.430000000000000000e+02 -1.920000000000000000e+02
4.008000000000000000e+03 3.488000000000000000e+03 2.199200000000000000e+04 -4.720000000000000000e+03 1.820000000000000000e+02 -1.780000000000000000e+02
3.032000000000000000e+03 3.904000000000000000e+03 1.878000000000000000e+04 -4.736000000000000000e+03 2.200000000000000000e+02 -1.870000000000000000e+02
2.948000000000000000e+03 3.468000000000000000e+03 1.621600000000000000e+04 -4.720000000000000000e+03 1.310000000000000000e+02 7.100000000000000000e+01
2.316000000000000000e+03 2.652000000000000000e+03 1.679200000000000000e+04 -4.720000000000000000e+03 5.800000000000000000e+01 3.110000000000000000e+02
2.280000000000000000e+03 2.512000000000000000e+03 1.678000000000000000e+04 -4.768000000000000000e+03 -7.700000000000000000e+01 5.160000000000000000e+02
2.708000000000000000e+03 2.308000000000000000e+03 1.613600000000000000e+04 -4.720000000000000000e+03 -1.240000000000000000e+02 6.520000000000000000e+02
2.888000000000000000e+03 2.408000000000000000e+03 1.739600000000000000e+04 -4.720000000000000000e+03 2.000000000000000000e+00 5.670000000000000000e+02
2.836000000000000000e+03 2.284000000000000000e+03 1.765600000000000000e+04 -4.752000000000000000e+03 1.020000000000000000e+02 6.590000000000000000e+02
2.160000000000000000e+03 2.120000000000000000e+03 1.693600000000000000e+04 -4.736000000000000000e+03 1.880000000000000000e+02 3.450000000000000000e+02
2.304000000000000000e+03 1.988000000000000000e+03 1.657600000000000000e+04 -4.736000000000000000e+03 1.280000000000000000e+02 2.130000000000000000e+02
1.508000000000000000e+03 2.392000000000000000e+03 1.434400000000000000e+04 -4.752000000000000000e+03 5.920000000000000000e+02 -4.100000000000000000e+01
1.372000000000000000e+03 2.372000000000000000e+03 1.172400000000000000e+04 -4.752000000000000000e+03 7.950000000000000000e+02 -5.310000000000000000e+02
1.888000000000000000e+03 2.452000000000000000e+03 7.788000000000000000e+03 -4.752000000000000000e+03 6.160000000000000000e+02 -7.470000000000000000e+02
2.204000000000000000e+03 1.868000000000000000e+03 4.604000000000000000e+03 -4.704000000000000000e+03 2.080000000000000000e+02 -6.630000000000000000e+02
2.608000000000000000e+03 1.364000000000000000e+03 3.036000000000000000e+03 -4.768000000000000000e+03 -1.720000000000000000e+02 -5.440000000000000000e+02
2.424000000000000000e+03 8.040000000000000000e+02 1.948000000000000000e+03 -4.704000000000000000e+03 -9.000000000000000000e+00 -1.272000000000000000e+03
1.616000000000000000e+03 2.560000000000000000e+02 2.632000000000000000e+03 -4.736000000000000000e+03 2.210000000000000000e+02 -1.021000000000000000e+03
1.084000000000000000e+03 3.040000000000000000e+02 5.136000000000000000e+03 -4.704000000000000000e+03 3.640000000000000000e+02 -5.460000000000000000e+02
4.200000000000000000e+02 4.920000000000000000e+02 1.135600000000000000e+04 -4.720000000000000000e+03 5.200000000000000000e+01 -5.260000000000000000e+02
-2.160000000000000000e+02 1.020000000000000000e+03 1.763200000000000000e+04 -4.736000000000000000e+03 -1.850000000000000000e+02 -4.070000000000000000e+02
-1.124000000000000000e+03 1.288000000000000000e+03 2.019200000000000000e+04 -4.736000000000000000e+03 -1.640000000000000000e+02 -3.760000000000000000e+02
-4.120000000000000000e+02 2.236000000000000000e+03 1.650000000000000000e+04 -4.736000000000000000e+03 -8.700000000000000000e+01 -5.000000000000000000e+01
2.400000000000000000e+01 2.944000000000000000e+03 1.250000000000000000e+04 -4.752000000000000000e+03 -6.500000000000000000e+01 2.860000000000000000e+02
-1.360000000000000000e+02 3.252000000000000000e+03 1.294800000000000000e+04 -4.736000000000000000e+03 -1.650000000000000000e+02 4.570000000000000000e+02
