4.012000000000000000e+03 3.480000000000000000e+03 1.377200000000000000e+04 -4.784000000000000000e+03 -2.830000000000000000e+02 -3.470000000000000000e+02
5.300000000000000000e+03 3.420000000000000000e+03 1.356800000000000000e+04 -4.784000000000000000e+03 -2.270000000000000000e+02 -6.510000000000000000e+02
5.416000000000000000e+03 2.512000000000000000e+03 1.248400000000000000e+04 -4.800000000000000000e+03 -2.380000000000000000e+02 -9.610000000000000000e+02
5.188000000000000000e+03 2.064000000000000000e+03 1.290800000000000000e+04 -4.784000000000000000e+03 -1.760000000000000000e+02 -7.100000000000000000e+02
4.968000000000000000e+03 2.236000000000000000e+03 1.341200000000000000e+04 -4.784000000000000000e+03 -1.500000000000000000e+02 -7.160000000000000000e+02
8.000000000000000000e+01 2.928000000000000000e+03 1.495200000000000000e+04 -4.800000000000000000e+03 -1.480000000000000000e+02 -5.790000000000000000e+02
6.036000000000000000e+03 3.264000000000000000e+03 1.488000000000000000e+04 -4.784000000000000000e+03 -1.350000000000000000e+02 -4.220000000000000000e+02
5.852000000000000000e+03 3.460000000000000000e+03 1.312000000000000000e+04 -4.784000000000000000e+03 -1.250000000000000000e+02 1.000000000000000000e+00
6.572000000000000000e+03 3.192000000000000000e+03 1.216000000000000000e+04 -4.800000000000000000e+03 -1.480000000000000000e+02 -4.700000000000000000e+01
6.248000000000000000e+03 3.272000000000000000e+03 1.256400000000000000e+04 -4.784000000000000000e+03 -1.580000000000000000e+02 5.720000000000000000e+02
6.272000000000000000e+03 3.024000000000000000e+03 1.295200000000000000e+04 -4.800000000000000000e+03 -2.120000000000000000e+02 8.470000000000000000e+02
6.092000000000000000e+03 2.904000000000000000e+03 1.279200000000000000e+04 -4.784000000000000000e+03 -2.240000000000000000e+02 1.082000000000000000e+03
6.408000000000000000e+03 3.032000000000000000e+03 1.334800000000000000e+04 -4.816000000000000000e+03 -2.210000000000000000e+02 1.097000000000000000e+03
6.664000000000000000e+03 3.288000000000000000e+03 1.327600000000000000e+04 -4.800000000000000000e+03 -2.340000000000000000e+02 1.278000000000000000e+03
6.960000000000000000e+03 2.820000000000000000e+03 1.343600000000000000e+04 -4.784000000000000000e+03 -2.720000000000000000e+02 -3.300000000000000000e+01
6.680000000000000000e+03 2.508000000000000000e+03 1.339200000000000000e+04 -4.800000000000000000e+03 -3.110000000000000000e+02 1.727000000000000000e+03
5.920000000000000000e+03 2.476000000000000000e+03 1.368000000000000000e+04 -4.768000000000000000e+03 -3.730000000000000000e+02 4.200000000000000000e+02
6.456000000000000000e+03 2.604000000000000000e+03 1.356000000000000000e+04 -4.816000000000000000e+03 -5.580000000000000000e+02 2.830000000000000000e+02
6.496000000000000000e+03 2.820000000000000000e+03 1.352800000000000000e+04 -4.768000000000000000e+03 -6.130000000000000000e+02 6.800000000000000000e+02
6.308000000000000000e+03 2.620000000000000000e+03 1.394800000000000000e+04 -4.816000000000000000e+03 -4.200000000000000000e+02 -1.980000000000000000e+02
6.436000000000000000e+03 2.628000000000000000e+03 1.363600000000000000e+04 -4.816000000000000000e+03 -3.890000000000000000e+02 -7.540000000000000000e+02
5.976000000000000000e+03 2.572000000000000000e+03 1.355200000000000000e+04 -4.768000000000000000e+03 -4.450000000000000000e+02 -1.026000000000000000e+03
5.844000000000000000e+03 2.672000000000000000e+03 1.349200000000000000e+04 -4.784000000000000000e+03 -4.470000000000000000e+02 -1.352000000000000000e+03
5.868000000000000000e+03 2.492000000000000000e+03 1.322000000000000000e+04 -4.816000000000000000e+03 -3.920000000000000000e+02 -1.669000000000000000e+03
6.032000000000000000e+03 2.608000000000000000e+03 1.325600000000000000e+04 -4.768000000000000000e+03 -4.720000000000000000e+02 -1.738000000000000000e+03
6.296000000000000000e+03 2.480000000000000000e+03 1.329600000000000000e+04 -4.784000000000000000e+03 -5.340000000000000000e+02 -2.032000000000000000e+03
6.160000000000000000e+03 2.408000000000000000e+03 1.294400000000000000e+04 -4.800000000000000000e+03 -5.900000000000000000e+02 -1.851000000000000000e+03
6.316000000000000000e+03 2.288000000000000000e+03 1.236000000000000000e+04 -4.816000000000000000e+03 -5.460000000000000000e+02 -1.702000000000000000e+03
6.428000000000000000e+03 2.284000000000000000e+03 1.088000000000000000e+04 -4.768000000000000000e+03 -7.430000000000000000e+02 -7.870000000000000000e+02
6.424000000000000000e+03 2.300000000000000000e+03 7.688000000000000000e+03 -4.816000000000000000e+03 -7.200000000000000000e+02 -1.175000000000000000e+03
6.468000000000000000e+03 2.252000000000000000e+03 6.096000000000000000e+03 -4.784000000000000000e+03 -5.910000000000000000e+02 -9.580000000000000000e+02
6.108000000000000000e+03 2.444000000000000000e+03 7.088000000000000000e+03 -4.784000000000000000e+03 -5.370000000000000000e+02 -1.686000000000000000e+03
6.364000000000000000e+03 2.464000000000000000e+03 8.148000000000000000e+03 -4.768000000000000000e+03 -3.290000000000000000e+02 -1.694000000000000000e+03
6.316000000000000000e+03 2.596000000000000000e+03 6.676000000000000000e+03 -4.768000000000000000e+03 -3.330000000000000000e+02 -1.856000000000000000e+03
6.240000000000000000e+03 2.380000000000000000e+03 9.292000000000000000e+03 -4.800000000000000000e+03 -1.650000000000000000e+02 -8.500000000000000000e+02
5.716000000000000000e+03 2.236000000000000000e+03 1.105200000000000000e+04 -4.800000000000000000e+03 -5.480000000000000000e+02 -1.824000000000000000e+03
5.404000000000000000e+03 2.080000000000000000e+03 1.205600000000000000e+04 -4.784000000000000000e+03 -1.072000000000000000e+03 -1.665000000000000000e+03
4.312000000000000000e+03 1.464000000000000000e+03 1.232400000000000000e+04 -4.816000000000000000e+03 -9.070000000000000000e+02 -1.105000000000000000e+03
2.820000000000000000e+03 1.180000000000000000e+03 1.358800000000000000e+04 -4.784000000000000000e+03 -6.610000000000000000e+02 -8.290000000000000000e+02
1.980000000000000000e+03 1.368000000000000000e+03 1.391200000000000000e+04 -4.816000000000000000e+03 -3.800000000000000000e+02 -6.280000000000000000e+02
3.152000000000000000e+03 1.648000000000000000e+03 1.331600000000000000e+04 -4.816000000000000000e+03 -6.390000000000000000e+02 1.290000000000000000e+02
2.852000000000000000e+03 1.796000000000000000e+03 1.392400000000000000e+04 -4.784000000000000000e+03 -6.780000000000000000e+02 3.000000000000000000e+00
4.900000000000000000e+03 2.680000000000000000e+03 1.608400000000000000e+04 -4.784000000000000000e+03 -6.410000000000000000e+02 -2.000000000000000000e+00
5.804000000000000000e+03 2.696000000000000000e+03 1.881200000000000000e+04 -4.800000000000000000e+03 -6.350000000000000000e+02 9.780000000000000000e+02
4.608000000000000000e+03 2.760000000000000000e+03 2.251600000000000000e+04 -4.784000000000000000e+03 -4.250000000000000000e+02 7.810000000000000000e+02
6.468000000000000000e+03 2.440000000000000000e+03 2.698800000000000000e+04 -4.800000000000000000e+03 -4.130000000000000000e+02 1.100000000000000000e+03
6.324000000000000000e+03 2.652000000000000000e+03 3.130800000000000000e+04 -4.816000000000000000e+03 -2.010000000000000000e+02 4.800000000000000000e+02
6.856000000000000000e+03 2.648000000000000000e+03 2.793600000000000000e+04 -4.800000000000000000e+03 -1.920000000000000000e+02 1.333000000000000000e+03
6.884000000000000000e+03 2.572000000000000000e+03 1.874000000000000000e+04 -4.816000000000000000e+03 -8.600000000000000000e+01 7.290000000000000000e+02
7.544000000000000000e+03 2.800000000000000000e+03 1.553600000000000000e+04 -4.816000000000000000e+03 -1.410000000000000000e+02 1.534000000000000000e+03
8.564000000000000000e+03 2.836000000000000000e+03 1.480000000000000000e+04 -4.784000000000000000e+03 -7.600000000000000000e+01 1.964000000000000000e+03
9.008000000000000000e+03 2.776000000000000000e+03 1.371600000000000000e+04 -4.800000000000000000e+03 1.850000000000000000e+02 1.303000000000000000e+03
9.820000000000000000e+03 3.212000000000000000e+03 1.340800000000000000e+04 -4.768000000000000000e+03 2.440000000000000000e+02 1.943000000000000000e+03
1.139600000000000000e+04 4.796000000000000000e+03 1.365200000000000000e+04 -4.800000000000000000e+03 4.780000000000000000e+02 3.074000000000000000e+03
1.380000000000000000e+04 5.844000000000000000e+03 1.298400000000000000e+04 -4.832000000000000000e+03 5.520000000000000000e+02 2.042000000000000000e+03
1.418400000000000000e+04 4.976000000000000000e+03 1.239200000000000000e+04 -4.800000000000000000e+03 4.000000000000000000e+02 1.936000000000000000e+03
1.227200000000000000e+04 3.288000000000000000e+03 1.202000000000000000e+04 -4.800000000000000000e+03 -2.300000000000000000e+02 2.200000000000000000e+03
