1.352000000000000000e+03 2.656000000000000000e+03 1.446000000000000000e+04 -4.736000000000000000e+03 -5.360000000000000000e+02 3.100000000000000000e+01
1.040000000000000000e+03 2.708000000000000000e+03 1.450800000000000000e+04 -4.736000000000000000e+03 -4.600000000000000000e+02 -1.070000000000000000e+02
9.240000000000000000e+02 2.784000000000000000e+03 1.478000000000000000e+04 -4.736000000000000000e+03 -4.060000000000000000e+02 -8.500000000000000000e+01
8.200000000000000000e+02 2.668000000000000000e+03 1.446000000000000000e+04 -4.720000000000000000e+03 -3.640000000000000000e+02 2.000000000000000000e+01
1.248000000000000000e+03 2.524000000000000000e+03 1.432400000000000000e+04 -4.720000000000000000e+03 -3.800000000000000000e+02 4.200000000000000000e+01
9.960000000000000000e+02 2.500000000000000000e+03 1.476000000000000000e+04 -4.720000000000000000e+03 -3.540000000000000000e+02 2.310000000000000000e+02
8.040000000000000000e+02 2.416000000000000000e+03 1.460000000000000000e+04 -4.720000000000000000e+03 -3.350000000000000000e+02 2.740000000000000000e+02
6.640000000000000000e+02 2.484000000000000000e+03 1.447200000000000000e+04 -4.704000000000000000e+03 -2.950000000000000000e+02 4.210000000000000000e+02
5.400000000000000000e+02 2.456000000000000000e+03 1.418400000000000000e+04 -4.720000000000000000e+03 -2.800000000000000000e+02 5.260000000000000000e+02
1.840000000000000000e+02 2.360000000000000000e+03 1.439200000000000000e+04 -4.720000000000000000e+03 -3.200000000000000000e+02 6.450000000000000000e+02
5.480000000000000000e+02 2.312000000000000000e+03 1.456400000000000000e+04 -4.736000000000000000e+03 -3.410000000000000000e+02 7.370000000000000000e+02
4.120000000000000000e+02 2.308000000000000000e+03 1.462400000000000000e+04 -4.704000000000000000e+03 -3.320000000000000000e+02 7.250000000000000000e+02
3.080000000000000000e+02 2.280000000000000000e+03 1.426000000000000000e+04 -4.736000000000000000e+03 -3.350000000000000000e+02 9.090000000000000000e+02
3.280000000000000000e+02 2.324000000000000000e+03 1.428800000000000000e+04 -4.736000000000000000e+03 -3.520000000000000000e+02 7.870000000000000000e+02
5.360000000000000000e+02 2.360000000000000000e+03 1.442800000000000000e+04 -4.752000000000000000e+03 -3.380000000000000000e+02 6.020000000000000000e+02
7.480000000000000000e+02 2.472000000000000000e+03 1.433600000000000000e+04 -4.720000000000000000e+03 -3.320000000000000000e+02 3.680000000000000000e+02
7.600000000000000000e+02 2.460000000000000000e+03 1.456000000000000000e+04 -4.752000000000000000e+03 -3.760000000000000000e+02 2.620000000000000000e+02
7.640000000000000000e+02 2.484000000000000000e+03 1.448400000000000000e+04 -4.736000000000000000e+03 -3.620000000000000000e+02 6.300000000000000000e+01
7.000000000000000000e+02 2.592000000000000000e+03 1.446800000000000000e+04 -4.720000000000000000e+03 -3.830000000000000000e+02 -2.460000000000000000e+02
7.960000000000000000e+02 2.584000000000000000e+03 1.425600000000000000e+04 -4.720000000000000000e+03 -3.690000000000000000e+02 -4.470000000000000000e+02
7.320000000000000000e+02 2.340000000000000000e+03 1.426000000000000000e+04 -4.720000000000000000e+03 -3.450000000000000000e+02 -4.850000000000000000e+02
5.520000000000000000e+02 2.392000000000000000e+03 1.433600000000000000e+04 -4.768000000000000000e+03 -4.390000000000000000e+02 -4.180000000000000000e+02
7.400000000000000000e+02 2.392000000000000000e+03 1.502000000000000000e+04 -4.720000000000000000e+03 -5.160000000000000000e+02 -1.670000000000000000e+02
6.720000000000000000e+02 2.456000000000000000e+03 1.511200000000000000e+04 -4.704000000000000000e+03 -6.130000000000000000e+02 3.800000000000000000e+01
4.680000000000000000e+02 2.476000000000000000e+03 1.488000000000000000e+04 -4.720000000000000000e+03 -9.590000000000000000e+02 -1.100000000000000000e+02
8.800000000000000000e+01 2.480000000000000000e+03 1.468800000000000000e+04 -4.704000000000000000e+03 -9.180000000000000000e+02 -1.800000000000000000e+02
2.440000000000000000e+02 2.472000000000000000e+03 1.472800000000000000e+04 -4.752000000000000000e+03 -3.170000000000000000e+02 -1.765000000000000000e+03
2.040000000000000000e+02 2.560000000000000000e+03 1.443200000000000000e+04 -4.720000000000000000e+03 -4.290000000000000000e+02 -7.090000000000000000e+02
-1.200000000000000000e+01 2.564000000000000000e+03 1.470000000000000000e+04 -4.736000000000000000e+03 -5.360000000000000000e+02 3.870000000000000000e+02
-1.080000000000000000e+02 2.440000000000000000e+03 1.415200000000000000e+04 -4.720000000000000000e+03 -4.570000000000000000e+02 -1.101000000000000000e+03
-4.360000000000000000e+02 2.352000000000000000e+03 1.369600000000000000e+04 -4.736000000000000000e+03 -4.040000000000000000e+02 -1.388000000000000000e+03
-5.560000000000000000e+02 2.304000000000000000e+03 1.031600000000000000e+04 -4.768000000000000000e+03 -3.610000000000000000e+02 -2.481000000000000000e+03
-7.520000000000000000e+02 2.112000000000000000e+03 4.372000000000000000e+03 -4.704000000000000000e+03 -2.750000000000000000e+02 -2.168000000000000000e+03
-9.800000000000000000e+02 2.112000000000000000e+03 4.260000000000000000e+03 -4.736000000000000000e+03 -4.970000000000000000e+02 -2.363000000000000000e+03
-7.520000000000000000e+02 1.512000000000000000e+03 6.724000000000000000e+03 -4.752000000000000000e+03 -4.080000000000000000e+02 -2.781000000000000000e+03
-1.728000000000000000e+03 7.040000000000000000e+02 9.512000000000000000e+03 -4.720000000000000000e+03 -4.880000000000000000e+02 -3.002000000000000000e+03
-8.600000000000000000e+02 5.440000000000000000e+02 8.476000000000000000e+03 -4.720000000000000000e+03 -3.280000000000000000e+02 -2.633000000000000000e+03
1.240000000000000000e+02 1.388000000000000000e+03 1.083600000000000000e+04 -4.720000000000000000e+03 -3.210000000000000000e+02 -2.167000000000000000e+03
2.760000000000000000e+03 1.500000000000000000e+03 1.215200000000000000e+04 -4.752000000000000000e+03 -1.810000000000000000e+02 -1.775000000000000000e+03
-8.280000000000000000e+02 1.960000000000000000e+03 1.435600000000000000e+04 -4.752000000000000000e+03 -1.800000000000000000e+02 -1.203000000000000000e+03
2.388000000000000000e+03 2.288000000000000000e+03 1.532400000000000000e+04 -4.720000000000000000e+03 -2.860000000000000000e+02 -4.360000000000000000e+02
1.480000000000000000e+03 2.240000000000000000e+03 1.486400000000000000e+04 -4.752000000000000000e+03 -2.960000000000000000e+02 2.300000000000000000e+01
1.180000000000000000e+03 2.264000000000000000e+03 1.645200000000000000e+04 -4.704000000000000000e+03 -5.640000000000000000e+02 4.190000000000000000e+02
1.704000000000000000e+03 2.136000000000000000e+03 1.655600000000000000e+04 -4.704000000000000000e+03 -7.230000000000000000e+02 6.390000000000000000e+02
1.516000000000000000e+03 2.160000000000000000e+03 1.762400000000000000e+04 -4.720000000000000000e+03 -5.710000000000000000e+02 3.080000000000000000e+02
2.368000000000000000e+03 2.860000000000000000e+03 2.072400000000000000e+04 -4.720000000000000000e+03 -3.510000000000000000e+02 7.270000000000000000e+02
2.092000000000000000e+03 3.152000000000000000e+03 2.375600000000000000e+04 -4.752000000000000000e+03 -1.030000000000000000e+02 9.970000000000000000e+02
2.196000000000000000e+03 3.072000000000000000e+03 2.726800000000000000e+04 -4.736000000000000000e+03 5.800000000000000000e+01 1.354000000000000000e+03
2.992000000000000000e+03 2.984000000000000000e+03 2.903600000000000000e+04 -4.752000000000000000e+03 1.380000000000000000e+02 1.243000000000000000e+03
3.892000000000000000e+03 2.796000000000000000e+03 2.912800000000000000e+04 -4.720000000000000000e+03 3.590000000000000000e+02 1.293000000000000000e+03
4.320000000000000000e+03 3.700000000000000000e+03 2.448800000000000000e+04 -4.752000000000000000e+03 2.690000000000000000e+02 1.336000000000000000e+03
5.500000000000000000e+03 4.088000000000000000e+03 1.988800000000000000e+04 -4.736000000000000000e+03 3.520000000000000000e+02 2.026000000000000000e+03
5.532000000000000000e+03 3.844000000000000000e+03 1.690800000000000000e+04 -4.720000000000000000e+03 2.980000000000000000e+02 2.340000000000000000e+03
4.212000000000000000e+03 2.968000000000000000e+03 1.552000000000000000e+04 -4.736000000000000000e+03 1.750000000000000000e+02 2.389000000000000000e+03
3.804000000000000000e+03 2.444000000000000000e+03 1.613600000000000000e+04 -4.752000000000000000e+03 -1.110000000000000000e+02 2.680000000000000000e+03
4.656000000000000000e+03 2.036000000000000000e+03 1.610400000000000000e+04 -4.720000000000000000e+03 -7.800000000000000000e+01 2.667000000000000000e+03
4.540000000000000000e+03 1.768000000000000000e+03 1.686400000000000000e+04 -4.768000000000000000e+03 -1.600000000000000000e+01 2.644000000000000000e+03
4.788000000000000000e+03 1.840000000000000000e+03 1.708400000000000000e+04 -4.736000000000000000e+03 8.800000000000000000e+01 2.671000000000000000e+03
4.036000000000000000e+03 1.936000000000000000e+03 1.584400000000000000e+04 -4.736000000000000000e+03 2.040000000000000000e+02 2.654000000000000000e+03
3.916000000000000000e+03 2.540000000000000000e+03 1.588000000000000000e+04 -4.736000000000000000e+03 3.150000000000000000e+02 2.399000000000000000e+03
3.884000000000000000e+03 2.788000000000000000e+03 1.483200000000000000e+04 -4.752000000000000000e+03 4.910000000000000000e+02 2.302000000000000000e+03
2.892000000000000000e+03 2.780000000000000000e+03 1.096800000000000000e+04 -4.768000000000000000e+03 5.700000000000000000e+02 1.601000000000000000e+03
3.944000000000000000e+03 2.544000000000000000e+03 6.704000000000000000e+03 -4.736000000000000000e+03 2.550000000000000000e+02 1.074000000000000000e+03
3.096000000000000000e+03 2.012000000000000000e+03 4.288000000000000000e+03 -4.704000000000000000e+03 -1.730000000000000000e+02 6.230000000000000000e+02
2.060000000000000000e+03 1.152000000000000000e+03 2.524000000000000000e+03 -4.720000000000000000e+03 -8.100000000000000000e+01 2.840000000000000000e+02
1.836000000000000000e+03 8.400000000000000000e+01 2.404000000000000000e+03 -4.752000000000000000e+03 1.000000000000000000e+02 4.400000000000000000e+02
1.360000000000000000e+03 -4.800000000000000000e+01 4.800000000000000000e+03 -4.736000000000000000e+03 1.240000000000000000e+02 1.210000000000000000e+02
1.072000000000000000e+03 -1.600000000000000000e+01 8.364000000000000000e+03 -4.720000000000000000e+03 -5.900000000000000000e+01 2.800000000000000000e+02
8.640000000000000000e+02 2.760000000000000000e+02 1.394000000000000000e+04 -4.736000000000000000e+03 -2.720000000000000000e+02 1.310000000000000000e+02
3.040000000000000000e+02 6.400000000000000000e+02 1.911600000000000000e+04 -4.720000000000000000e+03 -4.250000000000000000e+02 -1.750000000000000000e+02
-6.600000000000000000e+02 1.328000000000000000e+03 1.744800000000000000e+04 -4.720000000000000000e+03 -3.950000000000000000e+02 6.400000000000000000e+01
-4.240000000000000000e+02 2.304000000000000000e+03 1.307200000000000000e+04 -4.736000000000000000e+03 -4.180000000000000000e+02 3.310000000000000000e+02
-6.640000000000000000e+02 3.688000000000000000e+03 1.238000000000000000e+04 -4.688000000000000000e+03 -5.070000000000000000e+02 5.200000000000000000e+02
