1.144000000000000000e+03 2.356000000000000000e+03 1.196400000000000000e+04 -4.672000000000000000e+03 -1.640000000000000000e+02 -1.435000000000000000e+03
2.504000000000000000e+03 1.532000000000000000e+03 1.270000000000000000e+04 -4.704000000000000000e+03 2.300000000000000000e+02 -1.913000000000000000e+03
1.324000000000000000e+03 1.208000000000000000e+03 1.598400000000000000e+04 -4.704000000000000000e+03 1.950000000000000000e+02 -2.088000000000000000e+03
1.976000000000000000e+03 1.384000000000000000e+03 1.712000000000000000e+04 -4.688000000000000000e+03 2.300000000000000000e+01 -1.747000000000000000e+03
2.524000000000000000e+03 1.788000000000000000e+03 1.512800000000000000e+04 -4.704000000000000000e+03 -2.220000000000000000e+02 -1.412000000000000000e+03
1.576000000000000000e+03 1.924000000000000000e+03 1.365600000000000000e+04 -4.704000000000000000e+03 -1.810000000000000000e+02 -7.170000000000000000e+02
1.744000000000000000e+03 1.664000000000000000e+03 1.361600000000000000e+04 -4.656000000000000000e+03 -1.490000000000000000e+02 -5.570000000000000000e+02
1.948000000000000000e+03 1.632000000000000000e+03 1.454000000000000000e+04 -4.688000000000000000e+03 -1.550000000000000000e+02 -5.200000000000000000e+02
2.704000000000000000e+03 1.920000000000000000e+03 1.487200000000000000e+04 -4.656000000000000000e+03 -3.020000000000000000e+02 -7.300000000000000000e+01
2.904000000000000000e+03 1.760000000000000000e+03 1.508400000000000000e+04 -4.672000000000000000e+03 -3.920000000000000000e+02 -1.100000000000000000e+01
3.064000000000000000e+03 1.916000000000000000e+03 1.378000000000000000e+04 -4.640000000000000000e+03 -3.980000000000000000e+02 1.660000000000000000e+02
2.908000000000000000e+03 1.652000000000000000e+03 1.357200000000000000e+04 -4.656000000000000000e+03 -3.690000000000000000e+02 4.040000000000000000e+02
2.604000000000000000e+03 1.952000000000000000e+03 1.388000000000000000e+04 -4.672000000000000000e+03 -3.570000000000000000e+02 6.840000000000000000e+02
2.796000000000000000e+03 1.688000000000000000e+03 1.457600000000000000e+04 -4.640000000000000000e+03 -3.610000000000000000e+02 6.720000000000000000e+02
2.912000000000000000e+03 1.852000000000000000e+03 1.482000000000000000e+04 -4.688000000000000000e+03 -3.380000000000000000e+02 4.780000000000000000e+02
3.308000000000000000e+03 1.692000000000000000e+03 1.417600000000000000e+04 -4.688000000000000000e+03 -3.100000000000000000e+02 6.520000000000000000e+02
2.572000000000000000e+03 1.748000000000000000e+03 1.433600000000000000e+04 -4.672000000000000000e+03 -3.390000000000000000e+02 9.110000000000000000e+02
2.588000000000000000e+03 1.880000000000000000e+03 1.414400000000000000e+04 -4.704000000000000000e+03 -2.380000000000000000e+02 4.370000000000000000e+02
3.076000000000000000e+03 1.948000000000000000e+03 1.412800000000000000e+04 -4.656000000000000000e+03 -1.980000000000000000e+02 4.230000000000000000e+02
3.168000000000000000e+03 1.928000000000000000e+03 1.428400000000000000e+04 -4.704000000000000000e+03 -1.440000000000000000e+02 2.640000000000000000e+02
3.088000000000000000e+03 1.884000000000000000e+03 1.445200000000000000e+04 -4.704000000000000000e+03 -1.340000000000000000e+02 3.330000000000000000e+02
2.720000000000000000e+03 1.720000000000000000e+03 1.408400000000000000e+04 -4.688000000000000000e+03 -1.200000000000000000e+02 2.860000000000000000e+02
2.816000000000000000e+03 1.936000000000000000e+03 1.424800000000000000e+04 -4.688000000000000000e+03 -6.300000000000000000e+01 4.280000000000000000e+02
2.924000000000000000e+03 1.788000000000000000e+03 1.433600000000000000e+04 -4.688000000000000000e+03 -1.160000000000000000e+02 5.860000000000000000e+02
3.032000000000000000e+03 1.716000000000000000e+03 1.438000000000000000e+04 -4.656000000000000000e+03 -1.490000000000000000e+02 8.360000000000000000e+02
2.912000000000000000e+03 1.700000000000000000e+03 1.504000000000000000e+04 -4.672000000000000000e+03 -1.410000000000000000e+02 1.084000000000000000e+03
2.772000000000000000e+03 1.700000000000000000e+03 1.639200000000000000e+04 -4.672000000000000000e+03 -1.970000000000000000e+02 1.396000000000000000e+03
2.708000000000000000e+03 2.096000000000000000e+03 1.615200000000000000e+04 -4.656000000000000000e+03 -5.340000000000000000e+02 1.695000000000000000e+03
2.600000000000000000e+03 1.820000000000000000e+03 1.397600000000000000e+04 -4.688000000000000000e+03 -7.590000000000000000e+02 1.753000000000000000e+03
2.716000000000000000e+03 1.208000000000000000e+03 1.129200000000000000e+04 -4.656000000000000000e+03 -8.560000000000000000e+02 1.939000000000000000e+03
1.456000000000000000e+03 1.104000000000000000e+03 8.400000000000000000e+03 -4.672000000000000000e+03 -9.750000000000000000e+02 1.903000000000000000e+03
9.400000000000000000e+02 9.080000000000000000e+02 5.060000000000000000e+03 -4.688000000000000000e+03 -8.700000000000000000e+02 2.283000000000000000e+03
7.520000000000000000e+02 2.680000000000000000e+02 5.608000000000000000e+03 -4.704000000000000000e+03 -6.480000000000000000e+02 1.442000000000000000e+03
6.160000000000000000e+02 6.680000000000000000e+02 5.972000000000000000e+03 -4.672000000000000000e+03 -7.690000000000000000e+02 2.463000000000000000e+03
4.520000000000000000e+02 7.600000000000000000e+02 7.696000000000000000e+03 -4.688000000000000000e+03 -4.890000000000000000e+02 2.204000000000000000e+03
9.840000000000000000e+02 1.280000000000000000e+03 1.054800000000000000e+04 -4.688000000000000000e+03 -8.170000000000000000e+02 2.691000000000000000e+03
9.800000000000000000e+02 1.536000000000000000e+03 1.090800000000000000e+04 -4.672000000000000000e+03 -6.940000000000000000e+02 2.729000000000000000e+03
1.384000000000000000e+03 1.152000000000000000e+03 1.442400000000000000e+04 -4.688000000000000000e+03 -6.810000000000000000e+02 2.662000000000000000e+03
8.640000000000000000e+02 1.348000000000000000e+03 1.558000000000000000e+04 -4.672000000000000000e+03 -7.400000000000000000e+02 2.700000000000000000e+03
6.880000000000000000e+02 1.496000000000000000e+03 1.751600000000000000e+04 -4.688000000000000000e+03 -7.750000000000000000e+02 2.523000000000000000e+03
-3.800000000000000000e+02 1.848000000000000000e+03 1.687200000000000000e+04 -4.688000000000000000e+03 -7.990000000000000000e+02 1.974000000000000000e+03
-9.600000000000000000e+02 1.504000000000000000e+03 1.758000000000000000e+04 -4.672000000000000000e+03 -6.470000000000000000e+02 2.263000000000000000e+03
-3.200000000000000000e+02 1.332000000000000000e+03 1.848800000000000000e+04 -4.656000000000000000e+03 -7.870000000000000000e+02 1.767000000000000000e+03
-2.680000000000000000e+02 1.768000000000000000e+03 1.684400000000000000e+04 -4.688000000000000000e+03 -4.940000000000000000e+02 1.169000000000000000e+03
-8.000000000000000000e+00 1.848000000000000000e+03 1.603200000000000000e+04 -4.672000000000000000e+03 -4.740000000000000000e+02 5.090000000000000000e+02
-8.880000000000000000e+02 1.728000000000000000e+03 1.795600000000000000e+04 -4.672000000000000000e+03 5.000000000000000000e+00 1.050000000000000000e+02
-3.440000000000000000e+02 2.136000000000000000e+03 1.948400000000000000e+04 -4.704000000000000000e+03 -5.000000000000000000e+01 -3.730000000000000000e+02
-2.120000000000000000e+02 1.844000000000000000e+03 2.170400000000000000e+04 -4.704000000000000000e+03 1.400000000000000000e+02 -7.250000000000000000e+02
4.240000000000000000e+02 1.932000000000000000e+03 2.425200000000000000e+04 -4.704000000000000000e+03 7.400000000000000000e+01 -5.120000000000000000e+02
-5.880000000000000000e+02 1.896000000000000000e+03 2.717200000000000000e+04 -4.688000000000000000e+03 1.130000000000000000e+02 -8.880000000000000000e+02
-1.360000000000000000e+02 1.948000000000000000e+03 2.704400000000000000e+04 -4.688000000000000000e+03 -2.050000000000000000e+02 -8.590000000000000000e+02
-7.600000000000000000e+01 2.024000000000000000e+03 2.308400000000000000e+04 -4.672000000000000000e+03 -2.790000000000000000e+02 -8.050000000000000000e+02
-5.800000000000000000e+02 2.012000000000000000e+03 2.025200000000000000e+04 -4.688000000000000000e+03 -1.010000000000000000e+02 -9.840000000000000000e+02
-8.800000000000000000e+02 2.096000000000000000e+03 1.778400000000000000e+04 -4.688000000000000000e+03 -4.500000000000000000e+01 -6.550000000000000000e+02
-2.720000000000000000e+02 1.964000000000000000e+03 1.728000000000000000e+04 -4.672000000000000000e+03 6.200000000000000000e+01 -6.050000000000000000e+02
5.080000000000000000e+02 1.680000000000000000e+03 1.668000000000000000e+04 -4.656000000000000000e+03 1.580000000000000000e+02 -7.090000000000000000e+02
1.632000000000000000e+03 1.612000000000000000e+03 1.696000000000000000e+04 -4.704000000000000000e+03 2.030000000000000000e+02 -6.010000000000000000e+02
1.068000000000000000e+03 1.572000000000000000e+03 1.712800000000000000e+04 -4.704000000000000000e+03 2.300000000000000000e+02 -6.310000000000000000e+02
1.188000000000000000e+03 1.756000000000000000e+03 1.723600000000000000e+04 -4.672000000000000000e+03 2.670000000000000000e+02 -9.980000000000000000e+02
4.000000000000000000e+02 2.092000000000000000e+03 1.704000000000000000e+04 -4.672000000000000000e+03 1.970000000000000000e+02 -9.650000000000000000e+02
4.080000000000000000e+02 2.092000000000000000e+03 1.656800000000000000e+04 -4.704000000000000000e+03 1.900000000000000000e+02 -1.253000000000000000e+03
1.060000000000000000e+03 2.352000000000000000e+03 1.469200000000000000e+04 -4.704000000000000000e+03 6.300000000000000000e+01 -1.399000000000000000e+03
7.200000000000000000e+02 2.236000000000000000e+03 1.189600000000000000e+04 -4.704000000000000000e+03 -3.100000000000000000e+01 -1.249000000000000000e+03
1.616000000000000000e+03 2.172000000000000000e+03 7.552000000000000000e+03 -4.736000000000000000e+03 -2.280000000000000000e+02 -1.061000000000000000e+03
2.100000000000000000e+03 1.296000000000000000e+03 3.360000000000000000e+03 -4.720000000000000000e+03 -2.200000000000000000e+01 -1.695000000000000000e+03
2.184000000000000000e+03 5.520000000000000000e+02 9.600000000000000000e+02 -4.656000000000000000e+03 1.200000000000000000e+01 -1.346000000000000000e+03
1.288000000000000000e+03 0.000000000000000000e+00 -1.680000000000000000e+02 -4.688000000000000000e+03 5.100000000000000000e+01 -5.560000000000000000e+02
8.120000000000000000e+02 -3.160000000000000000e+02 3.956000000000000000e+03 -4.688000000000000000e+03 2.920000000000000000e+02 -1.142000000000000000e+03
-1.120000000000000000e+02 -8.680000000000000000e+02 8.924000000000000000e+03 -4.736000000000000000e+03 9.070000000000000000e+02 -3.467000000000000000e+03
-2.160000000000000000e+02 -6.400000000000000000e+02 2.262800000000000000e+04 -4.720000000000000000e+03 8.450000000000000000e+02 -2.161000000000000000e+03
-2.864000000000000000e+03 3.808000000000000000e+03 2.508000000000000000e+04 -4.688000000000000000e+03 -6.140000000000000000e+02 -1.852000000000000000e+03
-2.444000000000000000e+03 5.092000000000000000e+03 1.346800000000000000e+04 -4.720000000000000000e+03 -8.430000000000000000e+02 -2.738000000000000000e+03
4.676000000000000000e+03 1.972000000000000000e+03 8.960000000000000000e+03 -4.688000000000000000e+03 -2.630000000000000000e+02 -1.909000000000000000e+03
3.100000000000000000e+03 5.040000000000000000e+02 1.154000000000000000e+04 -4.704000000000000000e+03 -1.780000000000000000e+02 -1.704000000000000000e+03
2.024000000000000000e+03 6.640000000000000000e+02 1.726800000000000000e+04 -4.656000000000000000e+03 -2.600000000000000000e+01 -2.118000000000000000e+03
1.548000000000000000e+03 2.048000000000000000e+03 1.940000000000000000e+04 -4.704000000000000000e+03 -8.110000000000000000e+02 -1.670000000000000000e+02
1.676000000000000000e+03 3.084000000000000000e+03 1.440800000000000000e+04 -4.688000000000000000e+03 -9.350000000000000000e+02 -1.263000000000000000e+03
2.364000000000000000e+03 2.284000000000000000e+03 1.218000000000000000e+04 -4.688000000000000000e+03 -7.200000000000000000e+02 -1.556000000000000000e+03
2.172000000000000000e+03 1.416000000000000000e+03 1.402400000000000000e+04 -4.672000000000000000e+03 -5.410000000000000000e+02 -1.957000000000000000e+03
2.880000000000000000e+03 1.320000000000000000e+03 1.459600000000000000e+04 -4.688000000000000000e+03 -5.280000000000000000e+02 -1.203000000000000000e+03
2.848000000000000000e+03 1.608000000000000000e+03 1.535200000000000000e+04 -4.704000000000000000e+03 -5.640000000000000000e+02 -1.166000000000000000e+03
1.264000000000000000e+03 2.196000000000000000e+03 1.330400000000000000e+04 -4.704000000000000000e+03 -5.710000000000000000e+02 -4.010000000000000000e+02
