-3.236000000000000000e+03 1.104000000000000000e+03 1.379200000000000000e+04 -4.768000000000000000e+03 -4.440000000000000000e+02 1.596000000000000000e+03
-4.232000000000000000e+03 9.800000000000000000e+02 1.419200000000000000e+04 -4.784000000000000000e+03 -4.790000000000000000e+02 2.601000000000000000e+03
-4.060000000000000000e+03 1.332000000000000000e+03 1.446000000000000000e+04 -4.816000000000000000e+03 -4.360000000000000000e+02 2.769000000000000000e+03
-3.600000000000000000e+03 1.584000000000000000e+03 1.434400000000000000e+04 -4.752000000000000000e+03 -5.930000000000000000e+02 2.618000000000000000e+03
-3.104000000000000000e+03 1.516000000000000000e+03 1.400800000000000000e+04 -4.768000000000000000e+03 -5.600000000000000000e+02 2.296000000000000000e+03
-4.052000000000000000e+03 1.320000000000000000e+03 1.373200000000000000e+04 -4.784000000000000000e+03 -6.220000000000000000e+02 1.172000000000000000e+03
-3.984000000000000000e+03 1.256000000000000000e+03 1.441200000000000000e+04 -4.752000000000000000e+03 -8.650000000000000000e+02 1.163000000000000000e+03
-3.980000000000000000e+03 1.264000000000000000e+03 1.460400000000000000e+04 -4.784000000000000000e+03 -1.147000000000000000e+03 7.080000000000000000e+02
-4.332000000000000000e+03 1.072000000000000000e+03 1.430000000000000000e+04 -4.752000000000000000e+03 -1.030000000000000000e+03 5.180000000000000000e+02
-4.108000000000000000e+03 1.096000000000000000e+03 1.452000000000000000e+04 -4.768000000000000000e+03 -6.200000000000000000e+01 2.740000000000000000e+02
-3.636000000000000000e+03 1.312000000000000000e+03 1.462400000000000000e+04 -4.768000000000000000e+03 -1.074000000000000000e+03 -7.800000000000000000e+01
-3.316000000000000000e+03 1.484000000000000000e+03 1.433600000000000000e+04 -4.736000000000000000e+03 -6.300000000000000000e+02 -6.480000000000000000e+02
-3.188000000000000000e+03 1.540000000000000000e+03 1.412800000000000000e+04 -4.768000000000000000e+03 -5.670000000000000000e+02 -1.008000000000000000e+03
-3.256000000000000000e+03 1.500000000000000000e+03 1.426400000000000000e+04 -4.784000000000000000e+03 -6.570000000000000000e+02 -1.421000000000000000e+03
-3.204000000000000000e+03 1.312000000000000000e+03 1.435600000000000000e+04 -4.800000000000000000e+03 -1.940000000000000000e+02 -1.778000000000000000e+03
-2.900000000000000000e+03 1.364000000000000000e+03 1.424800000000000000e+04 -4.784000000000000000e+03 -4.790000000000000000e+02 -2.019000000000000000e+03
-2.712000000000000000e+03 1.648000000000000000e+03 1.408800000000000000e+04 -4.784000000000000000e+03 -3.700000000000000000e+01 -2.091000000000000000e+03
-2.344000000000000000e+03 1.780000000000000000e+03 1.342800000000000000e+04 -4.768000000000000000e+03 -3.330000000000000000e+02 -2.383000000000000000e+03
-2.548000000000000000e+03 1.728000000000000000e+03 1.322400000000000000e+04 -4.800000000000000000e+03 -2.130000000000000000e+02 -2.060000000000000000e+03
-2.700000000000000000e+03 1.600000000000000000e+03 1.420000000000000000e+04 -4.800000000000000000e+03 -3.190000000000000000e+02 -2.035000000000000000e+03
-2.748000000000000000e+03 1.444000000000000000e+03 1.399200000000000000e+04 -4.784000000000000000e+03 -1.280000000000000000e+02 -1.323000000000000000e+03
-2.608000000000000000e+03 1.416000000000000000e+03 1.104800000000000000e+04 -4.784000000000000000e+03 3.100000000000000000e+01 -1.745000000000000000e+03
-2.300000000000000000e+03 1.492000000000000000e+03 4.092000000000000000e+03 -4.752000000000000000e+03 -4.000000000000000000e+00 -1.928000000000000000e+03
-2.192000000000000000e+03 1.504000000000000000e+03 5.188000000000000000e+03 -4.784000000000000000e+03 1.860000000000000000e+02 -2.035000000000000000e+03
-2.212000000000000000e+03 1.404000000000000000e+03 1.203200000000000000e+04 -4.800000000000000000e+03 1.620000000000000000e+02 -1.925000000000000000e+03
-2.320000000000000000e+03 1.260000000000000000e+03 8.536000000000000000e+03 -4.800000000000000000e+03 1.670000000000000000e+02 -1.931000000000000000e+03
-2.952000000000000000e+03 1.236000000000000000e+03 1.106000000000000000e+04 -4.800000000000000000e+03 -1.770000000000000000e+02 -1.553000000000000000e+03
-3.092000000000000000e+03 1.336000000000000000e+03 9.648000000000000000e+03 -4.768000000000000000e+03 -5.380000000000000000e+02 -1.325000000000000000e+03
-3.420000000000000000e+03 6.240000000000000000e+02 1.167600000000000000e+04 -4.784000000000000000e+03 -6.090000000000000000e+02 -1.080000000000000000e+03
-3.524000000000000000e+03 1.600000000000000000e+02 1.248000000000000000e+04 -4.736000000000000000e+03 -3.920000000000000000e+02 -8.980000000000000000e+02
-3.744000000000000000e+03 -2.600000000000000000e+02 1.331600000000000000e+04 -4.768000000000000000e+03 -2.260000000000000000e+02 -8.020000000000000000e+02
-4.216000000000000000e+03 -8.800000000000000000e+01 1.532800000000000000e+04 -4.800000000000000000e+03 -5.200000000000000000e+01 -8.930000000000000000e+02
-4.620000000000000000e+03 1.428000000000000000e+03 1.544800000000000000e+04 -4.800000000000000000e+03 1.420000000000000000e+02 -1.044000000000000000e+03
-5.044000000000000000e+03 6.280000000000000000e+02 1.529200000000000000e+04 -4.784000000000000000e+03 2.250000000000000000e+02 -8.240000000000000000e+02
-2.876000000000000000e+03 1.292000000000000000e+03 1.467200000000000000e+04 -4.784000000000000000e+03 2.920000000000000000e+02 -1.046000000000000000e+03
1.960000000000000000e+02 4.160000000000000000e+02 1.574800000000000000e+04 -4.800000000000000000e+03 2.580000000000000000e+02 -6.980000000000000000e+02
-3.928000000000000000e+03 1.148000000000000000e+03 1.706800000000000000e+04 -4.752000000000000000e+03 2.570000000000000000e+02 -1.019000000000000000e+03
-4.104000000000000000e+03 1.496000000000000000e+03 1.794400000000000000e+04 -4.784000000000000000e+03 1.990000000000000000e+02 -1.859000000000000000e+03
-3.232000000000000000e+03 1.884000000000000000e+03 2.174000000000000000e+04 -4.752000000000000000e+03 1.600000000000000000e+01 -1.301000000000000000e+03
-5.232000000000000000e+03 1.212000000000000000e+03 2.525200000000000000e+04 -4.720000000000000000e+03 -4.000000000000000000e+01 -8.750000000000000000e+02
-5.716000000000000000e+03 7.200000000000000000e+02 2.798000000000000000e+04 -4.752000000000000000e+03 -1.370000000000000000e+02 -7.620000000000000000e+02
-5.360000000000000000e+03 9.840000000000000000e+02 2.681200000000000000e+04 -4.784000000000000000e+03 -1.260000000000000000e+02 -4.230000000000000000e+02
-4.812000000000000000e+03 1.344000000000000000e+03 2.208400000000000000e+04 -4.784000000000000000e+03 -5.700000000000000000e+01 -2.350000000000000000e+02
-4.824000000000000000e+03 1.960000000000000000e+03 1.744800000000000000e+04 -4.784000000000000000e+03 9.700000000000000000e+01 2.330000000000000000e+02
-5.356000000000000000e+03 2.280000000000000000e+03 1.650800000000000000e+04 -4.784000000000000000e+03 -5.400000000000000000e+01 4.040000000000000000e+02
-5.796000000000000000e+03 1.868000000000000000e+03 1.512000000000000000e+04 -4.784000000000000000e+03 4.560000000000000000e+02 3.560000000000000000e+02
-5.756000000000000000e+03 1.700000000000000000e+03 1.504800000000000000e+04 -4.784000000000000000e+03 7.620000000000000000e+02 4.500000000000000000e+02
-6.120000000000000000e+03 1.316000000000000000e+03 1.550800000000000000e+04 -4.768000000000000000e+03 1.110000000000000000e+02 3.530000000000000000e+02
-6.436000000000000000e+03 1.176000000000000000e+03 1.546400000000000000e+04 -4.768000000000000000e+03 -4.650000000000000000e+02 3.500000000000000000e+02
