6.080000000000000000e+02 1.968000000000000000e+03 1.458800000000000000e+04 -4.704000000000000000e+03 -5.790000000000000000e+02 1.569000000000000000e+03
3.440000000000000000e+02 2.132000000000000000e+03 1.463600000000000000e+04 -4.672000000000000000e+03 -5.800000000000000000e+02 1.814000000000000000e+03
5.520000000000000000e+02 2.112000000000000000e+03 1.477600000000000000e+04 -4.672000000000000000e+03 -5.780000000000000000e+02 2.114000000000000000e+03
2.480000000000000000e+02 1.940000000000000000e+03 1.455600000000000000e+04 -4.720000000000000000e+03 -6.170000000000000000e+02 2.368000000000000000e+03
-4.000000000000000000e+00 1.788000000000000000e+03 1.423600000000000000e+04 -4.704000000000000000e+03 -6.150000000000000000e+02 2.729000000000000000e+03
-1.520000000000000000e+02 1.972000000000000000e+03 1.434000000000000000e+04 -4.672000000000000000e+03 -6.850000000000000000e+02 2.967000000000000000e+03
-6.800000000000000000e+01 1.976000000000000000e+03 1.496800000000000000e+04 -4.704000000000000000e+03 -8.290000000000000000e+02 3.346000000000000000e+03
-2.680000000000000000e+02 2.040000000000000000e+03 1.570000000000000000e+04 -4.688000000000000000e+03 -8.310000000000000000e+02 3.171000000000000000e+03
-2.480000000000000000e+02 1.864000000000000000e+03 1.474800000000000000e+04 -4.688000000000000000e+03 -9.980000000000000000e+02 3.129000000000000000e+03
-2.360000000000000000e+02 1.760000000000000000e+03 1.387200000000000000e+04 -4.688000000000000000e+03 -1.114000000000000000e+03 3.349000000000000000e+03
-8.000000000000000000e+01 1.700000000000000000e+03 1.372400000000000000e+04 -4.688000000000000000e+03 -1.065000000000000000e+03 3.325000000000000000e+03
-4.400000000000000000e+01 1.744000000000000000e+03 1.327600000000000000e+04 -4.688000000000000000e+03 -1.160000000000000000e+03 2.934000000000000000e+03
-2.400000000000000000e+01 1.956000000000000000e+03 1.416400000000000000e+04 -4.672000000000000000e+03 -9.460000000000000000e+02 2.490000000000000000e+03
1.480000000000000000e+02 1.820000000000000000e+03 1.488800000000000000e+04 -4.672000000000000000e+03 -8.450000000000000000e+02 2.227000000000000000e+03
2.000000000000000000e+01 1.576000000000000000e+03 1.526400000000000000e+04 -4.672000000000000000e+03 -8.070000000000000000e+02 1.856000000000000000e+03
2.040000000000000000e+02 1.760000000000000000e+03 1.484800000000000000e+04 -4.704000000000000000e+03 -6.810000000000000000e+02 1.259000000000000000e+03
1.920000000000000000e+02 1.876000000000000000e+03 1.498000000000000000e+04 -4.688000000000000000e+03 -8.230000000000000000e+02 7.660000000000000000e+02
-2.600000000000000000e+02 1.964000000000000000e+03 1.500000000000000000e+04 -4.704000000000000000e+03 -7.130000000000000000e+02 2.640000000000000000e+02
-6.480000000000000000e+02 2.104000000000000000e+03 1.480000000000000000e+04 -4.672000000000000000e+03 -6.100000000000000000e+02 -9.600000000000000000e+01
-3.880000000000000000e+02 1.980000000000000000e+03 1.468800000000000000e+04 -4.688000000000000000e+03 -7.180000000000000000e+02 -5.440000000000000000e+02
6.640000000000000000e+02 1.796000000000000000e+03 1.470800000000000000e+04 -4.640000000000000000e+03 -4.620000000000000000e+02 -9.730000000000000000e+02
9.600000000000000000e+02 1.792000000000000000e+03 1.407600000000000000e+04 -4.672000000000000000e+03 -5.130000000000000000e+02 -1.418000000000000000e+03
9.960000000000000000e+02 1.824000000000000000e+03 1.414400000000000000e+04 -4.704000000000000000e+03 -2.670000000000000000e+02 -1.542000000000000000e+03
4.400000000000000000e+02 1.720000000000000000e+03 1.445200000000000000e+04 -4.672000000000000000e+03 -1.720000000000000000e+02 -2.036000000000000000e+03
3.520000000000000000e+02 1.560000000000000000e+03 1.408000000000000000e+04 -4.672000000000000000e+03 -1.440000000000000000e+02 -2.368000000000000000e+03
4.920000000000000000e+02 1.624000000000000000e+03 1.336400000000000000e+04 -4.688000000000000000e+03 1.760000000000000000e+02 -2.499000000000000000e+03
8.920000000000000000e+02 1.424000000000000000e+03 1.287200000000000000e+04 -4.688000000000000000e+03 2.360000000000000000e+02 -2.111000000000000000e+03
9.840000000000000000e+02 1.344000000000000000e+03 1.051600000000000000e+04 -4.656000000000000000e+03 4.700000000000000000e+02 -1.822000000000000000e+03
3.760000000000000000e+02 1.608000000000000000e+03 9.632000000000000000e+03 -4.688000000000000000e+03 6.120000000000000000e+02 -1.426000000000000000e+03
5.200000000000000000e+01 1.452000000000000000e+03 7.752000000000000000e+03 -4.688000000000000000e+03 4.040000000000000000e+02 -9.800000000000000000e+02
-5.200000000000000000e+01 1.424000000000000000e+03 6.452000000000000000e+03 -4.672000000000000000e+03 1.900000000000000000e+01 -7.230000000000000000e+02
-1.680000000000000000e+02 1.492000000000000000e+03 7.964000000000000000e+03 -4.688000000000000000e+03 -2.400000000000000000e+01 -4.310000000000000000e+02
-5.400000000000000000e+02 6.520000000000000000e+02 9.892000000000000000e+03 -4.672000000000000000e+03 -5.500000000000000000e+01 -1.260000000000000000e+02
-8.320000000000000000e+02 3.040000000000000000e+02 1.199600000000000000e+04 -4.704000000000000000e+03 -4.600000000000000000e+01 2.880000000000000000e+02
-7.480000000000000000e+02 -6.800000000000000000e+01 1.396400000000000000e+04 -4.704000000000000000e+03 -6.700000000000000000e+01 5.760000000000000000e+02
-3.400000000000000000e+02 4.760000000000000000e+02 1.340400000000000000e+04 -4.672000000000000000e+03 -7.300000000000000000e+01 7.750000000000000000e+02
-1.008000000000000000e+03 8.640000000000000000e+02 1.524400000000000000e+04 -4.704000000000000000e+03 -1.340000000000000000e+02 1.174000000000000000e+03
-5.760000000000000000e+02 9.880000000000000000e+02 1.548400000000000000e+04 -4.688000000000000000e+03 -8.700000000000000000e+01 1.646000000000000000e+03
-7.240000000000000000e+02 1.152000000000000000e+03 1.553200000000000000e+04 -4.688000000000000000e+03 -6.300000000000000000e+01 1.964000000000000000e+03
-7.360000000000000000e+02 1.344000000000000000e+03 1.570800000000000000e+04 -4.656000000000000000e+03 -8.500000000000000000e+01 2.297000000000000000e+03
-1.224000000000000000e+03 1.008000000000000000e+03 1.481200000000000000e+04 -4.688000000000000000e+03 -2.960000000000000000e+02 2.596000000000000000e+03
-2.796000000000000000e+03 8.400000000000000000e+02 1.582800000000000000e+04 -4.688000000000000000e+03 -3.290000000000000000e+02 2.667000000000000000e+03
-3.688000000000000000e+03 8.160000000000000000e+02 1.444400000000000000e+04 -4.672000000000000000e+03 -5.170000000000000000e+02 2.875000000000000000e+03
-2.880000000000000000e+03 9.080000000000000000e+02 1.587200000000000000e+04 -4.672000000000000000e+03 -7.310000000000000000e+02 2.856000000000000000e+03
-2.364000000000000000e+03 1.092000000000000000e+03 1.694800000000000000e+04 -4.672000000000000000e+03 -6.600000000000000000e+02 2.884000000000000000e+03
-3.364000000000000000e+03 9.720000000000000000e+02 2.120000000000000000e+04 -4.688000000000000000e+03 -6.430000000000000000e+02 2.320000000000000000e+03
-4.524000000000000000e+03 1.264000000000000000e+03 2.542400000000000000e+04 -4.688000000000000000e+03 -5.760000000000000000e+02 2.447000000000000000e+03
-3.820000000000000000e+03 1.072000000000000000e+03 2.919200000000000000e+04 -4.704000000000000000e+03 -4.670000000000000000e+02 2.235000000000000000e+03
-2.908000000000000000e+03 1.344000000000000000e+03 2.748000000000000000e+04 -4.688000000000000000e+03 -3.390000000000000000e+02 2.299000000000000000e+03
-2.764000000000000000e+03 1.552000000000000000e+03 2.304000000000000000e+04 -4.688000000000000000e+03 -4.400000000000000000e+01 2.072000000000000000e+03
-2.536000000000000000e+03 1.744000000000000000e+03 1.892800000000000000e+04 -4.704000000000000000e+03 2.280000000000000000e+02 1.819000000000000000e+03
-2.684000000000000000e+03 1.452000000000000000e+03 1.704400000000000000e+04 -4.704000000000000000e+03 2.410000000000000000e+02 1.647000000000000000e+03
-2.860000000000000000e+03 1.624000000000000000e+03 1.606800000000000000e+04 -4.688000000000000000e+03 -4.800000000000000000e+02 1.354000000000000000e+03
-3.308000000000000000e+03 9.560000000000000000e+02 1.552000000000000000e+04 -4.704000000000000000e+03 -3.710000000000000000e+02 1.283000000000000000e+03
