1.424000000000000000e+03 2.420000000000000000e+03 1.505600000000000000e+04 -4.672000000000000000e+03 -5.330000000000000000e+02 -1.620000000000000000e+02
1.284000000000000000e+03 2.232000000000000000e+03 1.422000000000000000e+04 -4.672000000000000000e+03 -5.620000000000000000e+02 -4.000000000000000000e+01
8.840000000000000000e+02 2.004000000000000000e+03 1.435600000000000000e+04 -4.672000000000000000e+03 -5.760000000000000000e+02 6.500000000000000000e+01
9.320000000000000000e+02 2.116000000000000000e+03 1.453200000000000000e+04 -4.688000000000000000e+03 -5.920000000000000000e+02 2.700000000000000000e+02
1.192000000000000000e+03 2.108000000000000000e+03 1.433600000000000000e+04 -4.704000000000000000e+03 -6.430000000000000000e+02 5.120000000000000000e+02
1.348000000000000000e+03 2.008000000000000000e+03 1.397600000000000000e+04 -4.688000000000000000e+03 -5.800000000000000000e+02 6.900000000000000000e+02
1.128000000000000000e+03 1.808000000000000000e+03 1.403200000000000000e+04 -4.688000000000000000e+03 -5.400000000000000000e+02 9.080000000000000000e+02
1.100000000000000000e+03 1.668000000000000000e+03 1.415600000000000000e+04 -4.688000000000000000e+03 -4.400000000000000000e+02 8.140000000000000000e+02
9.960000000000000000e+02 1.728000000000000000e+03 1.452000000000000000e+04 -4.688000000000000000e+03 -3.800000000000000000e+02 7.170000000000000000e+02
9.400000000000000000e+02 1.712000000000000000e+03 1.431200000000000000e+04 -4.688000000000000000e+03 -3.500000000000000000e+02 8.560000000000000000e+02
1.124000000000000000e+03 1.568000000000000000e+03 1.437200000000000000e+04 -4.736000000000000000e+03 -2.510000000000000000e+02 6.150000000000000000e+02
1.088000000000000000e+03 1.584000000000000000e+03 1.438800000000000000e+04 -4.704000000000000000e+03 -1.720000000000000000e+02 2.700000000000000000e+02
9.280000000000000000e+02 1.652000000000000000e+03 1.467200000000000000e+04 -4.688000000000000000e+03 -1.200000000000000000e+02 4.300000000000000000e+01
9.680000000000000000e+02 1.572000000000000000e+03 1.460000000000000000e+04 -4.688000000000000000e+03 -2.500000000000000000e+01 -1.330000000000000000e+02
1.028000000000000000e+03 1.580000000000000000e+03 1.464400000000000000e+04 -4.672000000000000000e+03 -4.400000000000000000e+01 -2.680000000000000000e+02
1.064000000000000000e+03 1.612000000000000000e+03 1.468400000000000000e+04 -4.672000000000000000e+03 -5.000000000000000000e+00 -3.760000000000000000e+02
1.164000000000000000e+03 1.704000000000000000e+03 1.485600000000000000e+04 -4.656000000000000000e+03 -5.900000000000000000e+01 -3.570000000000000000e+02
1.100000000000000000e+03 1.836000000000000000e+03 1.489200000000000000e+04 -4.672000000000000000e+03 -1.280000000000000000e+02 -4.310000000000000000e+02
1.248000000000000000e+03 1.928000000000000000e+03 1.495600000000000000e+04 -4.720000000000000000e+03 -1.580000000000000000e+02 -4.270000000000000000e+02
1.132000000000000000e+03 1.940000000000000000e+03 1.504000000000000000e+04 -4.688000000000000000e+03 -2.430000000000000000e+02 -4.880000000000000000e+02
9.280000000000000000e+02 2.020000000000000000e+03 1.494800000000000000e+04 -4.704000000000000000e+03 -2.670000000000000000e+02 -4.330000000000000000e+02
1.384000000000000000e+03 2.044000000000000000e+03 1.497200000000000000e+04 -4.672000000000000000e+03 -3.050000000000000000e+02 -3.300000000000000000e+02
1.592000000000000000e+03 2.252000000000000000e+03 1.479600000000000000e+04 -4.688000000000000000e+03 -4.150000000000000000e+02 -1.670000000000000000e+02
1.572000000000000000e+03 2.112000000000000000e+03 1.446800000000000000e+04 -4.672000000000000000e+03 -4.200000000000000000e+02 -2.250000000000000000e+02
1.364000000000000000e+03 1.832000000000000000e+03 1.454400000000000000e+04 -4.688000000000000000e+03 -3.940000000000000000e+02 -1.890000000000000000e+02
1.432000000000000000e+03 1.792000000000000000e+03 1.494000000000000000e+04 -4.688000000000000000e+03 -5.070000000000000000e+02 7.700000000000000000e+01
1.792000000000000000e+03 1.904000000000000000e+03 1.456000000000000000e+04 -4.704000000000000000e+03 -5.790000000000000000e+02 2.770000000000000000e+02
2.028000000000000000e+03 1.740000000000000000e+03 1.380400000000000000e+04 -4.688000000000000000e+03 -5.270000000000000000e+02 5.900000000000000000e+02
2.184000000000000000e+03 1.472000000000000000e+03 1.412800000000000000e+04 -4.704000000000000000e+03 -4.450000000000000000e+02 5.120000000000000000e+02
1.896000000000000000e+03 1.492000000000000000e+03 1.436800000000000000e+04 -4.672000000000000000e+03 -3.990000000000000000e+02 7.190000000000000000e+02
1.584000000000000000e+03 1.656000000000000000e+03 1.464800000000000000e+04 -4.688000000000000000e+03 -4.010000000000000000e+02 9.260000000000000000e+02
1.744000000000000000e+03 1.700000000000000000e+03 1.429200000000000000e+04 -4.672000000000000000e+03 -3.630000000000000000e+02 9.520000000000000000e+02
1.628000000000000000e+03 1.604000000000000000e+03 1.427200000000000000e+04 -4.704000000000000000e+03 -3.230000000000000000e+02 1.031000000000000000e+03
1.336000000000000000e+03 1.776000000000000000e+03 1.431600000000000000e+04 -4.704000000000000000e+03 -2.940000000000000000e+02 9.610000000000000000e+02
1.240000000000000000e+03 1.740000000000000000e+03 1.485200000000000000e+04 -4.688000000000000000e+03 -2.540000000000000000e+02 8.600000000000000000e+02
1.120000000000000000e+03 1.904000000000000000e+03 1.463600000000000000e+04 -4.672000000000000000e+03 -2.820000000000000000e+02 8.810000000000000000e+02
8.520000000000000000e+02 1.772000000000000000e+03 1.485600000000000000e+04 -4.672000000000000000e+03 -2.840000000000000000e+02 8.600000000000000000e+02
8.360000000000000000e+02 1.812000000000000000e+03 1.489200000000000000e+04 -4.672000000000000000e+03 -3.480000000000000000e+02 7.350000000000000000e+02
8.360000000000000000e+02 1.676000000000000000e+03 1.436800000000000000e+04 -4.672000000000000000e+03 -3.400000000000000000e+02 7.130000000000000000e+02
6.880000000000000000e+02 1.784000000000000000e+03 1.481200000000000000e+04 -4.688000000000000000e+03 -3.940000000000000000e+02 1.115000000000000000e+03
8.200000000000000000e+02 1.836000000000000000e+03 1.524800000000000000e+04 -4.704000000000000000e+03 -5.330000000000000000e+02 9.980000000000000000e+02
6.360000000000000000e+02 1.988000000000000000e+03 1.338000000000000000e+04 -4.704000000000000000e+03 -6.620000000000000000e+02 1.012000000000000000e+03
-2.280000000000000000e+02 1.600000000000000000e+03 9.808000000000000000e+03 -4.704000000000000000e+03 -8.880000000000000000e+02 9.990000000000000000e+02
-6.680000000000000000e+02 1.180000000000000000e+03 6.144000000000000000e+03 -4.688000000000000000e+03 -7.150000000000000000e+02 6.540000000000000000e+02
-3.320000000000000000e+02 5.280000000000000000e+02 5.356000000000000000e+03 -4.656000000000000000e+03 -5.560000000000000000e+02 1.499000000000000000e+03
-1.200000000000000000e+01 4.080000000000000000e+02 5.760000000000000000e+03 -4.688000000000000000e+03 -5.900000000000000000e+02 1.700000000000000000e+03
4.800000000000000000e+02 5.600000000000000000e+02 6.104000000000000000e+03 -4.672000000000000000e+03 -4.370000000000000000e+02 1.312000000000000000e+03
4.200000000000000000e+02 4.840000000000000000e+02 8.392000000000000000e+03 -4.688000000000000000e+03 -3.060000000000000000e+02 1.408000000000000000e+03
-7.600000000000000000e+01 6.360000000000000000e+02 1.064800000000000000e+04 -4.656000000000000000e+03 -4.390000000000000000e+02 1.521000000000000000e+03
-5.600000000000000000e+01 1.176000000000000000e+03 1.222400000000000000e+04 -4.672000000000000000e+03 -3.990000000000000000e+02 1.727000000000000000e+03
1.080000000000000000e+02 1.520000000000000000e+03 1.430800000000000000e+04 -4.720000000000000000e+03 -4.200000000000000000e+02 1.763000000000000000e+03
1.600000000000000000e+02 1.596000000000000000e+03 1.634400000000000000e+04 -4.688000000000000000e+03 -4.910000000000000000e+02 2.089000000000000000e+03
-6.000000000000000000e+01 1.776000000000000000e+03 1.783600000000000000e+04 -4.704000000000000000e+03 -5.340000000000000000e+02 2.194000000000000000e+03
-1.200000000000000000e+02 1.916000000000000000e+03 1.922800000000000000e+04 -4.656000000000000000e+03 -7.590000000000000000e+02 2.407000000000000000e+03
-5.880000000000000000e+02 2.168000000000000000e+03 1.768400000000000000e+04 -4.704000000000000000e+03 -8.550000000000000000e+02 2.267000000000000000e+03
-9.720000000000000000e+02 1.736000000000000000e+03 1.721600000000000000e+04 -4.688000000000000000e+03 -7.900000000000000000e+02 1.832000000000000000e+03
-1.508000000000000000e+03 1.976000000000000000e+03 1.775200000000000000e+04 -4.656000000000000000e+03 -7.070000000000000000e+02 2.121000000000000000e+03
-1.016000000000000000e+03 2.192000000000000000e+03 1.831600000000000000e+04 -4.672000000000000000e+03 -5.820000000000000000e+02 1.780000000000000000e+03
-6.800000000000000000e+02 1.244000000000000000e+03 2.140000000000000000e+04 -4.672000000000000000e+03 -3.000000000000000000e+02 1.390000000000000000e+03
-1.740000000000000000e+03 1.188000000000000000e+03 2.390000000000000000e+04 -4.656000000000000000e+03 -1.690000000000000000e+02 9.510000000000000000e+02
-9.360000000000000000e+02 5.880000000000000000e+02 2.697600000000000000e+04 -4.672000000000000000e+03 -1.070000000000000000e+02 5.630000000000000000e+02
-3.204000000000000000e+03 1.656000000000000000e+03 2.715200000000000000e+04 -4.656000000000000000e+03 -2.980000000000000000e+02 5.490000000000000000e+02
-3.232000000000000000e+03 1.920000000000000000e+03 2.482800000000000000e+04 -4.672000000000000000e+03 -3.680000000000000000e+02 5.250000000000000000e+02
-3.136000000000000000e+03 2.020000000000000000e+03 2.155200000000000000e+04 -4.656000000000000000e+03 -3.660000000000000000e+02 5.990000000000000000e+02
-2.400000000000000000e+03 1.984000000000000000e+03 1.959200000000000000e+04 -4.688000000000000000e+03 -3.070000000000000000e+02 3.280000000000000000e+02
-1.780000000000000000e+03 1.824000000000000000e+03 1.836000000000000000e+04 -4.672000000000000000e+03 -2.980000000000000000e+02 3.280000000000000000e+02
-1.444000000000000000e+03 1.464000000000000000e+03 1.764400000000000000e+04 -4.688000000000000000e+03 -2.800000000000000000e+02 7.000000000000000000e+00
-1.400000000000000000e+03 1.300000000000000000e+03 1.756400000000000000e+04 -4.672000000000000000e+03 -2.630000000000000000e+02 7.000000000000000000e+00
-9.960000000000000000e+02 1.424000000000000000e+03 1.692800000000000000e+04 -4.688000000000000000e+03 -1.560000000000000000e+02 -5.890000000000000000e+02
-1.640000000000000000e+03 1.516000000000000000e+03 1.734800000000000000e+04 -4.688000000000000000e+03 -8.600000000000000000e+01 -1.075000000000000000e+03
-2.036000000000000000e+03 1.540000000000000000e+03 1.752000000000000000e+04 -4.688000000000000000e+03 -8.000000000000000000e+01 -1.472000000000000000e+03
-2.284000000000000000e+03 1.468000000000000000e+03 1.570000000000000000e+04 -4.688000000000000000e+03 -4.400000000000000000e+01 -1.566000000000000000e+03
-1.896000000000000000e+03 1.760000000000000000e+03 1.362000000000000000e+04 -4.704000000000000000e+03 -1.160000000000000000e+02 -1.835000000000000000e+03
-1.064000000000000000e+03 1.852000000000000000e+03 9.372000000000000000e+03 -4.720000000000000000e+03 -1.950000000000000000e+02 -2.088000000000000000e+03
-8.000000000000000000e+00 1.240000000000000000e+03 4.872000000000000000e+03 -4.656000000000000000e+03 -1.550000000000000000e+02 -2.243000000000000000e+03
7.520000000000000000e+02 6.000000000000000000e+02 1.320000000000000000e+03 -4.704000000000000000e+03 -6.100000000000000000e+01 -2.413000000000000000e+03
5.960000000000000000e+02 1.840000000000000000e+02 -5.960000000000000000e+02 -4.720000000000000000e+03 6.400000000000000000e+01 -2.351000000000000000e+03
2.520000000000000000e+02 -5.600000000000000000e+01 -1.400000000000000000e+03 -4.688000000000000000e+03 -4.300000000000000000e+01 -1.374000000000000000e+03
-8.840000000000000000e+02 -2.000000000000000000e+02 3.640000000000000000e+03 -4.704000000000000000e+03 6.100000000000000000e+02 -3.836000000000000000e+03
-1.044000000000000000e+03 -1.816000000000000000e+03 1.990400000000000000e+04 -4.688000000000000000e+03 2.297000000000000000e+03 1.575000000000000000e+03
-4.904000000000000000e+03 3.708000000000000000e+03 2.882800000000000000e+04 -4.704000000000000000e+03 -1.289000000000000000e+03 -9.090000000000000000e+02
7.372000000000000000e+03 5.672000000000000000e+03 1.538400000000000000e+04 -4.688000000000000000e+03 -8.870000000000000000e+02 -4.167000000000000000e+03
3.200000000000000000e+02 3.228000000000000000e+03 5.964000000000000000e+03 -4.688000000000000000e+03 -1.860000000000000000e+02 -1.252000000000000000e+03
