5.840000000000000000e+02 1.712000000000000000e+03 1.446400000000000000e+04 -4.672000000000000000e+03 -4.600000000000000000e+01 4.010000000000000000e+02
7.120000000000000000e+02 1.732000000000000000e+03 1.454400000000000000e+04 -4.720000000000000000e+03 -3.600000000000000000e+01 2.860000000000000000e+02
5.800000000000000000e+02 1.652000000000000000e+03 1.460000000000000000e+04 -4.672000000000000000e+03 -7.600000000000000000e+01 2.690000000000000000e+02
7.480000000000000000e+02 1.632000000000000000e+03 1.461600000000000000e+04 -4.656000000000000000e+03 -1.140000000000000000e+02 2.220000000000000000e+02
9.160000000000000000e+02 1.824000000000000000e+03 1.470400000000000000e+04 -4.656000000000000000e+03 -1.190000000000000000e+02 4.860000000000000000e+02
8.600000000000000000e+02 1.784000000000000000e+03 1.461600000000000000e+04 -4.688000000000000000e+03 -1.570000000000000000e+02 5.830000000000000000e+02
8.280000000000000000e+02 1.520000000000000000e+03 1.422800000000000000e+04 -4.720000000000000000e+03 -1.880000000000000000e+02 7.370000000000000000e+02
7.520000000000000000e+02 1.356000000000000000e+03 1.403600000000000000e+04 -4.688000000000000000e+03 -2.240000000000000000e+02 1.016000000000000000e+03
6.160000000000000000e+02 1.488000000000000000e+03 1.393600000000000000e+04 -4.672000000000000000e+03 -3.120000000000000000e+02 1.362000000000000000e+03
7.280000000000000000e+02 1.388000000000000000e+03 1.472400000000000000e+04 -4.656000000000000000e+03 -3.230000000000000000e+02 1.571000000000000000e+03
7.640000000000000000e+02 1.412000000000000000e+03 1.494000000000000000e+04 -4.688000000000000000e+03 -4.050000000000000000e+02 1.855000000000000000e+03
7.040000000000000000e+02 1.404000000000000000e+03 1.475600000000000000e+04 -4.720000000000000000e+03 -4.860000000000000000e+02 2.101000000000000000e+03
6.640000000000000000e+02 1.532000000000000000e+03 1.417200000000000000e+04 -4.704000000000000000e+03 -7.300000000000000000e+02 2.203000000000000000e+03
4.440000000000000000e+02 1.648000000000000000e+03 1.430800000000000000e+04 -4.672000000000000000e+03 -8.390000000000000000e+02 2.418000000000000000e+03
8.000000000000000000e+00 1.656000000000000000e+03 1.441200000000000000e+04 -4.704000000000000000e+03 -7.790000000000000000e+02 2.756000000000000000e+03
8.000000000000000000e+01 1.540000000000000000e+03 1.456000000000000000e+04 -4.688000000000000000e+03 -7.570000000000000000e+02 2.628000000000000000e+03
6.040000000000000000e+02 1.496000000000000000e+03 1.447600000000000000e+04 -4.688000000000000000e+03 -7.470000000000000000e+02 2.340000000000000000e+03
5.040000000000000000e+02 1.704000000000000000e+03 1.462400000000000000e+04 -4.672000000000000000e+03 -4.920000000000000000e+02 2.449000000000000000e+03
4.440000000000000000e+02 1.616000000000000000e+03 1.497200000000000000e+04 -4.704000000000000000e+03 -8.030000000000000000e+02 1.977000000000000000e+03
2.600000000000000000e+02 1.544000000000000000e+03 1.507600000000000000e+04 -4.672000000000000000e+03 -4.470000000000000000e+02 1.648000000000000000e+03
1.760000000000000000e+02 1.456000000000000000e+03 1.478400000000000000e+04 -4.672000000000000000e+03 -5.780000000000000000e+02 1.196000000000000000e+03
3.680000000000000000e+02 1.532000000000000000e+03 1.452000000000000000e+04 -4.688000000000000000e+03 -6.540000000000000000e+02 7.490000000000000000e+02
2.160000000000000000e+02 1.520000000000000000e+03 1.489600000000000000e+04 -4.704000000000000000e+03 -4.920000000000000000e+02 1.980000000000000000e+02
8.400000000000000000e+01 1.504000000000000000e+03 1.470800000000000000e+04 -4.672000000000000000e+03 -7.170000000000000000e+02 -2.070000000000000000e+02
-1.560000000000000000e+02 1.532000000000000000e+03 1.515200000000000000e+04 -4.704000000000000000e+03 -4.870000000000000000e+02 -6.370000000000000000e+02
-2.920000000000000000e+02 1.524000000000000000e+03 1.443200000000000000e+04 -4.688000000000000000e+03 -5.690000000000000000e+02 -1.248000000000000000e+03
-1.600000000000000000e+01 1.608000000000000000e+03 1.456400000000000000e+04 -4.656000000000000000e+03 -4.700000000000000000e+02 -1.733000000000000000e+03
1.760000000000000000e+02 1.608000000000000000e+03 1.446400000000000000e+04 -4.688000000000000000e+03 -4.610000000000000000e+02 -2.127000000000000000e+03
-1.600000000000000000e+01 1.732000000000000000e+03 1.440000000000000000e+04 -4.672000000000000000e+03 -4.480000000000000000e+02 -2.567000000000000000e+03
-2.720000000000000000e+02 1.716000000000000000e+03 1.376400000000000000e+04 -4.688000000000000000e+03 -4.240000000000000000e+02 -2.975000000000000000e+03
-3.160000000000000000e+02 1.768000000000000000e+03 1.070400000000000000e+04 -4.704000000000000000e+03 -2.840000000000000000e+02 -2.912000000000000000e+03
-3.840000000000000000e+02 1.784000000000000000e+03 8.288000000000000000e+03 -4.672000000000000000e+03 -3.010000000000000000e+02 -3.185000000000000000e+03
-6.560000000000000000e+02 1.736000000000000000e+03 8.020000000000000000e+03 -4.672000000000000000e+03 -1.590000000000000000e+02 -2.576000000000000000e+03
-5.640000000000000000e+02 1.864000000000000000e+03 6.888000000000000000e+03 -4.688000000000000000e+03 -1.050000000000000000e+02 -2.293000000000000000e+03
-6.280000000000000000e+02 1.312000000000000000e+03 8.780000000000000000e+03 -4.672000000000000000e+03 -7.500000000000000000e+01 -1.835000000000000000e+03
-6.080000000000000000e+02 7.760000000000000000e+02 1.005200000000000000e+04 -4.688000000000000000e+03 -4.170000000000000000e+02 -1.488000000000000000e+03
-6.920000000000000000e+02 5.840000000000000000e+02 1.022400000000000000e+04 -4.688000000000000000e+03 -4.880000000000000000e+02 -1.187000000000000000e+03
-9.840000000000000000e+02 4.200000000000000000e+02 1.404400000000000000e+04 -4.688000000000000000e+03 -5.180000000000000000e+02 -9.270000000000000000e+02
-6.600000000000000000e+02 6.960000000000000000e+02 1.294000000000000000e+04 -4.672000000000000000e+03 -5.860000000000000000e+02 -6.580000000000000000e+02
4.000000000000000000e+01 8.880000000000000000e+02 1.506400000000000000e+04 -4.672000000000000000e+03 -5.940000000000000000e+02 -4.840000000000000000e+02
1.640000000000000000e+02 8.480000000000000000e+02 1.499200000000000000e+04 -4.656000000000000000e+03 -5.210000000000000000e+02 -3.730000000000000000e+02
1.400000000000000000e+02 1.380000000000000000e+03 1.542800000000000000e+04 -4.672000000000000000e+03 -4.840000000000000000e+02 -2.670000000000000000e+02
-4.280000000000000000e+02 1.320000000000000000e+03 1.605600000000000000e+04 -4.688000000000000000e+03 -5.100000000000000000e+02 -1.860000000000000000e+02
-1.676000000000000000e+03 1.552000000000000000e+03 1.519600000000000000e+04 -4.704000000000000000e+03 -3.770000000000000000e+02 -5.500000000000000000e+01
-1.944000000000000000e+03 1.152000000000000000e+03 1.726000000000000000e+04 -4.688000000000000000e+03 -3.320000000000000000e+02 5.200000000000000000e+01
-2.208000000000000000e+03 1.008000000000000000e+03 1.618400000000000000e+04 -4.704000000000000000e+03 -3.280000000000000000e+02 2.170000000000000000e+02
-2.044000000000000000e+03 1.340000000000000000e+03 1.714800000000000000e+04 -4.672000000000000000e+03 -3.400000000000000000e+02 3.950000000000000000e+02
-1.816000000000000000e+03 1.248000000000000000e+03 1.680800000000000000e+04 -4.688000000000000000e+03 -4.360000000000000000e+02 4.880000000000000000e+02
-2.644000000000000000e+03 1.708000000000000000e+03 1.982000000000000000e+04 -4.688000000000000000e+03 -5.270000000000000000e+02 4.750000000000000000e+02
-2.964000000000000000e+03 1.188000000000000000e+03 2.073600000000000000e+04 -4.672000000000000000e+03 -6.170000000000000000e+02 1.010000000000000000e+02
-3.052000000000000000e+03 1.504000000000000000e+03 2.417600000000000000e+04 -4.688000000000000000e+03 -6.340000000000000000e+02 9.140000000000000000e+02
-2.296000000000000000e+03 1.240000000000000000e+03 2.582800000000000000e+04 -4.688000000000000000e+03 -5.070000000000000000e+02 -2.900000000000000000e+01
-2.360000000000000000e+03 1.852000000000000000e+03 2.535600000000000000e+04 -4.704000000000000000e+03 -4.180000000000000000e+02 -3.980000000000000000e+02
-2.324000000000000000e+03 1.748000000000000000e+03 2.135200000000000000e+04 -4.688000000000000000e+03 -3.890000000000000000e+02 2.420000000000000000e+02
-1.488000000000000000e+03 2.416000000000000000e+03 1.900000000000000000e+04 -4.672000000000000000e+03 -1.030000000000000000e+02 3.250000000000000000e+02
-2.032000000000000000e+03 2.360000000000000000e+03 1.645200000000000000e+04 -4.704000000000000000e+03 1.880000000000000000e+02 -4.400000000000000000e+01
-1.892000000000000000e+03 1.736000000000000000e+03 1.476400000000000000e+04 -4.704000000000000000e+03 4.180000000000000000e+02 -5.550000000000000000e+02
