8.400000000000000000e+01 1.868000000000000000e+03 1.451600000000000000e+04 -4.768000000000000000e+03 -2.560000000000000000e+02 9.240000000000000000e+02
-1.040000000000000000e+02 1.888000000000000000e+03 1.499200000000000000e+04 -4.768000000000000000e+03 -3.370000000000000000e+02 7.060000000000000000e+02
-5.840000000000000000e+02 1.824000000000000000e+03 1.505600000000000000e+04 -4.784000000000000000e+03 -4.410000000000000000e+02 6.040000000000000000e+02
-3.680000000000000000e+02 1.704000000000000000e+03 1.513200000000000000e+04 -4.752000000000000000e+03 -4.100000000000000000e+02 5.320000000000000000e+02
-5.280000000000000000e+02 1.588000000000000000e+03 1.588800000000000000e+04 -4.816000000000000000e+03 -3.630000000000000000e+02 4.760000000000000000e+02
-5.000000000000000000e+02 1.588000000000000000e+03 1.472000000000000000e+04 -4.800000000000000000e+03 -3.540000000000000000e+02 7.670000000000000000e+02
-5.040000000000000000e+02 1.672000000000000000e+03 1.331600000000000000e+04 -4.752000000000000000e+03 -2.940000000000000000e+02 9.090000000000000000e+02
-4.640000000000000000e+02 1.512000000000000000e+03 1.276800000000000000e+04 -4.736000000000000000e+03 -2.560000000000000000e+02 8.970000000000000000e+02
-8.200000000000000000e+02 1.536000000000000000e+03 1.434800000000000000e+04 -4.784000000000000000e+03 -2.370000000000000000e+02 1.309000000000000000e+03
-1.072000000000000000e+03 1.380000000000000000e+03 1.541600000000000000e+04 -4.768000000000000000e+03 -1.740000000000000000e+02 1.417000000000000000e+03
-9.800000000000000000e+02 1.500000000000000000e+03 1.454400000000000000e+04 -4.784000000000000000e+03 -3.820000000000000000e+02 1.554000000000000000e+03
-9.440000000000000000e+02 1.540000000000000000e+03 1.445200000000000000e+04 -4.768000000000000000e+03 -4.720000000000000000e+02 1.807000000000000000e+03
-9.320000000000000000e+02 2.252000000000000000e+03 1.442000000000000000e+04 -4.784000000000000000e+03 -5.540000000000000000e+02 2.047000000000000000e+03
-7.760000000000000000e+02 2.156000000000000000e+03 1.469600000000000000e+04 -4.736000000000000000e+03 -5.530000000000000000e+02 2.594000000000000000e+03
-7.560000000000000000e+02 1.736000000000000000e+03 1.544000000000000000e+04 -4.784000000000000000e+03 -6.040000000000000000e+02 1.969000000000000000e+03
-9.240000000000000000e+02 1.236000000000000000e+03 1.503200000000000000e+04 -4.736000000000000000e+03 -5.270000000000000000e+02 2.046000000000000000e+03
-3.280000000000000000e+02 1.360000000000000000e+03 1.422000000000000000e+04 -4.784000000000000000e+03 -4.850000000000000000e+02 2.625000000000000000e+03
-6.400000000000000000e+02 1.456000000000000000e+03 1.417600000000000000e+04 -4.752000000000000000e+03 -3.880000000000000000e+02 2.954000000000000000e+03
-9.280000000000000000e+02 1.456000000000000000e+03 1.436800000000000000e+04 -4.768000000000000000e+03 -3.110000000000000000e+02 2.986000000000000000e+03
-9.000000000000000000e+02 1.496000000000000000e+03 1.396800000000000000e+04 -4.768000000000000000e+03 -3.940000000000000000e+02 2.726000000000000000e+03
-8.000000000000000000e+02 1.760000000000000000e+03 1.443200000000000000e+04 -4.768000000000000000e+03 -4.050000000000000000e+02 2.673000000000000000e+03
-8.600000000000000000e+02 1.616000000000000000e+03 1.426000000000000000e+04 -4.752000000000000000e+03 -4.310000000000000000e+02 2.200000000000000000e+03
-2.880000000000000000e+02 1.584000000000000000e+03 1.460800000000000000e+04 -4.816000000000000000e+03 -5.020000000000000000e+02 1.670000000000000000e+03
3.040000000000000000e+02 1.500000000000000000e+03 1.480800000000000000e+04 -4.800000000000000000e+03 -7.630000000000000000e+02 1.101000000000000000e+03
6.080000000000000000e+02 1.224000000000000000e+03 1.329600000000000000e+04 -4.784000000000000000e+03 -6.120000000000000000e+02 5.970000000000000000e+02
3.920000000000000000e+02 1.332000000000000000e+03 1.183600000000000000e+04 -4.752000000000000000e+03 -6.650000000000000000e+02 1.400000000000000000e+02
-1.000000000000000000e+02 1.456000000000000000e+03 1.002400000000000000e+04 -4.752000000000000000e+03 -7.330000000000000000e+02 -3.720000000000000000e+02
-3.680000000000000000e+02 1.360000000000000000e+03 9.044000000000000000e+03 -4.768000000000000000e+03 -6.490000000000000000e+02 -9.980000000000000000e+02
-8.040000000000000000e+02 1.696000000000000000e+03 8.244000000000000000e+03 -4.800000000000000000e+03 -7.770000000000000000e+02 -1.548000000000000000e+03
-8.640000000000000000e+02 1.908000000000000000e+03 8.300000000000000000e+03 -4.768000000000000000e+03 -7.020000000000000000e+02 -1.877000000000000000e+03
-1.064000000000000000e+03 2.112000000000000000e+03 9.244000000000000000e+03 -4.768000000000000000e+03 -7.330000000000000000e+02 -2.376000000000000000e+03
-1.516000000000000000e+03 2.112000000000000000e+03 1.068800000000000000e+04 -4.736000000000000000e+03 -6.660000000000000000e+02 -2.349000000000000000e+03
-1.596000000000000000e+03 1.656000000000000000e+03 1.251600000000000000e+04 -4.768000000000000000e+03 -4.940000000000000000e+02 -2.223000000000000000e+03
-1.556000000000000000e+03 1.384000000000000000e+03 1.268800000000000000e+04 -4.768000000000000000e+03 -2.490000000000000000e+02 -1.935000000000000000e+03
-1.248000000000000000e+03 9.360000000000000000e+02 1.327200000000000000e+04 -4.768000000000000000e+03 3.000000000000000000e+00 -1.632000000000000000e+03
-1.496000000000000000e+03 1.040000000000000000e+03 1.472000000000000000e+04 -4.768000000000000000e+03 -4.700000000000000000e+01 -1.440000000000000000e+03
-2.092000000000000000e+03 1.096000000000000000e+03 1.461600000000000000e+04 -4.784000000000000000e+03 -2.670000000000000000e+02 -9.420000000000000000e+02
-1.784000000000000000e+03 1.416000000000000000e+03 1.418800000000000000e+04 -4.752000000000000000e+03 -2.080000000000000000e+02 -6.990000000000000000e+02
-1.176000000000000000e+03 1.712000000000000000e+03 1.581200000000000000e+04 -4.768000000000000000e+03 -1.350000000000000000e+02 -6.850000000000000000e+02
-8.000000000000000000e+00 1.440000000000000000e+03 1.504000000000000000e+04 -4.768000000000000000e+03 -1.850000000000000000e+02 -5.760000000000000000e+02
4.280000000000000000e+02 5.080000000000000000e+02 1.602400000000000000e+04 -4.736000000000000000e+03 -3.210000000000000000e+02 -5.030000000000000000e+02
3.960000000000000000e+02 5.200000000000000000e+01 1.619200000000000000e+04 -4.768000000000000000e+03 -2.660000000000000000e+02 -5.380000000000000000e+02
-2.960000000000000000e+02 4.200000000000000000e+02 1.601600000000000000e+04 -4.752000000000000000e+03 -1.150000000000000000e+02 -4.890000000000000000e+02
-1.716000000000000000e+03 1.156000000000000000e+03 1.596400000000000000e+04 -4.816000000000000000e+03 -2.140000000000000000e+02 -3.060000000000000000e+02
-3.284000000000000000e+03 1.452000000000000000e+03 1.678400000000000000e+04 -4.768000000000000000e+03 -8.300000000000000000e+01 -1.590000000000000000e+02
-3.104000000000000000e+03 1.596000000000000000e+03 1.757600000000000000e+04 -4.752000000000000000e+03 -1.280000000000000000e+02 -2.800000000000000000e+01
-2.172000000000000000e+03 1.412000000000000000e+03 2.053600000000000000e+04 -4.752000000000000000e+03 -1.370000000000000000e+02 -2.670000000000000000e+02
-2.368000000000000000e+03 1.140000000000000000e+03 2.363200000000000000e+04 -4.768000000000000000e+03 -1.090000000000000000e+02 -1.110000000000000000e+02
-2.808000000000000000e+03 1.416000000000000000e+03 2.675200000000000000e+04 -4.768000000000000000e+03 -3.190000000000000000e+02 -4.050000000000000000e+02
-3.192000000000000000e+03 1.492000000000000000e+03 2.478800000000000000e+04 -4.784000000000000000e+03 -3.080000000000000000e+02 -6.420000000000000000e+02
-4.116000000000000000e+03 1.304000000000000000e+03 2.040000000000000000e+04 -4.800000000000000000e+03 -3.370000000000000000e+02 -7.950000000000000000e+02
-4.256000000000000000e+03 1.120000000000000000e+03 1.787200000000000000e+04 -4.768000000000000000e+03 -3.560000000000000000e+02 -1.091000000000000000e+03
-4.432000000000000000e+03 1.380000000000000000e+03 1.710400000000000000e+04 -4.768000000000000000e+03 -2.890000000000000000e+02 -1.027000000000000000e+03
