-3.792000000000000000e+03 1.080000000000000000e+03 1.421600000000000000e+04 -3.920000000000000000e+03 -2.500000000000000000e+02 1.950000000000000000e+02
-3.584000000000000000e+03 1.240000000000000000e+03 1.396800000000000000e+04 -3.920000000000000000e+03 -2.430000000000000000e+02 1.770000000000000000e+02
-3.704000000000000000e+03 1.268000000000000000e+03 1.409600000000000000e+04 -3.888000000000000000e+03 -3.000000000000000000e+02 1.310000000000000000e+02
-3.468000000000000000e+03 1.380000000000000000e+03 1.391600000000000000e+04 -3.888000000000000000e+03 -2.920000000000000000e+02 6.000000000000000000e+01
-3.452000000000000000e+03 1.372000000000000000e+03 1.385600000000000000e+04 -3.888000000000000000e+03 -3.230000000000000000e+02 -3.200000000000000000e+01
-3.500000000000000000e+03 1.400000000000000000e+03 1.402400000000000000e+04 -3.856000000000000000e+03 -3.330000000000000000e+02 -3.200000000000000000e+01
-3.700000000000000000e+03 1.348000000000000000e+03 1.409600000000000000e+04 -3.904000000000000000e+03 -3.160000000000000000e+02 -1.700000000000000000e+01
-3.584000000000000000e+03 1.232000000000000000e+03 1.402000000000000000e+04 -3.872000000000000000e+03 -2.980000000000000000e+02 1.600000000000000000e+01
-3.544000000000000000e+03 1.324000000000000000e+03 1.401600000000000000e+04 -3.872000000000000000e+03 -3.130000000000000000e+02 9.000000000000000000e+00
-3.496000000000000000e+03 1.440000000000000000e+03 1.406400000000000000e+04 -3.904000000000000000e+03 -3.460000000000000000e+02 -2.100000000000000000e+01
-3.476000000000000000e+03 1.488000000000000000e+03 1.414000000000000000e+04 -3.904000000000000000e+03 -3.350000000000000000e+02 -1.300000000000000000e+01
-3.572000000000000000e+03 1.424000000000000000e+03 1.414000000000000000e+04 -3.920000000000000000e+03 -3.480000000000000000e+02 9.500000000000000000e+01
-3.584000000000000000e+03 1.216000000000000000e+03 1.384000000000000000e+04 -3.920000000000000000e+03 -3.200000000000000000e+02 2.870000000000000000e+02
-3.480000000000000000e+03 1.344000000000000000e+03 1.405600000000000000e+04 -3.872000000000000000e+03 -2.910000000000000000e+02 4.860000000000000000e+02
-3.548000000000000000e+03 1.424000000000000000e+03 1.400800000000000000e+04 -3.888000000000000000e+03 -2.710000000000000000e+02 6.320000000000000000e+02
-3.520000000000000000e+03 1.312000000000000000e+03 1.387600000000000000e+04 -3.904000000000000000e+03 -2.160000000000000000e+02 6.780000000000000000e+02
-3.596000000000000000e+03 1.356000000000000000e+03 1.404400000000000000e+04 -3.904000000000000000e+03 -2.400000000000000000e+02 6.470000000000000000e+02
-3.704000000000000000e+03 1.436000000000000000e+03 1.399600000000000000e+04 -3.920000000000000000e+03 -2.630000000000000000e+02 6.030000000000000000e+02
-3.660000000000000000e+03 1.392000000000000000e+03 1.382400000000000000e+04 -3.888000000000000000e+03 -2.760000000000000000e+02 5.920000000000000000e+02
-3.676000000000000000e+03 1.352000000000000000e+03 1.404000000000000000e+04 -3.888000000000000000e+03 -2.990000000000000000e+02 6.160000000000000000e+02
-3.604000000000000000e+03 1.428000000000000000e+03 1.403200000000000000e+04 -3.888000000000000000e+03 -2.770000000000000000e+02 5.040000000000000000e+02
-3.620000000000000000e+03 1.392000000000000000e+03 1.390400000000000000e+04 -3.872000000000000000e+03 -2.740000000000000000e+02 3.850000000000000000e+02
-3.824000000000000000e+03 1.452000000000000000e+03 1.392800000000000000e+04 -3.920000000000000000e+03 -2.920000000000000000e+02 2.770000000000000000e+02
-3.688000000000000000e+03 1.332000000000000000e+03 1.390000000000000000e+04 -3.920000000000000000e+03 -2.650000000000000000e+02 1.960000000000000000e+02
-3.748000000000000000e+03 1.424000000000000000e+03 1.380800000000000000e+04 -3.888000000000000000e+03 -2.800000000000000000e+02 1.420000000000000000e+02
-3.852000000000000000e+03 1.548000000000000000e+03 1.393600000000000000e+04 -3.920000000000000000e+03 -2.290000000000000000e+02 1.280000000000000000e+02
-3.680000000000000000e+03 1.420000000000000000e+03 1.383200000000000000e+04 -3.920000000000000000e+03 -2.290000000000000000e+02 6.100000000000000000e+01
-3.716000000000000000e+03 1.320000000000000000e+03 1.372000000000000000e+04 -3.888000000000000000e+03 -2.500000000000000000e+02 4.100000000000000000e+01
-3.800000000000000000e+03 1.368000000000000000e+03 1.382800000000000000e+04 -3.920000000000000000e+03 -2.610000000000000000e+02 2.200000000000000000e+01
-3.688000000000000000e+03 1.340000000000000000e+03 1.400400000000000000e+04 -3.920000000000000000e+03 -2.860000000000000000e+02 8.100000000000000000e+01
-3.792000000000000000e+03 1.424000000000000000e+03 1.404000000000000000e+04 -3.888000000000000000e+03 -2.980000000000000000e+02 1.170000000000000000e+02
-3.668000000000000000e+03 1.284000000000000000e+03 1.399200000000000000e+04 -3.888000000000000000e+03 -2.950000000000000000e+02 1.670000000000000000e+02
-3.544000000000000000e+03 1.284000000000000000e+03 1.392000000000000000e+04 -3.920000000000000000e+03 -2.860000000000000000e+02 2.650000000000000000e+02
-3.692000000000000000e+03 1.220000000000000000e+03 1.399200000000000000e+04 -3.920000000000000000e+03 -3.080000000000000000e+02 3.430000000000000000e+02
-3.644000000000000000e+03 1.364000000000000000e+03 1.412400000000000000e+04 -3.952000000000000000e+03 -3.080000000000000000e+02 3.860000000000000000e+02
-3.600000000000000000e+03 1.404000000000000000e+03 1.383600000000000000e+04 -3.888000000000000000e+03 -2.990000000000000000e+02 4.250000000000000000e+02
-3.672000000000000000e+03 1.348000000000000000e+03 1.388000000000000000e+04 -3.888000000000000000e+03 -3.040000000000000000e+02 4.560000000000000000e+02
-3.644000000000000000e+03 1.296000000000000000e+03 1.383200000000000000e+04 -3.872000000000000000e+03 -3.110000000000000000e+02 4.450000000000000000e+02
-3.588000000000000000e+03 1.368000000000000000e+03 1.393200000000000000e+04 -3.888000000000000000e+03 -3.060000000000000000e+02 4.840000000000000000e+02
-3.624000000000000000e+03 1.348000000000000000e+03 1.392800000000000000e+04 -3.904000000000000000e+03 -3.400000000000000000e+02 3.980000000000000000e+02
-3.584000000000000000e+03 1.344000000000000000e+03 1.406400000000000000e+04 -3.888000000000000000e+03 -3.540000000000000000e+02 1.790000000000000000e+02
-3.676000000000000000e+03 1.224000000000000000e+03 1.402000000000000000e+04 -3.888000000000000000e+03 -4.040000000000000000e+02 -1.150000000000000000e+02
-3.628000000000000000e+03 1.396000000000000000e+03 1.386400000000000000e+04 -3.888000000000000000e+03 -3.710000000000000000e+02 -4.180000000000000000e+02
-3.752000000000000000e+03 1.432000000000000000e+03 1.401600000000000000e+04 -3.888000000000000000e+03 -3.740000000000000000e+02 -7.150000000000000000e+02
-3.624000000000000000e+03 1.424000000000000000e+03 1.392400000000000000e+04 -3.920000000000000000e+03 -2.880000000000000000e+02 -9.300000000000000000e+02
-3.736000000000000000e+03 1.600000000000000000e+03 1.393200000000000000e+04 -3.920000000000000000e+03 -2.030000000000000000e+02 -1.040000000000000000e+03
-3.788000000000000000e+03 1.412000000000000000e+03 1.385200000000000000e+04 -3.888000000000000000e+03 -1.740000000000000000e+02 -1.053000000000000000e+03
-3.804000000000000000e+03 1.348000000000000000e+03 1.370000000000000000e+04 -3.920000000000000000e+03 -1.030000000000000000e+02 -9.640000000000000000e+02
-3.980000000000000000e+03 1.372000000000000000e+03 1.375200000000000000e+04 -3.920000000000000000e+03 -8.400000000000000000e+01 -7.720000000000000000e+02
-3.812000000000000000e+03 1.316000000000000000e+03 1.392400000000000000e+04 -3.888000000000000000e+03 -1.010000000000000000e+02 -4.860000000000000000e+02
-4.024000000000000000e+03 1.260000000000000000e+03 1.382400000000000000e+04 -3.888000000000000000e+03 -1.490000000000000000e+02 -1.540000000000000000e+02
-3.936000000000000000e+03 1.320000000000000000e+03 1.414400000000000000e+04 -3.904000000000000000e+03 -1.550000000000000000e+02 1.970000000000000000e+02
-4.012000000000000000e+03 1.404000000000000000e+03 1.409600000000000000e+04 -3.888000000000000000e+03 -1.930000000000000000e+02 4.960000000000000000e+02
-4.024000000000000000e+03 1.384000000000000000e+03 1.396000000000000000e+04 -3.888000000000000000e+03 -2.470000000000000000e+02 7.280000000000000000e+02
-3.860000000000000000e+03 1.424000000000000000e+03 1.375200000000000000e+04 -3.872000000000000000e+03 -2.690000000000000000e+02 8.410000000000000000e+02
-3.780000000000000000e+03 1.268000000000000000e+03 1.377600000000000000e+04 -3.936000000000000000e+03 -2.660000000000000000e+02 9.230000000000000000e+02
