-6.376000000000000000e+03 1.140000000000000000e+03 1.278400000000000000e+04 -3.920000000000000000e+03 -2.980000000000000000e+02 -4.370000000000000000e+02
-6.376000000000000000e+03 1.256000000000000000e+03 1.265200000000000000e+04 -3.952000000000000000e+03 -2.840000000000000000e+02 -5.350000000000000000e+02
-6.348000000000000000e+03 1.172000000000000000e+03 1.253600000000000000e+04 -3.952000000000000000e+03 -2.350000000000000000e+02 -5.700000000000000000e+02
-6.440000000000000000e+03 1.112000000000000000e+03 1.256800000000000000e+04 -3.968000000000000000e+03 -2.630000000000000000e+02 -5.630000000000000000e+02
-6.544000000000000000e+03 1.228000000000000000e+03 1.281600000000000000e+04 -3.936000000000000000e+03 -2.960000000000000000e+02 -5.040000000000000000e+02
-6.504000000000000000e+03 1.236000000000000000e+03 1.290000000000000000e+04 -3.952000000000000000e+03 -3.040000000000000000e+02 -4.730000000000000000e+02
-6.788000000000000000e+03 1.168000000000000000e+03 1.312400000000000000e+04 -3.952000000000000000e+03 -3.090000000000000000e+02 -4.110000000000000000e+02
-6.888000000000000000e+03 1.244000000000000000e+03 1.287200000000000000e+04 -3.968000000000000000e+03 -3.060000000000000000e+02 -3.550000000000000000e+02
-6.784000000000000000e+03 1.076000000000000000e+03 1.281600000000000000e+04 -3.968000000000000000e+03 -2.890000000000000000e+02 -2.860000000000000000e+02
-6.860000000000000000e+03 1.096000000000000000e+03 1.268000000000000000e+04 -3.952000000000000000e+03 -2.820000000000000000e+02 -2.250000000000000000e+02
-6.792000000000000000e+03 1.348000000000000000e+03 1.236000000000000000e+04 -3.984000000000000000e+03 -2.230000000000000000e+02 -1.870000000000000000e+02
-6.676000000000000000e+03 1.208000000000000000e+03 1.274400000000000000e+04 -3.952000000000000000e+03 -2.520000000000000000e+02 -1.510000000000000000e+02
-6.864000000000000000e+03 1.160000000000000000e+03 1.291200000000000000e+04 -3.952000000000000000e+03 -2.510000000000000000e+02 -9.500000000000000000e+01
-7.208000000000000000e+03 1.160000000000000000e+03 1.289200000000000000e+04 -3.936000000000000000e+03 -2.470000000000000000e+02 -5.900000000000000000e+01
-7.080000000000000000e+03 1.200000000000000000e+03 1.308400000000000000e+04 -3.968000000000000000e+03 -2.630000000000000000e+02 1.000000000000000000e+01
-7.140000000000000000e+03 1.072000000000000000e+03 1.275200000000000000e+04 -3.952000000000000000e+03 -2.970000000000000000e+02 3.500000000000000000e+01
-7.024000000000000000e+03 8.800000000000000000e+02 1.266400000000000000e+04 -3.952000000000000000e+03 -2.580000000000000000e+02 4.500000000000000000e+01
-6.736000000000000000e+03 6.360000000000000000e+02 1.238000000000000000e+04 -3.936000000000000000e+03 -2.300000000000000000e+02 1.160000000000000000e+02
-6.884000000000000000e+03 5.640000000000000000e+02 1.235200000000000000e+04 -3.968000000000000000e+03 -2.110000000000000000e+02 1.100000000000000000e+02
-6.540000000000000000e+03 8.680000000000000000e+02 1.290800000000000000e+04 -3.952000000000000000e+03 -1.480000000000000000e+02 1.020000000000000000e+02
-6.560000000000000000e+03 1.044000000000000000e+03 1.314400000000000000e+04 -3.952000000000000000e+03 -1.250000000000000000e+02 8.200000000000000000e+01
-6.652000000000000000e+03 1.272000000000000000e+03 1.323600000000000000e+04 -3.936000000000000000e+03 -8.600000000000000000e+01 6.900000000000000000e+01
-6.692000000000000000e+03 1.312000000000000000e+03 1.310000000000000000e+04 -3.952000000000000000e+03 -9.800000000000000000e+01 4.500000000000000000e+01
-6.816000000000000000e+03 1.432000000000000000e+03 1.309600000000000000e+04 -3.952000000000000000e+03 -7.000000000000000000e+01 -3.000000000000000000e+01
-7.112000000000000000e+03 1.300000000000000000e+03 1.288800000000000000e+04 -3.952000000000000000e+03 -9.000000000000000000e+01 -7.700000000000000000e+01
-7.124000000000000000e+03 1.476000000000000000e+03 1.260800000000000000e+04 -3.968000000000000000e+03 -6.100000000000000000e+01 -1.800000000000000000e+02
-6.840000000000000000e+03 1.396000000000000000e+03 1.258000000000000000e+04 -3.952000000000000000e+03 -1.100000000000000000e+02 -2.300000000000000000e+02
-6.780000000000000000e+03 1.524000000000000000e+03 1.263200000000000000e+04 -3.984000000000000000e+03 -1.230000000000000000e+02 -3.300000000000000000e+02
-6.536000000000000000e+03 1.548000000000000000e+03 1.288400000000000000e+04 -3.968000000000000000e+03 -1.200000000000000000e+02 -4.300000000000000000e+02
-6.912000000000000000e+03 1.432000000000000000e+03 1.308000000000000000e+04 -3.952000000000000000e+03 -1.290000000000000000e+02 -5.510000000000000000e+02
-6.640000000000000000e+03 1.436000000000000000e+03 1.318800000000000000e+04 -3.952000000000000000e+03 -1.170000000000000000e+02 -6.960000000000000000e+02
-6.468000000000000000e+03 1.264000000000000000e+03 1.306800000000000000e+04 -3.920000000000000000e+03 -7.700000000000000000e+01 -7.490000000000000000e+02
-6.456000000000000000e+03 1.204000000000000000e+03 1.299200000000000000e+04 -3.984000000000000000e+03 -6.400000000000000000e+01 -7.770000000000000000e+02
-6.208000000000000000e+03 1.164000000000000000e+03 1.314800000000000000e+04 -3.936000000000000000e+03 -2.500000000000000000e+01 -8.100000000000000000e+02
-6.188000000000000000e+03 1.280000000000000000e+03 1.309200000000000000e+04 -3.952000000000000000e+03 -2.000000000000000000e+01 -7.660000000000000000e+02
-6.088000000000000000e+03 1.244000000000000000e+03 1.315600000000000000e+04 -3.968000000000000000e+03 -3.900000000000000000e+01 -7.190000000000000000e+02
-6.276000000000000000e+03 1.420000000000000000e+03 1.316000000000000000e+04 -3.952000000000000000e+03 -2.500000000000000000e+01 -6.520000000000000000e+02
-6.044000000000000000e+03 1.392000000000000000e+03 1.335200000000000000e+04 -3.952000000000000000e+03 -3.100000000000000000e+01 -5.970000000000000000e+02
-6.068000000000000000e+03 1.212000000000000000e+03 1.335600000000000000e+04 -3.952000000000000000e+03 -9.900000000000000000e+01 -5.630000000000000000e+02
-6.128000000000000000e+03 1.256000000000000000e+03 1.315200000000000000e+04 -3.968000000000000000e+03 -8.800000000000000000e+01 -4.070000000000000000e+02
-6.004000000000000000e+03 1.240000000000000000e+03 1.327200000000000000e+04 -3.968000000000000000e+03 -1.120000000000000000e+02 -2.790000000000000000e+02
-5.840000000000000000e+03 1.288000000000000000e+03 1.324800000000000000e+04 -3.968000000000000000e+03 -1.680000000000000000e+02 -2.170000000000000000e+02
-5.980000000000000000e+03 1.292000000000000000e+03 1.306800000000000000e+04 -3.968000000000000000e+03 -1.980000000000000000e+02 -1.150000000000000000e+02
-5.956000000000000000e+03 1.204000000000000000e+03 1.308400000000000000e+04 -3.952000000000000000e+03 -2.250000000000000000e+02 0.000000000000000000e+00
-5.744000000000000000e+03 1.184000000000000000e+03 1.338800000000000000e+04 -3.936000000000000000e+03 -2.260000000000000000e+02 1.020000000000000000e+02
-5.932000000000000000e+03 1.212000000000000000e+03 1.336000000000000000e+04 -3.952000000000000000e+03 -2.440000000000000000e+02 1.870000000000000000e+02
-5.788000000000000000e+03 1.472000000000000000e+03 1.325600000000000000e+04 -3.952000000000000000e+03 -2.380000000000000000e+02 2.930000000000000000e+02
-5.744000000000000000e+03 1.520000000000000000e+03 1.344400000000000000e+04 -3.952000000000000000e+03 -3.050000000000000000e+02 4.430000000000000000e+02
-5.800000000000000000e+03 1.596000000000000000e+03 1.318800000000000000e+04 -3.984000000000000000e+03 -2.940000000000000000e+02 4.580000000000000000e+02
-5.680000000000000000e+03 1.388000000000000000e+03 1.358400000000000000e+04 -3.968000000000000000e+03 -2.910000000000000000e+02 4.680000000000000000e+02
-5.720000000000000000e+03 1.412000000000000000e+03 1.379600000000000000e+04 -3.968000000000000000e+03 -3.310000000000000000e+02 4.450000000000000000e+02
-5.404000000000000000e+03 1.348000000000000000e+03 1.368000000000000000e+04 -3.952000000000000000e+03 -3.390000000000000000e+02 3.390000000000000000e+02
-5.716000000000000000e+03 1.400000000000000000e+03 1.349200000000000000e+04 -3.952000000000000000e+03 -3.160000000000000000e+02 3.540000000000000000e+02
