1.284000000000000000e+03 2.004000000000000000e+03 1.427200000000000000e+04 -4.160000000000000000e+03 -3.040000000000000000e+02 1.420000000000000000e+02
1.348000000000000000e+03 1.964000000000000000e+03 1.430800000000000000e+04 -4.176000000000000000e+03 -3.020000000000000000e+02 1.110000000000000000e+02
1.400000000000000000e+03 1.980000000000000000e+03 1.449200000000000000e+04 -4.160000000000000000e+03 -3.010000000000000000e+02 9.900000000000000000e+01
1.172000000000000000e+03 2.028000000000000000e+03 1.461600000000000000e+04 -4.144000000000000000e+03 -2.830000000000000000e+02 6.300000000000000000e+01
1.320000000000000000e+03 2.132000000000000000e+03 1.445600000000000000e+04 -4.144000000000000000e+03 -2.900000000000000000e+02 8.200000000000000000e+01
1.228000000000000000e+03 1.984000000000000000e+03 1.455200000000000000e+04 -4.160000000000000000e+03 -2.690000000000000000e+02 1.020000000000000000e+02
1.320000000000000000e+03 2.004000000000000000e+03 1.447200000000000000e+04 -4.176000000000000000e+03 -2.740000000000000000e+02 1.020000000000000000e+02
1.244000000000000000e+03 2.008000000000000000e+03 1.440800000000000000e+04 -4.128000000000000000e+03 -2.550000000000000000e+02 1.080000000000000000e+02
1.356000000000000000e+03 2.004000000000000000e+03 1.444800000000000000e+04 -4.144000000000000000e+03 -2.720000000000000000e+02 1.410000000000000000e+02
1.136000000000000000e+03 1.968000000000000000e+03 1.441200000000000000e+04 -4.160000000000000000e+03 -2.720000000000000000e+02 1.550000000000000000e+02
1.208000000000000000e+03 1.980000000000000000e+03 1.455600000000000000e+04 -4.160000000000000000e+03 -2.780000000000000000e+02 1.920000000000000000e+02
1.224000000000000000e+03 1.996000000000000000e+03 1.448400000000000000e+04 -4.144000000000000000e+03 -2.520000000000000000e+02 2.860000000000000000e+02
1.132000000000000000e+03 1.996000000000000000e+03 1.443200000000000000e+04 -4.192000000000000000e+03 -2.700000000000000000e+02 3.100000000000000000e+02
1.176000000000000000e+03 2.076000000000000000e+03 1.456000000000000000e+04 -4.128000000000000000e+03 -2.700000000000000000e+02 3.340000000000000000e+02
1.100000000000000000e+03 2.020000000000000000e+03 1.447600000000000000e+04 -4.160000000000000000e+03 -2.800000000000000000e+02 4.190000000000000000e+02
1.028000000000000000e+03 1.904000000000000000e+03 1.459200000000000000e+04 -4.144000000000000000e+03 -2.730000000000000000e+02 4.210000000000000000e+02
1.244000000000000000e+03 1.852000000000000000e+03 1.433200000000000000e+04 -4.128000000000000000e+03 -2.830000000000000000e+02 4.680000000000000000e+02
1.012000000000000000e+03 1.972000000000000000e+03 1.448000000000000000e+04 -4.208000000000000000e+03 -2.710000000000000000e+02 5.400000000000000000e+02
1.160000000000000000e+03 2.020000000000000000e+03 1.447600000000000000e+04 -4.128000000000000000e+03 -2.790000000000000000e+02 6.350000000000000000e+02
1.100000000000000000e+03 2.012000000000000000e+03 1.454400000000000000e+04 -4.144000000000000000e+03 -2.710000000000000000e+02 5.290000000000000000e+02
1.080000000000000000e+03 2.100000000000000000e+03 1.453600000000000000e+04 -4.176000000000000000e+03 -2.950000000000000000e+02 2.080000000000000000e+02
1.096000000000000000e+03 1.940000000000000000e+03 1.462800000000000000e+04 -4.160000000000000000e+03 -3.150000000000000000e+02 2.600000000000000000e+01
1.176000000000000000e+03 1.988000000000000000e+03 1.442800000000000000e+04 -4.144000000000000000e+03 -3.210000000000000000e+02 6.600000000000000000e+01
1.224000000000000000e+03 2.068000000000000000e+03 1.448400000000000000e+04 -4.160000000000000000e+03 -3.100000000000000000e+02 1.790000000000000000e+02
1.308000000000000000e+03 2.024000000000000000e+03 1.446000000000000000e+04 -4.144000000000000000e+03 -2.850000000000000000e+02 2.940000000000000000e+02
1.344000000000000000e+03 2.012000000000000000e+03 1.434000000000000000e+04 -4.176000000000000000e+03 -2.420000000000000000e+02 3.390000000000000000e+02
1.284000000000000000e+03 2.060000000000000000e+03 1.443200000000000000e+04 -4.192000000000000000e+03 -2.770000000000000000e+02 4.020000000000000000e+02
1.104000000000000000e+03 1.968000000000000000e+03 1.448400000000000000e+04 -4.176000000000000000e+03 -3.020000000000000000e+02 4.090000000000000000e+02
1.296000000000000000e+03 1.956000000000000000e+03 1.441600000000000000e+04 -4.160000000000000000e+03 -2.410000000000000000e+02 4.180000000000000000e+02
1.080000000000000000e+03 1.932000000000000000e+03 1.443200000000000000e+04 -4.144000000000000000e+03 -2.530000000000000000e+02 4.180000000000000000e+02
1.052000000000000000e+03 2.044000000000000000e+03 1.440400000000000000e+04 -4.160000000000000000e+03 -3.100000000000000000e+02 3.800000000000000000e+02
1.240000000000000000e+03 1.916000000000000000e+03 1.442800000000000000e+04 -4.176000000000000000e+03 -3.320000000000000000e+02 3.380000000000000000e+02
1.104000000000000000e+03 1.856000000000000000e+03 1.462000000000000000e+04 -4.176000000000000000e+03 -3.250000000000000000e+02 3.250000000000000000e+02
1.072000000000000000e+03 1.836000000000000000e+03 1.463600000000000000e+04 -4.176000000000000000e+03 -2.940000000000000000e+02 3.040000000000000000e+02
7.000000000000000000e+02 2.108000000000000000e+03 1.457200000000000000e+04 -4.176000000000000000e+03 -2.470000000000000000e+02 2.830000000000000000e+02
2.760000000000000000e+02 2.376000000000000000e+03 1.466400000000000000e+04 -4.160000000000000000e+03 -3.030000000000000000e+02 2.600000000000000000e+02
8.400000000000000000e+02 2.236000000000000000e+03 1.420400000000000000e+04 -4.160000000000000000e+03 -3.140000000000000000e+02 2.390000000000000000e+02
1.516000000000000000e+03 1.908000000000000000e+03 1.415600000000000000e+04 -4.160000000000000000e+03 -3.030000000000000000e+02 2.230000000000000000e+02
1.296000000000000000e+03 1.768000000000000000e+03 1.457600000000000000e+04 -4.176000000000000000e+03 -2.680000000000000000e+02 2.050000000000000000e+02
1.020000000000000000e+03 1.840000000000000000e+03 1.472000000000000000e+04 -4.112000000000000000e+03 -2.870000000000000000e+02 1.770000000000000000e+02
7.440000000000000000e+02 2.112000000000000000e+03 1.471600000000000000e+04 -4.144000000000000000e+03 -2.720000000000000000e+02 1.460000000000000000e+02
9.640000000000000000e+02 2.140000000000000000e+03 1.430400000000000000e+04 -4.176000000000000000e+03 -2.650000000000000000e+02 1.380000000000000000e+02
1.044000000000000000e+03 2.100000000000000000e+03 1.430800000000000000e+04 -4.160000000000000000e+03 -2.890000000000000000e+02 1.450000000000000000e+02
1.156000000000000000e+03 1.948000000000000000e+03 1.446400000000000000e+04 -4.192000000000000000e+03 -2.780000000000000000e+02 1.150000000000000000e+02
8.960000000000000000e+02 1.920000000000000000e+03 1.472800000000000000e+04 -4.160000000000000000e+03 -2.810000000000000000e+02 1.130000000000000000e+02
7.560000000000000000e+02 1.932000000000000000e+03 1.461600000000000000e+04 -4.160000000000000000e+03 -2.630000000000000000e+02 1.050000000000000000e+02
4.840000000000000000e+02 1.976000000000000000e+03 1.458000000000000000e+04 -4.176000000000000000e+03 -2.690000000000000000e+02 1.330000000000000000e+02
7.160000000000000000e+02 1.900000000000000000e+03 1.443200000000000000e+04 -4.144000000000000000e+03 -2.970000000000000000e+02 1.440000000000000000e+02
9.320000000000000000e+02 1.900000000000000000e+03 1.452000000000000000e+04 -4.176000000000000000e+03 -2.680000000000000000e+02 1.540000000000000000e+02
8.640000000000000000e+02 1.908000000000000000e+03 1.456400000000000000e+04 -4.160000000000000000e+03 -2.860000000000000000e+02 1.620000000000000000e+02
8.880000000000000000e+02 1.956000000000000000e+03 1.449600000000000000e+04 -4.160000000000000000e+03 -2.820000000000000000e+02 1.690000000000000000e+02
5.800000000000000000e+02 2.020000000000000000e+03 1.449600000000000000e+04 -4.160000000000000000e+03 -2.610000000000000000e+02 2.040000000000000000e+02
7.400000000000000000e+02 2.048000000000000000e+03 1.457600000000000000e+04 -4.160000000000000000e+03 -2.510000000000000000e+02 2.060000000000000000e+02
6.440000000000000000e+02 1.900000000000000000e+03 1.461600000000000000e+04 -4.176000000000000000e+03 -2.680000000000000000e+02 1.890000000000000000e+02
7.680000000000000000e+02 1.912000000000000000e+03 1.446000000000000000e+04 -4.176000000000000000e+03 -2.810000000000000000e+02 2.260000000000000000e+02
6.160000000000000000e+02 1.960000000000000000e+03 1.445200000000000000e+04 -4.144000000000000000e+03 -2.780000000000000000e+02 2.250000000000000000e+02
6.440000000000000000e+02 1.896000000000000000e+03 1.459600000000000000e+04 -4.192000000000000000e+03 -2.660000000000000000e+02 2.330000000000000000e+02
7.560000000000000000e+02 2.052000000000000000e+03 1.459600000000000000e+04 -4.160000000000000000e+03 -2.800000000000000000e+02 1.930000000000000000e+02
6.760000000000000000e+02 1.948000000000000000e+03 1.462400000000000000e+04 -4.160000000000000000e+03 -3.000000000000000000e+02 2.350000000000000000e+02
7.240000000000000000e+02 1.940000000000000000e+03 1.433200000000000000e+04 -4.160000000000000000e+03 -2.730000000000000000e+02 2.140000000000000000e+02
8.320000000000000000e+02 1.940000000000000000e+03 1.438400000000000000e+04 -4.176000000000000000e+03 -2.780000000000000000e+02 1.900000000000000000e+02
7.680000000000000000e+02 1.892000000000000000e+03 1.446800000000000000e+04 -4.144000000000000000e+03 -2.680000000000000000e+02 1.870000000000000000e+02
9.160000000000000000e+02 1.960000000000000000e+03 1.442000000000000000e+04 -4.208000000000000000e+03 -2.850000000000000000e+02 1.890000000000000000e+02
9.080000000000000000e+02 1.976000000000000000e+03 1.448800000000000000e+04 -4.160000000000000000e+03 -2.680000000000000000e+02 1.570000000000000000e+02
9.160000000000000000e+02 1.980000000000000000e+03 1.448000000000000000e+04 -4.160000000000000000e+03 -2.840000000000000000e+02 1.820000000000000000e+02
7.920000000000000000e+02 2.000000000000000000e+03 1.462400000000000000e+04 -4.160000000000000000e+03 -2.670000000000000000e+02 1.570000000000000000e+02
7.440000000000000000e+02 1.952000000000000000e+03 1.449200000000000000e+04 -4.144000000000000000e+03 -2.830000000000000000e+02 1.570000000000000000e+02
7.920000000000000000e+02 1.888000000000000000e+03 1.429200000000000000e+04 -4.176000000000000000e+03 -2.710000000000000000e+02 1.360000000000000000e+02
