8.200000000000000000e+02 1.944000000000000000e+03 1.443200000000000000e+04 -4.128000000000000000e+03 -2.960000000000000000e+02 2.520000000000000000e+02
8.360000000000000000e+02 1.880000000000000000e+03 1.449600000000000000e+04 -4.160000000000000000e+03 -2.950000000000000000e+02 2.160000000000000000e+02
8.560000000000000000e+02 1.924000000000000000e+03 1.451200000000000000e+04 -4.160000000000000000e+03 -2.910000000000000000e+02 2.020000000000000000e+02
5.920000000000000000e+02 1.896000000000000000e+03 1.436400000000000000e+04 -4.144000000000000000e+03 -2.930000000000000000e+02 2.040000000000000000e+02
8.800000000000000000e+02 2.024000000000000000e+03 1.449600000000000000e+04 -4.176000000000000000e+03 -2.920000000000000000e+02 1.710000000000000000e+02
7.720000000000000000e+02 2.024000000000000000e+03 1.447200000000000000e+04 -4.144000000000000000e+03 -2.730000000000000000e+02 1.670000000000000000e+02
7.000000000000000000e+02 1.888000000000000000e+03 1.460400000000000000e+04 -4.160000000000000000e+03 -2.660000000000000000e+02 1.890000000000000000e+02
7.000000000000000000e+02 1.964000000000000000e+03 1.451600000000000000e+04 -4.192000000000000000e+03 -2.710000000000000000e+02 1.860000000000000000e+02
5.600000000000000000e+02 2.008000000000000000e+03 1.450800000000000000e+04 -4.160000000000000000e+03 -2.940000000000000000e+02 1.870000000000000000e+02
5.880000000000000000e+02 1.916000000000000000e+03 1.456000000000000000e+04 -4.160000000000000000e+03 -2.900000000000000000e+02 1.940000000000000000e+02
8.120000000000000000e+02 1.992000000000000000e+03 1.439600000000000000e+04 -4.176000000000000000e+03 -2.890000000000000000e+02 1.970000000000000000e+02
6.200000000000000000e+02 1.940000000000000000e+03 1.456400000000000000e+04 -4.176000000000000000e+03 -2.770000000000000000e+02 1.650000000000000000e+02
5.680000000000000000e+02 1.936000000000000000e+03 1.442000000000000000e+04 -4.144000000000000000e+03 -2.690000000000000000e+02 1.590000000000000000e+02
6.040000000000000000e+02 1.864000000000000000e+03 1.457200000000000000e+04 -4.176000000000000000e+03 -2.950000000000000000e+02 1.370000000000000000e+02
7.840000000000000000e+02 2.012000000000000000e+03 1.456000000000000000e+04 -4.160000000000000000e+03 -3.020000000000000000e+02 9.500000000000000000e+01
6.040000000000000000e+02 1.920000000000000000e+03 1.460000000000000000e+04 -4.176000000000000000e+03 -2.620000000000000000e+02 8.300000000000000000e+01
6.760000000000000000e+02 1.864000000000000000e+03 1.450800000000000000e+04 -4.160000000000000000e+03 -2.650000000000000000e+02 7.700000000000000000e+01
5.720000000000000000e+02 1.856000000000000000e+03 1.447200000000000000e+04 -4.160000000000000000e+03 -2.790000000000000000e+02 1.310000000000000000e+02
5.680000000000000000e+02 1.952000000000000000e+03 1.454000000000000000e+04 -4.160000000000000000e+03 -2.530000000000000000e+02 1.460000000000000000e+02
6.120000000000000000e+02 1.916000000000000000e+03 1.442800000000000000e+04 -4.176000000000000000e+03 -2.620000000000000000e+02 2.020000000000000000e+02
6.440000000000000000e+02 1.852000000000000000e+03 1.432800000000000000e+04 -4.160000000000000000e+03 -2.750000000000000000e+02 2.380000000000000000e+02
7.400000000000000000e+02 1.884000000000000000e+03 1.468000000000000000e+04 -4.144000000000000000e+03 -2.630000000000000000e+02 2.470000000000000000e+02
6.000000000000000000e+02 1.940000000000000000e+03 1.456400000000000000e+04 -4.144000000000000000e+03 -2.830000000000000000e+02 2.670000000000000000e+02
5.600000000000000000e+02 1.884000000000000000e+03 1.436800000000000000e+04 -4.176000000000000000e+03 -2.820000000000000000e+02 2.390000000000000000e+02
7.000000000000000000e+02 1.976000000000000000e+03 1.444800000000000000e+04 -4.176000000000000000e+03 -3.100000000000000000e+02 2.800000000000000000e+02
5.840000000000000000e+02 1.920000000000000000e+03 1.439200000000000000e+04 -4.112000000000000000e+03 -3.010000000000000000e+02 2.430000000000000000e+02
7.840000000000000000e+02 2.008000000000000000e+03 1.437600000000000000e+04 -4.160000000000000000e+03 -2.840000000000000000e+02 2.660000000000000000e+02
8.680000000000000000e+02 1.932000000000000000e+03 1.445600000000000000e+04 -4.160000000000000000e+03 -2.860000000000000000e+02 2.860000000000000000e+02
8.360000000000000000e+02 1.868000000000000000e+03 1.444400000000000000e+04 -4.160000000000000000e+03 -2.840000000000000000e+02 3.120000000000000000e+02
7.200000000000000000e+02 1.872000000000000000e+03 1.440000000000000000e+04 -4.160000000000000000e+03 -2.780000000000000000e+02 3.080000000000000000e+02
8.040000000000000000e+02 1.840000000000000000e+03 1.434400000000000000e+04 -4.176000000000000000e+03 -3.090000000000000000e+02 2.990000000000000000e+02
6.960000000000000000e+02 1.880000000000000000e+03 1.450400000000000000e+04 -4.144000000000000000e+03 -3.010000000000000000e+02 2.420000000000000000e+02
5.560000000000000000e+02 1.972000000000000000e+03 1.442000000000000000e+04 -4.176000000000000000e+03 -2.750000000000000000e+02 2.050000000000000000e+02
7.360000000000000000e+02 2.024000000000000000e+03 1.443200000000000000e+04 -4.176000000000000000e+03 -2.820000000000000000e+02 2.410000000000000000e+02
6.520000000000000000e+02 1.944000000000000000e+03 1.449600000000000000e+04 -4.144000000000000000e+03 -2.870000000000000000e+02 2.740000000000000000e+02
6.480000000000000000e+02 1.816000000000000000e+03 1.441200000000000000e+04 -4.160000000000000000e+03 -2.790000000000000000e+02 2.980000000000000000e+02
5.920000000000000000e+02 1.828000000000000000e+03 1.456800000000000000e+04 -4.128000000000000000e+03 -2.770000000000000000e+02 3.000000000000000000e+02
5.200000000000000000e+02 1.924000000000000000e+03 1.457600000000000000e+04 -4.160000000000000000e+03 -2.950000000000000000e+02 2.430000000000000000e+02
4.880000000000000000e+02 1.892000000000000000e+03 1.449200000000000000e+04 -4.144000000000000000e+03 -3.010000000000000000e+02 1.800000000000000000e+02
6.440000000000000000e+02 2.024000000000000000e+03 1.461200000000000000e+04 -4.144000000000000000e+03 -2.900000000000000000e+02 1.350000000000000000e+02
4.240000000000000000e+02 1.996000000000000000e+03 1.447600000000000000e+04 -4.144000000000000000e+03 -2.930000000000000000e+02 1.000000000000000000e+02
2.880000000000000000e+02 1.972000000000000000e+03 1.440800000000000000e+04 -4.144000000000000000e+03 -2.750000000000000000e+02 -4.100000000000000000e+01
6.880000000000000000e+02 1.968000000000000000e+03 1.434400000000000000e+04 -4.160000000000000000e+03 -2.640000000000000000e+02 -3.700000000000000000e+01
5.320000000000000000e+02 1.928000000000000000e+03 1.432400000000000000e+04 -4.160000000000000000e+03 -2.720000000000000000e+02 2.000000000000000000e+01
6.400000000000000000e+02 1.736000000000000000e+03 1.452000000000000000e+04 -4.160000000000000000e+03 -2.570000000000000000e+02 1.380000000000000000e+02
5.680000000000000000e+02 1.724000000000000000e+03 1.457600000000000000e+04 -4.160000000000000000e+03 -2.500000000000000000e+02 2.680000000000000000e+02
4.320000000000000000e+02 1.988000000000000000e+03 1.447600000000000000e+04 -4.160000000000000000e+03 -2.640000000000000000e+02 3.070000000000000000e+02
4.360000000000000000e+02 2.108000000000000000e+03 1.441600000000000000e+04 -4.160000000000000000e+03 -2.860000000000000000e+02 2.920000000000000000e+02
6.160000000000000000e+02 2.100000000000000000e+03 1.450800000000000000e+04 -4.160000000000000000e+03 -2.850000000000000000e+02 2.660000000000000000e+02
4.880000000000000000e+02 2.016000000000000000e+03 1.437600000000000000e+04 -4.144000000000000000e+03 -2.840000000000000000e+02 2.060000000000000000e+02
4.960000000000000000e+02 1.924000000000000000e+03 1.445600000000000000e+04 -4.160000000000000000e+03 -2.840000000000000000e+02 1.850000000000000000e+02
6.040000000000000000e+02 1.748000000000000000e+03 1.436800000000000000e+04 -4.160000000000000000e+03 -2.910000000000000000e+02 1.620000000000000000e+02
8.880000000000000000e+02 1.740000000000000000e+03 1.446400000000000000e+04 -4.128000000000000000e+03 -2.680000000000000000e+02 1.910000000000000000e+02
7.960000000000000000e+02 1.792000000000000000e+03 1.457200000000000000e+04 -4.160000000000000000e+03 -2.730000000000000000e+02 1.460000000000000000e+02
5.640000000000000000e+02 1.964000000000000000e+03 1.454000000000000000e+04 -4.176000000000000000e+03 -2.710000000000000000e+02 1.110000000000000000e+02
4.640000000000000000e+02 2.052000000000000000e+03 1.436800000000000000e+04 -4.144000000000000000e+03 -2.770000000000000000e+02 5.700000000000000000e+01
4.440000000000000000e+02 2.104000000000000000e+03 1.467200000000000000e+04 -4.144000000000000000e+03 -2.800000000000000000e+02 3.000000000000000000e+00
4.120000000000000000e+02 1.936000000000000000e+03 1.447600000000000000e+04 -4.144000000000000000e+03 -2.660000000000000000e+02 -5.700000000000000000e+01
5.040000000000000000e+02 1.852000000000000000e+03 1.443600000000000000e+04 -4.160000000000000000e+03 -2.400000000000000000e+02 -1.600000000000000000e+01
4.800000000000000000e+02 1.844000000000000000e+03 1.445200000000000000e+04 -4.160000000000000000e+03 -2.730000000000000000e+02 4.600000000000000000e+01
5.000000000000000000e+02 1.876000000000000000e+03 1.456000000000000000e+04 -4.128000000000000000e+03 -2.550000000000000000e+02 7.300000000000000000e+01
4.920000000000000000e+02 1.936000000000000000e+03 1.455600000000000000e+04 -4.144000000000000000e+03 -2.550000000000000000e+02 1.070000000000000000e+02
5.040000000000000000e+02 1.816000000000000000e+03 1.444000000000000000e+04 -4.160000000000000000e+03 -2.570000000000000000e+02 1.320000000000000000e+02
5.960000000000000000e+02 1.924000000000000000e+03 1.451600000000000000e+04 -4.160000000000000000e+03 -2.700000000000000000e+02 1.610000000000000000e+02
3.640000000000000000e+02 2.048000000000000000e+03 1.439200000000000000e+04 -4.128000000000000000e+03 -2.700000000000000000e+02 1.980000000000000000e+02
5.440000000000000000e+02 1.908000000000000000e+03 1.442400000000000000e+04 -4.144000000000000000e+03 -2.640000000000000000e+02 1.670000000000000000e+02
5.640000000000000000e+02 1.876000000000000000e+03 1.447200000000000000e+04 -4.128000000000000000e+03 -2.710000000000000000e+02 1.560000000000000000e+02
7.040000000000000000e+02 1.944000000000000000e+03 1.450400000000000000e+04 -4.144000000000000000e+03 -2.760000000000000000e+02 1.240000000000000000e+02
8.360000000000000000e+02 1.840000000000000000e+03 1.449200000000000000e+04 -4.144000000000000000e+03 -2.850000000000000000e+02 1.050000000000000000e+02
6.960000000000000000e+02 1.872000000000000000e+03 1.440400000000000000e+04 -4.144000000000000000e+03 -2.810000000000000000e+02 1.190000000000000000e+02
6.280000000000000000e+02 1.900000000000000000e+03 1.450000000000000000e+04 -4.176000000000000000e+03 -2.680000000000000000e+02 1.320000000000000000e+02
6.040000000000000000e+02 1.972000000000000000e+03 1.454000000000000000e+04 -4.160000000000000000e+03 -2.880000000000000000e+02 1.620000000000000000e+02
6.200000000000000000e+02 1.912000000000000000e+03 1.446000000000000000e+04 -4.128000000000000000e+03 -2.720000000000000000e+02 1.900000000000000000e+02
6.920000000000000000e+02 1.936000000000000000e+03 1.446000000000000000e+04 -4.160000000000000000e+03 -2.810000000000000000e+02 1.950000000000000000e+02
