-2.824000000000000000e+03 1.784000000000000000e+03 1.439200000000000000e+04 -4.208000000000000000e+03 -2.300000000000000000e+02 3.800000000000000000e+01
-2.748000000000000000e+03 1.696000000000000000e+03 1.431600000000000000e+04 -4.224000000000000000e+03 -2.280000000000000000e+02 1.860000000000000000e+02
-2.864000000000000000e+03 1.740000000000000000e+03 1.418400000000000000e+04 -4.208000000000000000e+03 -2.880000000000000000e+02 3.270000000000000000e+02
-2.664000000000000000e+03 1.724000000000000000e+03 1.416400000000000000e+04 -4.208000000000000000e+03 -3.200000000000000000e+02 4.880000000000000000e+02
-2.612000000000000000e+03 1.788000000000000000e+03 1.430400000000000000e+04 -4.224000000000000000e+03 -3.540000000000000000e+02 5.590000000000000000e+02
-2.372000000000000000e+03 1.788000000000000000e+03 1.440000000000000000e+04 -4.192000000000000000e+03 -3.700000000000000000e+02 5.740000000000000000e+02
-2.504000000000000000e+03 1.788000000000000000e+03 1.432800000000000000e+04 -4.192000000000000000e+03 -3.800000000000000000e+02 4.830000000000000000e+02
-2.604000000000000000e+03 1.724000000000000000e+03 1.422400000000000000e+04 -4.208000000000000000e+03 -3.830000000000000000e+02 3.580000000000000000e+02
-2.720000000000000000e+03 1.612000000000000000e+03 1.428800000000000000e+04 -4.192000000000000000e+03 -3.370000000000000000e+02 1.850000000000000000e+02
-2.596000000000000000e+03 1.652000000000000000e+03 1.406400000000000000e+04 -4.208000000000000000e+03 -3.360000000000000000e+02 6.300000000000000000e+01
-2.672000000000000000e+03 1.636000000000000000e+03 1.398000000000000000e+04 -4.176000000000000000e+03 -2.800000000000000000e+02 -6.100000000000000000e+01
-2.760000000000000000e+03 1.492000000000000000e+03 1.412000000000000000e+04 -4.224000000000000000e+03 -2.900000000000000000e+02 -1.170000000000000000e+02
-2.880000000000000000e+03 1.600000000000000000e+03 1.432000000000000000e+04 -4.224000000000000000e+03 -2.890000000000000000e+02 -9.200000000000000000e+01
-2.700000000000000000e+03 1.552000000000000000e+03 1.422800000000000000e+04 -4.192000000000000000e+03 -2.540000000000000000e+02 -3.300000000000000000e+01
-2.844000000000000000e+03 1.740000000000000000e+03 1.428400000000000000e+04 -4.192000000000000000e+03 -2.660000000000000000e+02 3.100000000000000000e+01
-2.828000000000000000e+03 1.812000000000000000e+03 1.396400000000000000e+04 -4.208000000000000000e+03 -2.800000000000000000e+02 1.460000000000000000e+02
-2.672000000000000000e+03 1.688000000000000000e+03 1.400000000000000000e+04 -4.208000000000000000e+03 -2.470000000000000000e+02 2.220000000000000000e+02
-2.448000000000000000e+03 1.800000000000000000e+03 1.400800000000000000e+04 -4.192000000000000000e+03 -2.540000000000000000e+02 2.860000000000000000e+02
-2.308000000000000000e+03 1.756000000000000000e+03 1.397600000000000000e+04 -4.208000000000000000e+03 -2.780000000000000000e+02 2.950000000000000000e+02
-2.404000000000000000e+03 1.720000000000000000e+03 1.430400000000000000e+04 -4.176000000000000000e+03 -2.960000000000000000e+02 2.520000000000000000e+02
-2.420000000000000000e+03 1.664000000000000000e+03 1.432400000000000000e+04 -4.176000000000000000e+03 -2.530000000000000000e+02 2.650000000000000000e+02
-2.760000000000000000e+03 1.572000000000000000e+03 1.408800000000000000e+04 -4.208000000000000000e+03 -2.010000000000000000e+02 2.190000000000000000e+02
-2.680000000000000000e+03 1.636000000000000000e+03 1.403600000000000000e+04 -4.208000000000000000e+03 -2.130000000000000000e+02 1.620000000000000000e+02
-2.764000000000000000e+03 1.488000000000000000e+03 1.418400000000000000e+04 -4.192000000000000000e+03 -2.040000000000000000e+02 1.450000000000000000e+02
-2.524000000000000000e+03 1.684000000000000000e+03 1.427200000000000000e+04 -4.224000000000000000e+03 -2.350000000000000000e+02 1.410000000000000000e+02
-2.528000000000000000e+03 1.704000000000000000e+03 1.438400000000000000e+04 -4.192000000000000000e+03 -2.600000000000000000e+02 2.150000000000000000e+02
-2.644000000000000000e+03 1.700000000000000000e+03 1.422000000000000000e+04 -4.160000000000000000e+03 -2.330000000000000000e+02 2.940000000000000000e+02
-2.848000000000000000e+03 1.712000000000000000e+03 1.402000000000000000e+04 -4.160000000000000000e+03 -2.930000000000000000e+02 3.790000000000000000e+02
-2.676000000000000000e+03 1.560000000000000000e+03 1.411200000000000000e+04 -4.208000000000000000e+03 -2.840000000000000000e+02 5.050000000000000000e+02
-2.936000000000000000e+03 1.632000000000000000e+03 1.428800000000000000e+04 -4.208000000000000000e+03 -3.220000000000000000e+02 6.000000000000000000e+02
-2.584000000000000000e+03 1.628000000000000000e+03 1.422800000000000000e+04 -4.208000000000000000e+03 -3.470000000000000000e+02 6.410000000000000000e+02
-2.832000000000000000e+03 1.636000000000000000e+03 1.408400000000000000e+04 -4.208000000000000000e+03 -3.180000000000000000e+02 6.630000000000000000e+02
-2.772000000000000000e+03 1.672000000000000000e+03 1.404800000000000000e+04 -4.208000000000000000e+03 -3.320000000000000000e+02 5.960000000000000000e+02
-2.836000000000000000e+03 1.564000000000000000e+03 1.407600000000000000e+04 -4.224000000000000000e+03 -3.850000000000000000e+02 5.110000000000000000e+02
-2.836000000000000000e+03 1.680000000000000000e+03 1.435200000000000000e+04 -4.160000000000000000e+03 -3.500000000000000000e+02 3.100000000000000000e+02
-2.752000000000000000e+03 1.628000000000000000e+03 1.417200000000000000e+04 -4.192000000000000000e+03 -3.190000000000000000e+02 1.220000000000000000e+02
-2.804000000000000000e+03 1.648000000000000000e+03 1.410400000000000000e+04 -4.224000000000000000e+03 -2.850000000000000000e+02 -6.100000000000000000e+01
-2.824000000000000000e+03 1.640000000000000000e+03 1.407600000000000000e+04 -4.208000000000000000e+03 -2.970000000000000000e+02 -2.290000000000000000e+02
-2.816000000000000000e+03 1.632000000000000000e+03 1.416400000000000000e+04 -4.176000000000000000e+03 -2.550000000000000000e+02 -3.310000000000000000e+02
-3.036000000000000000e+03 1.788000000000000000e+03 1.421200000000000000e+04 -4.176000000000000000e+03 -2.360000000000000000e+02 -3.590000000000000000e+02
-2.940000000000000000e+03 1.768000000000000000e+03 1.428400000000000000e+04 -4.192000000000000000e+03 -2.450000000000000000e+02 -3.150000000000000000e+02
-2.928000000000000000e+03 1.760000000000000000e+03 1.406000000000000000e+04 -4.192000000000000000e+03 -2.070000000000000000e+02 -2.300000000000000000e+02
-3.044000000000000000e+03 1.644000000000000000e+03 1.415600000000000000e+04 -4.192000000000000000e+03 -2.370000000000000000e+02 -1.290000000000000000e+02
-3.020000000000000000e+03 1.608000000000000000e+03 1.412800000000000000e+04 -4.176000000000000000e+03 -2.830000000000000000e+02 8.500000000000000000e+01
-3.028000000000000000e+03 1.624000000000000000e+03 1.418800000000000000e+04 -4.176000000000000000e+03 -2.850000000000000000e+02 3.230000000000000000e+02
-2.948000000000000000e+03 1.716000000000000000e+03 1.410800000000000000e+04 -4.192000000000000000e+03 -3.100000000000000000e+02 4.860000000000000000e+02
-2.792000000000000000e+03 1.636000000000000000e+03 1.402400000000000000e+04 -4.192000000000000000e+03 -3.400000000000000000e+02 6.440000000000000000e+02
-2.744000000000000000e+03 1.748000000000000000e+03 1.417200000000000000e+04 -4.208000000000000000e+03 -3.600000000000000000e+02 6.760000000000000000e+02
-2.628000000000000000e+03 1.616000000000000000e+03 1.420400000000000000e+04 -4.176000000000000000e+03 -3.510000000000000000e+02 6.020000000000000000e+02
-2.740000000000000000e+03 1.696000000000000000e+03 1.409600000000000000e+04 -4.208000000000000000e+03 -3.520000000000000000e+02 4.760000000000000000e+02
-2.604000000000000000e+03 1.536000000000000000e+03 1.418800000000000000e+04 -4.208000000000000000e+03 -3.170000000000000000e+02 2.770000000000000000e+02
-2.680000000000000000e+03 1.444000000000000000e+03 1.413200000000000000e+04 -4.208000000000000000e+03 -2.940000000000000000e+02 1.980000000000000000e+02
-2.676000000000000000e+03 1.504000000000000000e+03 1.407600000000000000e+04 -4.240000000000000000e+03 -2.310000000000000000e+02 6.300000000000000000e+01
-2.708000000000000000e+03 1.620000000000000000e+03 1.408800000000000000e+04 -4.192000000000000000e+03 -2.350000000000000000e+02 -9.000000000000000000e+01
-2.824000000000000000e+03 1.604000000000000000e+03 1.397600000000000000e+04 -4.176000000000000000e+03 -2.360000000000000000e+02 -1.660000000000000000e+02
-2.800000000000000000e+03 1.652000000000000000e+03 1.404800000000000000e+04 -4.176000000000000000e+03 -2.100000000000000000e+02 -1.990000000000000000e+02
-3.092000000000000000e+03 1.612000000000000000e+03 1.424800000000000000e+04 -4.176000000000000000e+03 -2.470000000000000000e+02 -1.150000000000000000e+02
-2.832000000000000000e+03 1.512000000000000000e+03 1.440800000000000000e+04 -4.208000000000000000e+03 -2.250000000000000000e+02 1.000000000000000000e+01
-2.856000000000000000e+03 1.692000000000000000e+03 1.425200000000000000e+04 -4.224000000000000000e+03 -2.570000000000000000e+02 3.770000000000000000e+02
-3.096000000000000000e+03 1.544000000000000000e+03 1.396400000000000000e+04 -4.224000000000000000e+03 -3.110000000000000000e+02 5.060000000000000000e+02
-3.004000000000000000e+03 1.556000000000000000e+03 1.412000000000000000e+04 -4.224000000000000000e+03 -3.490000000000000000e+02 6.670000000000000000e+02
-2.832000000000000000e+03 1.652000000000000000e+03 1.392400000000000000e+04 -4.192000000000000000e+03 -3.730000000000000000e+02 6.990000000000000000e+02
-2.644000000000000000e+03 1.692000000000000000e+03 1.431600000000000000e+04 -4.176000000000000000e+03 -4.290000000000000000e+02 6.040000000000000000e+02
-2.716000000000000000e+03 1.720000000000000000e+03 1.433200000000000000e+04 -4.208000000000000000e+03 -3.840000000000000000e+02 4.400000000000000000e+02
-2.668000000000000000e+03 1.644000000000000000e+03 1.437600000000000000e+04 -4.208000000000000000e+03 -3.520000000000000000e+02 2.800000000000000000e+02
-2.736000000000000000e+03 1.656000000000000000e+03 1.380000000000000000e+04 -4.176000000000000000e+03 -3.220000000000000000e+02 2.220000000000000000e+02
-2.852000000000000000e+03 1.488000000000000000e+03 1.390000000000000000e+04 -4.192000000000000000e+03 -2.790000000000000000e+02 2.140000000000000000e+02
-3.124000000000000000e+03 1.424000000000000000e+03 1.387200000000000000e+04 -4.224000000000000000e+03 -3.020000000000000000e+02 2.430000000000000000e+02
-3.204000000000000000e+03 1.564000000000000000e+03 1.406800000000000000e+04 -4.192000000000000000e+03 -2.960000000000000000e+02 1.940000000000000000e+02
-2.864000000000000000e+03 1.596000000000000000e+03 1.446800000000000000e+04 -4.192000000000000000e+03 -3.030000000000000000e+02 1.320000000000000000e+02
-2.988000000000000000e+03 1.704000000000000000e+03 1.431600000000000000e+04 -4.192000000000000000e+03 -3.010000000000000000e+02 5.500000000000000000e+01
-2.900000000000000000e+03 1.608000000000000000e+03 1.398000000000000000e+04 -4.208000000000000000e+03 -2.820000000000000000e+02 7.200000000000000000e+01
-2.832000000000000000e+03 1.672000000000000000e+03 1.401200000000000000e+04 -4.224000000000000000e+03 -2.890000000000000000e+02 1.270000000000000000e+02
-2.864000000000000000e+03 1.624000000000000000e+03 1.410400000000000000e+04 -4.176000000000000000e+03 -3.120000000000000000e+02 2.320000000000000000e+02
-3.260000000000000000e+03 1.592000000000000000e+03 1.419200000000000000e+04 -4.176000000000000000e+03 -3.400000000000000000e+02 4.180000000000000000e+02
-3.136000000000000000e+03 1.524000000000000000e+03 1.412400000000000000e+04 -4.176000000000000000e+03 -3.420000000000000000e+02 5.930000000000000000e+02
-2.968000000000000000e+03 1.576000000000000000e+03 1.396800000000000000e+04 -4.256000000000000000e+03 -3.740000000000000000e+02 6.590000000000000000e+02
-2.944000000000000000e+03 1.612000000000000000e+03 1.407200000000000000e+04 -4.160000000000000000e+03 -3.710000000000000000e+02 6.560000000000000000e+02
-2.668000000000000000e+03 1.504000000000000000e+03 1.398800000000000000e+04 -4.192000000000000000e+03 -3.540000000000000000e+02 6.020000000000000000e+02
-2.976000000000000000e+03 1.456000000000000000e+03 1.407600000000000000e+04 -4.192000000000000000e+03 -3.300000000000000000e+02 5.040000000000000000e+02
