-6.128000000000000000e+03 9.560000000000000000e+02 1.265600000000000000e+04 -4.000000000000000000e+03 -3.740000000000000000e+02 4.380000000000000000e+02
-6.068000000000000000e+03 9.840000000000000000e+02 1.295200000000000000e+04 -3.984000000000000000e+03 -3.370000000000000000e+02 3.370000000000000000e+02
-6.244000000000000000e+03 8.680000000000000000e+02 1.283200000000000000e+04 -3.968000000000000000e+03 -3.620000000000000000e+02 3.010000000000000000e+02
-6.156000000000000000e+03 8.600000000000000000e+02 1.294000000000000000e+04 -3.984000000000000000e+03 -3.620000000000000000e+02 1.940000000000000000e+02
-6.236000000000000000e+03 8.840000000000000000e+02 1.321600000000000000e+04 -4.000000000000000000e+03 -3.710000000000000000e+02 1.340000000000000000e+02
-6.224000000000000000e+03 8.960000000000000000e+02 1.320800000000000000e+04 -3.984000000000000000e+03 -3.690000000000000000e+02 7.200000000000000000e+01
-6.372000000000000000e+03 8.560000000000000000e+02 1.316000000000000000e+04 -4.000000000000000000e+03 -3.770000000000000000e+02 4.200000000000000000e+01
-6.384000000000000000e+03 8.200000000000000000e+02 1.325600000000000000e+04 -3.984000000000000000e+03 -3.810000000000000000e+02 6.300000000000000000e+01
-6.336000000000000000e+03 8.160000000000000000e+02 1.294400000000000000e+04 -3.968000000000000000e+03 -4.090000000000000000e+02 1.600000000000000000e+01
-6.312000000000000000e+03 7.520000000000000000e+02 1.298400000000000000e+04 -4.000000000000000000e+03 -3.820000000000000000e+02 3.000000000000000000e+00
-6.236000000000000000e+03 7.560000000000000000e+02 1.308000000000000000e+04 -3.968000000000000000e+03 -3.860000000000000000e+02 -3.500000000000000000e+01
-6.296000000000000000e+03 7.560000000000000000e+02 1.283600000000000000e+04 -3.968000000000000000e+03 -4.080000000000000000e+02 -5.200000000000000000e+01
-6.120000000000000000e+03 8.560000000000000000e+02 1.297200000000000000e+04 -3.968000000000000000e+03 -4.010000000000000000e+02 -3.900000000000000000e+01
-6.272000000000000000e+03 7.400000000000000000e+02 1.306400000000000000e+04 -4.016000000000000000e+03 -3.880000000000000000e+02 1.600000000000000000e+01
-6.304000000000000000e+03 8.160000000000000000e+02 1.327600000000000000e+04 -4.000000000000000000e+03 -3.930000000000000000e+02 1.640000000000000000e+02
-6.292000000000000000e+03 8.880000000000000000e+02 1.293600000000000000e+04 -3.952000000000000000e+03 -3.740000000000000000e+02 2.730000000000000000e+02
-6.344000000000000000e+03 7.480000000000000000e+02 1.320400000000000000e+04 -3.984000000000000000e+03 -3.920000000000000000e+02 3.460000000000000000e+02
-6.476000000000000000e+03 8.480000000000000000e+02 1.286800000000000000e+04 -4.000000000000000000e+03 -4.110000000000000000e+02 4.050000000000000000e+02
-6.480000000000000000e+03 8.160000000000000000e+02 1.297600000000000000e+04 -3.952000000000000000e+03 -3.880000000000000000e+02 4.630000000000000000e+02
-6.352000000000000000e+03 7.240000000000000000e+02 1.290800000000000000e+04 -3.952000000000000000e+03 -4.040000000000000000e+02 4.600000000000000000e+02
-6.316000000000000000e+03 7.520000000000000000e+02 1.283600000000000000e+04 -4.016000000000000000e+03 -4.160000000000000000e+02 4.500000000000000000e+02
-6.288000000000000000e+03 7.280000000000000000e+02 1.276400000000000000e+04 -3.968000000000000000e+03 -3.870000000000000000e+02 4.050000000000000000e+02
-6.136000000000000000e+03 6.640000000000000000e+02 1.301600000000000000e+04 -3.984000000000000000e+03 -3.870000000000000000e+02 3.640000000000000000e+02
-6.380000000000000000e+03 6.760000000000000000e+02 1.288000000000000000e+04 -3.968000000000000000e+03 -3.710000000000000000e+02 3.280000000000000000e+02
-6.392000000000000000e+03 7.320000000000000000e+02 1.274000000000000000e+04 -3.984000000000000000e+03 -3.760000000000000000e+02 2.920000000000000000e+02
-6.308000000000000000e+03 7.080000000000000000e+02 1.276000000000000000e+04 -4.000000000000000000e+03 -3.170000000000000000e+02 2.120000000000000000e+02
-6.392000000000000000e+03 7.960000000000000000e+02 1.284800000000000000e+04 -3.984000000000000000e+03 -3.050000000000000000e+02 1.130000000000000000e+02
-6.400000000000000000e+03 7.840000000000000000e+02 1.291600000000000000e+04 -3.984000000000000000e+03 -2.720000000000000000e+02 3.900000000000000000e+01
-6.368000000000000000e+03 6.840000000000000000e+02 1.276000000000000000e+04 -3.952000000000000000e+03 -2.430000000000000000e+02 -1.200000000000000000e+01
-6.492000000000000000e+03 7.440000000000000000e+02 1.288000000000000000e+04 -3.968000000000000000e+03 -2.090000000000000000e+02 -2.900000000000000000e+01
-6.376000000000000000e+03 8.240000000000000000e+02 1.310800000000000000e+04 -3.968000000000000000e+03 -2.000000000000000000e+02 3.800000000000000000e+01
-6.484000000000000000e+03 7.760000000000000000e+02 1.305600000000000000e+04 -4.000000000000000000e+03 -2.160000000000000000e+02 6.000000000000000000e+01
-6.336000000000000000e+03 7.600000000000000000e+02 1.265200000000000000e+04 -3.984000000000000000e+03 -1.990000000000000000e+02 1.520000000000000000e+02
-6.352000000000000000e+03 6.960000000000000000e+02 1.263200000000000000e+04 -3.984000000000000000e+03 -1.440000000000000000e+02 1.410000000000000000e+02
-6.152000000000000000e+03 6.200000000000000000e+02 1.358000000000000000e+04 -3.968000000000000000e+03 -1.840000000000000000e+02 2.400000000000000000e+02
-6.476000000000000000e+03 6.560000000000000000e+02 1.327600000000000000e+04 -3.968000000000000000e+03 -2.470000000000000000e+02 2.890000000000000000e+02
-6.168000000000000000e+03 7.520000000000000000e+02 1.288400000000000000e+04 -3.984000000000000000e+03 -2.160000000000000000e+02 3.390000000000000000e+02
-6.256000000000000000e+03 9.640000000000000000e+02 1.307600000000000000e+04 -3.968000000000000000e+03 -1.940000000000000000e+02 4.220000000000000000e+02
-6.084000000000000000e+03 1.028000000000000000e+03 1.364800000000000000e+04 -3.968000000000000000e+03 -2.170000000000000000e+02 5.100000000000000000e+02
-6.332000000000000000e+03 9.200000000000000000e+02 1.335200000000000000e+04 -3.952000000000000000e+03 -2.750000000000000000e+02 5.700000000000000000e+02
-6.164000000000000000e+03 7.560000000000000000e+02 1.295200000000000000e+04 -4.000000000000000000e+03 -2.720000000000000000e+02 6.260000000000000000e+02
-6.204000000000000000e+03 4.680000000000000000e+02 1.298000000000000000e+04 -3.984000000000000000e+03 -2.380000000000000000e+02 6.150000000000000000e+02
-6.148000000000000000e+03 4.800000000000000000e+02 1.312000000000000000e+04 -4.000000000000000000e+03 -2.850000000000000000e+02 5.170000000000000000e+02
-6.220000000000000000e+03 6.640000000000000000e+02 1.288800000000000000e+04 -3.984000000000000000e+03 -3.130000000000000000e+02 3.300000000000000000e+02
-6.080000000000000000e+03 7.160000000000000000e+02 1.272400000000000000e+04 -3.968000000000000000e+03 -2.530000000000000000e+02 1.780000000000000000e+02
-6.100000000000000000e+03 8.720000000000000000e+02 1.286000000000000000e+04 -3.984000000000000000e+03 -2.590000000000000000e+02 4.200000000000000000e+01
-6.264000000000000000e+03 9.120000000000000000e+02 1.309200000000000000e+04 -3.968000000000000000e+03 -2.330000000000000000e+02 -8.700000000000000000e+01
-6.348000000000000000e+03 8.080000000000000000e+02 1.300400000000000000e+04 -3.984000000000000000e+03 -2.280000000000000000e+02 -1.930000000000000000e+02
-6.424000000000000000e+03 7.920000000000000000e+02 1.296000000000000000e+04 -4.000000000000000000e+03 -2.220000000000000000e+02 -2.310000000000000000e+02
-6.300000000000000000e+03 8.240000000000000000e+02 1.296000000000000000e+04 -4.000000000000000000e+03 -2.110000000000000000e+02 -2.430000000000000000e+02
-6.324000000000000000e+03 7.480000000000000000e+02 1.314400000000000000e+04 -3.984000000000000000e+03 -1.850000000000000000e+02 -2.380000000000000000e+02
-6.428000000000000000e+03 8.600000000000000000e+02 1.298000000000000000e+04 -3.968000000000000000e+03 -1.770000000000000000e+02 -1.820000000000000000e+02
-6.316000000000000000e+03 8.240000000000000000e+02 1.287200000000000000e+04 -4.000000000000000000e+03 -1.690000000000000000e+02 -2.030000000000000000e+02
-6.488000000000000000e+03 8.840000000000000000e+02 1.295200000000000000e+04 -3.952000000000000000e+03 -1.820000000000000000e+02 -9.600000000000000000e+01
-6.280000000000000000e+03 9.440000000000000000e+02 1.309600000000000000e+04 -3.952000000000000000e+03 -1.670000000000000000e+02 -3.200000000000000000e+01
-6.344000000000000000e+03 8.960000000000000000e+02 1.320400000000000000e+04 -3.984000000000000000e+03 -1.760000000000000000e+02 2.700000000000000000e+01
-6.364000000000000000e+03 9.640000000000000000e+02 1.320800000000000000e+04 -3.968000000000000000e+03 -1.730000000000000000e+02 1.660000000000000000e+02
-6.128000000000000000e+03 1.008000000000000000e+03 1.336000000000000000e+04 -4.000000000000000000e+03 -1.880000000000000000e+02 2.810000000000000000e+02
-6.232000000000000000e+03 8.920000000000000000e+02 1.326800000000000000e+04 -3.984000000000000000e+03 -2.290000000000000000e+02 4.230000000000000000e+02
-6.240000000000000000e+03 9.240000000000000000e+02 1.292000000000000000e+04 -3.952000000000000000e+03 -2.390000000000000000e+02 5.240000000000000000e+02
-6.076000000000000000e+03 9.200000000000000000e+02 1.286000000000000000e+04 -3.968000000000000000e+03 -2.320000000000000000e+02 6.300000000000000000e+02
-6.208000000000000000e+03 8.400000000000000000e+02 1.290800000000000000e+04 -3.952000000000000000e+03 -2.260000000000000000e+02 7.090000000000000000e+02
-6.236000000000000000e+03 8.040000000000000000e+02 1.310800000000000000e+04 -3.984000000000000000e+03 -2.420000000000000000e+02 7.450000000000000000e+02
-6.100000000000000000e+03 8.480000000000000000e+02 1.293200000000000000e+04 -3.952000000000000000e+03 -2.470000000000000000e+02 7.870000000000000000e+02
-6.272000000000000000e+03 9.080000000000000000e+02 1.290400000000000000e+04 -3.968000000000000000e+03 -2.560000000000000000e+02 8.050000000000000000e+02
-6.288000000000000000e+03 9.200000000000000000e+02 1.299600000000000000e+04 -3.984000000000000000e+03 -2.750000000000000000e+02 7.670000000000000000e+02
-6.368000000000000000e+03 9.600000000000000000e+02 1.300800000000000000e+04 -3.968000000000000000e+03 -2.350000000000000000e+02 7.200000000000000000e+02
-6.420000000000000000e+03 8.240000000000000000e+02 1.293600000000000000e+04 -3.984000000000000000e+03 -2.770000000000000000e+02 6.380000000000000000e+02
-6.592000000000000000e+03 8.800000000000000000e+02 1.303600000000000000e+04 -3.968000000000000000e+03 -2.970000000000000000e+02 5.890000000000000000e+02
-6.708000000000000000e+03 8.920000000000000000e+02 1.286400000000000000e+04 -3.984000000000000000e+03 -3.020000000000000000e+02 4.860000000000000000e+02
-6.684000000000000000e+03 9.080000000000000000e+02 1.308400000000000000e+04 -4.000000000000000000e+03 -3.060000000000000000e+02 3.360000000000000000e+02
-6.524000000000000000e+03 1.032000000000000000e+03 1.272400000000000000e+04 -4.000000000000000000e+03 -3.140000000000000000e+02 1.420000000000000000e+02
-6.780000000000000000e+03 8.800000000000000000e+02 1.268400000000000000e+04 -3.984000000000000000e+03 -3.020000000000000000e+02 -5.600000000000000000e+01
-6.820000000000000000e+03 8.720000000000000000e+02 1.290000000000000000e+04 -3.968000000000000000e+03 -2.880000000000000000e+02 -2.350000000000000000e+02
-6.804000000000000000e+03 8.200000000000000000e+02 1.285600000000000000e+04 -3.984000000000000000e+03 -2.960000000000000000e+02 -4.220000000000000000e+02
-6.812000000000000000e+03 8.880000000000000000e+02 1.275600000000000000e+04 -3.968000000000000000e+03 -2.720000000000000000e+02 -6.450000000000000000e+02
-6.672000000000000000e+03 9.640000000000000000e+02 1.285600000000000000e+04 -3.984000000000000000e+03 -2.370000000000000000e+02 -8.170000000000000000e+02
-6.484000000000000000e+03 9.080000000000000000e+02 1.288000000000000000e+04 -4.000000000000000000e+03 -1.990000000000000000e+02 -9.710000000000000000e+02
-6.688000000000000000e+03 9.720000000000000000e+02 1.282800000000000000e+04 -3.968000000000000000e+03 -1.960000000000000000e+02 -1.093000000000000000e+03
-6.472000000000000000e+03 9.400000000000000000e+02 1.280800000000000000e+04 -4.000000000000000000e+03 -1.620000000000000000e+02 -1.180000000000000000e+03
-6.420000000000000000e+03 9.600000000000000000e+02 1.290400000000000000e+04 -3.984000000000000000e+03 -1.240000000000000000e+02 -1.179000000000000000e+03
