7.240000000000000000e+02 1.984000000000000000e+03 1.503200000000000000e+04 -4.144000000000000000e+03 -1.830000000000000000e+02 8.500000000000000000e+01
5.680000000000000000e+02 1.924000000000000000e+03 1.517600000000000000e+04 -4.144000000000000000e+03 -1.730000000000000000e+02 1.200000000000000000e+02
7.720000000000000000e+02 2.384000000000000000e+03 1.409200000000000000e+04 -4.144000000000000000e+03 -1.610000000000000000e+02 2.270000000000000000e+02
1.168000000000000000e+03 2.308000000000000000e+03 1.355600000000000000e+04 -4.160000000000000000e+03 -1.600000000000000000e+02 3.460000000000000000e+02
1.424000000000000000e+03 2.024000000000000000e+03 1.399200000000000000e+04 -4.160000000000000000e+03 -1.530000000000000000e+02 4.080000000000000000e+02
1.764000000000000000e+03 2.064000000000000000e+03 1.439600000000000000e+04 -4.144000000000000000e+03 -1.880000000000000000e+02 4.480000000000000000e+02
1.884000000000000000e+03 1.948000000000000000e+03 1.472400000000000000e+04 -4.176000000000000000e+03 -2.380000000000000000e+02 4.300000000000000000e+02
1.224000000000000000e+03 2.044000000000000000e+03 1.464000000000000000e+04 -4.128000000000000000e+03 -2.360000000000000000e+02 3.550000000000000000e+02
1.124000000000000000e+03 2.212000000000000000e+03 1.421200000000000000e+04 -4.160000000000000000e+03 -2.600000000000000000e+02 2.830000000000000000e+02
8.800000000000000000e+02 2.152000000000000000e+03 1.407600000000000000e+04 -4.160000000000000000e+03 -2.060000000000000000e+02 2.480000000000000000e+02
1.112000000000000000e+03 2.180000000000000000e+03 1.432400000000000000e+04 -4.160000000000000000e+03 -2.570000000000000000e+02 2.240000000000000000e+02
1.236000000000000000e+03 2.176000000000000000e+03 1.479600000000000000e+04 -4.112000000000000000e+03 -2.630000000000000000e+02 2.090000000000000000e+02
1.120000000000000000e+03 2.212000000000000000e+03 1.477200000000000000e+04 -4.144000000000000000e+03 -2.870000000000000000e+02 1.700000000000000000e+02
1.168000000000000000e+03 2.184000000000000000e+03 1.488000000000000000e+04 -4.144000000000000000e+03 -2.780000000000000000e+02 1.410000000000000000e+02
9.200000000000000000e+02 2.260000000000000000e+03 1.450400000000000000e+04 -4.144000000000000000e+03 -2.610000000000000000e+02 1.230000000000000000e+02
8.200000000000000000e+02 2.148000000000000000e+03 1.447200000000000000e+04 -4.128000000000000000e+03 -2.260000000000000000e+02 1.640000000000000000e+02
7.880000000000000000e+02 2.140000000000000000e+03 1.446800000000000000e+04 -4.144000000000000000e+03 -2.330000000000000000e+02 2.300000000000000000e+02
8.040000000000000000e+02 2.144000000000000000e+03 1.457200000000000000e+04 -4.144000000000000000e+03 -2.400000000000000000e+02 2.690000000000000000e+02
9.280000000000000000e+02 1.956000000000000000e+03 1.454800000000000000e+04 -4.112000000000000000e+03 -2.620000000000000000e+02 2.460000000000000000e+02
1.040000000000000000e+03 2.016000000000000000e+03 1.431600000000000000e+04 -4.128000000000000000e+03 -2.920000000000000000e+02 1.740000000000000000e+02
1.176000000000000000e+03 1.964000000000000000e+03 1.435600000000000000e+04 -4.144000000000000000e+03 -2.650000000000000000e+02 1.700000000000000000e+01
9.920000000000000000e+02 1.908000000000000000e+03 1.422400000000000000e+04 -4.144000000000000000e+03 -2.910000000000000000e+02 -1.230000000000000000e+02
9.600000000000000000e+02 1.872000000000000000e+03 1.446400000000000000e+04 -4.144000000000000000e+03 -2.810000000000000000e+02 -3.200000000000000000e+02
1.016000000000000000e+03 1.880000000000000000e+03 1.455600000000000000e+04 -4.144000000000000000e+03 -2.530000000000000000e+02 -3.820000000000000000e+02
9.200000000000000000e+02 2.168000000000000000e+03 1.445200000000000000e+04 -4.128000000000000000e+03 -2.020000000000000000e+02 -3.620000000000000000e+02
9.440000000000000000e+02 2.300000000000000000e+03 1.444400000000000000e+04 -4.112000000000000000e+03 -1.960000000000000000e+02 -2.320000000000000000e+02
7.800000000000000000e+02 2.336000000000000000e+03 1.463200000000000000e+04 -4.128000000000000000e+03 -1.800000000000000000e+02 3.140000000000000000e+02
1.200000000000000000e+03 2.432000000000000000e+03 1.450800000000000000e+04 -4.144000000000000000e+03 -2.840000000000000000e+02 1.900000000000000000e+02
1.016000000000000000e+03 2.280000000000000000e+03 1.472800000000000000e+04 -4.160000000000000000e+03 -2.420000000000000000e+02 4.260000000000000000e+02
1.124000000000000000e+03 2.304000000000000000e+03 1.426800000000000000e+04 -4.160000000000000000e+03 -2.620000000000000000e+02 6.590000000000000000e+02
9.360000000000000000e+02 2.232000000000000000e+03 1.402400000000000000e+04 -4.096000000000000000e+03 -3.130000000000000000e+02 9.380000000000000000e+02
8.960000000000000000e+02 2.112000000000000000e+03 1.445600000000000000e+04 -4.176000000000000000e+03 -3.300000000000000000e+02 1.095000000000000000e+03
8.160000000000000000e+02 2.128000000000000000e+03 1.443200000000000000e+04 -4.160000000000000000e+03 -3.520000000000000000e+02 1.091000000000000000e+03
7.200000000000000000e+02 2.088000000000000000e+03 1.471200000000000000e+04 -4.112000000000000000e+03 -3.600000000000000000e+02 9.930000000000000000e+02
7.080000000000000000e+02 2.104000000000000000e+03 1.431200000000000000e+04 -4.128000000000000000e+03 -3.480000000000000000e+02 6.460000000000000000e+02
9.760000000000000000e+02 2.168000000000000000e+03 1.428400000000000000e+04 -4.128000000000000000e+03 -3.240000000000000000e+02 6.360000000000000000e+02
9.800000000000000000e+02 2.004000000000000000e+03 1.447200000000000000e+04 -4.144000000000000000e+03 -2.960000000000000000e+02 4.620000000000000000e+02
1.200000000000000000e+03 2.176000000000000000e+03 1.430000000000000000e+04 -4.128000000000000000e+03 -2.950000000000000000e+02 2.650000000000000000e+02
9.040000000000000000e+02 2.136000000000000000e+03 1.472400000000000000e+04 -4.144000000000000000e+03 -2.870000000000000000e+02 9.000000000000000000e+01
1.028000000000000000e+03 2.256000000000000000e+03 1.430000000000000000e+04 -4.128000000000000000e+03 -2.630000000000000000e+02 -5.000000000000000000e+01
1.096000000000000000e+03 2.404000000000000000e+03 1.444400000000000000e+04 -4.160000000000000000e+03 -2.160000000000000000e+02 -7.700000000000000000e+01
8.440000000000000000e+02 2.296000000000000000e+03 1.419200000000000000e+04 -4.144000000000000000e+03 -2.190000000000000000e+02 -7.500000000000000000e+01
1.152000000000000000e+03 2.316000000000000000e+03 1.446400000000000000e+04 -4.160000000000000000e+03 -2.110000000000000000e+02 8.000000000000000000e+00
1.160000000000000000e+03 2.172000000000000000e+03 1.472000000000000000e+04 -4.160000000000000000e+03 -2.340000000000000000e+02 1.120000000000000000e+02
8.040000000000000000e+02 2.176000000000000000e+03 1.459200000000000000e+04 -4.128000000000000000e+03 -2.450000000000000000e+02 2.260000000000000000e+02
7.760000000000000000e+02 2.212000000000000000e+03 1.464400000000000000e+04 -4.160000000000000000e+03 -2.790000000000000000e+02 2.960000000000000000e+02
9.160000000000000000e+02 2.156000000000000000e+03 1.423600000000000000e+04 -4.128000000000000000e+03 -2.760000000000000000e+02 4.910000000000000000e+02
5.960000000000000000e+02 2.204000000000000000e+03 1.448000000000000000e+04 -4.144000000000000000e+03 -3.100000000000000000e+02 6.360000000000000000e+02
6.680000000000000000e+02 2.076000000000000000e+03 1.444800000000000000e+04 -4.144000000000000000e+03 -3.380000000000000000e+02 7.390000000000000000e+02
5.640000000000000000e+02 2.160000000000000000e+03 1.458400000000000000e+04 -4.128000000000000000e+03 -3.340000000000000000e+02 6.860000000000000000e+02
6.200000000000000000e+02 2.204000000000000000e+03 1.448800000000000000e+04 -4.128000000000000000e+03 -3.350000000000000000e+02 5.490000000000000000e+02
4.120000000000000000e+02 2.168000000000000000e+03 1.445600000000000000e+04 -4.112000000000000000e+03 -3.490000000000000000e+02 3.880000000000000000e+02
4.520000000000000000e+02 2.236000000000000000e+03 1.437200000000000000e+04 -4.176000000000000000e+03 -3.300000000000000000e+02 1.950000000000000000e+02
5.120000000000000000e+02 2.196000000000000000e+03 1.461600000000000000e+04 -4.112000000000000000e+03 -3.230000000000000000e+02 1.800000000000000000e+01
8.280000000000000000e+02 2.272000000000000000e+03 1.442000000000000000e+04 -4.160000000000000000e+03 -2.610000000000000000e+02 -4.700000000000000000e+01
9.400000000000000000e+02 2.172000000000000000e+03 1.450400000000000000e+04 -4.160000000000000000e+03 -2.590000000000000000e+02 -1.100000000000000000e+02
7.600000000000000000e+02 2.148000000000000000e+03 1.464800000000000000e+04 -4.128000000000000000e+03 -2.590000000000000000e+02 -5.200000000000000000e+01
1.088000000000000000e+03 2.124000000000000000e+03 1.434400000000000000e+04 -4.144000000000000000e+03 -2.780000000000000000e+02 -2.300000000000000000e+01
8.160000000000000000e+02 2.188000000000000000e+03 1.435600000000000000e+04 -4.128000000000000000e+03 -2.420000000000000000e+02 -3.400000000000000000e+01
7.400000000000000000e+02 2.024000000000000000e+03 1.428400000000000000e+04 -4.128000000000000000e+03 -2.860000000000000000e+02 1.500000000000000000e+01
7.920000000000000000e+02 2.072000000000000000e+03 1.442400000000000000e+04 -4.160000000000000000e+03 -2.500000000000000000e+02 1.310000000000000000e+02
4.840000000000000000e+02 2.140000000000000000e+03 1.445600000000000000e+04 -4.160000000000000000e+03 -2.770000000000000000e+02 2.810000000000000000e+02
3.440000000000000000e+02 2.164000000000000000e+03 1.458400000000000000e+04 -4.128000000000000000e+03 -2.560000000000000000e+02 3.430000000000000000e+02
6.440000000000000000e+02 2.140000000000000000e+03 1.449200000000000000e+04 -4.128000000000000000e+03 -2.900000000000000000e+02 3.670000000000000000e+02
3.480000000000000000e+02 2.112000000000000000e+03 1.438000000000000000e+04 -4.128000000000000000e+03 -2.880000000000000000e+02 3.910000000000000000e+02
6.120000000000000000e+02 2.052000000000000000e+03 1.443600000000000000e+04 -4.160000000000000000e+03 -2.620000000000000000e+02 3.160000000000000000e+02
6.440000000000000000e+02 2.096000000000000000e+03 1.446000000000000000e+04 -4.128000000000000000e+03 -2.190000000000000000e+02 2.700000000000000000e+02
6.840000000000000000e+02 2.064000000000000000e+03 1.468000000000000000e+04 -4.176000000000000000e+03 -2.350000000000000000e+02 1.680000000000000000e+02
3.280000000000000000e+02 2.092000000000000000e+03 1.459600000000000000e+04 -4.144000000000000000e+03 -2.440000000000000000e+02 8.400000000000000000e+01
6.200000000000000000e+02 2.168000000000000000e+03 1.455200000000000000e+04 -4.112000000000000000e+03 -2.380000000000000000e+02 -2.200000000000000000e+01
5.240000000000000000e+02 2.132000000000000000e+03 1.414000000000000000e+04 -4.144000000000000000e+03 -2.310000000000000000e+02 -1.920000000000000000e+02
7.480000000000000000e+02 2.024000000000000000e+03 1.391600000000000000e+04 -4.128000000000000000e+03 -2.630000000000000000e+02 -2.400000000000000000e+02
8.360000000000000000e+02 2.044000000000000000e+03 1.420000000000000000e+04 -4.160000000000000000e+03 -2.210000000000000000e+02 -2.550000000000000000e+02
