-5.744000000000000000e+03 1.444000000000000000e+03 1.358400000000000000e+04 -3.936000000000000000e+03 -5.470000000000000000e+02 9.820000000000000000e+02
-5.836000000000000000e+03 1.428000000000000000e+03 -3.984000000000000000e+03 -3.936000000000000000e+03 -5.170000000000000000e+02 8.700000000000000000e+02
-6.340000000000000000e+03 1.248000000000000000e+03 9.336000000000000000e+03 -3.952000000000000000e+03 -5.010000000000000000e+02 8.160000000000000000e+02
-5.724000000000000000e+03 1.484000000000000000e+03 8.616000000000000000e+03 -3.952000000000000000e+03 -4.770000000000000000e+02 7.070000000000000000e+02
-5.312000000000000000e+03 1.304000000000000000e+03 1.030000000000000000e+04 -3.968000000000000000e+03 -4.340000000000000000e+02 6.480000000000000000e+02
-6.312000000000000000e+03 9.560000000000000000e+02 1.238800000000000000e+04 -3.952000000000000000e+03 -4.680000000000000000e+02 5.820000000000000000e+02
-5.712000000000000000e+03 1.146800000000000000e+04 1.400400000000000000e+04 -3.968000000000000000e+03 -5.130000000000000000e+02 5.790000000000000000e+02
-5.024000000000000000e+03 4.960000000000000000e+02 1.450800000000000000e+04 -3.984000000000000000e+03 -4.890000000000000000e+02 5.680000000000000000e+02
-4.376000000000000000e+03 4.400000000000000000e+02 1.415600000000000000e+04 -3.968000000000000000e+03 -4.520000000000000000e+02 5.850000000000000000e+02
0.000000000000000000e+00 6.840000000000000000e+02 1.410400000000000000e+04 -3.968000000000000000e+03 -4.530000000000000000e+02 6.570000000000000000e+02
-3.260000000000000000e+03 1.228000000000000000e+03 1.270400000000000000e+04 -3.968000000000000000e+03 -4.110000000000000000e+02 7.480000000000000000e+02
-3.660000000000000000e+03 1.508000000000000000e+03 1.270000000000000000e+04 -3.984000000000000000e+03 -3.730000000000000000e+02 8.040000000000000000e+02
-5.232000000000000000e+03 1.740000000000000000e+03 1.288400000000000000e+04 -3.984000000000000000e+03 -3.340000000000000000e+02 9.440000000000000000e+02
-5.872000000000000000e+03 1.676000000000000000e+03 1.318000000000000000e+04 -3.952000000000000000e+03 -2.830000000000000000e+02 1.070000000000000000e+03
-6.132000000000000000e+03 1.628000000000000000e+03 1.339600000000000000e+04 -3.984000000000000000e+03 -2.340000000000000000e+02 1.187000000000000000e+03
-6.552000000000000000e+03 1.172000000000000000e+03 1.294800000000000000e+04 -3.984000000000000000e+03 -2.300000000000000000e+02 1.290000000000000000e+03
-6.096000000000000000e+03 8.520000000000000000e+02 1.295600000000000000e+04 -3.952000000000000000e+03 -1.560000000000000000e+02 1.373000000000000000e+03
-5.612000000000000000e+03 1.000000000000000000e+03 1.313600000000000000e+04 -3.984000000000000000e+03 -1.720000000000000000e+02 1.422000000000000000e+03
-5.284000000000000000e+03 8.800000000000000000e+02 1.335200000000000000e+04 -3.968000000000000000e+03 -1.300000000000000000e+02 1.446000000000000000e+03
-6.032000000000000000e+03 7.520000000000000000e+02 1.291200000000000000e+04 -3.984000000000000000e+03 -1.500000000000000000e+02 1.489000000000000000e+03
-6.300000000000000000e+03 6.760000000000000000e+02 1.258800000000000000e+04 -3.968000000000000000e+03 -1.580000000000000000e+02 1.478000000000000000e+03
-6.052000000000000000e+03 6.960000000000000000e+02 1.252800000000000000e+04 -3.952000000000000000e+03 -1.710000000000000000e+02 1.496000000000000000e+03
-6.336000000000000000e+03 8.160000000000000000e+02 1.276800000000000000e+04 -3.984000000000000000e+03 -2.100000000000000000e+02 1.621000000000000000e+03
-6.348000000000000000e+03 9.400000000000000000e+02 1.245600000000000000e+04 -3.984000000000000000e+03 -2.310000000000000000e+02 1.833000000000000000e+03
-6.744000000000000000e+03 8.520000000000000000e+02 1.243200000000000000e+04 -3.936000000000000000e+03 -2.490000000000000000e+02 1.965000000000000000e+03
-6.744000000000000000e+03 8.440000000000000000e+02 1.272800000000000000e+04 -3.984000000000000000e+03 -3.260000000000000000e+02 2.013000000000000000e+03
-6.816000000000000000e+03 8.000000000000000000e+02 1.279600000000000000e+04 -3.968000000000000000e+03 -3.680000000000000000e+02 2.019000000000000000e+03
-6.732000000000000000e+03 7.960000000000000000e+02 1.282000000000000000e+04 -3.936000000000000000e+03 -3.710000000000000000e+02 1.979000000000000000e+03
-6.804000000000000000e+03 7.280000000000000000e+02 1.260400000000000000e+04 -3.984000000000000000e+03 -4.360000000000000000e+02 1.956000000000000000e+03
-6.916000000000000000e+03 6.960000000000000000e+02 1.267600000000000000e+04 -3.952000000000000000e+03 -4.690000000000000000e+02 1.902000000000000000e+03
-6.840000000000000000e+03 7.920000000000000000e+02 1.277600000000000000e+04 -3.952000000000000000e+03 -4.950000000000000000e+02 1.897000000000000000e+03
-6.776000000000000000e+03 8.440000000000000000e+02 1.253600000000000000e+04 -3.952000000000000000e+03 -4.710000000000000000e+02 1.883000000000000000e+03
-6.996000000000000000e+03 8.560000000000000000e+02 1.272400000000000000e+04 -3.952000000000000000e+03 -5.620000000000000000e+02 1.824000000000000000e+03
-7.092000000000000000e+03 8.000000000000000000e+02 1.264400000000000000e+04 -4.016000000000000000e+03 -6.340000000000000000e+02 1.724000000000000000e+03
-6.740000000000000000e+03 7.640000000000000000e+02 1.237200000000000000e+04 -3.984000000000000000e+03 -7.010000000000000000e+02 1.657000000000000000e+03
-6.972000000000000000e+03 8.720000000000000000e+02 1.235200000000000000e+04 -3.984000000000000000e+03 -7.040000000000000000e+02 1.550000000000000000e+03
-7.128000000000000000e+03 8.960000000000000000e+02 1.235600000000000000e+04 -3.984000000000000000e+03 -6.880000000000000000e+02 1.413000000000000000e+03
-7.248000000000000000e+03 9.440000000000000000e+02 1.245600000000000000e+04 -3.952000000000000000e+03 -6.620000000000000000e+02 1.240000000000000000e+03
-7.196000000000000000e+03 9.240000000000000000e+02 1.243200000000000000e+04 -3.984000000000000000e+03 -7.150000000000000000e+02 1.044000000000000000e+03
-7.060000000000000000e+03 8.200000000000000000e+02 1.230800000000000000e+04 -3.984000000000000000e+03 -6.580000000000000000e+02 9.810000000000000000e+02
-7.672000000000000000e+03 7.480000000000000000e+02 1.230000000000000000e+04 -3.984000000000000000e+03 -6.880000000000000000e+02 9.100000000000000000e+02
-7.720000000000000000e+03 7.080000000000000000e+02 1.236400000000000000e+04 -3.952000000000000000e+03 -6.560000000000000000e+02 8.540000000000000000e+02
-7.828000000000000000e+03 8.320000000000000000e+02 1.159200000000000000e+04 -3.952000000000000000e+03 -6.650000000000000000e+02 7.810000000000000000e+02
-7.872000000000000000e+03 8.680000000000000000e+02 1.153200000000000000e+04 -3.936000000000000000e+03 -6.390000000000000000e+02 6.930000000000000000e+02
-7.960000000000000000e+03 7.640000000000000000e+02 1.121200000000000000e+04 -4.016000000000000000e+03 -6.270000000000000000e+02 5.620000000000000000e+02
-8.004000000000000000e+03 6.800000000000000000e+02 1.152400000000000000e+04 -3.968000000000000000e+03 -6.070000000000000000e+02 3.750000000000000000e+02
-8.040000000000000000e+03 6.040000000000000000e+02 1.157200000000000000e+04 -3.984000000000000000e+03 -5.460000000000000000e+02 1.830000000000000000e+02
-8.348000000000000000e+03 3.360000000000000000e+02 1.146000000000000000e+04 -3.968000000000000000e+03 -4.660000000000000000e+02 1.700000000000000000e+01
-8.512000000000000000e+03 3.960000000000000000e+02 1.116400000000000000e+04 -3.984000000000000000e+03 -4.340000000000000000e+02 -1.290000000000000000e+02
-8.776000000000000000e+03 4.760000000000000000e+02 1.099200000000000000e+04 -3.968000000000000000e+03 -4.470000000000000000e+02 -1.090000000000000000e+02
-8.392000000000000000e+03 7.000000000000000000e+02 1.112400000000000000e+04 -3.952000000000000000e+03 -4.240000000000000000e+02 -1.270000000000000000e+02
-8.628000000000000000e+03 8.320000000000000000e+02 1.089200000000000000e+04 -3.968000000000000000e+03 -3.420000000000000000e+02 -1.340000000000000000e+02
-8.724000000000000000e+03 6.840000000000000000e+02 1.072000000000000000e+04 -3.952000000000000000e+03 -3.190000000000000000e+02 -2.130000000000000000e+02
-8.708000000000000000e+03 4.920000000000000000e+02 1.042800000000000000e+04 -3.968000000000000000e+03 -2.950000000000000000e+02 -3.550000000000000000e+02
-8.812000000000000000e+03 3.280000000000000000e+02 1.024000000000000000e+04 -3.952000000000000000e+03 -2.520000000000000000e+02 -4.780000000000000000e+02
-8.844000000000000000e+03 2.800000000000000000e+02 1.058800000000000000e+04 -3.968000000000000000e+03 -2.390000000000000000e+02 -4.880000000000000000e+02
-9.072000000000000000e+03 4.320000000000000000e+02 1.078400000000000000e+04 -3.968000000000000000e+03 -2.310000000000000000e+02 -3.700000000000000000e+02
