3.600000000000000000e+01 1.430000000000000000e+04 1.447200000000000000e+04 -4.080000000000000000e+03 -2.520000000000000000e+02 -2.080000000000000000e+02
1.468000000000000000e+03 2.228000000000000000e+03 1.450400000000000000e+04 -4.048000000000000000e+03 -2.430000000000000000e+02 -2.760000000000000000e+02
1.320000000000000000e+03 2.124000000000000000e+03 1.437200000000000000e+04 -4.016000000000000000e+03 -2.070000000000000000e+02 -2.700000000000000000e+02
1.240000000000000000e+03 2.060000000000000000e+03 1.437600000000000000e+04 -4.064000000000000000e+03 -1.860000000000000000e+02 -2.590000000000000000e+02
1.288000000000000000e+03 2.116000000000000000e+03 1.444400000000000000e+04 -4.032000000000000000e+03 -1.470000000000000000e+02 -2.140000000000000000e+02
1.100000000000000000e+03 2.160000000000000000e+03 1.442400000000000000e+04 -4.000000000000000000e+03 -1.530000000000000000e+02 -1.040000000000000000e+02
1.304000000000000000e+03 2.148000000000000000e+03 1.450000000000000000e+04 -4.048000000000000000e+03 -1.530000000000000000e+02 -1.000000000000000000e+00
1.276000000000000000e+03 2.120000000000000000e+03 1.453600000000000000e+04 -4.048000000000000000e+03 -1.400000000000000000e+02 1.560000000000000000e+02
1.356000000000000000e+03 2.080000000000000000e+03 1.425200000000000000e+04 -4.048000000000000000e+03 -1.540000000000000000e+02 2.450000000000000000e+02
1.360000000000000000e+03 2.152000000000000000e+03 1.430400000000000000e+04 -4.080000000000000000e+03 -1.960000000000000000e+02 3.150000000000000000e+02
1.384000000000000000e+03 2.180000000000000000e+03 1.441600000000000000e+04 -4.048000000000000000e+03 -1.790000000000000000e+02 2.850000000000000000e+02
1.456000000000000000e+03 2.052000000000000000e+03 1.426800000000000000e+04 -4.048000000000000000e+03 -2.080000000000000000e+02 1.470000000000000000e+02
1.420000000000000000e+03 2.120000000000000000e+03 1.456000000000000000e+04 -4.016000000000000000e+03 -2.270000000000000000e+02 0.000000000000000000e+00
1.468000000000000000e+03 2.212000000000000000e+03 1.444000000000000000e+04 -4.032000000000000000e+03 -2.440000000000000000e+02 -9.300000000000000000e+01
1.620000000000000000e+03 2.220000000000000000e+03 1.433200000000000000e+04 -4.096000000000000000e+03 -2.770000000000000000e+02 -9.900000000000000000e+01
1.540000000000000000e+03 2.164000000000000000e+03 1.445600000000000000e+04 -4.064000000000000000e+03 -2.530000000000000000e+02 -9.700000000000000000e+01
1.448000000000000000e+03 2.196000000000000000e+03 1.450800000000000000e+04 -4.064000000000000000e+03 -2.710000000000000000e+02 -1.000000000000000000e+02
1.560000000000000000e+03 2.060000000000000000e+03 1.443200000000000000e+04 -4.016000000000000000e+03 -2.610000000000000000e+02 -3.260000000000000000e+02
1.664000000000000000e+03 2.188000000000000000e+03 1.454800000000000000e+04 -4.032000000000000000e+03 -2.650000000000000000e+02 -5.390000000000000000e+02
1.736000000000000000e+03 2.112000000000000000e+03 1.461600000000000000e+04 -4.048000000000000000e+03 -2.640000000000000000e+02 -7.520000000000000000e+02
1.748000000000000000e+03 2.140000000000000000e+03 1.433200000000000000e+04 -4.048000000000000000e+03 -2.550000000000000000e+02 -8.490000000000000000e+02
1.708000000000000000e+03 2.136000000000000000e+03 1.462400000000000000e+04 -4.032000000000000000e+03 -2.200000000000000000e+02 -7.510000000000000000e+02
1.408000000000000000e+03 2.168000000000000000e+03 1.437200000000000000e+04 -4.016000000000000000e+03 -1.900000000000000000e+02 -3.810000000000000000e+02
1.448000000000000000e+03 2.256000000000000000e+03 1.436400000000000000e+04 -4.032000000000000000e+03 -1.580000000000000000e+02 5.100000000000000000e+01
1.588000000000000000e+03 2.232000000000000000e+03 1.410400000000000000e+04 -4.016000000000000000e+03 -1.660000000000000000e+02 5.350000000000000000e+02
1.848000000000000000e+03 2.244000000000000000e+03 1.438000000000000000e+04 -4.048000000000000000e+03 -2.130000000000000000e+02 9.960000000000000000e+02
1.880000000000000000e+03 2.196000000000000000e+03 1.458400000000000000e+04 -4.048000000000000000e+03 -3.190000000000000000e+02 1.528000000000000000e+03
2.108000000000000000e+03 2.132000000000000000e+03 1.472000000000000000e+04 -4.032000000000000000e+03 -3.820000000000000000e+02 1.841000000000000000e+03
2.096000000000000000e+03 2.188000000000000000e+03 1.468000000000000000e+04 -4.064000000000000000e+03 -4.700000000000000000e+02 1.846000000000000000e+03
1.772000000000000000e+03 2.112000000000000000e+03 1.430400000000000000e+04 -4.032000000000000000e+03 -4.780000000000000000e+02 1.699000000000000000e+03
1.420000000000000000e+03 2.112000000000000000e+03 1.423600000000000000e+04 -4.032000000000000000e+03 -5.720000000000000000e+02 1.443000000000000000e+03
1.748000000000000000e+03 2.248000000000000000e+03 1.420400000000000000e+04 -4.048000000000000000e+03 -6.190000000000000000e+02 1.141000000000000000e+03
1.944000000000000000e+03 2.172000000000000000e+03 1.456000000000000000e+04 -4.032000000000000000e+03 -6.450000000000000000e+02 8.640000000000000000e+02
2.404000000000000000e+03 2.336000000000000000e+03 1.483200000000000000e+04 -4.048000000000000000e+03 -6.090000000000000000e+02 5.970000000000000000e+02
2.764000000000000000e+03 2.488000000000000000e+03 1.444400000000000000e+04 -4.016000000000000000e+03 -5.470000000000000000e+02 3.860000000000000000e+02
2.428000000000000000e+03 2.372000000000000000e+03 1.394000000000000000e+04 -4.048000000000000000e+03 -4.880000000000000000e+02 2.390000000000000000e+02
1.988000000000000000e+03 2.296000000000000000e+03 1.398000000000000000e+04 -4.048000000000000000e+03 -4.050000000000000000e+02 6.900000000000000000e+01
2.072000000000000000e+03 2.228000000000000000e+03 1.404800000000000000e+04 -4.048000000000000000e+03 -3.860000000000000000e+02 -1.270000000000000000e+02
2.072000000000000000e+03 2.300000000000000000e+03 1.443600000000000000e+04 -4.048000000000000000e+03 -3.460000000000000000e+02 -2.600000000000000000e+02
1.924000000000000000e+03 2.368000000000000000e+03 1.450400000000000000e+04 -4.048000000000000000e+03 -3.510000000000000000e+02 -3.680000000000000000e+02
1.704000000000000000e+03 2.164000000000000000e+03 1.434000000000000000e+04 -4.048000000000000000e+03 -3.110000000000000000e+02 -3.970000000000000000e+02
1.444000000000000000e+03 1.964000000000000000e+03 1.426000000000000000e+04 -4.048000000000000000e+03 -2.760000000000000000e+02 -4.050000000000000000e+02
1.088000000000000000e+03 1.848000000000000000e+03 1.436400000000000000e+04 -4.032000000000000000e+03 -2.110000000000000000e+02 -4.160000000000000000e+02
1.124000000000000000e+03 1.976000000000000000e+03 1.441600000000000000e+04 -4.016000000000000000e+03 -1.800000000000000000e+02 -3.620000000000000000e+02
1.372000000000000000e+03 2.024000000000000000e+03 1.469600000000000000e+04 -4.064000000000000000e+03 -1.380000000000000000e+02 -2.190000000000000000e+02
1.028000000000000000e+03 2.016000000000000000e+03 1.451600000000000000e+04 -4.048000000000000000e+03 -1.380000000000000000e+02 -9.600000000000000000e+01
1.228000000000000000e+03 2.060000000000000000e+03 1.464000000000000000e+04 -4.032000000000000000e+03 -1.220000000000000000e+02 -3.500000000000000000e+01
1.288000000000000000e+03 2.064000000000000000e+03 1.421600000000000000e+04 -4.048000000000000000e+03 -1.340000000000000000e+02 -3.000000000000000000e+00
1.124000000000000000e+03 2.076000000000000000e+03 1.423600000000000000e+04 -4.080000000000000000e+03 -1.030000000000000000e+02 1.600000000000000000e+01
1.208000000000000000e+03 2.120000000000000000e+03 1.425600000000000000e+04 -4.048000000000000000e+03 -1.370000000000000000e+02 1.100000000000000000e+01
9.720000000000000000e+02 1.932000000000000000e+03 1.470000000000000000e+04 -4.048000000000000000e+03 -9.200000000000000000e+01 -7.000000000000000000e+00
1.268000000000000000e+03 1.924000000000000000e+03 1.445200000000000000e+04 -4.048000000000000000e+03 -1.160000000000000000e+02 5.500000000000000000e+01
1.224000000000000000e+03 1.864000000000000000e+03 1.453600000000000000e+04 -4.016000000000000000e+03 -1.250000000000000000e+02 2.010000000000000000e+02
1.172000000000000000e+03 1.800000000000000000e+03 1.433200000000000000e+04 -4.080000000000000000e+03 -1.760000000000000000e+02 3.900000000000000000e+02
1.388000000000000000e+03 2.048000000000000000e+03 1.410400000000000000e+04 -4.032000000000000000e+03 -1.440000000000000000e+02 6.480000000000000000e+02
1.456000000000000000e+03 1.968000000000000000e+03 1.419600000000000000e+04 -4.064000000000000000e+03 -1.960000000000000000e+02 9.030000000000000000e+02
1.524000000000000000e+03 2.164000000000000000e+03 1.435200000000000000e+04 -4.064000000000000000e+03 -2.030000000000000000e+02 1.033000000000000000e+03
1.480000000000000000e+03 2.124000000000000000e+03 1.421600000000000000e+04 -4.032000000000000000e+03 -2.710000000000000000e+02 1.036000000000000000e+03
1.504000000000000000e+03 2.100000000000000000e+03 1.450800000000000000e+04 -4.048000000000000000e+03 -2.800000000000000000e+02 8.610000000000000000e+02
1.604000000000000000e+03 2.244000000000000000e+03 1.458800000000000000e+04 -4.048000000000000000e+03 -3.460000000000000000e+02 6.460000000000000000e+02
1.496000000000000000e+03 2.288000000000000000e+03 1.456000000000000000e+04 -4.080000000000000000e+03 -3.800000000000000000e+02 5.080000000000000000e+02
1.540000000000000000e+03 2.260000000000000000e+03 1.453200000000000000e+04 -4.032000000000000000e+03 -3.750000000000000000e+02 3.970000000000000000e+02
1.504000000000000000e+03 2.332000000000000000e+03 1.436800000000000000e+04 -4.080000000000000000e+03 -3.460000000000000000e+02 2.600000000000000000e+02
1.520000000000000000e+03 2.072000000000000000e+03 1.425600000000000000e+04 -4.048000000000000000e+03 -3.700000000000000000e+02 1.130000000000000000e+02
1.332000000000000000e+03 2.168000000000000000e+03 1.446800000000000000e+04 -4.064000000000000000e+03 -3.660000000000000000e+02 -4.700000000000000000e+01
1.776000000000000000e+03 2.260000000000000000e+03 1.449600000000000000e+04 -4.064000000000000000e+03 -3.580000000000000000e+02 -2.210000000000000000e+02
1.940000000000000000e+03 2.060000000000000000e+03 1.440400000000000000e+04 -4.064000000000000000e+03 -3.680000000000000000e+02 -3.160000000000000000e+02
1.964000000000000000e+03 2.032000000000000000e+03 1.433200000000000000e+04 -4.048000000000000000e+03 -3.640000000000000000e+02 -4.490000000000000000e+02
1.644000000000000000e+03 2.060000000000000000e+03 1.434400000000000000e+04 -4.048000000000000000e+03 -2.970000000000000000e+02 -5.260000000000000000e+02
1.520000000000000000e+03 1.992000000000000000e+03 1.437600000000000000e+04 -4.032000000000000000e+03 -2.870000000000000000e+02 -5.700000000000000000e+02
