9.720000000000000000e+02 2.204000000000000000e+03 1.446800000000000000e+04 -3.888000000000000000e+03 -4.600000000000000000e+02 -3.710000000000000000e+02
9.840000000000000000e+02 2.156000000000000000e+03 1.434000000000000000e+04 -3.904000000000000000e+03 -4.730000000000000000e+02 -5.670000000000000000e+02
9.240000000000000000e+02 2.064000000000000000e+03 1.453200000000000000e+04 -3.904000000000000000e+03 -4.910000000000000000e+02 -8.220000000000000000e+02
9.680000000000000000e+02 2.120000000000000000e+03 1.435600000000000000e+04 -3.888000000000000000e+03 -4.280000000000000000e+02 -1.051000000000000000e+03
9.960000000000000000e+02 2.056000000000000000e+03 1.445600000000000000e+04 -3.888000000000000000e+03 -3.820000000000000000e+02 -1.227000000000000000e+03
8.000000000000000000e+02 2.048000000000000000e+03 1.424800000000000000e+04 -3.888000000000000000e+03 -3.410000000000000000e+02 -1.325000000000000000e+03
7.680000000000000000e+02 2.084000000000000000e+03 1.434000000000000000e+04 -3.872000000000000000e+03 -2.410000000000000000e+02 -1.420000000000000000e+03
6.320000000000000000e+02 2.176000000000000000e+03 1.456800000000000000e+04 -3.904000000000000000e+03 -1.450000000000000000e+02 -1.235000000000000000e+03
4.760000000000000000e+02 2.120000000000000000e+03 1.458800000000000000e+04 -3.888000000000000000e+03 -2.700000000000000000e+01 -1.039000000000000000e+03
3.800000000000000000e+02 2.080000000000000000e+03 1.464400000000000000e+04 -3.904000000000000000e+03 4.800000000000000000e+01 -6.880000000000000000e+02
2.520000000000000000e+02 1.884000000000000000e+03 1.459200000000000000e+04 -3.888000000000000000e+03 1.210000000000000000e+02 -2.630000000000000000e+02
3.240000000000000000e+02 1.876000000000000000e+03 1.471200000000000000e+04 -3.888000000000000000e+03 1.330000000000000000e+02 2.070000000000000000e+02
3.680000000000000000e+02 2.032000000000000000e+03 1.478000000000000000e+04 -3.904000000000000000e+03 1.410000000000000000e+02 6.670000000000000000e+02
2.320000000000000000e+02 1.976000000000000000e+03 1.461200000000000000e+04 -3.888000000000000000e+03 1.780000000000000000e+02 1.151000000000000000e+03
2.760000000000000000e+02 2.000000000000000000e+03 1.464400000000000000e+04 -3.936000000000000000e+03 1.720000000000000000e+02 1.629000000000000000e+03
2.760000000000000000e+02 2.120000000000000000e+03 1.460800000000000000e+04 -3.888000000000000000e+03 1.070000000000000000e+02 2.038000000000000000e+03
2.640000000000000000e+02 2.088000000000000000e+03 1.458000000000000000e+04 -3.904000000000000000e+03 4.300000000000000000e+01 2.169000000000000000e+03
3.000000000000000000e+02 2.240000000000000000e+03 1.430400000000000000e+04 -3.888000000000000000e+03 -2.000000000000000000e+01 2.166000000000000000e+03
1.360000000000000000e+02 2.048000000000000000e+03 1.414400000000000000e+04 -3.904000000000000000e+03 -1.080000000000000000e+02 2.063000000000000000e+03
2.960000000000000000e+02 2.064000000000000000e+03 1.444800000000000000e+04 -3.904000000000000000e+03 -1.710000000000000000e+02 1.879000000000000000e+03
3.000000000000000000e+02 2.256000000000000000e+03 1.442000000000000000e+04 -3.904000000000000000e+03 -2.900000000000000000e+02 1.618000000000000000e+03
-6.400000000000000000e+01 2.232000000000000000e+03 1.429600000000000000e+04 -3.904000000000000000e+03 -3.690000000000000000e+02 1.254000000000000000e+03
8.800000000000000000e+01 2.144000000000000000e+03 1.387200000000000000e+04 -3.904000000000000000e+03 -3.980000000000000000e+02 9.260000000000000000e+02
2.600000000000000000e+02 2.144000000000000000e+03 1.390000000000000000e+04 -3.856000000000000000e+03 -4.360000000000000000e+02 5.920000000000000000e+02
1.920000000000000000e+02 2.084000000000000000e+03 1.427200000000000000e+04 -3.872000000000000000e+03 -4.410000000000000000e+02 2.510000000000000000e+02
3.160000000000000000e+02 2.156000000000000000e+03 1.448400000000000000e+04 -3.888000000000000000e+03 -4.400000000000000000e+02 -4.600000000000000000e+01
1.480000000000000000e+02 2.236000000000000000e+03 1.449200000000000000e+04 -3.888000000000000000e+03 -4.280000000000000000e+02 -3.010000000000000000e+02
2.440000000000000000e+02 2.284000000000000000e+03 1.416400000000000000e+04 -3.888000000000000000e+03 -3.930000000000000000e+02 -5.130000000000000000e+02
2.600000000000000000e+02 2.068000000000000000e+03 1.395600000000000000e+04 -3.872000000000000000e+03 -3.440000000000000000e+02 -6.670000000000000000e+02
4.000000000000000000e+02 1.916000000000000000e+03 1.416800000000000000e+04 -3.904000000000000000e+03 -3.140000000000000000e+02 -6.720000000000000000e+02
5.480000000000000000e+02 1.840000000000000000e+03 1.429600000000000000e+04 -3.904000000000000000e+03 -3.100000000000000000e+02 -6.350000000000000000e+02
5.040000000000000000e+02 1.764000000000000000e+03 1.437600000000000000e+04 -3.904000000000000000e+03 -3.230000000000000000e+02 -5.240000000000000000e+02
3.960000000000000000e+02 1.908000000000000000e+03 1.438400000000000000e+04 -3.872000000000000000e+03 -2.950000000000000000e+02 -4.030000000000000000e+02
4.360000000000000000e+02 2.032000000000000000e+03 1.437200000000000000e+04 -3.888000000000000000e+03 -3.190000000000000000e+02 -3.450000000000000000e+02
3.560000000000000000e+02 1.900000000000000000e+03 1.441200000000000000e+04 -3.904000000000000000e+03 -3.590000000000000000e+02 -3.840000000000000000e+02
4.120000000000000000e+02 1.972000000000000000e+03 1.461200000000000000e+04 -3.904000000000000000e+03 -3.810000000000000000e+02 -4.250000000000000000e+02
5.560000000000000000e+02 1.964000000000000000e+03 1.460800000000000000e+04 -3.888000000000000000e+03 -4.120000000000000000e+02 -4.400000000000000000e+02
7.840000000000000000e+02 1.912000000000000000e+03 1.459200000000000000e+04 -3.888000000000000000e+03 -4.160000000000000000e+02 -3.010000000000000000e+02
8.520000000000000000e+02 2.048000000000000000e+03 1.467600000000000000e+04 -3.936000000000000000e+03 -3.970000000000000000e+02 -1.890000000000000000e+02
9.240000000000000000e+02 2.020000000000000000e+03 1.466000000000000000e+04 -3.856000000000000000e+03 -4.020000000000000000e+02 -7.500000000000000000e+01
1.052000000000000000e+03 2.140000000000000000e+03 1.469600000000000000e+04 -3.872000000000000000e+03 -3.890000000000000000e+02 4.400000000000000000e+01
1.384000000000000000e+03 2.224000000000000000e+03 1.470400000000000000e+04 -3.904000000000000000e+03 -3.470000000000000000e+02 1.740000000000000000e+02
1.388000000000000000e+03 2.208000000000000000e+03 1.456400000000000000e+04 -3.920000000000000000e+03 -3.140000000000000000e+02 2.920000000000000000e+02
1.452000000000000000e+03 2.176000000000000000e+03 1.452800000000000000e+04 -3.872000000000000000e+03 -2.940000000000000000e+02 3.920000000000000000e+02
1.568000000000000000e+03 2.460000000000000000e+03 1.450800000000000000e+04 -3.888000000000000000e+03 -2.900000000000000000e+02 5.140000000000000000e+02
1.568000000000000000e+03 2.344000000000000000e+03 1.455600000000000000e+04 -3.904000000000000000e+03 -2.720000000000000000e+02 5.670000000000000000e+02
1.580000000000000000e+03 2.452000000000000000e+03 1.450400000000000000e+04 -3.888000000000000000e+03 -2.200000000000000000e+02 6.140000000000000000e+02
1.636000000000000000e+03 2.452000000000000000e+03 1.464800000000000000e+04 -3.872000000000000000e+03 -2.150000000000000000e+02 6.280000000000000000e+02
1.340000000000000000e+03 2.472000000000000000e+03 1.459200000000000000e+04 -3.888000000000000000e+03 -1.790000000000000000e+02 6.760000000000000000e+02
