-6.000000000000000000e+03 7.600000000000000000e+02 1.305200000000000000e+04 -4.000000000000000000e+03 -3.240000000000000000e+02 -3.520000000000000000e+02
-6.040000000000000000e+03 6.800000000000000000e+02 1.287600000000000000e+04 -3.984000000000000000e+03 -3.270000000000000000e+02 -3.370000000000000000e+02
-5.816000000000000000e+03 6.560000000000000000e+02 1.288400000000000000e+04 -4.016000000000000000e+03 -2.920000000000000000e+02 -3.090000000000000000e+02
-6.024000000000000000e+03 7.320000000000000000e+02 1.277200000000000000e+04 -3.984000000000000000e+03 -2.420000000000000000e+02 -3.740000000000000000e+02
-5.960000000000000000e+03 7.360000000000000000e+02 1.325200000000000000e+04 -3.968000000000000000e+03 -2.110000000000000000e+02 -4.320000000000000000e+02
-5.936000000000000000e+03 6.720000000000000000e+02 1.348000000000000000e+04 -4.000000000000000000e+03 -1.950000000000000000e+02 -4.360000000000000000e+02
-5.852000000000000000e+03 6.120000000000000000e+02 1.360400000000000000e+04 -4.016000000000000000e+03 -1.770000000000000000e+02 -4.050000000000000000e+02
-5.596000000000000000e+03 5.440000000000000000e+02 1.328800000000000000e+04 -3.984000000000000000e+03 -1.600000000000000000e+02 -3.060000000000000000e+02
-5.700000000000000000e+03 5.560000000000000000e+02 1.313200000000000000e+04 -4.016000000000000000e+03 -1.400000000000000000e+02 -1.750000000000000000e+02
-5.444000000000000000e+03 6.400000000000000000e+02 1.287600000000000000e+04 -3.968000000000000000e+03 -1.130000000000000000e+02 -8.300000000000000000e+01
-5.504000000000000000e+03 6.160000000000000000e+02 1.305200000000000000e+04 -4.016000000000000000e+03 -9.900000000000000000e+01 -7.000000000000000000e+00
-5.596000000000000000e+03 7.400000000000000000e+02 1.308000000000000000e+04 -4.000000000000000000e+03 -1.010000000000000000e+02 3.000000000000000000e+01
-5.792000000000000000e+03 7.200000000000000000e+02 1.305600000000000000e+04 -3.984000000000000000e+03 -7.500000000000000000e+01 2.100000000000000000e+01
-5.544000000000000000e+03 8.080000000000000000e+02 1.317600000000000000e+04 -4.000000000000000000e+03 -5.000000000000000000e+01 1.900000000000000000e+01
-5.624000000000000000e+03 7.160000000000000000e+02 1.331200000000000000e+04 -4.000000000000000000e+03 -4.000000000000000000e+01 -4.000000000000000000e+00
-5.776000000000000000e+03 8.120000000000000000e+02 1.355200000000000000e+04 -3.984000000000000000e+03 -5.400000000000000000e+01 5.700000000000000000e+01
-5.512000000000000000e+03 8.200000000000000000e+02 1.342400000000000000e+04 -3.984000000000000000e+03 -5.700000000000000000e+01 2.800000000000000000e+01
-5.568000000000000000e+03 9.040000000000000000e+02 1.343200000000000000e+04 -4.016000000000000000e+03 -5.400000000000000000e+01 4.500000000000000000e+01
-5.492000000000000000e+03 7.920000000000000000e+02 1.334800000000000000e+04 -4.000000000000000000e+03 -7.800000000000000000e+01 7.300000000000000000e+01
-5.508000000000000000e+03 8.320000000000000000e+02 1.322800000000000000e+04 -4.016000000000000000e+03 -9.800000000000000000e+01 9.200000000000000000e+01
-5.604000000000000000e+03 9.640000000000000000e+02 1.333600000000000000e+04 -4.032000000000000000e+03 -1.220000000000000000e+02 8.800000000000000000e+01
-5.652000000000000000e+03 9.120000000000000000e+02 1.353600000000000000e+04 -4.000000000000000000e+03 -1.360000000000000000e+02 5.200000000000000000e+01
-5.656000000000000000e+03 8.440000000000000000e+02 1.358000000000000000e+04 -4.032000000000000000e+03 -1.590000000000000000e+02 1.400000000000000000e+01
-5.604000000000000000e+03 1.056000000000000000e+03 1.354000000000000000e+04 -4.032000000000000000e+03 -1.760000000000000000e+02 -2.800000000000000000e+01
-5.552000000000000000e+03 1.040000000000000000e+03 1.346000000000000000e+04 -4.016000000000000000e+03 -2.020000000000000000e+02 -2.600000000000000000e+01
-5.676000000000000000e+03 1.040000000000000000e+03 1.330400000000000000e+04 -4.000000000000000000e+03 -2.140000000000000000e+02 -1.100000000000000000e+01
-5.400000000000000000e+03 1.116000000000000000e+03 1.328800000000000000e+04 -4.000000000000000000e+03 -2.270000000000000000e+02 2.700000000000000000e+01
-5.504000000000000000e+03 1.020000000000000000e+03 1.343600000000000000e+04 -4.016000000000000000e+03 -2.350000000000000000e+02 6.600000000000000000e+01
-5.336000000000000000e+03 1.132000000000000000e+03 1.348000000000000000e+04 -4.000000000000000000e+03 -2.470000000000000000e+02 1.350000000000000000e+02
-5.544000000000000000e+03 1.052000000000000000e+03 1.367600000000000000e+04 -4.016000000000000000e+03 -2.830000000000000000e+02 2.040000000000000000e+02
-5.532000000000000000e+03 9.480000000000000000e+02 1.340800000000000000e+04 -4.016000000000000000e+03 -3.130000000000000000e+02 3.380000000000000000e+02
-5.480000000000000000e+03 9.640000000000000000e+02 1.346800000000000000e+04 -4.000000000000000000e+03 -3.400000000000000000e+02 4.680000000000000000e+02
-5.524000000000000000e+03 7.600000000000000000e+02 1.337200000000000000e+04 -4.048000000000000000e+03 -3.340000000000000000e+02 6.170000000000000000e+02
-5.368000000000000000e+03 1.076000000000000000e+03 1.327200000000000000e+04 -4.000000000000000000e+03 -3.470000000000000000e+02 6.910000000000000000e+02
-5.492000000000000000e+03 9.600000000000000000e+02 1.320400000000000000e+04 -4.032000000000000000e+03 -3.660000000000000000e+02 7.870000000000000000e+02
-5.556000000000000000e+03 1.040000000000000000e+03 1.332000000000000000e+04 -3.984000000000000000e+03 -3.700000000000000000e+02 8.250000000000000000e+02
-5.628000000000000000e+03 1.056000000000000000e+03 1.342000000000000000e+04 -4.016000000000000000e+03 -3.680000000000000000e+02 8.390000000000000000e+02
-5.780000000000000000e+03 9.200000000000000000e+02 1.333600000000000000e+04 -3.968000000000000000e+03 -3.840000000000000000e+02 8.790000000000000000e+02
-5.756000000000000000e+03 9.480000000000000000e+02 1.330000000000000000e+04 -3.984000000000000000e+03 -3.950000000000000000e+02 8.540000000000000000e+02
-5.736000000000000000e+03 1.000000000000000000e+03 1.334800000000000000e+04 -4.032000000000000000e+03 -4.150000000000000000e+02 8.800000000000000000e+02
-5.936000000000000000e+03 9.600000000000000000e+02 1.326000000000000000e+04 -4.000000000000000000e+03 -4.180000000000000000e+02 8.540000000000000000e+02
-5.904000000000000000e+03 1.092000000000000000e+03 1.311600000000000000e+04 -3.984000000000000000e+03 -4.210000000000000000e+02 8.000000000000000000e+02
-6.084000000000000000e+03 9.720000000000000000e+02 1.310800000000000000e+04 -4.016000000000000000e+03 -4.070000000000000000e+02 7.360000000000000000e+02
-6.136000000000000000e+03 1.000000000000000000e+03 1.306000000000000000e+04 -4.000000000000000000e+03 -3.790000000000000000e+02 6.540000000000000000e+02
-6.264000000000000000e+03 8.080000000000000000e+02 1.303600000000000000e+04 -4.000000000000000000e+03 -3.950000000000000000e+02 5.280000000000000000e+02
-6.244000000000000000e+03 9.840000000000000000e+02 1.308000000000000000e+04 -3.984000000000000000e+03 -3.670000000000000000e+02 4.390000000000000000e+02
-6.316000000000000000e+03 9.040000000000000000e+02 1.331200000000000000e+04 -4.000000000000000000e+03 -3.660000000000000000e+02 3.480000000000000000e+02
-6.200000000000000000e+03 7.880000000000000000e+02 1.320000000000000000e+04 -3.984000000000000000e+03 -3.580000000000000000e+02 2.920000000000000000e+02
-6.020000000000000000e+03 8.360000000000000000e+02 1.296400000000000000e+04 -4.000000000000000000e+03 -3.190000000000000000e+02 2.960000000000000000e+02
-6.276000000000000000e+03 8.280000000000000000e+02 1.300800000000000000e+04 -3.984000000000000000e+03 -3.510000000000000000e+02 2.700000000000000000e+02
-6.112000000000000000e+03 7.520000000000000000e+02 1.284800000000000000e+04 -3.968000000000000000e+03 -3.350000000000000000e+02 2.240000000000000000e+02
-6.260000000000000000e+03 8.480000000000000000e+02 1.305200000000000000e+04 -4.016000000000000000e+03 -3.170000000000000000e+02 1.770000000000000000e+02
-6.252000000000000000e+03 9.000000000000000000e+02 1.322800000000000000e+04 -4.016000000000000000e+03 -3.070000000000000000e+02 2.700000000000000000e+01
-6.272000000000000000e+03 8.520000000000000000e+02 1.310000000000000000e+04 -4.016000000000000000e+03 -2.920000000000000000e+02 -7.600000000000000000e+01
-6.216000000000000000e+03 7.600000000000000000e+02 1.330400000000000000e+04 -3.984000000000000000e+03 -2.450000000000000000e+02 -2.090000000000000000e+02
-6.308000000000000000e+03 9.160000000000000000e+02 1.354400000000000000e+04 -4.016000000000000000e+03 -2.450000000000000000e+02 -2.370000000000000000e+02
-6.116000000000000000e+03 9.000000000000000000e+02 1.338800000000000000e+04 -3.984000000000000000e+03 -2.440000000000000000e+02 -1.210000000000000000e+02
-6.008000000000000000e+03 9.200000000000000000e+02 1.307600000000000000e+04 -4.016000000000000000e+03 -2.410000000000000000e+02 6.300000000000000000e+01
-5.804000000000000000e+03 7.760000000000000000e+02 1.273200000000000000e+04 -3.984000000000000000e+03 -2.490000000000000000e+02 4.550000000000000000e+02
-5.832000000000000000e+03 7.480000000000000000e+02 1.272000000000000000e+04 -3.984000000000000000e+03 -2.810000000000000000e+02 6.230000000000000000e+02
-5.860000000000000000e+03 8.280000000000000000e+02 1.271200000000000000e+04 -3.984000000000000000e+03 -3.000000000000000000e+02 7.890000000000000000e+02
-6.100000000000000000e+03 8.600000000000000000e+02 1.282800000000000000e+04 -3.984000000000000000e+03 -2.810000000000000000e+02 8.060000000000000000e+02
-6.288000000000000000e+03 9.000000000000000000e+02 1.330400000000000000e+04 -4.000000000000000000e+03 -3.020000000000000000e+02 8.010000000000000000e+02
-6.360000000000000000e+03 1.080000000000000000e+03 1.338000000000000000e+04 -4.016000000000000000e+03 -2.990000000000000000e+02 9.030000000000000000e+02
-6.496000000000000000e+03 1.012000000000000000e+03 1.342800000000000000e+04 -4.016000000000000000e+03 -3.320000000000000000e+02 1.123000000000000000e+03
-6.156000000000000000e+03 1.088000000000000000e+03 1.316800000000000000e+04 -3.984000000000000000e+03 -4.030000000000000000e+02 1.431000000000000000e+03
-6.296000000000000000e+03 9.440000000000000000e+02 1.232000000000000000e+04 -4.000000000000000000e+03 -4.180000000000000000e+02 1.673000000000000000e+03
-6.392000000000000000e+03 7.920000000000000000e+02 1.220400000000000000e+04 -3.984000000000000000e+03 -4.180000000000000000e+02 1.832000000000000000e+03
-6.596000000000000000e+03 9.000000000000000000e+02 1.252000000000000000e+04 -4.016000000000000000e+03 -4.250000000000000000e+02 1.777000000000000000e+03
-6.988000000000000000e+03 9.440000000000000000e+02 1.282800000000000000e+04 -4.016000000000000000e+03 -3.860000000000000000e+02 1.623000000000000000e+03
-7.132000000000000000e+03 9.560000000000000000e+02 1.349200000000000000e+04 -4.016000000000000000e+03 -4.210000000000000000e+02 1.463000000000000000e+03
-7.200000000000000000e+03 8.960000000000000000e+02 1.327200000000000000e+04 -4.016000000000000000e+03 -4.440000000000000000e+02 1.350000000000000000e+03
-7.268000000000000000e+03 8.800000000000000000e+02 1.263200000000000000e+04 -3.984000000000000000e+03 -4.310000000000000000e+02 1.253000000000000000e+03
-7.172000000000000000e+03 7.280000000000000000e+02 1.222000000000000000e+04 -3.984000000000000000e+03 -3.980000000000000000e+02 1.122000000000000000e+03
-7.416000000000000000e+03 9.280000000000000000e+02 1.217600000000000000e+04 -3.984000000000000000e+03 -3.770000000000000000e+02 9.190000000000000000e+02
-7.436000000000000000e+03 8.680000000000000000e+02 1.234000000000000000e+04 -4.016000000000000000e+03 -3.620000000000000000e+02 6.960000000000000000e+02
-7.596000000000000000e+03 8.200000000000000000e+02 1.255600000000000000e+04 -4.000000000000000000e+03 -3.090000000000000000e+02 3.920000000000000000e+02
-7.816000000000000000e+03 8.400000000000000000e+02 1.273200000000000000e+04 -4.016000000000000000e+03 -3.270000000000000000e+02 1.290000000000000000e+02
-7.512000000000000000e+03 8.880000000000000000e+02 1.290800000000000000e+04 -4.000000000000000000e+03 -3.070000000000000000e+02 -1.330000000000000000e+02
-7.580000000000000000e+03 8.040000000000000000e+02 1.267600000000000000e+04 -4.016000000000000000e+03 -2.680000000000000000e+02 -4.190000000000000000e+02
-7.656000000000000000e+03 7.720000000000000000e+02 1.256800000000000000e+04 -4.016000000000000000e+03 -2.400000000000000000e+02 -6.390000000000000000e+02
-7.396000000000000000e+03 7.840000000000000000e+02 1.264800000000000000e+04 -4.000000000000000000e+03 -2.550000000000000000e+02 -8.110000000000000000e+02
-7.420000000000000000e+03 8.440000000000000000e+02 1.244800000000000000e+04 -3.984000000000000000e+03 -2.320000000000000000e+02 -9.220000000000000000e+02
-7.204000000000000000e+03 8.480000000000000000e+02 1.263200000000000000e+04 -3.984000000000000000e+03 -2.180000000000000000e+02 -1.025000000000000000e+03
