5.480000000000000000e+02 1.980000000000000000e+03 1.440400000000000000e+04 -4.160000000000000000e+03 -2.330000000000000000e+02 3.230000000000000000e+02
7.240000000000000000e+02 1.992000000000000000e+03 1.432400000000000000e+04 -4.144000000000000000e+03 -2.620000000000000000e+02 4.390000000000000000e+02
6.600000000000000000e+02 1.812000000000000000e+03 1.438000000000000000e+04 -4.144000000000000000e+03 -2.880000000000000000e+02 5.260000000000000000e+02
8.800000000000000000e+02 1.988000000000000000e+03 1.445200000000000000e+04 -4.160000000000000000e+03 -3.160000000000000000e+02 5.140000000000000000e+02
1.252000000000000000e+03 2.076000000000000000e+03 1.436800000000000000e+04 -4.176000000000000000e+03 -3.210000000000000000e+02 4.920000000000000000e+02
1.356000000000000000e+03 2.016000000000000000e+03 1.440800000000000000e+04 -4.160000000000000000e+03 -3.390000000000000000e+02 4.610000000000000000e+02
1.240000000000000000e+03 2.044000000000000000e+03 1.450000000000000000e+04 -4.112000000000000000e+03 -3.030000000000000000e+02 4.890000000000000000e+02
1.252000000000000000e+03 2.100000000000000000e+03 1.450000000000000000e+04 -4.160000000000000000e+03 -3.200000000000000000e+02 4.620000000000000000e+02
1.012000000000000000e+03 1.968000000000000000e+03 1.443600000000000000e+04 -4.144000000000000000e+03 -2.990000000000000000e+02 3.480000000000000000e+02
1.044000000000000000e+03 1.964000000000000000e+03 1.451200000000000000e+04 -4.144000000000000000e+03 -2.930000000000000000e+02 2.520000000000000000e+02
9.400000000000000000e+02 1.888000000000000000e+03 1.459200000000000000e+04 -4.144000000000000000e+03 -3.020000000000000000e+02 9.500000000000000000e+01
7.960000000000000000e+02 1.932000000000000000e+03 1.445200000000000000e+04 -4.128000000000000000e+03 -2.810000000000000000e+02 -5.100000000000000000e+01
8.160000000000000000e+02 1.788000000000000000e+03 1.432800000000000000e+04 -4.128000000000000000e+03 -2.710000000000000000e+02 -1.680000000000000000e+02
8.640000000000000000e+02 1.880000000000000000e+03 1.456800000000000000e+04 -4.160000000000000000e+03 -2.330000000000000000e+02 -2.730000000000000000e+02
6.080000000000000000e+02 1.984000000000000000e+03 1.443600000000000000e+04 -4.176000000000000000e+03 -2.490000000000000000e+02 -2.060000000000000000e+02
7.080000000000000000e+02 1.960000000000000000e+03 1.453200000000000000e+04 -4.128000000000000000e+03 -2.460000000000000000e+02 -1.190000000000000000e+02
6.200000000000000000e+02 1.868000000000000000e+03 1.446800000000000000e+04 -4.128000000000000000e+03 -2.290000000000000000e+02 3.000000000000000000e+00
4.840000000000000000e+02 1.908000000000000000e+03 1.458800000000000000e+04 -4.176000000000000000e+03 -2.340000000000000000e+02 9.700000000000000000e+01
6.160000000000000000e+02 1.976000000000000000e+03 1.459200000000000000e+04 -4.128000000000000000e+03 -2.490000000000000000e+02 1.840000000000000000e+02
7.480000000000000000e+02 1.924000000000000000e+03 1.439200000000000000e+04 -4.144000000000000000e+03 -2.580000000000000000e+02 2.940000000000000000e+02
7.360000000000000000e+02 1.956000000000000000e+03 1.438000000000000000e+04 -4.128000000000000000e+03 -2.650000000000000000e+02 4.060000000000000000e+02
1.076000000000000000e+03 2.024000000000000000e+03 1.448400000000000000e+04 -4.176000000000000000e+03 -2.900000000000000000e+02 5.500000000000000000e+02
1.120000000000000000e+03 1.944000000000000000e+03 1.453600000000000000e+04 -4.176000000000000000e+03 -3.120000000000000000e+02 6.060000000000000000e+02
1.148000000000000000e+03 1.972000000000000000e+03 1.438800000000000000e+04 -4.144000000000000000e+03 -3.200000000000000000e+02 5.170000000000000000e+02
1.152000000000000000e+03 1.996000000000000000e+03 1.436000000000000000e+04 -4.160000000000000000e+03 -3.020000000000000000e+02 3.840000000000000000e+02
1.144000000000000000e+03 1.964000000000000000e+03 1.447200000000000000e+04 -4.144000000000000000e+03 -3.040000000000000000e+02 2.840000000000000000e+02
1.128000000000000000e+03 1.964000000000000000e+03 1.449200000000000000e+04 -4.160000000000000000e+03 -3.130000000000000000e+02 2.140000000000000000e+02
1.108000000000000000e+03 2.020000000000000000e+03 1.456800000000000000e+04 -4.144000000000000000e+03 -2.860000000000000000e+02 1.260000000000000000e+02
1.184000000000000000e+03 1.864000000000000000e+03 1.445600000000000000e+04 -4.144000000000000000e+03 -2.920000000000000000e+02 9.500000000000000000e+01
7.000000000000000000e+02 2.016000000000000000e+03 1.445600000000000000e+04 -4.144000000000000000e+03 -2.780000000000000000e+02 2.900000000000000000e+01
5.120000000000000000e+02 1.884000000000000000e+03 1.442000000000000000e+04 -4.160000000000000000e+03 -2.640000000000000000e+02 -5.200000000000000000e+01
7.040000000000000000e+02 1.932000000000000000e+03 1.440800000000000000e+04 -4.144000000000000000e+03 -2.560000000000000000e+02 -1.320000000000000000e+02
7.000000000000000000e+02 2.012000000000000000e+03 1.451600000000000000e+04 -4.160000000000000000e+03 -2.610000000000000000e+02 -1.570000000000000000e+02
7.120000000000000000e+02 1.912000000000000000e+03 1.456000000000000000e+04 -4.144000000000000000e+03 -2.350000000000000000e+02 -1.900000000000000000e+02
8.160000000000000000e+02 1.936000000000000000e+03 1.448000000000000000e+04 -4.144000000000000000e+03 -2.370000000000000000e+02 -2.020000000000000000e+02
7.720000000000000000e+02 1.924000000000000000e+03 1.446800000000000000e+04 -4.144000000000000000e+03 -2.390000000000000000e+02 -1.920000000000000000e+02
7.120000000000000000e+02 1.832000000000000000e+03 1.459200000000000000e+04 -4.160000000000000000e+03 -2.170000000000000000e+02 -3.280000000000000000e+02
6.840000000000000000e+02 1.864000000000000000e+03 1.439200000000000000e+04 -4.144000000000000000e+03 -2.530000000000000000e+02 2.100000000000000000e+01
7.080000000000000000e+02 2.032000000000000000e+03 1.440400000000000000e+04 -4.144000000000000000e+03 -5.230000000000000000e+02 2.800000000000000000e+02
7.960000000000000000e+02 1.928000000000000000e+03 1.437600000000000000e+04 -4.176000000000000000e+03 -3.540000000000000000e+02 3.590000000000000000e+02
8.560000000000000000e+02 2.024000000000000000e+03 1.454400000000000000e+04 -4.160000000000000000e+03 -2.070000000000000000e+02 3.910000000000000000e+02
1.096000000000000000e+03 1.908000000000000000e+03 1.492000000000000000e+04 -4.144000000000000000e+03 -2.000000000000000000e+02 4.490000000000000000e+02
9.680000000000000000e+02 2.324000000000000000e+03 1.527200000000000000e+04 -4.144000000000000000e+03 -3.010000000000000000e+02 4.820000000000000000e+02
7.080000000000000000e+02 2.216000000000000000e+03 1.511200000000000000e+04 -4.144000000000000000e+03 -3.510000000000000000e+02 4.640000000000000000e+02
1.788000000000000000e+03 1.836000000000000000e+03 1.415200000000000000e+04 -4.112000000000000000e+03 -3.140000000000000000e+02 4.100000000000000000e+02
1.728000000000000000e+03 1.604000000000000000e+03 1.382800000000000000e+04 -4.176000000000000000e+03 -2.930000000000000000e+02 3.110000000000000000e+02
7.960000000000000000e+02 1.852000000000000000e+03 1.426400000000000000e+04 -4.160000000000000000e+03 -2.950000000000000000e+02 2.190000000000000000e+02
8.960000000000000000e+02 2.204000000000000000e+03 1.460800000000000000e+04 -4.176000000000000000e+03 -3.270000000000000000e+02 9.200000000000000000e+01
1.144000000000000000e+03 2.340000000000000000e+03 1.447200000000000000e+04 -4.144000000000000000e+03 -2.890000000000000000e+02 -2.200000000000000000e+01
9.440000000000000000e+02 2.036000000000000000e+03 1.444400000000000000e+04 -4.144000000000000000e+03 -2.570000000000000000e+02 -9.700000000000000000e+01
6.960000000000000000e+02 1.848000000000000000e+03 1.454400000000000000e+04 -4.144000000000000000e+03 -2.600000000000000000e+02 -1.550000000000000000e+02
7.880000000000000000e+02 1.880000000000000000e+03 1.455200000000000000e+04 -4.160000000000000000e+03 -2.440000000000000000e+02 -9.800000000000000000e+01
8.160000000000000000e+02 1.788000000000000000e+03 1.469200000000000000e+04 -4.176000000000000000e+03 -2.610000000000000000e+02 9.100000000000000000e+01
8.440000000000000000e+02 1.792000000000000000e+03 1.448800000000000000e+04 -4.176000000000000000e+03 -2.410000000000000000e+02 2.670000000000000000e+02
5.720000000000000000e+02 2.036000000000000000e+03 1.448800000000000000e+04 -4.144000000000000000e+03 -2.540000000000000000e+02 4.080000000000000000e+02
7.240000000000000000e+02 2.044000000000000000e+03 1.450400000000000000e+04 -4.160000000000000000e+03 -2.830000000000000000e+02 5.310000000000000000e+02
6.080000000000000000e+02 2.148000000000000000e+03 1.443600000000000000e+04 -4.144000000000000000e+03 -3.130000000000000000e+02 5.910000000000000000e+02
9.040000000000000000e+02 2.156000000000000000e+03 1.446400000000000000e+04 -4.144000000000000000e+03 -3.180000000000000000e+02 5.600000000000000000e+02
1.236000000000000000e+03 2.112000000000000000e+03 1.448400000000000000e+04 -4.128000000000000000e+03 -3.320000000000000000e+02 5.010000000000000000e+02
1.296000000000000000e+03 1.864000000000000000e+03 1.431200000000000000e+04 -4.176000000000000000e+03 -3.280000000000000000e+02 3.390000000000000000e+02
1.180000000000000000e+03 1.820000000000000000e+03 1.439600000000000000e+04 -4.160000000000000000e+03 -3.230000000000000000e+02 2.190000000000000000e+02
1.144000000000000000e+03 1.932000000000000000e+03 1.448400000000000000e+04 -4.144000000000000000e+03 -2.930000000000000000e+02 8.800000000000000000e+01
1.148000000000000000e+03 2.000000000000000000e+03 1.451600000000000000e+04 -4.112000000000000000e+03 -3.000000000000000000e+02 4.200000000000000000e+01
8.760000000000000000e+02 2.044000000000000000e+03 1.465200000000000000e+04 -4.144000000000000000e+03 -2.930000000000000000e+02 -3.800000000000000000e+01
7.240000000000000000e+02 2.024000000000000000e+03 1.443200000000000000e+04 -4.160000000000000000e+03 -2.760000000000000000e+02 -2.500000000000000000e+01
5.920000000000000000e+02 2.044000000000000000e+03 1.460000000000000000e+04 -4.160000000000000000e+03 -2.680000000000000000e+02 6.800000000000000000e+01
5.960000000000000000e+02 1.992000000000000000e+03 1.437600000000000000e+04 -4.144000000000000000e+03 -2.590000000000000000e+02 2.100000000000000000e+02
6.760000000000000000e+02 1.868000000000000000e+03 1.449600000000000000e+04 -4.144000000000000000e+03 -2.700000000000000000e+02 3.270000000000000000e+02
5.480000000000000000e+02 1.864000000000000000e+03 1.447600000000000000e+04 -4.176000000000000000e+03 -2.900000000000000000e+02 3.650000000000000000e+02
5.800000000000000000e+02 1.776000000000000000e+03 1.443200000000000000e+04 -4.176000000000000000e+03 -3.040000000000000000e+02 3.910000000000000000e+02
6.720000000000000000e+02 1.856000000000000000e+03 1.425200000000000000e+04 -4.160000000000000000e+03 -3.100000000000000000e+02 4.310000000000000000e+02
7.800000000000000000e+02 1.996000000000000000e+03 1.449600000000000000e+04 -4.144000000000000000e+03 -2.910000000000000000e+02 4.470000000000000000e+02
9.960000000000000000e+02 1.884000000000000000e+03 1.456400000000000000e+04 -4.160000000000000000e+03 -3.000000000000000000e+02 3.960000000000000000e+02
1.060000000000000000e+03 1.960000000000000000e+03 1.450400000000000000e+04 -4.144000000000000000e+03 -2.810000000000000000e+02 2.490000000000000000e+02
1.016000000000000000e+03 1.892000000000000000e+03 1.451600000000000000e+04 -4.144000000000000000e+03 -2.850000000000000000e+02 1.170000000000000000e+02
1.012000000000000000e+03 1.840000000000000000e+03 1.457200000000000000e+04 -4.160000000000000000e+03 -2.700000000000000000e+02 -3.200000000000000000e+01
