8.800000000000000000e+01 1.429200000000000000e+04 1.437200000000000000e+04 -4.048000000000000000e+03 -3.280000000000000000e+02 6.800000000000000000e+01
1.812000000000000000e+03 2.432000000000000000e+03 1.447200000000000000e+04 -4.064000000000000000e+03 -3.400000000000000000e+02 2.800000000000000000e+01
1.940000000000000000e+03 2.460000000000000000e+03 1.447600000000000000e+04 -4.080000000000000000e+03 -3.570000000000000000e+02 1.600000000000000000e+01
2.116000000000000000e+03 2.584000000000000000e+03 1.442800000000000000e+04 -4.080000000000000000e+03 -3.650000000000000000e+02 -7.000000000000000000e+00
1.968000000000000000e+03 2.596000000000000000e+03 1.426000000000000000e+04 -4.064000000000000000e+03 -3.680000000000000000e+02 3.600000000000000000e+01
2.160000000000000000e+03 2.532000000000000000e+03 1.433600000000000000e+04 -4.080000000000000000e+03 -3.630000000000000000e+02 9.300000000000000000e+01
1.956000000000000000e+03 2.520000000000000000e+03 1.446000000000000000e+04 -4.080000000000000000e+03 -3.880000000000000000e+02 1.810000000000000000e+02
2.112000000000000000e+03 2.448000000000000000e+03 1.464000000000000000e+04 -4.032000000000000000e+03 -3.830000000000000000e+02 2.180000000000000000e+02
2.004000000000000000e+03 2.480000000000000000e+03 1.453200000000000000e+04 -4.048000000000000000e+03 -3.970000000000000000e+02 2.580000000000000000e+02
2.016000000000000000e+03 2.484000000000000000e+03 1.455200000000000000e+04 -4.064000000000000000e+03 -3.950000000000000000e+02 3.060000000000000000e+02
1.832000000000000000e+03 2.352000000000000000e+03 1.443200000000000000e+04 -4.080000000000000000e+03 -4.270000000000000000e+02 3.750000000000000000e+02
1.936000000000000000e+03 2.328000000000000000e+03 1.437600000000000000e+04 -4.080000000000000000e+03 -4.280000000000000000e+02 4.060000000000000000e+02
1.864000000000000000e+03 2.472000000000000000e+03 1.468800000000000000e+04 -4.064000000000000000e+03 -4.150000000000000000e+02 4.250000000000000000e+02
1.892000000000000000e+03 2.444000000000000000e+03 1.450000000000000000e+04 -4.064000000000000000e+03 -4.350000000000000000e+02 4.230000000000000000e+02
1.880000000000000000e+03 2.452000000000000000e+03 1.436400000000000000e+04 -4.064000000000000000e+03 -4.380000000000000000e+02 3.650000000000000000e+02
1.924000000000000000e+03 2.500000000000000000e+03 1.429200000000000000e+04 -4.064000000000000000e+03 -4.500000000000000000e+02 3.670000000000000000e+02
1.908000000000000000e+03 2.404000000000000000e+03 1.434000000000000000e+04 -4.032000000000000000e+03 -4.320000000000000000e+02 3.290000000000000000e+02
1.912000000000000000e+03 2.376000000000000000e+03 1.447200000000000000e+04 -4.048000000000000000e+03 -4.310000000000000000e+02 3.070000000000000000e+02
2.104000000000000000e+03 2.440000000000000000e+03 1.429200000000000000e+04 -4.032000000000000000e+03 -4.360000000000000000e+02 2.690000000000000000e+02
2.012000000000000000e+03 2.412000000000000000e+03 1.429600000000000000e+04 -4.048000000000000000e+03 -3.850000000000000000e+02 2.440000000000000000e+02
1.848000000000000000e+03 2.268000000000000000e+03 1.436800000000000000e+04 -4.080000000000000000e+03 -3.790000000000000000e+02 2.110000000000000000e+02
1.844000000000000000e+03 2.308000000000000000e+03 1.439200000000000000e+04 -4.064000000000000000e+03 -3.600000000000000000e+02 1.460000000000000000e+02
2.020000000000000000e+03 2.252000000000000000e+03 1.434000000000000000e+04 -4.080000000000000000e+03 -3.540000000000000000e+02 8.600000000000000000e+01
2.040000000000000000e+03 2.248000000000000000e+03 1.441600000000000000e+04 -4.016000000000000000e+03 -3.200000000000000000e+02 2.300000000000000000e+01
2.048000000000000000e+03 2.312000000000000000e+03 1.418400000000000000e+04 -4.064000000000000000e+03 -3.020000000000000000e+02 3.700000000000000000e+01
1.988000000000000000e+03 2.208000000000000000e+03 1.435600000000000000e+04 -4.080000000000000000e+03 -2.590000000000000000e+02 8.500000000000000000e+01
1.984000000000000000e+03 2.260000000000000000e+03 1.440800000000000000e+04 -4.048000000000000000e+03 -2.440000000000000000e+02 1.740000000000000000e+02
1.816000000000000000e+03 2.348000000000000000e+03 1.424000000000000000e+04 -4.032000000000000000e+03 -2.240000000000000000e+02 3.890000000000000000e+02
1.868000000000000000e+03 2.176000000000000000e+03 1.446000000000000000e+04 -4.080000000000000000e+03 -1.990000000000000000e+02 6.010000000000000000e+02
1.884000000000000000e+03 2.196000000000000000e+03 1.448400000000000000e+04 -4.048000000000000000e+03 -1.750000000000000000e+02 7.340000000000000000e+02
1.780000000000000000e+03 2.252000000000000000e+03 1.428000000000000000e+04 -4.064000000000000000e+03 -1.740000000000000000e+02 8.140000000000000000e+02
1.752000000000000000e+03 2.136000000000000000e+03 1.429600000000000000e+04 -4.048000000000000000e+03 -1.970000000000000000e+02 8.510000000000000000e+02
1.696000000000000000e+03 2.184000000000000000e+03 1.427200000000000000e+04 -4.064000000000000000e+03 -2.120000000000000000e+02 8.050000000000000000e+02
1.716000000000000000e+03 2.172000000000000000e+03 1.424000000000000000e+04 -4.064000000000000000e+03 -2.090000000000000000e+02 7.410000000000000000e+02
1.644000000000000000e+03 2.168000000000000000e+03 1.436000000000000000e+04 -4.096000000000000000e+03 -2.100000000000000000e+02 6.210000000000000000e+02
1.780000000000000000e+03 2.148000000000000000e+03 1.436400000000000000e+04 -4.048000000000000000e+03 -2.100000000000000000e+02 4.650000000000000000e+02
1.688000000000000000e+03 2.264000000000000000e+03 1.439200000000000000e+04 -4.064000000000000000e+03 -2.140000000000000000e+02 2.970000000000000000e+02
1.668000000000000000e+03 2.100000000000000000e+03 1.443600000000000000e+04 -4.080000000000000000e+03 -2.120000000000000000e+02 1.160000000000000000e+02
1.500000000000000000e+03 2.128000000000000000e+03 1.411600000000000000e+04 -4.080000000000000000e+03 -2.090000000000000000e+02 -1.070000000000000000e+02
1.540000000000000000e+03 2.244000000000000000e+03 1.410400000000000000e+04 -4.032000000000000000e+03 -1.930000000000000000e+02 -2.570000000000000000e+02
1.792000000000000000e+03 2.300000000000000000e+03 1.435600000000000000e+04 -4.080000000000000000e+03 -1.870000000000000000e+02 -3.750000000000000000e+02
1.912000000000000000e+03 2.312000000000000000e+03 1.445200000000000000e+04 -4.016000000000000000e+03 -1.770000000000000000e+02 -3.830000000000000000e+02
1.880000000000000000e+03 2.336000000000000000e+03 1.449200000000000000e+04 -4.064000000000000000e+03 -1.500000000000000000e+02 -3.210000000000000000e+02
1.932000000000000000e+03 2.420000000000000000e+03 1.420000000000000000e+04 -4.080000000000000000e+03 -1.350000000000000000e+02 -1.800000000000000000e+02
1.616000000000000000e+03 2.232000000000000000e+03 1.432800000000000000e+04 -4.080000000000000000e+03 -1.350000000000000000e+02 -2.600000000000000000e+01
1.664000000000000000e+03 2.204000000000000000e+03 1.426000000000000000e+04 -4.032000000000000000e+03 -1.590000000000000000e+02 1.290000000000000000e+02
1.752000000000000000e+03 2.196000000000000000e+03 1.450400000000000000e+04 -4.080000000000000000e+03 -1.750000000000000000e+02 2.730000000000000000e+02
1.572000000000000000e+03 2.140000000000000000e+03 1.440000000000000000e+04 -4.048000000000000000e+03 -1.810000000000000000e+02 3.590000000000000000e+02
1.476000000000000000e+03 2.196000000000000000e+03 1.472400000000000000e+04 -4.048000000000000000e+03 -1.970000000000000000e+02 3.440000000000000000e+02
1.508000000000000000e+03 2.156000000000000000e+03 1.460400000000000000e+04 -4.048000000000000000e+03 -2.470000000000000000e+02 3.690000000000000000e+02
1.424000000000000000e+03 2.216000000000000000e+03 1.440800000000000000e+04 -4.048000000000000000e+03 -2.710000000000000000e+02 3.890000000000000000e+02
1.372000000000000000e+03 2.224000000000000000e+03 1.448800000000000000e+04 -4.064000000000000000e+03 -2.910000000000000000e+02 3.680000000000000000e+02
1.364000000000000000e+03 2.328000000000000000e+03 1.472400000000000000e+04 -4.032000000000000000e+03 -3.000000000000000000e+02 3.980000000000000000e+02
1.332000000000000000e+03 2.316000000000000000e+03 1.447200000000000000e+04 -4.064000000000000000e+03 -2.940000000000000000e+02 3.430000000000000000e+02
1.348000000000000000e+03 2.324000000000000000e+03 1.455600000000000000e+04 -4.080000000000000000e+03 -3.250000000000000000e+02 3.110000000000000000e+02
1.436000000000000000e+03 2.376000000000000000e+03 1.449600000000000000e+04 -4.032000000000000000e+03 -3.310000000000000000e+02 2.570000000000000000e+02
1.716000000000000000e+03 2.408000000000000000e+03 1.435200000000000000e+04 -4.032000000000000000e+03 -3.430000000000000000e+02 1.730000000000000000e+02
1.888000000000000000e+03 2.420000000000000000e+03 1.409200000000000000e+04 -4.080000000000000000e+03 -3.530000000000000000e+02 9.400000000000000000e+01
1.796000000000000000e+03 2.348000000000000000e+03 1.417200000000000000e+04 -4.096000000000000000e+03 -3.650000000000000000e+02 1.500000000000000000e+01
1.848000000000000000e+03 2.384000000000000000e+03 1.443600000000000000e+04 -4.064000000000000000e+03 -3.580000000000000000e+02 -2.200000000000000000e+01
1.732000000000000000e+03 2.356000000000000000e+03 1.450800000000000000e+04 -4.048000000000000000e+03 -3.800000000000000000e+02 -7.600000000000000000e+01
1.612000000000000000e+03 2.308000000000000000e+03 1.443200000000000000e+04 -4.064000000000000000e+03 -3.740000000000000000e+02 -8.400000000000000000e+01
1.760000000000000000e+03 2.380000000000000000e+03 1.444000000000000000e+04 -4.064000000000000000e+03 -3.550000000000000000e+02 -3.000000000000000000e+00
1.708000000000000000e+03 2.460000000000000000e+03 1.446000000000000000e+04 -4.080000000000000000e+03 -3.310000000000000000e+02 8.500000000000000000e+01
1.476000000000000000e+03 2.372000000000000000e+03 1.442000000000000000e+04 -4.032000000000000000e+03 -3.570000000000000000e+02 1.490000000000000000e+02
1.472000000000000000e+03 2.448000000000000000e+03 1.447600000000000000e+04 -4.048000000000000000e+03 -3.550000000000000000e+02 2.050000000000000000e+02
1.600000000000000000e+03 2.380000000000000000e+03 1.450000000000000000e+04 -4.048000000000000000e+03 -3.470000000000000000e+02 2.120000000000000000e+02
1.600000000000000000e+03 2.428000000000000000e+03 1.440800000000000000e+04 -4.048000000000000000e+03 -3.460000000000000000e+02 2.330000000000000000e+02
