7.000000000000000000e+02 1.812000000000000000e+03 1.538000000000000000e+04 -4.096000000000000000e+03 -1.850000000000000000e+02 9.910000000000000000e+02
3.400000000000000000e+02 1.892000000000000000e+03 1.432400000000000000e+04 -4.112000000000000000e+03 -1.850000000000000000e+02 8.120000000000000000e+02
1.120000000000000000e+03 2.476000000000000000e+03 1.320800000000000000e+04 -4.096000000000000000e+03 -1.330000000000000000e+02 5.910000000000000000e+02
9.880000000000000000e+02 2.356000000000000000e+03 1.322400000000000000e+04 -4.080000000000000000e+03 -7.000000000000000000e+01 3.350000000000000000e+02
1.100000000000000000e+03 2.272000000000000000e+03 1.361600000000000000e+04 -4.080000000000000000e+03 -5.400000000000000000e+01 5.800000000000000000e+01
1.132000000000000000e+03 2.072000000000000000e+03 1.382400000000000000e+04 -4.080000000000000000e+03 -3.700000000000000000e+01 -2.410000000000000000e+02
1.156000000000000000e+03 1.860000000000000000e+03 1.468400000000000000e+04 -4.080000000000000000e+03 -5.000000000000000000e+00 -5.320000000000000000e+02
1.328000000000000000e+03 1.820000000000000000e+03 1.510400000000000000e+04 -4.096000000000000000e+03 4.100000000000000000e+01 -7.340000000000000000e+02
1.836000000000000000e+03 1.948000000000000000e+03 1.465600000000000000e+04 -4.096000000000000000e+03 9.300000000000000000e+01 -7.310000000000000000e+02
1.356000000000000000e+03 2.072000000000000000e+03 1.434000000000000000e+04 -4.080000000000000000e+03 1.400000000000000000e+02 -5.910000000000000000e+02
4.560000000000000000e+02 1.932000000000000000e+03 1.418400000000000000e+04 -4.064000000000000000e+03 1.480000000000000000e+02 -3.540000000000000000e+02
-2.120000000000000000e+02 1.760000000000000000e+03 1.452000000000000000e+04 -4.096000000000000000e+03 1.340000000000000000e+02 -1.710000000000000000e+02
-4.000000000000000000e+00 1.548000000000000000e+03 1.426400000000000000e+04 -4.112000000000000000e+03 1.620000000000000000e+02 -2.300000000000000000e+01
2.880000000000000000e+02 1.492000000000000000e+03 1.480400000000000000e+04 -4.080000000000000000e+03 1.340000000000000000e+02 7.000000000000000000e+01
3.160000000000000000e+02 1.552000000000000000e+03 1.468400000000000000e+04 -4.112000000000000000e+03 1.300000000000000000e+02 1.270000000000000000e+02
3.880000000000000000e+02 1.616000000000000000e+03 1.420800000000000000e+04 -4.096000000000000000e+03 8.800000000000000000e+01 1.650000000000000000e+02
1.800000000000000000e+02 1.692000000000000000e+03 1.384400000000000000e+04 -4.080000000000000000e+03 4.600000000000000000e+01 1.170000000000000000e+02
1.480000000000000000e+02 1.804000000000000000e+03 1.386800000000000000e+04 -4.080000000000000000e+03 6.200000000000000000e+01 1.090000000000000000e+02
2.200000000000000000e+02 1.872000000000000000e+03 1.421600000000000000e+04 -4.064000000000000000e+03 2.300000000000000000e+01 7.200000000000000000e+01
1.124000000000000000e+03 1.876000000000000000e+03 1.456000000000000000e+04 -4.112000000000000000e+03 -1.500000000000000000e+01 1.340000000000000000e+02
9.000000000000000000e+02 1.676000000000000000e+03 1.460000000000000000e+04 -4.080000000000000000e+03 -6.900000000000000000e+01 2.110000000000000000e+02
6.760000000000000000e+02 1.392000000000000000e+03 1.446400000000000000e+04 -4.080000000000000000e+03 -1.040000000000000000e+02 3.200000000000000000e+02
8.440000000000000000e+02 1.576000000000000000e+03 1.400400000000000000e+04 -4.064000000000000000e+03 -1.590000000000000000e+02 4.350000000000000000e+02
1.000000000000000000e+03 1.624000000000000000e+03 1.406800000000000000e+04 -4.080000000000000000e+03 -1.880000000000000000e+02 4.980000000000000000e+02
7.920000000000000000e+02 1.760000000000000000e+03 1.435200000000000000e+04 -4.096000000000000000e+03 -2.060000000000000000e+02 6.150000000000000000e+02
5.480000000000000000e+02 1.852000000000000000e+03 1.452400000000000000e+04 -4.112000000000000000e+03 -2.480000000000000000e+02 6.330000000000000000e+02
1.400000000000000000e+02 1.780000000000000000e+03 1.473600000000000000e+04 -4.112000000000000000e+03 -2.820000000000000000e+02 5.400000000000000000e+02
-2.080000000000000000e+02 2.100000000000000000e+03 1.497200000000000000e+04 -4.064000000000000000e+03 -2.680000000000000000e+02 3.640000000000000000e+02
-9.600000000000000000e+01 2.216000000000000000e+03 1.488800000000000000e+04 -4.080000000000000000e+03 -3.540000000000000000e+02 1.450000000000000000e+02
-1.600000000000000000e+01 2.368000000000000000e+03 1.465200000000000000e+04 -4.064000000000000000e+03 -3.060000000000000000e+02 -8.300000000000000000e+01
-1.200000000000000000e+02 2.424000000000000000e+03 1.435600000000000000e+04 -4.064000000000000000e+03 -2.860000000000000000e+02 -2.460000000000000000e+02
-8.800000000000000000e+01 2.396000000000000000e+03 1.418800000000000000e+04 -4.064000000000000000e+03 -3.010000000000000000e+02 -3.490000000000000000e+02
-1.480000000000000000e+02 2.132000000000000000e+03 1.427200000000000000e+04 -4.080000000000000000e+03 -3.250000000000000000e+02 -3.040000000000000000e+02
-8.000000000000000000e+00 1.864000000000000000e+03 1.473200000000000000e+04 -4.048000000000000000e+03 -3.750000000000000000e+02 -1.350000000000000000e+02
3.600000000000000000e+02 1.884000000000000000e+03 1.482800000000000000e+04 -4.064000000000000000e+03 -3.150000000000000000e+02 6.800000000000000000e+01
6.640000000000000000e+02 1.836000000000000000e+03 1.463600000000000000e+04 -4.080000000000000000e+03 -2.770000000000000000e+02 2.230000000000000000e+02
7.080000000000000000e+02 2.020000000000000000e+03 1.456000000000000000e+04 -4.112000000000000000e+03 -2.680000000000000000e+02 2.960000000000000000e+02
6.000000000000000000e+02 2.100000000000000000e+03 1.454000000000000000e+04 -4.128000000000000000e+03 -2.680000000000000000e+02 3.660000000000000000e+02
3.520000000000000000e+02 2.252000000000000000e+03 1.462000000000000000e+04 -4.096000000000000000e+03 -2.830000000000000000e+02 3.550000000000000000e+02
3.600000000000000000e+02 2.300000000000000000e+03 1.477600000000000000e+04 -4.096000000000000000e+03 -2.700000000000000000e+02 3.560000000000000000e+02
3.960000000000000000e+02 2.408000000000000000e+03 1.487600000000000000e+04 -4.080000000000000000e+03 -2.610000000000000000e+02 3.500000000000000000e+02
4.960000000000000000e+02 2.348000000000000000e+03 1.460800000000000000e+04 -4.064000000000000000e+03 -2.750000000000000000e+02 2.850000000000000000e+02
6.440000000000000000e+02 2.360000000000000000e+03 1.469200000000000000e+04 -4.096000000000000000e+03 -2.400000000000000000e+02 2.220000000000000000e+02
4.280000000000000000e+02 2.116000000000000000e+03 1.448400000000000000e+04 -4.080000000000000000e+03 -2.960000000000000000e+02 1.240000000000000000e+02
3.200000000000000000e+01 2.064000000000000000e+03 1.363200000000000000e+04 -4.096000000000000000e+03 -2.920000000000000000e+02 6.800000000000000000e+01
-1.960000000000000000e+02 1.856000000000000000e+03 1.409600000000000000e+04 -4.112000000000000000e+03 -3.160000000000000000e+02 -2.000000000000000000e+00
-1.080000000000000000e+02 1.888000000000000000e+03 1.437200000000000000e+04 -4.064000000000000000e+03 -3.100000000000000000e+02 -9.000000000000000000e+00
1.840000000000000000e+02 1.936000000000000000e+03 1.490000000000000000e+04 -4.112000000000000000e+03 -2.990000000000000000e+02 -3.300000000000000000e+01
2.280000000000000000e+02 1.804000000000000000e+03 1.452400000000000000e+04 -4.064000000000000000e+03 -2.700000000000000000e+02 -6.500000000000000000e+01
4.200000000000000000e+02 2.160000000000000000e+03 1.431600000000000000e+04 -4.080000000000000000e+03 -2.290000000000000000e+02 -1.090000000000000000e+02
8.200000000000000000e+02 2.316000000000000000e+03 1.430000000000000000e+04 -4.096000000000000000e+03 -2.490000000000000000e+02 -1.650000000000000000e+02
1.008000000000000000e+03 2.620000000000000000e+03 1.460800000000000000e+04 -4.112000000000000000e+03 -2.120000000000000000e+02 -2.060000000000000000e+02
3.800000000000000000e+02 2.648000000000000000e+03 1.471200000000000000e+04 -4.080000000000000000e+03 -2.170000000000000000e+02 -1.390000000000000000e+02
-1.160000000000000000e+02 2.544000000000000000e+03 1.464800000000000000e+04 -4.080000000000000000e+03 -1.830000000000000000e+02 -7.000000000000000000e+01
-1.880000000000000000e+02 2.452000000000000000e+03 1.433600000000000000e+04 -4.048000000000000000e+03 -1.910000000000000000e+02 -3.600000000000000000e+01
