1.160000000000000000e+03 2.188000000000000000e+03 1.459600000000000000e+04 -4.064000000000000000e+03 -2.120000000000000000e+02 2.190000000000000000e+02
1.132000000000000000e+03 2.268000000000000000e+03 1.468400000000000000e+04 -4.080000000000000000e+03 -2.230000000000000000e+02 1.990000000000000000e+02
1.252000000000000000e+03 2.336000000000000000e+03 1.449600000000000000e+04 -4.096000000000000000e+03 -2.700000000000000000e+02 2.140000000000000000e+02
-2.390000000000000000e+02 5.360000000000000000e+02 1.441600000000000000e+04 -4.096000000000000000e+03 -2.490000000000000000e+02 2.330000000000000000e+02
9.880000000000000000e+02 2.280000000000000000e+03 1.432000000000000000e+04 -4.048000000000000000e+03 -2.890000000000000000e+02 2.360000000000000000e+02
1.140000000000000000e+03 2.292000000000000000e+03 1.460000000000000000e+04 -4.064000000000000000e+03 -2.460000000000000000e+02 2.530000000000000000e+02
8.600000000000000000e+02 2.244000000000000000e+03 1.454000000000000000e+04 -4.080000000000000000e+03 -2.640000000000000000e+02 2.720000000000000000e+02
1.072000000000000000e+03 2.172000000000000000e+03 1.458000000000000000e+04 -4.096000000000000000e+03 -2.400000000000000000e+02 2.350000000000000000e+02
1.128000000000000000e+03 2.268000000000000000e+03 1.468800000000000000e+04 -4.064000000000000000e+03 -2.680000000000000000e+02 1.940000000000000000e+02
1.100000000000000000e+03 2.348000000000000000e+03 1.463600000000000000e+04 -4.048000000000000000e+03 -2.690000000000000000e+02 1.350000000000000000e+02
9.040000000000000000e+02 2.308000000000000000e+03 1.435200000000000000e+04 -4.096000000000000000e+03 -2.660000000000000000e+02 1.100000000000000000e+02
6.640000000000000000e+02 2.308000000000000000e+03 1.442800000000000000e+04 -4.064000000000000000e+03 -2.680000000000000000e+02 4.000000000000000000e+01
9.840000000000000000e+02 2.368000000000000000e+03 1.453200000000000000e+04 -4.080000000000000000e+03 -2.410000000000000000e+02 -5.100000000000000000e+01
9.960000000000000000e+02 2.348000000000000000e+03 1.448000000000000000e+04 -4.064000000000000000e+03 -2.510000000000000000e+02 -6.500000000000000000e+01
9.760000000000000000e+02 2.292000000000000000e+03 1.442000000000000000e+04 -4.080000000000000000e+03 -2.790000000000000000e+02 -1.360000000000000000e+02
9.960000000000000000e+02 2.180000000000000000e+03 1.433600000000000000e+04 -4.096000000000000000e+03 -2.320000000000000000e+02 -1.560000000000000000e+02
1.140000000000000000e+03 2.336000000000000000e+03 1.428000000000000000e+04 -4.080000000000000000e+03 -2.590000000000000000e+02 -1.910000000000000000e+02
1.076000000000000000e+03 2.308000000000000000e+03 1.444400000000000000e+04 -4.064000000000000000e+03 -2.260000000000000000e+02 -1.570000000000000000e+02
1.012000000000000000e+03 2.232000000000000000e+03 1.453600000000000000e+04 -4.096000000000000000e+03 -2.060000000000000000e+02 -4.800000000000000000e+01
9.600000000000000000e+02 2.280000000000000000e+03 1.456800000000000000e+04 -4.096000000000000000e+03 -2.280000000000000000e+02 6.400000000000000000e+01
1.068000000000000000e+03 2.364000000000000000e+03 1.444400000000000000e+04 -4.064000000000000000e+03 -2.130000000000000000e+02 1.690000000000000000e+02
9.280000000000000000e+02 2.360000000000000000e+03 1.429200000000000000e+04 -4.096000000000000000e+03 -2.110000000000000000e+02 2.380000000000000000e+02
1.108000000000000000e+03 2.296000000000000000e+03 1.430400000000000000e+04 -4.080000000000000000e+03 -1.910000000000000000e+02 2.670000000000000000e+02
1.084000000000000000e+03 2.364000000000000000e+03 1.435600000000000000e+04 -4.080000000000000000e+03 -1.810000000000000000e+02 2.890000000000000000e+02
1.212000000000000000e+03 2.448000000000000000e+03 1.452400000000000000e+04 -4.080000000000000000e+03 -2.140000000000000000e+02 3.040000000000000000e+02
9.840000000000000000e+02 2.368000000000000000e+03 1.446400000000000000e+04 -4.096000000000000000e+03 -2.260000000000000000e+02 2.770000000000000000e+02
9.800000000000000000e+02 2.308000000000000000e+03 1.434400000000000000e+04 -4.080000000000000000e+03 -2.460000000000000000e+02 2.270000000000000000e+02
9.200000000000000000e+02 2.348000000000000000e+03 1.446800000000000000e+04 -4.080000000000000000e+03 -2.540000000000000000e+02 1.670000000000000000e+02
1.048000000000000000e+03 2.216000000000000000e+03 1.431600000000000000e+04 -4.080000000000000000e+03 -2.820000000000000000e+02 1.310000000000000000e+02
9.960000000000000000e+02 2.256000000000000000e+03 1.455200000000000000e+04 -4.080000000000000000e+03 -2.670000000000000000e+02 1.090000000000000000e+02
1.044000000000000000e+03 2.272000000000000000e+03 1.453600000000000000e+04 -4.112000000000000000e+03 -3.000000000000000000e+02 1.160000000000000000e+02
1.016000000000000000e+03 2.352000000000000000e+03 1.444400000000000000e+04 -4.080000000000000000e+03 -2.810000000000000000e+02 1.990000000000000000e+02
9.360000000000000000e+02 2.424000000000000000e+03 1.432400000000000000e+04 -4.064000000000000000e+03 -2.920000000000000000e+02 3.350000000000000000e+02
9.960000000000000000e+02 2.420000000000000000e+03 1.428400000000000000e+04 -4.064000000000000000e+03 -2.860000000000000000e+02 4.350000000000000000e+02
1.020000000000000000e+03 2.396000000000000000e+03 1.440000000000000000e+04 -4.112000000000000000e+03 -2.830000000000000000e+02 6.120000000000000000e+02
9.840000000000000000e+02 2.336000000000000000e+03 1.438400000000000000e+04 -4.080000000000000000e+03 -2.860000000000000000e+02 6.560000000000000000e+02
1.084000000000000000e+03 2.244000000000000000e+03 1.440400000000000000e+04 -4.064000000000000000e+03 -3.070000000000000000e+02 6.120000000000000000e+02
1.120000000000000000e+03 2.276000000000000000e+03 1.450400000000000000e+04 -4.112000000000000000e+03 -3.140000000000000000e+02 4.760000000000000000e+02
1.264000000000000000e+03 2.296000000000000000e+03 1.454800000000000000e+04 -4.080000000000000000e+03 -3.440000000000000000e+02 2.990000000000000000e+02
1.176000000000000000e+03 2.388000000000000000e+03 1.434000000000000000e+04 -4.064000000000000000e+03 -3.630000000000000000e+02 1.370000000000000000e+02
1.212000000000000000e+03 2.360000000000000000e+03 1.441200000000000000e+04 -4.080000000000000000e+03 -3.740000000000000000e+02 -2.200000000000000000e+01
1.300000000000000000e+03 2.476000000000000000e+03 1.438800000000000000e+04 -4.064000000000000000e+03 -4.120000000000000000e+02 -2.150000000000000000e+02
1.316000000000000000e+03 2.476000000000000000e+03 1.436800000000000000e+04 -4.080000000000000000e+03 -4.110000000000000000e+02 -3.210000000000000000e+02
1.316000000000000000e+03 2.464000000000000000e+03 1.440000000000000000e+04 -4.080000000000000000e+03 -4.070000000000000000e+02 -4.100000000000000000e+02
1.412000000000000000e+03 2.368000000000000000e+03 1.458400000000000000e+04 -4.112000000000000000e+03 -3.760000000000000000e+02 -4.340000000000000000e+02
1.324000000000000000e+03 2.424000000000000000e+03 1.438800000000000000e+04 -4.080000000000000000e+03 -3.730000000000000000e+02 -4.240000000000000000e+02
1.296000000000000000e+03 2.432000000000000000e+03 1.457200000000000000e+04 -4.096000000000000000e+03 -3.400000000000000000e+02 -3.400000000000000000e+02
1.072000000000000000e+03 2.320000000000000000e+03 1.468000000000000000e+04 -4.080000000000000000e+03 -2.950000000000000000e+02 -2.180000000000000000e+02
1.160000000000000000e+03 2.396000000000000000e+03 1.447200000000000000e+04 -4.064000000000000000e+03 -2.700000000000000000e+02 -1.490000000000000000e+02
1.028000000000000000e+03 2.404000000000000000e+03 1.446800000000000000e+04 -4.064000000000000000e+03 -2.610000000000000000e+02 -5.700000000000000000e+01
9.760000000000000000e+02 2.296000000000000000e+03 1.414400000000000000e+04 -4.080000000000000000e+03 -2.080000000000000000e+02 -2.900000000000000000e+01
7.320000000000000000e+02 2.256000000000000000e+03 1.421600000000000000e+04 -4.064000000000000000e+03 -1.950000000000000000e+02 -3.700000000000000000e+01
7.720000000000000000e+02 2.340000000000000000e+03 1.446800000000000000e+04 -4.032000000000000000e+03 -1.990000000000000000e+02 -1.730000000000000000e+02
1.132000000000000000e+03 2.364000000000000000e+03 1.430000000000000000e+04 -4.064000000000000000e+03 -2.130000000000000000e+02 -3.990000000000000000e+02
1.300000000000000000e+03 2.316000000000000000e+03 1.430000000000000000e+04 -4.080000000000000000e+03 -2.100000000000000000e+02 -6.450000000000000000e+02
1.392000000000000000e+03 2.388000000000000000e+03 1.432800000000000000e+04 -4.096000000000000000e+03 -1.990000000000000000e+02 -7.300000000000000000e+02
1.568000000000000000e+03 2.400000000000000000e+03 1.438800000000000000e+04 -4.048000000000000000e+03 -1.870000000000000000e+02 -6.410000000000000000e+02
1.588000000000000000e+03 2.400000000000000000e+03 1.444800000000000000e+04 -4.048000000000000000e+03 -2.060000000000000000e+02 -4.160000000000000000e+02
1.544000000000000000e+03 2.456000000000000000e+03 1.444000000000000000e+04 -4.112000000000000000e+03 -1.840000000000000000e+02 -5.900000000000000000e+01
1.352000000000000000e+03 2.488000000000000000e+03 1.440000000000000000e+04 -4.080000000000000000e+03 -1.480000000000000000e+02 3.360000000000000000e+02
