1.520000000000000000e+02 1.980000000000000000e+03 1.446800000000000000e+04 -4.224000000000000000e+03 -2.450000000000000000e+02 1.650000000000000000e+02
1.480000000000000000e+02 1.880000000000000000e+03 1.451600000000000000e+04 -4.256000000000000000e+03 -2.510000000000000000e+02 1.780000000000000000e+02
2.400000000000000000e+02 1.960000000000000000e+03 1.459200000000000000e+04 -4.192000000000000000e+03 -2.450000000000000000e+02 1.050000000000000000e+02
1.160000000000000000e+02 1.928000000000000000e+03 1.452400000000000000e+04 -4.224000000000000000e+03 -2.440000000000000000e+02 9.000000000000000000e+00
1.480000000000000000e+02 1.964000000000000000e+03 1.452800000000000000e+04 -4.208000000000000000e+03 -2.300000000000000000e+02 -1.520000000000000000e+02
1.160000000000000000e+02 1.984000000000000000e+03 1.462800000000000000e+04 -4.240000000000000000e+03 -2.140000000000000000e+02 -2.410000000000000000e+02
-2.000000000000000000e+01 1.940000000000000000e+03 1.426400000000000000e+04 -4.240000000000000000e+03 -1.820000000000000000e+02 -2.350000000000000000e+02
-7.600000000000000000e+01 2.116000000000000000e+03 1.466400000000000000e+04 -4.240000000000000000e+03 -2.150000000000000000e+02 -1.990000000000000000e+02
5.600000000000000000e+01 2.024000000000000000e+03 1.483200000000000000e+04 -4.256000000000000000e+03 -2.310000000000000000e+02 -1.250000000000000000e+02
3.120000000000000000e+02 1.976000000000000000e+03 1.470800000000000000e+04 -4.208000000000000000e+03 -2.600000000000000000e+02 -7.400000000000000000e+01
4.320000000000000000e+02 1.808000000000000000e+03 1.429200000000000000e+04 -4.208000000000000000e+03 -2.600000000000000000e+02 -7.900000000000000000e+01
4.400000000000000000e+02 1.740000000000000000e+03 1.420800000000000000e+04 -4.208000000000000000e+03 -2.100000000000000000e+02 2.700000000000000000e+01
2.920000000000000000e+02 1.872000000000000000e+03 1.392400000000000000e+04 -4.208000000000000000e+03 -1.650000000000000000e+02 2.040000000000000000e+02
3.560000000000000000e+02 1.896000000000000000e+03 1.433600000000000000e+04 -4.208000000000000000e+03 -2.020000000000000000e+02 2.810000000000000000e+02
3.200000000000000000e+02 2.100000000000000000e+03 1.452800000000000000e+04 -4.240000000000000000e+03 -2.360000000000000000e+02 3.770000000000000000e+02
4.080000000000000000e+02 2.072000000000000000e+03 1.467200000000000000e+04 -4.208000000000000000e+03 -2.630000000000000000e+02 5.360000000000000000e+02
2.280000000000000000e+02 2.036000000000000000e+03 1.469600000000000000e+04 -4.224000000000000000e+03 -2.940000000000000000e+02 6.210000000000000000e+02
4.200000000000000000e+02 1.984000000000000000e+03 1.444800000000000000e+04 -4.192000000000000000e+03 -3.080000000000000000e+02 6.950000000000000000e+02
2.160000000000000000e+02 1.944000000000000000e+03 1.451200000000000000e+04 -4.224000000000000000e+03 -3.190000000000000000e+02 7.290000000000000000e+02
1.480000000000000000e+02 1.952000000000000000e+03 1.457200000000000000e+04 -4.224000000000000000e+03 -3.280000000000000000e+02 6.990000000000000000e+02
1.440000000000000000e+02 1.996000000000000000e+03 1.484800000000000000e+04 -4.240000000000000000e+03 -3.540000000000000000e+02 5.800000000000000000e+02
1.760000000000000000e+02 2.068000000000000000e+03 1.475200000000000000e+04 -4.240000000000000000e+03 -3.320000000000000000e+02 4.410000000000000000e+02
1.200000000000000000e+02 2.008000000000000000e+03 1.463200000000000000e+04 -4.208000000000000000e+03 -3.300000000000000000e+02 2.820000000000000000e+02
1.040000000000000000e+02 2.012000000000000000e+03 1.443600000000000000e+04 -4.208000000000000000e+03 -3.080000000000000000e+02 5.500000000000000000e+01
2.520000000000000000e+02 1.960000000000000000e+03 1.449200000000000000e+04 -4.208000000000000000e+03 -2.920000000000000000e+02 -1.820000000000000000e+02
5.200000000000000000e+01 1.976000000000000000e+03 1.472800000000000000e+04 -4.224000000000000000e+03 -2.660000000000000000e+02 -3.590000000000000000e+02
3.080000000000000000e+02 1.920000000000000000e+03 1.447600000000000000e+04 -4.256000000000000000e+03 -2.090000000000000000e+02 -5.360000000000000000e+02
9.200000000000000000e+01 2.020000000000000000e+03 1.453600000000000000e+04 -4.224000000000000000e+03 -2.420000000000000000e+02 -6.920000000000000000e+02
5.200000000000000000e+01 1.932000000000000000e+03 1.459600000000000000e+04 -4.224000000000000000e+03 -2.250000000000000000e+02 -7.930000000000000000e+02
1.200000000000000000e+01 2.092000000000000000e+03 1.465600000000000000e+04 -4.208000000000000000e+03 -2.150000000000000000e+02 -8.820000000000000000e+02
1.480000000000000000e+02 2.084000000000000000e+03 1.469200000000000000e+04 -4.224000000000000000e+03 -2.100000000000000000e+02 -8.770000000000000000e+02
1.800000000000000000e+02 2.124000000000000000e+03 1.461600000000000000e+04 -4.224000000000000000e+03 -2.330000000000000000e+02 -7.040000000000000000e+02
3.720000000000000000e+02 2.008000000000000000e+03 1.433600000000000000e+04 -4.240000000000000000e+03 -2.320000000000000000e+02 -8.000000000000000000e+01
2.800000000000000000e+02 1.976000000000000000e+03 1.448400000000000000e+04 -4.224000000000000000e+03 -3.260000000000000000e+02 -4.100000000000000000e+01
5.480000000000000000e+02 1.884000000000000000e+03 1.357600000000000000e+04 -4.224000000000000000e+03 -3.050000000000000000e+02 3.220000000000000000e+02
9.280000000000000000e+02 2.004000000000000000e+03 1.406400000000000000e+04 -4.208000000000000000e+03 -3.240000000000000000e+02 6.120000000000000000e+02
1.184000000000000000e+03 1.780000000000000000e+03 1.434400000000000000e+04 -4.208000000000000000e+03 -3.690000000000000000e+02 7.200000000000000000e+02
7.040000000000000000e+02 1.860000000000000000e+03 1.434400000000000000e+04 -4.208000000000000000e+03 -3.540000000000000000e+02 5.060000000000000000e+02
6.200000000000000000e+02 1.808000000000000000e+03 1.430800000000000000e+04 -4.192000000000000000e+03 -3.180000000000000000e+02 5.550000000000000000e+02
4.160000000000000000e+02 1.964000000000000000e+03 1.438800000000000000e+04 -4.256000000000000000e+03 -3.060000000000000000e+02 5.150000000000000000e+02
5.080000000000000000e+02 1.892000000000000000e+03 1.438000000000000000e+04 -4.224000000000000000e+03 -3.000000000000000000e+02 3.840000000000000000e+02
2.840000000000000000e+02 2.064000000000000000e+03 1.444800000000000000e+04 -4.224000000000000000e+03 -3.180000000000000000e+02 3.130000000000000000e+02
2.600000000000000000e+02 1.976000000000000000e+03 1.456800000000000000e+04 -4.208000000000000000e+03 -3.240000000000000000e+02 2.780000000000000000e+02
3.920000000000000000e+02 2.000000000000000000e+03 1.452800000000000000e+04 -4.208000000000000000e+03 -2.810000000000000000e+02 1.460000000000000000e+02
3.720000000000000000e+02 1.952000000000000000e+03 1.485200000000000000e+04 -4.208000000000000000e+03 -2.960000000000000000e+02 3.300000000000000000e+01
4.280000000000000000e+02 1.800000000000000000e+03 1.458800000000000000e+04 -4.224000000000000000e+03 -2.850000000000000000e+02 -1.000000000000000000e+02
3.240000000000000000e+02 1.688000000000000000e+03 1.456000000000000000e+04 -4.240000000000000000e+03 -2.260000000000000000e+02 -2.020000000000000000e+02
2.840000000000000000e+02 1.816000000000000000e+03 1.439600000000000000e+04 -4.224000000000000000e+03 -2.140000000000000000e+02 -2.510000000000000000e+02
3.680000000000000000e+02 1.668000000000000000e+03 1.429200000000000000e+04 -4.208000000000000000e+03 -2.070000000000000000e+02 -2.070000000000000000e+02
5.160000000000000000e+02 1.860000000000000000e+03 1.463200000000000000e+04 -4.208000000000000000e+03 -2.000000000000000000e+02 -1.880000000000000000e+02
5.920000000000000000e+02 1.880000000000000000e+03 1.484000000000000000e+04 -4.224000000000000000e+03 -2.220000000000000000e+02 -1.390000000000000000e+02
5.000000000000000000e+02 1.960000000000000000e+03 1.469600000000000000e+04 -4.208000000000000000e+03 -2.360000000000000000e+02 -1.070000000000000000e+02
6.080000000000000000e+02 2.024000000000000000e+03 1.455200000000000000e+04 -4.208000000000000000e+03 -2.310000000000000000e+02 -7.900000000000000000e+01
5.840000000000000000e+02 2.036000000000000000e+03 1.458800000000000000e+04 -4.208000000000000000e+03 -2.450000000000000000e+02 -6.500000000000000000e+01
5.560000000000000000e+02 1.988000000000000000e+03 1.413200000000000000e+04 -4.208000000000000000e+03 -2.480000000000000000e+02 -5.600000000000000000e+01
4.440000000000000000e+02 2.032000000000000000e+03 1.415600000000000000e+04 -4.224000000000000000e+03 -2.390000000000000000e+02 -1.900000000000000000e+01
5.720000000000000000e+02 2.148000000000000000e+03 1.447200000000000000e+04 -4.192000000000000000e+03 -2.440000000000000000e+02 6.400000000000000000e+01
7.760000000000000000e+02 2.016000000000000000e+03 1.439200000000000000e+04 -4.224000000000000000e+03 -2.270000000000000000e+02 1.130000000000000000e+02
6.320000000000000000e+02 1.992000000000000000e+03 1.456800000000000000e+04 -4.224000000000000000e+03 -2.600000000000000000e+02 1.520000000000000000e+02
4.480000000000000000e+02 1.900000000000000000e+03 1.458800000000000000e+04 -4.224000000000000000e+03 -2.800000000000000000e+02 2.240000000000000000e+02
3.600000000000000000e+02 1.896000000000000000e+03 1.458800000000000000e+04 -4.192000000000000000e+03 -2.400000000000000000e+02 2.810000000000000000e+02
5.000000000000000000e+02 1.848000000000000000e+03 1.443600000000000000e+04 -4.208000000000000000e+03 -2.300000000000000000e+02 3.600000000000000000e+02
3.480000000000000000e+02 1.908000000000000000e+03 1.420800000000000000e+04 -4.208000000000000000e+03 -2.150000000000000000e+02 4.980000000000000000e+02
4.480000000000000000e+02 2.016000000000000000e+03 1.430800000000000000e+04 -4.208000000000000000e+03 -2.440000000000000000e+02 5.800000000000000000e+02
7.240000000000000000e+02 2.072000000000000000e+03 1.446000000000000000e+04 -4.208000000000000000e+03 -2.790000000000000000e+02 6.100000000000000000e+02
7.400000000000000000e+02 2.016000000000000000e+03 1.462400000000000000e+04 -4.224000000000000000e+03 -2.460000000000000000e+02 5.370000000000000000e+02
8.440000000000000000e+02 1.824000000000000000e+03 1.458400000000000000e+04 -4.224000000000000000e+03 -2.280000000000000000e+02 4.350000000000000000e+02
6.040000000000000000e+02 1.896000000000000000e+03 1.440400000000000000e+04 -4.224000000000000000e+03 -2.180000000000000000e+02 3.170000000000000000e+02
5.640000000000000000e+02 1.932000000000000000e+03 1.424800000000000000e+04 -4.208000000000000000e+03 -1.890000000000000000e+02 2.280000000000000000e+02
5.480000000000000000e+02 1.960000000000000000e+03 1.420400000000000000e+04 -4.240000000000000000e+03 -1.740000000000000000e+02 5.400000000000000000e+01
2.680000000000000000e+02 2.076000000000000000e+03 1.469600000000000000e+04 -4.208000000000000000e+03 -1.660000000000000000e+02 -1.260000000000000000e+02
3.120000000000000000e+02 2.104000000000000000e+03 1.482800000000000000e+04 -4.208000000000000000e+03 -2.230000000000000000e+02 -2.700000000000000000e+02
4.280000000000000000e+02 2.168000000000000000e+03 1.490400000000000000e+04 -4.208000000000000000e+03 -1.830000000000000000e+02 -4.190000000000000000e+02
5.440000000000000000e+02 2.060000000000000000e+03 1.455600000000000000e+04 -4.224000000000000000e+03 -1.630000000000000000e+02 -5.050000000000000000e+02
3.240000000000000000e+02 2.020000000000000000e+03 1.430800000000000000e+04 -4.240000000000000000e+03 -1.450000000000000000e+02 -3.970000000000000000e+02
4.480000000000000000e+02 2.132000000000000000e+03 1.423600000000000000e+04 -4.224000000000000000e+03 -1.270000000000000000e+02 2.460000000000000000e+02
4.320000000000000000e+02 1.996000000000000000e+03 1.402400000000000000e+04 -4.240000000000000000e+03 -2.050000000000000000e+02 2.680000000000000000e+02
6.880000000000000000e+02 2.096000000000000000e+03 1.413200000000000000e+04 -4.208000000000000000e+03 -2.290000000000000000e+02 6.180000000000000000e+02
9.400000000000000000e+02 2.372000000000000000e+03 1.474400000000000000e+04 -4.208000000000000000e+03 -3.290000000000000000e+02 8.090000000000000000e+02
7.960000000000000000e+02 2.328000000000000000e+03 1.452800000000000000e+04 -4.224000000000000000e+03 -3.410000000000000000e+02 4.720000000000000000e+02
5.880000000000000000e+02 2.304000000000000000e+03 1.477200000000000000e+04 -4.224000000000000000e+03 -2.970000000000000000e+02 7.210000000000000000e+02
5.280000000000000000e+02 2.196000000000000000e+03 1.466000000000000000e+04 -4.224000000000000000e+03 -3.540000000000000000e+02 1.900000000000000000e+02
