-6.292000000000000000e+03 9.040000000000000000e+02 1.304400000000000000e+04 -3.984000000000000000e+03 -3.060000000000000000e+02 2.790000000000000000e+02
-6.192000000000000000e+03 1.000000000000000000e+03 1.312000000000000000e+04 -4.016000000000000000e+03 -3.040000000000000000e+02 3.220000000000000000e+02
-6.364000000000000000e+03 8.400000000000000000e+02 1.301200000000000000e+04 -3.968000000000000000e+03 -2.990000000000000000e+02 3.070000000000000000e+02
-6.200000000000000000e+03 9.120000000000000000e+02 1.301200000000000000e+04 -3.984000000000000000e+03 -2.990000000000000000e+02 2.570000000000000000e+02
-6.148000000000000000e+03 9.000000000000000000e+02 1.281200000000000000e+04 -4.000000000000000000e+03 -2.710000000000000000e+02 1.660000000000000000e+02
-6.204000000000000000e+03 4.870000000000000000e+02 1.298800000000000000e+04 -3.984000000000000000e+03 -2.710000000000000000e+02 6.100000000000000000e+01
-6.336000000000000000e+03 8.960000000000000000e+02 1.303600000000000000e+04 -4.000000000000000000e+03 -2.760000000000000000e+02 4.500000000000000000e+01
-3.280000000000000000e+02 9.120000000000000000e+02 1.294800000000000000e+04 -4.016000000000000000e+03 -2.660000000000000000e+02 2.400000000000000000e+01
-6.328000000000000000e+03 9.120000000000000000e+02 1.286800000000000000e+04 -3.968000000000000000e+03 -2.700000000000000000e+02 -1.400000000000000000e+01
-6.428000000000000000e+03 9.240000000000000000e+02 1.296800000000000000e+04 -3.984000000000000000e+03 -2.760000000000000000e+02 -3.300000000000000000e+01
-6.396000000000000000e+03 8.680000000000000000e+02 1.301600000000000000e+04 -4.032000000000000000e+03 -2.530000000000000000e+02 -5.500000000000000000e+01
-6.388000000000000000e+03 8.320000000000000000e+02 1.278800000000000000e+04 -4.016000000000000000e+03 -2.410000000000000000e+02 -8.800000000000000000e+01
-6.472000000000000000e+03 8.000000000000000000e+02 1.282400000000000000e+04 -4.000000000000000000e+03 -2.290000000000000000e+02 -1.410000000000000000e+02
-6.352000000000000000e+03 7.760000000000000000e+02 1.302000000000000000e+04 -4.016000000000000000e+03 -2.410000000000000000e+02 -1.810000000000000000e+02
-6.456000000000000000e+03 8.560000000000000000e+02 1.313200000000000000e+04 -4.000000000000000000e+03 -2.580000000000000000e+02 -1.450000000000000000e+02
-6.384000000000000000e+03 7.520000000000000000e+02 1.307200000000000000e+04 -3.984000000000000000e+03 -2.230000000000000000e+02 -5.400000000000000000e+01
-6.432000000000000000e+03 7.120000000000000000e+02 1.305600000000000000e+04 -4.016000000000000000e+03 -2.250000000000000000e+02 -1.000000000000000000e+00
-6.372000000000000000e+03 8.480000000000000000e+02 1.285200000000000000e+04 -3.952000000000000000e+03 -2.060000000000000000e+02 1.500000000000000000e+01
-6.432000000000000000e+03 8.440000000000000000e+02 1.282800000000000000e+04 -3.984000000000000000e+03 -2.240000000000000000e+02 1.700000000000000000e+01
-6.492000000000000000e+03 7.320000000000000000e+02 1.274000000000000000e+04 -3.968000000000000000e+03 -2.150000000000000000e+02 2.700000000000000000e+01
-6.572000000000000000e+03 7.520000000000000000e+02 1.278000000000000000e+04 -4.016000000000000000e+03 -2.170000000000000000e+02 2.200000000000000000e+01
-6.540000000000000000e+03 7.840000000000000000e+02 1.307600000000000000e+04 -3.984000000000000000e+03 -2.080000000000000000e+02 -1.100000000000000000e+01
-6.544000000000000000e+03 6.840000000000000000e+02 1.298800000000000000e+04 -3.968000000000000000e+03 -2.190000000000000000e+02 -2.600000000000000000e+01
-6.360000000000000000e+03 6.640000000000000000e+02 1.323600000000000000e+04 -3.984000000000000000e+03 -2.260000000000000000e+02 -1.220000000000000000e+02
-6.448000000000000000e+03 8.280000000000000000e+02 1.296400000000000000e+04 -3.984000000000000000e+03 -2.130000000000000000e+02 -2.140000000000000000e+02
-6.472000000000000000e+03 7.720000000000000000e+02 1.304800000000000000e+04 -3.984000000000000000e+03 -2.020000000000000000e+02 -2.620000000000000000e+02
-6.408000000000000000e+03 7.400000000000000000e+02 1.297200000000000000e+04 -4.000000000000000000e+03 -2.310000000000000000e+02 -2.220000000000000000e+02
-6.360000000000000000e+03 6.360000000000000000e+02 1.300400000000000000e+04 -3.984000000000000000e+03 -2.170000000000000000e+02 -1.300000000000000000e+02
-6.560000000000000000e+03 6.920000000000000000e+02 1.283600000000000000e+04 -4.000000000000000000e+03 -2.230000000000000000e+02 -3.500000000000000000e+01
-6.408000000000000000e+03 7.160000000000000000e+02 1.298000000000000000e+04 -3.984000000000000000e+03 -1.980000000000000000e+02 1.500000000000000000e+01
-6.416000000000000000e+03 7.080000000000000000e+02 1.314400000000000000e+04 -3.968000000000000000e+03 -2.060000000000000000e+02 4.900000000000000000e+01
-6.328000000000000000e+03 7.120000000000000000e+02 1.294800000000000000e+04 -3.968000000000000000e+03 -2.090000000000000000e+02 1.480000000000000000e+02
-6.316000000000000000e+03 8.560000000000000000e+02 1.300400000000000000e+04 -3.984000000000000000e+03 -2.060000000000000000e+02 1.750000000000000000e+02
-6.332000000000000000e+03 9.120000000000000000e+02 1.290000000000000000e+04 -3.952000000000000000e+03 -2.250000000000000000e+02 2.010000000000000000e+02
-6.196000000000000000e+03 9.800000000000000000e+02 1.297200000000000000e+04 -4.000000000000000000e+03 -2.410000000000000000e+02 2.840000000000000000e+02
-6.312000000000000000e+03 9.320000000000000000e+02 1.339600000000000000e+04 -3.984000000000000000e+03 -2.590000000000000000e+02 4.600000000000000000e+02
-6.368000000000000000e+03 9.280000000000000000e+02 1.316400000000000000e+04 -4.000000000000000000e+03 -2.610000000000000000e+02 6.020000000000000000e+02
-6.380000000000000000e+03 9.880000000000000000e+02 1.318000000000000000e+04 -3.968000000000000000e+03 -2.910000000000000000e+02 7.390000000000000000e+02
-6.148000000000000000e+03 1.048000000000000000e+03 1.304800000000000000e+04 -4.000000000000000000e+03 -2.940000000000000000e+02 8.410000000000000000e+02
-6.200000000000000000e+03 1.088000000000000000e+03 1.296800000000000000e+04 -4.000000000000000000e+03 -3.530000000000000000e+02 1.008000000000000000e+03
-6.372000000000000000e+03 8.680000000000000000e+02 1.286800000000000000e+04 -3.968000000000000000e+03 -3.890000000000000000e+02 1.126000000000000000e+03
-6.204000000000000000e+03 8.160000000000000000e+02 1.303200000000000000e+04 -3.952000000000000000e+03 -3.620000000000000000e+02 1.196000000000000000e+03
-6.296000000000000000e+03 8.360000000000000000e+02 1.335200000000000000e+04 -3.984000000000000000e+03 -3.620000000000000000e+02 1.255000000000000000e+03
-6.372000000000000000e+03 8.240000000000000000e+02 1.345200000000000000e+04 -3.952000000000000000e+03 -3.640000000000000000e+02 1.213000000000000000e+03
-6.304000000000000000e+03 9.080000000000000000e+02 1.340800000000000000e+04 -4.000000000000000000e+03 -3.900000000000000000e+02 1.117000000000000000e+03
-6.204000000000000000e+03 8.760000000000000000e+02 1.294400000000000000e+04 -4.016000000000000000e+03 -4.040000000000000000e+02 9.580000000000000000e+02
-5.952000000000000000e+03 8.280000000000000000e+02 1.281200000000000000e+04 -3.968000000000000000e+03 -4.060000000000000000e+02 8.050000000000000000e+02
-6.048000000000000000e+03 9.840000000000000000e+02 1.300800000000000000e+04 -3.984000000000000000e+03 -3.780000000000000000e+02 6.410000000000000000e+02
-6.392000000000000000e+03 9.560000000000000000e+02 1.292000000000000000e+04 -3.968000000000000000e+03 -3.810000000000000000e+02 4.710000000000000000e+02
-6.260000000000000000e+03 8.720000000000000000e+02 1.296400000000000000e+04 -3.984000000000000000e+03 -3.540000000000000000e+02 3.020000000000000000e+02
-6.120000000000000000e+03 7.560000000000000000e+02 1.306000000000000000e+04 -3.968000000000000000e+03 -3.200000000000000000e+02 1.610000000000000000e+02
-5.940000000000000000e+03 8.360000000000000000e+02 1.281600000000000000e+04 -4.000000000000000000e+03 -3.110000000000000000e+02 1.010000000000000000e+02
-6.032000000000000000e+03 8.720000000000000000e+02 1.270800000000000000e+04 -3.968000000000000000e+03 -2.730000000000000000e+02 6.900000000000000000e+01
-6.028000000000000000e+03 8.080000000000000000e+02 1.280000000000000000e+04 -4.000000000000000000e+03 -2.490000000000000000e+02 9.500000000000000000e+01
-6.036000000000000000e+03 7.080000000000000000e+02 1.277600000000000000e+04 -3.968000000000000000e+03 -2.350000000000000000e+02 1.060000000000000000e+02
-6.292000000000000000e+03 7.480000000000000000e+02 1.284400000000000000e+04 -4.000000000000000000e+03 -2.230000000000000000e+02 1.380000000000000000e+02
-6.416000000000000000e+03 6.120000000000000000e+02 1.302800000000000000e+04 -4.016000000000000000e+03 -1.880000000000000000e+02 1.690000000000000000e+02
-6.324000000000000000e+03 7.200000000000000000e+02 1.272400000000000000e+04 -3.968000000000000000e+03 -1.740000000000000000e+02 2.430000000000000000e+02
-6.356000000000000000e+03 7.480000000000000000e+02 1.278400000000000000e+04 -3.984000000000000000e+03 -1.600000000000000000e+02 3.290000000000000000e+02
-6.344000000000000000e+03 7.440000000000000000e+02 1.287200000000000000e+04 -4.000000000000000000e+03 -1.990000000000000000e+02 4.120000000000000000e+02
-6.812000000000000000e+03 8.200000000000000000e+02 1.251600000000000000e+04 -3.952000000000000000e+03 -1.380000000000000000e+02 4.720000000000000000e+02
-6.656000000000000000e+03 8.480000000000000000e+02 1.272000000000000000e+04 -3.968000000000000000e+03 -1.500000000000000000e+02 5.550000000000000000e+02
-6.772000000000000000e+03 8.200000000000000000e+02 1.274400000000000000e+04 -3.984000000000000000e+03 -1.620000000000000000e+02 6.310000000000000000e+02
-6.928000000000000000e+03 9.360000000000000000e+02 1.278800000000000000e+04 -4.000000000000000000e+03 -1.660000000000000000e+02 6.940000000000000000e+02
-6.928000000000000000e+03 9.280000000000000000e+02 1.278800000000000000e+04 -3.968000000000000000e+03 -1.960000000000000000e+02 8.420000000000000000e+02
-6.864000000000000000e+03 8.040000000000000000e+02 1.258800000000000000e+04 -3.984000000000000000e+03 -1.880000000000000000e+02 9.250000000000000000e+02
-6.936000000000000000e+03 8.920000000000000000e+02 1.262000000000000000e+04 -4.000000000000000000e+03 -2.200000000000000000e+02 9.390000000000000000e+02
-6.672000000000000000e+03 9.520000000000000000e+02 1.270400000000000000e+04 -3.952000000000000000e+03 -2.450000000000000000e+02 9.840000000000000000e+02
