5.000000000000000000e+02 1.972000000000000000e+03 1.455200000000000000e+04 -4.512000000000000000e+03 -2.800000000000000000e+02 1.650000000000000000e+02
4.680000000000000000e+02 1.960000000000000000e+03 1.450400000000000000e+04 -4.480000000000000000e+03 -2.740000000000000000e+02 1.580000000000000000e+02
5.960000000000000000e+02 2.028000000000000000e+03 1.453200000000000000e+04 -4.480000000000000000e+03 -2.820000000000000000e+02 1.670000000000000000e+02
5.760000000000000000e+02 1.940000000000000000e+03 1.455200000000000000e+04 -4.480000000000000000e+03 -2.870000000000000000e+02 1.730000000000000000e+02
5.920000000000000000e+02 1.972000000000000000e+03 1.470000000000000000e+04 -4.544000000000000000e+03 -2.760000000000000000e+02 1.790000000000000000e+02
5.600000000000000000e+02 1.924000000000000000e+03 1.454000000000000000e+04 -4.480000000000000000e+03 -2.720000000000000000e+02 1.710000000000000000e+02
6.000000000000000000e+02 1.936000000000000000e+03 1.451200000000000000e+04 -4.512000000000000000e+03 -2.860000000000000000e+02 1.680000000000000000e+02
5.280000000000000000e+02 1.908000000000000000e+03 1.450800000000000000e+04 -4.528000000000000000e+03 -2.900000000000000000e+02 1.310000000000000000e+02
6.160000000000000000e+02 1.956000000000000000e+03 1.458800000000000000e+04 -4.480000000000000000e+03 -2.990000000000000000e+02 1.770000000000000000e+02
4.800000000000000000e+02 1.956000000000000000e+03 1.454400000000000000e+04 -4.512000000000000000e+03 -2.820000000000000000e+02 1.580000000000000000e+02
5.320000000000000000e+02 2.008000000000000000e+03 1.456400000000000000e+04 -4.512000000000000000e+03 -2.780000000000000000e+02 1.470000000000000000e+02
5.640000000000000000e+02 1.980000000000000000e+03 1.439200000000000000e+04 -4.512000000000000000e+03 -2.790000000000000000e+02 1.630000000000000000e+02
4.560000000000000000e+02 1.952000000000000000e+03 1.455200000000000000e+04 -4.512000000000000000e+03 -2.930000000000000000e+02 1.370000000000000000e+02
5.400000000000000000e+02 1.956000000000000000e+03 1.456400000000000000e+04 -4.512000000000000000e+03 -2.640000000000000000e+02 1.680000000000000000e+02
5.760000000000000000e+02 1.884000000000000000e+03 1.449200000000000000e+04 -4.512000000000000000e+03 -2.760000000000000000e+02 1.720000000000000000e+02
4.240000000000000000e+02 1.952000000000000000e+03 1.442000000000000000e+04 -4.512000000000000000e+03 -2.700000000000000000e+02 1.540000000000000000e+02
5.520000000000000000e+02 1.988000000000000000e+03 1.450800000000000000e+04 -4.512000000000000000e+03 -2.780000000000000000e+02 1.750000000000000000e+02
5.160000000000000000e+02 1.932000000000000000e+03 1.450800000000000000e+04 -4.480000000000000000e+03 -2.880000000000000000e+02 1.710000000000000000e+02
5.640000000000000000e+02 2.004000000000000000e+03 1.449600000000000000e+04 -4.512000000000000000e+03 -2.810000000000000000e+02 1.710000000000000000e+02
4.760000000000000000e+02 2.000000000000000000e+03 1.450800000000000000e+04 -4.512000000000000000e+03 -2.880000000000000000e+02 1.490000000000000000e+02
5.640000000000000000e+02 1.952000000000000000e+03 1.450400000000000000e+04 -4.512000000000000000e+03 -2.850000000000000000e+02 1.670000000000000000e+02
6.440000000000000000e+02 1.956000000000000000e+03 1.444400000000000000e+04 -4.512000000000000000e+03 -2.670000000000000000e+02 1.780000000000000000e+02
4.960000000000000000e+02 1.932000000000000000e+03 1.455200000000000000e+04 -4.512000000000000000e+03 -2.830000000000000000e+02 1.550000000000000000e+02
5.320000000000000000e+02 1.972000000000000000e+03 1.450800000000000000e+04 -4.528000000000000000e+03 -2.730000000000000000e+02 1.660000000000000000e+02
5.680000000000000000e+02 1.988000000000000000e+03 1.453200000000000000e+04 -4.512000000000000000e+03 -2.860000000000000000e+02 1.540000000000000000e+02
6.240000000000000000e+02 1.948000000000000000e+03 1.450800000000000000e+04 -4.480000000000000000e+03 -2.790000000000000000e+02 1.560000000000000000e+02
5.000000000000000000e+02 2.020000000000000000e+03 1.454000000000000000e+04 -4.512000000000000000e+03 -2.820000000000000000e+02 1.600000000000000000e+02
5.520000000000000000e+02 1.980000000000000000e+03 1.456800000000000000e+04 -4.496000000000000000e+03 -2.660000000000000000e+02 1.600000000000000000e+02
5.240000000000000000e+02 1.896000000000000000e+03 1.443600000000000000e+04 -4.528000000000000000e+03 -2.730000000000000000e+02 1.430000000000000000e+02
5.440000000000000000e+02 1.984000000000000000e+03 1.450400000000000000e+04 -4.496000000000000000e+03 -2.610000000000000000e+02 1.590000000000000000e+02
5.200000000000000000e+02 1.960000000000000000e+03 1.444400000000000000e+04 -4.528000000000000000e+03 -2.800000000000000000e+02 1.620000000000000000e+02
4.760000000000000000e+02 1.940000000000000000e+03 1.450000000000000000e+04 -4.496000000000000000e+03 -2.750000000000000000e+02 1.720000000000000000e+02
6.080000000000000000e+02 1.908000000000000000e+03 1.452400000000000000e+04 -4.496000000000000000e+03 -2.710000000000000000e+02 1.690000000000000000e+02
4.920000000000000000e+02 1.984000000000000000e+03 1.444000000000000000e+04 -4.496000000000000000e+03 -2.770000000000000000e+02 1.650000000000000000e+02
5.880000000000000000e+02 1.892000000000000000e+03 1.450400000000000000e+04 -4.496000000000000000e+03 -2.680000000000000000e+02 1.690000000000000000e+02
5.200000000000000000e+02 1.972000000000000000e+03 1.454000000000000000e+04 -4.496000000000000000e+03 -2.770000000000000000e+02 1.570000000000000000e+02
6.000000000000000000e+02 2.032000000000000000e+03 1.454800000000000000e+04 -4.496000000000000000e+03 -2.810000000000000000e+02 1.660000000000000000e+02
5.040000000000000000e+02 1.884000000000000000e+03 1.444800000000000000e+04 -4.496000000000000000e+03 -2.810000000000000000e+02 1.630000000000000000e+02
6.040000000000000000e+02 1.880000000000000000e+03 1.442400000000000000e+04 -4.496000000000000000e+03 -3.020000000000000000e+02 1.760000000000000000e+02
5.080000000000000000e+02 1.964000000000000000e+03 1.450400000000000000e+04 -4.496000000000000000e+03 -2.720000000000000000e+02 1.640000000000000000e+02
5.040000000000000000e+02 1.976000000000000000e+03 1.446400000000000000e+04 -4.528000000000000000e+03 -2.840000000000000000e+02 1.360000000000000000e+02
4.640000000000000000e+02 2.012000000000000000e+03 1.458800000000000000e+04 -4.464000000000000000e+03 -2.790000000000000000e+02 1.660000000000000000e+02
4.720000000000000000e+02 1.952000000000000000e+03 1.453200000000000000e+04 -4.496000000000000000e+03 -2.810000000000000000e+02 1.630000000000000000e+02
5.880000000000000000e+02 1.948000000000000000e+03 1.451200000000000000e+04 -4.496000000000000000e+03 -2.820000000000000000e+02 1.510000000000000000e+02
4.720000000000000000e+02 1.928000000000000000e+03 1.443600000000000000e+04 -4.496000000000000000e+03 -2.680000000000000000e+02 1.640000000000000000e+02
5.320000000000000000e+02 1.932000000000000000e+03 1.456000000000000000e+04 -4.496000000000000000e+03 -2.900000000000000000e+02 1.440000000000000000e+02
4.680000000000000000e+02 2.020000000000000000e+03 1.455600000000000000e+04 -4.480000000000000000e+03 -2.740000000000000000e+02 1.600000000000000000e+02
4.480000000000000000e+02 1.952000000000000000e+03 1.459600000000000000e+04 -4.480000000000000000e+03 -2.620000000000000000e+02 1.710000000000000000e+02
6.400000000000000000e+02 1.964000000000000000e+03 1.447600000000000000e+04 -4.480000000000000000e+03 -2.850000000000000000e+02 1.450000000000000000e+02
4.960000000000000000e+02 1.952000000000000000e+03 1.456400000000000000e+04 -4.512000000000000000e+03 -2.830000000000000000e+02 1.620000000000000000e+02
5.120000000000000000e+02 1.960000000000000000e+03 1.460000000000000000e+04 -4.512000000000000000e+03 -2.870000000000000000e+02 1.650000000000000000e+02
5.400000000000000000e+02 1.920000000000000000e+03 1.446400000000000000e+04 -4.512000000000000000e+03 -2.630000000000000000e+02 1.590000000000000000e+02
5.600000000000000000e+02 1.972000000000000000e+03 1.450400000000000000e+04 -4.480000000000000000e+03 -2.800000000000000000e+02 1.760000000000000000e+02
6.080000000000000000e+02 1.956000000000000000e+03 1.447600000000000000e+04 -4.512000000000000000e+03 -2.760000000000000000e+02 1.460000000000000000e+02
5.640000000000000000e+02 1.944000000000000000e+03 1.452800000000000000e+04 -4.480000000000000000e+03 -2.970000000000000000e+02 1.740000000000000000e+02
5.680000000000000000e+02 1.996000000000000000e+03 1.440800000000000000e+04 -4.480000000000000000e+03 -2.790000000000000000e+02 1.640000000000000000e+02
5.440000000000000000e+02 1.952000000000000000e+03 1.456400000000000000e+04 -4.480000000000000000e+03 -2.750000000000000000e+02 1.660000000000000000e+02
4.960000000000000000e+02 1.940000000000000000e+03 1.462800000000000000e+04 -4.512000000000000000e+03 -2.570000000000000000e+02 1.630000000000000000e+02
5.880000000000000000e+02 1.864000000000000000e+03 1.456400000000000000e+04 -4.512000000000000000e+03 -2.810000000000000000e+02 1.620000000000000000e+02
4.800000000000000000e+02 1.892000000000000000e+03 1.446800000000000000e+04 -4.544000000000000000e+03 -2.800000000000000000e+02 1.200000000000000000e+02
5.960000000000000000e+02 1.980000000000000000e+03 1.445600000000000000e+04 -4.496000000000000000e+03 -2.800000000000000000e+02 1.660000000000000000e+02
5.760000000000000000e+02 1.992000000000000000e+03 1.446800000000000000e+04 -4.512000000000000000e+03 -2.800000000000000000e+02 1.620000000000000000e+02
5.920000000000000000e+02 2.040000000000000000e+03 1.446000000000000000e+04 -4.512000000000000000e+03 -2.740000000000000000e+02 1.570000000000000000e+02
4.640000000000000000e+02 1.880000000000000000e+03 1.443600000000000000e+04 -4.512000000000000000e+03 -2.830000000000000000e+02 1.580000000000000000e+02
5.760000000000000000e+02 2.012000000000000000e+03 1.455200000000000000e+04 -4.512000000000000000e+03 -2.640000000000000000e+02 1.630000000000000000e+02
4.720000000000000000e+02 1.912000000000000000e+03 1.457600000000000000e+04 -4.512000000000000000e+03 -2.670000000000000000e+02 1.620000000000000000e+02
4.880000000000000000e+02 1.912000000000000000e+03 1.450800000000000000e+04 -4.512000000000000000e+03 -2.870000000000000000e+02 1.730000000000000000e+02
5.320000000000000000e+02 2.004000000000000000e+03 1.439200000000000000e+04 -4.512000000000000000e+03 -2.860000000000000000e+02 1.630000000000000000e+02
6.120000000000000000e+02 1.972000000000000000e+03 1.455200000000000000e+04 -4.512000000000000000e+03 -2.910000000000000000e+02 1.730000000000000000e+02
4.560000000000000000e+02 1.964000000000000000e+03 1.445600000000000000e+04 -4.480000000000000000e+03 -2.720000000000000000e+02 1.640000000000000000e+02
5.680000000000000000e+02 1.968000000000000000e+03 1.466800000000000000e+04 -4.512000000000000000e+03 -2.710000000000000000e+02 1.660000000000000000e+02
5.760000000000000000e+02 2.016000000000000000e+03 1.459600000000000000e+04 -4.480000000000000000e+03 -2.830000000000000000e+02 1.710000000000000000e+02
5.640000000000000000e+02 1.980000000000000000e+03 1.447200000000000000e+04 -4.496000000000000000e+03 -2.720000000000000000e+02 1.650000000000000000e+02
5.360000000000000000e+02 1.920000000000000000e+03 1.463200000000000000e+04 -4.480000000000000000e+03 -3.010000000000000000e+02 1.780000000000000000e+02
5.600000000000000000e+02 1.948000000000000000e+03 1.470400000000000000e+04 -4.512000000000000000e+03 -2.870000000000000000e+02 1.730000000000000000e+02
5.520000000000000000e+02 1.852000000000000000e+03 1.463200000000000000e+04 -4.512000000000000000e+03 -2.650000000000000000e+02 1.770000000000000000e+02
5.720000000000000000e+02 1.996000000000000000e+03 1.451600000000000000e+04 -4.496000000000000000e+03 -2.820000000000000000e+02 1.870000000000000000e+02
5.760000000000000000e+02 1.992000000000000000e+03 1.464000000000000000e+04 -4.496000000000000000e+03 -2.730000000000000000e+02 1.740000000000000000e+02
5.400000000000000000e+02 1.936000000000000000e+03 1.438000000000000000e+04 -4.496000000000000000e+03 -2.780000000000000000e+02 1.610000000000000000e+02
5.280000000000000000e+02 1.924000000000000000e+03 1.453200000000000000e+04 -4.496000000000000000e+03 -2.810000000000000000e+02 1.670000000000000000e+02
5.120000000000000000e+02 1.940000000000000000e+03 1.452400000000000000e+04 -4.496000000000000000e+03 -2.800000000000000000e+02 1.520000000000000000e+02
5.160000000000000000e+02 1.948000000000000000e+03 1.459600000000000000e+04 -4.464000000000000000e+03 -2.760000000000000000e+02 1.420000000000000000e+02
5.360000000000000000e+02 2.084000000000000000e+03 1.449600000000000000e+04 -4.528000000000000000e+03 -2.930000000000000000e+02 1.510000000000000000e+02
5.760000000000000000e+02 2.020000000000000000e+03 1.439200000000000000e+04 -4.496000000000000000e+03 -2.700000000000000000e+02 1.650000000000000000e+02
