1.572000000000000000e+03 2.404000000000000000e+03 1.444800000000000000e+04 -4.112000000000000000e+03 -3.740000000000000000e+02 1.180000000000000000e+02
1.524000000000000000e+03 2.396000000000000000e+03 1.447200000000000000e+04 -4.096000000000000000e+03 -4.030000000000000000e+02 1.740000000000000000e+02
1.560000000000000000e+03 2.464000000000000000e+03 1.427600000000000000e+04 -4.080000000000000000e+03 -4.000000000000000000e+02 2.660000000000000000e+02
1.584000000000000000e+03 2.388000000000000000e+03 1.444800000000000000e+04 -4.080000000000000000e+03 -3.870000000000000000e+02 3.450000000000000000e+02
1.576000000000000000e+03 2.384000000000000000e+03 1.441200000000000000e+04 -4.080000000000000000e+03 -3.000000000000000000e+02 4.200000000000000000e+02
1.528000000000000000e+03 2.352000000000000000e+03 1.460800000000000000e+04 -4.064000000000000000e+03 -3.190000000000000000e+02 4.380000000000000000e+02
1.468000000000000000e+03 2.412000000000000000e+03 1.460800000000000000e+04 -4.096000000000000000e+03 -3.710000000000000000e+02 4.710000000000000000e+02
1.192000000000000000e+03 2.400000000000000000e+03 1.460000000000000000e+04 -4.064000000000000000e+03 -3.490000000000000000e+02 5.480000000000000000e+02
1.000000000000000000e+03 2.376000000000000000e+03 1.420400000000000000e+04 -4.064000000000000000e+03 -3.530000000000000000e+02 6.430000000000000000e+02
8.080000000000000000e+02 2.364000000000000000e+03 1.410000000000000000e+04 -4.080000000000000000e+03 -3.320000000000000000e+02 5.970000000000000000e+02
8.280000000000000000e+02 2.396000000000000000e+03 1.452000000000000000e+04 -4.080000000000000000e+03 -3.410000000000000000e+02 4.950000000000000000e+02
9.480000000000000000e+02 2.352000000000000000e+03 1.455200000000000000e+04 -4.080000000000000000e+03 -3.740000000000000000e+02 2.470000000000000000e+02
1.036000000000000000e+03 2.300000000000000000e+03 1.476400000000000000e+04 -4.096000000000000000e+03 -3.700000000000000000e+02 5.600000000000000000e+01
1.288000000000000000e+03 2.296000000000000000e+03 1.443600000000000000e+04 -4.080000000000000000e+03 -3.650000000000000000e+02 -1.290000000000000000e+02
9.480000000000000000e+02 2.212000000000000000e+03 1.403600000000000000e+04 -4.048000000000000000e+03 -2.880000000000000000e+02 -3.370000000000000000e+02
9.280000000000000000e+02 2.360000000000000000e+03 1.442400000000000000e+04 -4.064000000000000000e+03 -3.690000000000000000e+02 -5.210000000000000000e+02
8.520000000000000000e+02 2.200000000000000000e+03 1.509600000000000000e+04 -4.096000000000000000e+03 -3.200000000000000000e+02 -6.390000000000000000e+02
7.920000000000000000e+02 2.172000000000000000e+03 1.462400000000000000e+04 -4.080000000000000000e+03 -3.010000000000000000e+02 -7.020000000000000000e+02
5.960000000000000000e+02 2.048000000000000000e+03 1.406800000000000000e+04 -4.080000000000000000e+03 -2.610000000000000000e+02 -6.120000000000000000e+02
3.120000000000000000e+02 2.268000000000000000e+03 1.386800000000000000e+04 -4.080000000000000000e+03 -2.160000000000000000e+02 -4.490000000000000000e+02
2.720000000000000000e+02 2.104000000000000000e+03 1.420000000000000000e+04 -4.064000000000000000e+03 -2.090000000000000000e+02 -3.070000000000000000e+02
3.960000000000000000e+02 2.132000000000000000e+03 1.452000000000000000e+04 -4.048000000000000000e+03 -1.980000000000000000e+02 -2.080000000000000000e+02
5.760000000000000000e+02 2.176000000000000000e+03 1.454400000000000000e+04 -4.080000000000000000e+03 -1.930000000000000000e+02 -9.000000000000000000e+01
8.640000000000000000e+02 2.236000000000000000e+03 1.437600000000000000e+04 -4.048000000000000000e+03 -1.900000000000000000e+02 -1.200000000000000000e+01
8.520000000000000000e+02 2.272000000000000000e+03 1.377200000000000000e+04 -4.080000000000000000e+03 -1.980000000000000000e+02 1.600000000000000000e+01
5.200000000000000000e+02 2.132000000000000000e+03 1.509200000000000000e+04 -4.064000000000000000e+03 -2.290000000000000000e+02 5.600000000000000000e+01
4.400000000000000000e+02 2.168000000000000000e+03 1.452800000000000000e+04 -4.080000000000000000e+03 -2.920000000000000000e+02 1.490000000000000000e+02
9.320000000000000000e+02 2.004000000000000000e+03 1.446000000000000000e+04 -4.096000000000000000e+03 -2.710000000000000000e+02 2.400000000000000000e+02
1.444000000000000000e+03 2.408000000000000000e+03 1.434800000000000000e+04 -4.064000000000000000e+03 -2.840000000000000000e+02 3.860000000000000000e+02
1.532000000000000000e+03 2.224000000000000000e+03 1.433200000000000000e+04 -4.080000000000000000e+03 -2.970000000000000000e+02 4.310000000000000000e+02
9.360000000000000000e+02 2.292000000000000000e+03 1.452000000000000000e+04 -4.064000000000000000e+03 -2.890000000000000000e+02 5.100000000000000000e+02
6.960000000000000000e+02 2.212000000000000000e+03 1.429600000000000000e+04 -4.080000000000000000e+03 -3.170000000000000000e+02 5.780000000000000000e+02
3.400000000000000000e+02 2.188000000000000000e+03 1.453200000000000000e+04 -4.080000000000000000e+03 -3.250000000000000000e+02 5.640000000000000000e+02
6.080000000000000000e+02 2.336000000000000000e+03 1.444800000000000000e+04 -4.112000000000000000e+03 -3.320000000000000000e+02 4.600000000000000000e+02
8.320000000000000000e+02 2.396000000000000000e+03 1.449200000000000000e+04 -4.080000000000000000e+03 -3.360000000000000000e+02 3.560000000000000000e+02
1.060000000000000000e+03 2.396000000000000000e+03 1.471600000000000000e+04 -4.080000000000000000e+03 -3.340000000000000000e+02 2.530000000000000000e+02
1.004000000000000000e+03 2.308000000000000000e+03 1.475600000000000000e+04 -4.080000000000000000e+03 -3.330000000000000000e+02 2.070000000000000000e+02
7.360000000000000000e+02 2.248000000000000000e+03 1.432000000000000000e+04 -4.080000000000000000e+03 -3.300000000000000000e+02 1.050000000000000000e+02
8.520000000000000000e+02 2.316000000000000000e+03 1.422000000000000000e+04 -4.080000000000000000e+03 -3.350000000000000000e+02 5.500000000000000000e+01
1.184000000000000000e+03 2.336000000000000000e+03 1.432400000000000000e+04 -4.080000000000000000e+03 -3.430000000000000000e+02 1.600000000000000000e+01
1.268000000000000000e+03 2.264000000000000000e+03 1.420000000000000000e+04 -4.064000000000000000e+03 -3.300000000000000000e+02 9.700000000000000000e+01
1.132000000000000000e+03 2.228000000000000000e+03 1.457600000000000000e+04 -4.064000000000000000e+03 -3.040000000000000000e+02 1.560000000000000000e+02
1.112000000000000000e+03 2.208000000000000000e+03 1.431600000000000000e+04 -4.048000000000000000e+03 -2.980000000000000000e+02 1.900000000000000000e+02
1.172000000000000000e+03 2.200000000000000000e+03 1.447600000000000000e+04 -4.064000000000000000e+03 -2.870000000000000000e+02 2.400000000000000000e+02
1.216000000000000000e+03 2.212000000000000000e+03 1.450800000000000000e+04 -4.064000000000000000e+03 -2.950000000000000000e+02 2.600000000000000000e+02
1.200000000000000000e+03 2.268000000000000000e+03 1.449200000000000000e+04 -4.080000000000000000e+03 -2.950000000000000000e+02 2.950000000000000000e+02
1.020000000000000000e+03 2.140000000000000000e+03 1.412400000000000000e+04 -4.080000000000000000e+03 -2.950000000000000000e+02 2.960000000000000000e+02
1.188000000000000000e+03 2.096000000000000000e+03 1.434800000000000000e+04 -4.080000000000000000e+03 -2.770000000000000000e+02 1.950000000000000000e+02
1.080000000000000000e+03 2.172000000000000000e+03 1.448400000000000000e+04 -4.048000000000000000e+03 -2.550000000000000000e+02 3.400000000000000000e+01
1.172000000000000000e+03 2.172000000000000000e+03 1.456800000000000000e+04 -4.096000000000000000e+03 -2.730000000000000000e+02 -5.600000000000000000e+01
1.144000000000000000e+03 2.112000000000000000e+03 1.461200000000000000e+04 -4.112000000000000000e+03 -2.450000000000000000e+02 -2.070000000000000000e+02
9.440000000000000000e+02 2.032000000000000000e+03 1.439200000000000000e+04 -4.064000000000000000e+03 -2.510000000000000000e+02 -2.200000000000000000e+02
9.440000000000000000e+02 2.092000000000000000e+03 1.448800000000000000e+04 -4.064000000000000000e+03 -2.750000000000000000e+02 -2.750000000000000000e+02
8.440000000000000000e+02 2.184000000000000000e+03 1.436400000000000000e+04 -4.096000000000000000e+03 -2.700000000000000000e+02 -2.790000000000000000e+02
8.880000000000000000e+02 2.224000000000000000e+03 1.439200000000000000e+04 -4.080000000000000000e+03 -2.350000000000000000e+02 -2.040000000000000000e+02
1.088000000000000000e+03 2.112000000000000000e+03 1.448400000000000000e+04 -4.128000000000000000e+03 -2.010000000000000000e+02 -6.400000000000000000e+01
1.048000000000000000e+03 2.224000000000000000e+03 1.440000000000000000e+04 -4.048000000000000000e+03 -1.450000000000000000e+02 1.050000000000000000e+02
1.016000000000000000e+03 2.256000000000000000e+03 1.430400000000000000e+04 -4.080000000000000000e+03 -1.740000000000000000e+02 2.740000000000000000e+02
1.028000000000000000e+03 2.388000000000000000e+03 1.429200000000000000e+04 -4.080000000000000000e+03 -1.500000000000000000e+02 3.940000000000000000e+02
9.560000000000000000e+02 2.256000000000000000e+03 1.442000000000000000e+04 -4.080000000000000000e+03 -1.410000000000000000e+02 4.440000000000000000e+02
1.004000000000000000e+03 2.184000000000000000e+03 1.455200000000000000e+04 -4.080000000000000000e+03 -1.570000000000000000e+02 4.910000000000000000e+02
