-3.604000000000000000e+03 1.420000000000000000e+03 1.382000000000000000e+04 -3.888000000000000000e+03 -4.500000000000000000e+01 7.910000000000000000e+02
-3.664000000000000000e+03 1.480000000000000000e+03 1.388000000000000000e+04 -3.920000000000000000e+03 -1.210000000000000000e+02 1.000000000000000000e+03
-3.760000000000000000e+03 1.356000000000000000e+03 1.405600000000000000e+04 -3.904000000000000000e+03 -1.980000000000000000e+02 1.212000000000000000e+03
-3.916000000000000000e+03 1.400000000000000000e+03 1.410400000000000000e+04 -3.872000000000000000e+03 -2.880000000000000000e+02 1.412000000000000000e+03
-3.944000000000000000e+03 1.456000000000000000e+03 1.396000000000000000e+04 -3.904000000000000000e+03 -3.520000000000000000e+02 1.491000000000000000e+03
-3.976000000000000000e+03 1.452000000000000000e+03 1.392400000000000000e+04 -3.888000000000000000e+03 -4.300000000000000000e+02 1.508000000000000000e+03
-3.860000000000000000e+03 1.472000000000000000e+03 1.398000000000000000e+04 -3.904000000000000000e+03 -5.250000000000000000e+02 1.426000000000000000e+03
-3.816000000000000000e+03 1.492000000000000000e+03 1.414800000000000000e+04 -3.888000000000000000e+03 -5.130000000000000000e+02 1.294000000000000000e+03
-3.640000000000000000e+03 1.452000000000000000e+03 1.383200000000000000e+04 -3.904000000000000000e+03 -5.140000000000000000e+02 1.052000000000000000e+03
-3.648000000000000000e+03 1.484000000000000000e+03 1.360800000000000000e+04 -3.920000000000000000e+03 -5.250000000000000000e+02 8.150000000000000000e+02
-3.784000000000000000e+03 1.480000000000000000e+03 1.345600000000000000e+04 -3.904000000000000000e+03 -5.220000000000000000e+02 5.670000000000000000e+02
-3.876000000000000000e+03 1.372000000000000000e+03 1.398400000000000000e+04 -3.920000000000000000e+03 -4.990000000000000000e+02 2.380000000000000000e+02
-3.884000000000000000e+03 1.520000000000000000e+03 1.440800000000000000e+04 -3.888000000000000000e+03 -4.890000000000000000e+02 -3.200000000000000000e+01
-3.892000000000000000e+03 1.504000000000000000e+03 1.438000000000000000e+04 -3.888000000000000000e+03 -4.620000000000000000e+02 -2.840000000000000000e+02
-3.932000000000000000e+03 1.556000000000000000e+03 1.422000000000000000e+04 -3.904000000000000000e+03 -4.250000000000000000e+02 -4.760000000000000000e+02
-3.676000000000000000e+03 1.532000000000000000e+03 1.417600000000000000e+04 -3.888000000000000000e+03 -4.110000000000000000e+02 -5.960000000000000000e+02
-3.548000000000000000e+03 1.636000000000000000e+03 1.422000000000000000e+04 -3.872000000000000000e+03 -3.700000000000000000e+02 -6.390000000000000000e+02
-3.556000000000000000e+03 1.548000000000000000e+03 1.448400000000000000e+04 -3.920000000000000000e+03 -3.930000000000000000e+02 -5.990000000000000000e+02
-3.400000000000000000e+03 1.676000000000000000e+03 1.428400000000000000e+04 -3.904000000000000000e+03 -3.590000000000000000e+02 -4.620000000000000000e+02
-3.468000000000000000e+03 1.648000000000000000e+03 1.394400000000000000e+04 -3.888000000000000000e+03 -3.740000000000000000e+02 -3.360000000000000000e+02
-3.340000000000000000e+03 1.652000000000000000e+03 1.391600000000000000e+04 -3.888000000000000000e+03 -3.710000000000000000e+02 -1.550000000000000000e+02
-3.048000000000000000e+03 1.716000000000000000e+03 1.391600000000000000e+04 -3.888000000000000000e+03 -3.770000000000000000e+02 2.700000000000000000e+01
-2.780000000000000000e+03 1.656000000000000000e+03 1.385200000000000000e+04 -3.888000000000000000e+03 -3.720000000000000000e+02 1.870000000000000000e+02
-2.848000000000000000e+03 1.444000000000000000e+03 1.405600000000000000e+04 -3.872000000000000000e+03 -3.640000000000000000e+02 3.720000000000000000e+02
-2.900000000000000000e+03 1.500000000000000000e+03 1.392400000000000000e+04 -3.888000000000000000e+03 -3.790000000000000000e+02 4.790000000000000000e+02
-3.136000000000000000e+03 1.644000000000000000e+03 1.374400000000000000e+04 -3.888000000000000000e+03 -3.650000000000000000e+02 5.020000000000000000e+02
-3.032000000000000000e+03 1.632000000000000000e+03 1.398800000000000000e+04 -3.872000000000000000e+03 -3.800000000000000000e+02 4.490000000000000000e+02
-2.936000000000000000e+03 1.736000000000000000e+03 1.403200000000000000e+04 -3.888000000000000000e+03 -3.930000000000000000e+02 2.980000000000000000e+02
-2.792000000000000000e+03 1.684000000000000000e+03 1.398400000000000000e+04 -3.888000000000000000e+03 -3.800000000000000000e+02 1.190000000000000000e+02
-3.016000000000000000e+03 1.568000000000000000e+03 1.407200000000000000e+04 -3.904000000000000000e+03 -3.790000000000000000e+02 -2.700000000000000000e+01
-3.220000000000000000e+03 1.700000000000000000e+03 1.399200000000000000e+04 -3.904000000000000000e+03 -3.250000000000000000e+02 -2.020000000000000000e+02
-3.236000000000000000e+03 1.644000000000000000e+03 1.378400000000000000e+04 -3.920000000000000000e+03 -3.070000000000000000e+02 -2.870000000000000000e+02
-3.444000000000000000e+03 1.508000000000000000e+03 1.385200000000000000e+04 -3.904000000000000000e+03 -2.740000000000000000e+02 -4.000000000000000000e+02
-3.580000000000000000e+03 1.516000000000000000e+03 1.383200000000000000e+04 -3.904000000000000000e+03 -2.300000000000000000e+02 -5.180000000000000000e+02
-3.820000000000000000e+03 1.360000000000000000e+03 1.384400000000000000e+04 -3.904000000000000000e+03 -1.920000000000000000e+02 -5.640000000000000000e+02
-3.772000000000000000e+03 1.360000000000000000e+03 1.370400000000000000e+04 -3.904000000000000000e+03 -1.610000000000000000e+02 -5.160000000000000000e+02
-4.044000000000000000e+03 1.412000000000000000e+03 1.377200000000000000e+04 -3.872000000000000000e+03 -1.140000000000000000e+02 -4.160000000000000000e+02
-4.048000000000000000e+03 1.360000000000000000e+03 1.360000000000000000e+04 -3.872000000000000000e+03 -8.700000000000000000e+01 -2.990000000000000000e+02
-4.204000000000000000e+03 1.344000000000000000e+03 1.389200000000000000e+04 -3.904000000000000000e+03 -7.700000000000000000e+01 -2.010000000000000000e+02
-4.080000000000000000e+03 1.468000000000000000e+03 1.390800000000000000e+04 -3.872000000000000000e+03 -1.010000000000000000e+02 -8.100000000000000000e+01
-4.140000000000000000e+03 1.488000000000000000e+03 1.400000000000000000e+04 -3.904000000000000000e+03 -5.600000000000000000e+01 6.900000000000000000e+01
-3.968000000000000000e+03 1.300000000000000000e+03 1.394800000000000000e+04 -3.920000000000000000e+03 -8.600000000000000000e+01 2.040000000000000000e+02
-3.936000000000000000e+03 1.276000000000000000e+03 1.389600000000000000e+04 -3.888000000000000000e+03 -1.030000000000000000e+02 3.180000000000000000e+02
-3.824000000000000000e+03 1.368000000000000000e+03 1.386800000000000000e+04 -3.904000000000000000e+03 -9.400000000000000000e+01 4.170000000000000000e+02
-3.868000000000000000e+03 1.308000000000000000e+03 1.397600000000000000e+04 -3.888000000000000000e+03 -1.120000000000000000e+02 4.860000000000000000e+02
-3.636000000000000000e+03 1.364000000000000000e+03 1.399200000000000000e+04 -3.888000000000000000e+03 -1.420000000000000000e+02 4.640000000000000000e+02
-3.712000000000000000e+03 1.320000000000000000e+03 1.386400000000000000e+04 -3.904000000000000000e+03 -1.700000000000000000e+02 4.560000000000000000e+02
-3.564000000000000000e+03 1.280000000000000000e+03 1.387600000000000000e+04 -3.904000000000000000e+03 -1.990000000000000000e+02 4.440000000000000000e+02
-3.612000000000000000e+03 1.312000000000000000e+03 1.367200000000000000e+04 -3.888000000000000000e+03 -2.540000000000000000e+02 4.050000000000000000e+02
-3.520000000000000000e+03 1.308000000000000000e+03 1.376800000000000000e+04 -3.872000000000000000e+03 -2.320000000000000000e+02 2.790000000000000000e+02
-3.504000000000000000e+03 1.304000000000000000e+03 1.391200000000000000e+04 -3.888000000000000000e+03 -2.510000000000000000e+02 1.930000000000000000e+02
-3.492000000000000000e+03 1.180000000000000000e+03 1.404000000000000000e+04 -3.872000000000000000e+03 -2.490000000000000000e+02 1.270000000000000000e+02
-3.600000000000000000e+03 1.124000000000000000e+03 1.379200000000000000e+04 -3.872000000000000000e+03 -2.610000000000000000e+02 1.130000000000000000e+02
-3.464000000000000000e+03 1.140000000000000000e+03 1.399200000000000000e+04 -3.872000000000000000e+03 -2.780000000000000000e+02 1.130000000000000000e+02
-3.644000000000000000e+03 1.200000000000000000e+03 1.408000000000000000e+04 -3.856000000000000000e+03 -2.760000000000000000e+02 1.420000000000000000e+02
