5.520000000000000000e+02 1.972000000000000000e+03 1.456000000000000000e+04 -4.144000000000000000e+03 -2.740000000000000000e+02 1.930000000000000000e+02
4.840000000000000000e+02 1.964000000000000000e+03 1.452000000000000000e+04 -4.160000000000000000e+03 -2.710000000000000000e+02 2.450000000000000000e+02
5.720000000000000000e+02 1.988000000000000000e+03 1.449200000000000000e+04 -4.144000000000000000e+03 -2.840000000000000000e+02 2.560000000000000000e+02
5.960000000000000000e+02 1.932000000000000000e+03 1.448400000000000000e+04 -4.176000000000000000e+03 -2.760000000000000000e+02 2.920000000000000000e+02
5.480000000000000000e+02 1.980000000000000000e+03 1.438400000000000000e+04 -4.160000000000000000e+03 -2.850000000000000000e+02 2.640000000000000000e+02
5.000000000000000000e+02 2.012000000000000000e+03 1.448400000000000000e+04 -4.144000000000000000e+03 -2.870000000000000000e+02 2.570000000000000000e+02
7.960000000000000000e+02 1.876000000000000000e+03 1.441200000000000000e+04 -4.176000000000000000e+03 -2.870000000000000000e+02 1.970000000000000000e+02
8.680000000000000000e+02 1.948000000000000000e+03 1.453600000000000000e+04 -4.144000000000000000e+03 -2.960000000000000000e+02 1.700000000000000000e+02
7.640000000000000000e+02 2.040000000000000000e+03 1.440000000000000000e+04 -4.176000000000000000e+03 -2.780000000000000000e+02 1.580000000000000000e+02
9.160000000000000000e+02 1.992000000000000000e+03 1.446000000000000000e+04 -4.160000000000000000e+03 -2.730000000000000000e+02 1.500000000000000000e+02
7.640000000000000000e+02 2.008000000000000000e+03 1.449200000000000000e+04 -4.128000000000000000e+03 -2.720000000000000000e+02 1.390000000000000000e+02
6.520000000000000000e+02 1.864000000000000000e+03 1.444400000000000000e+04 -4.160000000000000000e+03 -2.680000000000000000e+02 1.570000000000000000e+02
7.240000000000000000e+02 1.896000000000000000e+03 1.446800000000000000e+04 -4.144000000000000000e+03 -2.780000000000000000e+02 1.550000000000000000e+02
5.600000000000000000e+02 1.928000000000000000e+03 1.443600000000000000e+04 -4.144000000000000000e+03 -2.840000000000000000e+02 1.330000000000000000e+02
5.240000000000000000e+02 1.984000000000000000e+03 1.458400000000000000e+04 -4.128000000000000000e+03 -2.720000000000000000e+02 1.800000000000000000e+02
4.880000000000000000e+02 1.916000000000000000e+03 1.447200000000000000e+04 -4.160000000000000000e+03 -2.440000000000000000e+02 1.580000000000000000e+02
5.960000000000000000e+02 2.028000000000000000e+03 1.446400000000000000e+04 -4.160000000000000000e+03 -2.630000000000000000e+02 1.320000000000000000e+02
5.960000000000000000e+02 1.952000000000000000e+03 1.435200000000000000e+04 -4.160000000000000000e+03 -2.880000000000000000e+02 1.250000000000000000e+02
5.680000000000000000e+02 1.992000000000000000e+03 1.454000000000000000e+04 -4.112000000000000000e+03 -2.680000000000000000e+02 1.430000000000000000e+02
6.760000000000000000e+02 1.936000000000000000e+03 1.442800000000000000e+04 -4.112000000000000000e+03 -2.740000000000000000e+02 1.690000000000000000e+02
6.160000000000000000e+02 1.960000000000000000e+03 1.452400000000000000e+04 -4.144000000000000000e+03 -2.590000000000000000e+02 2.040000000000000000e+02
7.720000000000000000e+02 1.860000000000000000e+03 1.455600000000000000e+04 -4.160000000000000000e+03 -2.590000000000000000e+02 2.110000000000000000e+02
6.960000000000000000e+02 1.940000000000000000e+03 1.451600000000000000e+04 -4.160000000000000000e+03 -2.910000000000000000e+02 1.710000000000000000e+02
5.040000000000000000e+02 1.928000000000000000e+03 1.449600000000000000e+04 -4.160000000000000000e+03 -2.790000000000000000e+02 1.750000000000000000e+02
7.400000000000000000e+02 1.952000000000000000e+03 1.455600000000000000e+04 -4.192000000000000000e+03 -2.860000000000000000e+02 1.510000000000000000e+02
5.760000000000000000e+02 1.932000000000000000e+03 1.449200000000000000e+04 -4.144000000000000000e+03 -2.870000000000000000e+02 1.750000000000000000e+02
6.320000000000000000e+02 1.868000000000000000e+03 1.444800000000000000e+04 -4.176000000000000000e+03 -2.820000000000000000e+02 1.670000000000000000e+02
5.480000000000000000e+02 1.844000000000000000e+03 1.440000000000000000e+04 -4.144000000000000000e+03 -2.550000000000000000e+02 2.030000000000000000e+02
6.400000000000000000e+02 1.776000000000000000e+03 1.441200000000000000e+04 -4.144000000000000000e+03 -2.660000000000000000e+02 2.080000000000000000e+02
8.600000000000000000e+02 1.912000000000000000e+03 1.456800000000000000e+04 -4.160000000000000000e+03 -2.740000000000000000e+02 2.200000000000000000e+02
5.960000000000000000e+02 1.900000000000000000e+03 1.459600000000000000e+04 -4.128000000000000000e+03 -2.800000000000000000e+02 2.060000000000000000e+02
7.320000000000000000e+02 2.024000000000000000e+03 1.458400000000000000e+04 -4.128000000000000000e+03 -2.860000000000000000e+02 1.990000000000000000e+02
5.920000000000000000e+02 2.052000000000000000e+03 1.445200000000000000e+04 -4.176000000000000000e+03 -2.930000000000000000e+02 1.710000000000000000e+02
7.440000000000000000e+02 2.100000000000000000e+03 1.442400000000000000e+04 -4.144000000000000000e+03 -2.720000000000000000e+02 1.870000000000000000e+02
7.080000000000000000e+02 1.956000000000000000e+03 1.449600000000000000e+04 -4.176000000000000000e+03 -2.760000000000000000e+02 3.020000000000000000e+02
6.280000000000000000e+02 1.944000000000000000e+03 1.454800000000000000e+04 -4.144000000000000000e+03 -2.830000000000000000e+02 3.900000000000000000e+02
6.720000000000000000e+02 1.840000000000000000e+03 1.452800000000000000e+04 -4.160000000000000000e+03 -2.690000000000000000e+02 4.360000000000000000e+02
6.680000000000000000e+02 1.912000000000000000e+03 1.449600000000000000e+04 -4.128000000000000000e+03 -2.630000000000000000e+02 4.780000000000000000e+02
7.240000000000000000e+02 1.924000000000000000e+03 1.446000000000000000e+04 -4.128000000000000000e+03 -3.040000000000000000e+02 4.220000000000000000e+02
6.720000000000000000e+02 1.932000000000000000e+03 1.434800000000000000e+04 -4.144000000000000000e+03 -3.300000000000000000e+02 2.640000000000000000e+02
5.600000000000000000e+02 2.072000000000000000e+03 1.440800000000000000e+04 -4.144000000000000000e+03 -3.060000000000000000e+02 1.170000000000000000e+02
6.800000000000000000e+02 1.940000000000000000e+03 1.436400000000000000e+04 -4.144000000000000000e+03 -2.920000000000000000e+02 1.100000000000000000e+01
7.720000000000000000e+02 1.940000000000000000e+03 1.443600000000000000e+04 -4.128000000000000000e+03 -2.660000000000000000e+02 -4.000000000000000000e+01
7.200000000000000000e+02 1.804000000000000000e+03 1.457600000000000000e+04 -4.160000000000000000e+03 -2.700000000000000000e+02 -1.030000000000000000e+02
9.120000000000000000e+02 1.912000000000000000e+03 1.450400000000000000e+04 -4.160000000000000000e+03 -2.420000000000000000e+02 -8.200000000000000000e+01
6.160000000000000000e+02 1.912000000000000000e+03 1.455200000000000000e+04 -4.128000000000000000e+03 -2.110000000000000000e+02 -5.000000000000000000e+00
6.480000000000000000e+02 1.892000000000000000e+03 1.460800000000000000e+04 -4.144000000000000000e+03 -2.640000000000000000e+02 7.500000000000000000e+01
6.240000000000000000e+02 1.888000000000000000e+03 1.441200000000000000e+04 -4.176000000000000000e+03 -2.390000000000000000e+02 1.320000000000000000e+02
3.840000000000000000e+02 1.924000000000000000e+03 1.460800000000000000e+04 -4.160000000000000000e+03 -2.530000000000000000e+02 1.620000000000000000e+02
3.200000000000000000e+02 1.872000000000000000e+03 1.450000000000000000e+04 -4.160000000000000000e+03 -2.450000000000000000e+02 1.960000000000000000e+02
3.000000000000000000e+02 1.964000000000000000e+03 1.440000000000000000e+04 -4.144000000000000000e+03 -2.820000000000000000e+02 1.880000000000000000e+02
2.680000000000000000e+02 1.868000000000000000e+03 1.435600000000000000e+04 -4.144000000000000000e+03 -2.690000000000000000e+02 1.640000000000000000e+02
3.600000000000000000e+02 2.008000000000000000e+03 1.440400000000000000e+04 -4.160000000000000000e+03 -2.820000000000000000e+02 1.490000000000000000e+02
3.920000000000000000e+02 1.884000000000000000e+03 1.450000000000000000e+04 -4.144000000000000000e+03 -2.460000000000000000e+02 1.440000000000000000e+02
6.880000000000000000e+02 1.844000000000000000e+03 1.448800000000000000e+04 -4.160000000000000000e+03 -2.760000000000000000e+02 1.930000000000000000e+02
7.920000000000000000e+02 1.764000000000000000e+03 1.451200000000000000e+04 -4.160000000000000000e+03 -2.710000000000000000e+02 2.270000000000000000e+02
7.440000000000000000e+02 1.928000000000000000e+03 1.438000000000000000e+04 -4.160000000000000000e+03 -2.710000000000000000e+02 2.030000000000000000e+02
6.400000000000000000e+02 1.932000000000000000e+03 1.457200000000000000e+04 -4.128000000000000000e+03 -2.700000000000000000e+02 2.170000000000000000e+02
5.560000000000000000e+02 1.892000000000000000e+03 1.452800000000000000e+04 -4.128000000000000000e+03 -2.700000000000000000e+02 2.100000000000000000e+02
6.080000000000000000e+02 1.968000000000000000e+03 1.466000000000000000e+04 -4.176000000000000000e+03 -2.730000000000000000e+02 2.290000000000000000e+02
5.720000000000000000e+02 1.968000000000000000e+03 1.451200000000000000e+04 -4.144000000000000000e+03 -2.980000000000000000e+02 2.210000000000000000e+02
5.760000000000000000e+02 1.884000000000000000e+03 1.447200000000000000e+04 -4.144000000000000000e+03 -2.970000000000000000e+02 1.510000000000000000e+02
4.240000000000000000e+02 1.948000000000000000e+03 1.446400000000000000e+04 -4.144000000000000000e+03 -2.710000000000000000e+02 1.170000000000000000e+02
6.480000000000000000e+02 1.912000000000000000e+03 1.457200000000000000e+04 -4.176000000000000000e+03 -2.790000000000000000e+02 1.150000000000000000e+02
7.640000000000000000e+02 1.932000000000000000e+03 1.450800000000000000e+04 -4.144000000000000000e+03 -2.890000000000000000e+02 9.200000000000000000e+01
6.560000000000000000e+02 1.980000000000000000e+03 1.452800000000000000e+04 -4.160000000000000000e+03 -2.700000000000000000e+02 1.020000000000000000e+02
5.240000000000000000e+02 1.936000000000000000e+03 1.447200000000000000e+04 -4.160000000000000000e+03 -2.650000000000000000e+02 1.170000000000000000e+02
5.000000000000000000e+02 1.880000000000000000e+03 1.443200000000000000e+04 -4.128000000000000000e+03 -2.810000000000000000e+02 1.430000000000000000e+02
4.920000000000000000e+02 1.856000000000000000e+03 1.454000000000000000e+04 -4.128000000000000000e+03 -2.620000000000000000e+02 1.950000000000000000e+02
6.000000000000000000e+02 1.892000000000000000e+03 1.447600000000000000e+04 -4.128000000000000000e+03 -2.650000000000000000e+02 2.230000000000000000e+02
5.040000000000000000e+02 1.948000000000000000e+03 1.439600000000000000e+04 -4.144000000000000000e+03 -2.650000000000000000e+02 2.560000000000000000e+02
6.680000000000000000e+02 1.940000000000000000e+03 1.444800000000000000e+04 -4.160000000000000000e+03 -2.960000000000000000e+02 2.400000000000000000e+02
6.400000000000000000e+02 1.916000000000000000e+03 1.461200000000000000e+04 -4.160000000000000000e+03 -2.760000000000000000e+02 2.020000000000000000e+02
