1.200000000000000000e+01 1.856000000000000000e+03 1.444400000000000000e+04 -4.096000000000000000e+03 -2.830000000000000000e+02 1.530000000000000000e+02
1.328000000000000000e+03 2.032000000000000000e+03 1.458000000000000000e+04 -4.176000000000000000e+03 -2.640000000000000000e+02 1.840000000000000000e+02
1.160000000000000000e+03 2.008000000000000000e+03 1.429200000000000000e+04 -4.176000000000000000e+03 -2.770000000000000000e+02 1.610000000000000000e+02
1.352000000000000000e+03 1.976000000000000000e+03 1.433200000000000000e+04 -4.128000000000000000e+03 -2.870000000000000000e+02 1.530000000000000000e+02
1.372000000000000000e+03 1.904000000000000000e+03 1.446800000000000000e+04 -4.176000000000000000e+03 -2.770000000000000000e+02 1.780000000000000000e+02
1.320000000000000000e+03 2.080000000000000000e+03 1.445600000000000000e+04 -4.176000000000000000e+03 -2.700000000000000000e+02 1.940000000000000000e+02
1.096000000000000000e+03 1.956000000000000000e+03 1.437600000000000000e+04 -4.144000000000000000e+03 -2.840000000000000000e+02 1.890000000000000000e+02
1.292000000000000000e+03 2.028000000000000000e+03 1.448000000000000000e+04 -4.176000000000000000e+03 -2.770000000000000000e+02 1.880000000000000000e+02
1.224000000000000000e+03 2.036000000000000000e+03 1.433200000000000000e+04 -4.160000000000000000e+03 -2.550000000000000000e+02 1.840000000000000000e+02
1.316000000000000000e+03 2.008000000000000000e+03 1.452800000000000000e+04 -4.144000000000000000e+03 -2.740000000000000000e+02 2.060000000000000000e+02
1.472000000000000000e+03 1.932000000000000000e+03 1.455200000000000000e+04 -4.144000000000000000e+03 -2.810000000000000000e+02 1.770000000000000000e+02
1.520000000000000000e+03 1.924000000000000000e+03 1.440400000000000000e+04 -4.144000000000000000e+03 -2.940000000000000000e+02 1.460000000000000000e+02
1.372000000000000000e+03 1.996000000000000000e+03 1.448400000000000000e+04 -4.176000000000000000e+03 -2.780000000000000000e+02 1.820000000000000000e+02
1.204000000000000000e+03 1.992000000000000000e+03 1.450400000000000000e+04 -4.160000000000000000e+03 -2.830000000000000000e+02 1.800000000000000000e+02
1.244000000000000000e+03 2.024000000000000000e+03 1.449200000000000000e+04 -4.176000000000000000e+03 -2.790000000000000000e+02 2.070000000000000000e+02
1.108000000000000000e+03 1.988000000000000000e+03 1.448000000000000000e+04 -4.144000000000000000e+03 -2.710000000000000000e+02 2.020000000000000000e+02
1.260000000000000000e+03 1.988000000000000000e+03 1.443600000000000000e+04 -4.160000000000000000e+03 -2.790000000000000000e+02 1.890000000000000000e+02
1.164000000000000000e+03 2.032000000000000000e+03 1.457600000000000000e+04 -4.144000000000000000e+03 -2.840000000000000000e+02 1.650000000000000000e+02
1.224000000000000000e+03 1.912000000000000000e+03 1.449200000000000000e+04 -4.160000000000000000e+03 -2.800000000000000000e+02 1.610000000000000000e+02
1.444000000000000000e+03 1.996000000000000000e+03 1.443200000000000000e+04 -4.144000000000000000e+03 -2.700000000000000000e+02 1.740000000000000000e+02
1.132000000000000000e+03 1.956000000000000000e+03 1.452000000000000000e+04 -4.176000000000000000e+03 -2.720000000000000000e+02 1.690000000000000000e+02
1.196000000000000000e+03 2.044000000000000000e+03 1.450000000000000000e+04 -4.176000000000000000e+03 -2.740000000000000000e+02 1.900000000000000000e+02
1.220000000000000000e+03 1.948000000000000000e+03 1.452800000000000000e+04 -4.144000000000000000e+03 -2.930000000000000000e+02 2.000000000000000000e+02
1.480000000000000000e+03 2.112000000000000000e+03 1.441200000000000000e+04 -4.160000000000000000e+03 -2.630000000000000000e+02 2.290000000000000000e+02
1.264000000000000000e+03 2.180000000000000000e+03 1.441200000000000000e+04 -4.144000000000000000e+03 -2.710000000000000000e+02 2.200000000000000000e+02
1.340000000000000000e+03 1.912000000000000000e+03 1.452800000000000000e+04 -4.176000000000000000e+03 -2.730000000000000000e+02 2.130000000000000000e+02
1.380000000000000000e+03 1.996000000000000000e+03 1.462400000000000000e+04 -4.144000000000000000e+03 -2.650000000000000000e+02 1.800000000000000000e+02
1.128000000000000000e+03 1.952000000000000000e+03 1.444000000000000000e+04 -4.144000000000000000e+03 -2.640000000000000000e+02 2.010000000000000000e+02
1.356000000000000000e+03 2.016000000000000000e+03 1.454800000000000000e+04 -4.128000000000000000e+03 -2.900000000000000000e+02 1.710000000000000000e+02
1.328000000000000000e+03 1.940000000000000000e+03 1.444400000000000000e+04 -4.176000000000000000e+03 -2.460000000000000000e+02 1.770000000000000000e+02
1.292000000000000000e+03 2.008000000000000000e+03 1.449200000000000000e+04 -4.144000000000000000e+03 -2.730000000000000000e+02 1.780000000000000000e+02
1.328000000000000000e+03 1.896000000000000000e+03 1.468800000000000000e+04 -4.144000000000000000e+03 -2.770000000000000000e+02 1.780000000000000000e+02
1.332000000000000000e+03 1.996000000000000000e+03 1.461200000000000000e+04 -4.144000000000000000e+03 -2.870000000000000000e+02 1.870000000000000000e+02
1.300000000000000000e+03 2.036000000000000000e+03 1.439600000000000000e+04 -4.128000000000000000e+03 -2.810000000000000000e+02 1.860000000000000000e+02
1.328000000000000000e+03 2.064000000000000000e+03 1.446800000000000000e+04 -4.176000000000000000e+03 -2.840000000000000000e+02 2.120000000000000000e+02
1.224000000000000000e+03 2.000000000000000000e+03 1.440000000000000000e+04 -4.144000000000000000e+03 -2.680000000000000000e+02 2.140000000000000000e+02
1.392000000000000000e+03 1.996000000000000000e+03 1.444800000000000000e+04 -4.160000000000000000e+03 -2.900000000000000000e+02 2.380000000000000000e+02
1.324000000000000000e+03 2.032000000000000000e+03 1.451200000000000000e+04 -4.112000000000000000e+03 -2.790000000000000000e+02 2.100000000000000000e+02
1.296000000000000000e+03 2.072000000000000000e+03 1.446800000000000000e+04 -4.160000000000000000e+03 -2.980000000000000000e+02 1.910000000000000000e+02
1.176000000000000000e+03 1.932000000000000000e+03 1.436000000000000000e+04 -4.160000000000000000e+03 -2.780000000000000000e+02 1.620000000000000000e+02
1.400000000000000000e+03 2.136000000000000000e+03 1.422000000000000000e+04 -4.144000000000000000e+03 -2.730000000000000000e+02 1.090000000000000000e+02
1.212000000000000000e+03 2.016000000000000000e+03 1.450000000000000000e+04 -4.160000000000000000e+03 -2.670000000000000000e+02 1.090000000000000000e+02
1.320000000000000000e+03 2.012000000000000000e+03 1.450000000000000000e+04 -4.176000000000000000e+03 -2.740000000000000000e+02 1.500000000000000000e+02
1.200000000000000000e+03 1.924000000000000000e+03 1.444800000000000000e+04 -4.160000000000000000e+03 -2.750000000000000000e+02 1.660000000000000000e+02
1.280000000000000000e+03 2.060000000000000000e+03 1.460400000000000000e+04 -4.128000000000000000e+03 -2.840000000000000000e+02 1.860000000000000000e+02
1.128000000000000000e+03 1.984000000000000000e+03 1.452800000000000000e+04 -4.144000000000000000e+03 -2.710000000000000000e+02 2.010000000000000000e+02
