9.560000000000000000e+02 1.968000000000000000e+03 1.436800000000000000e+04 -4.160000000000000000e+03 -2.930000000000000000e+02 1.400000000000000000e+02
8.560000000000000000e+02 1.988000000000000000e+03 1.451200000000000000e+04 -4.144000000000000000e+03 -2.790000000000000000e+02 1.300000000000000000e+02
8.440000000000000000e+02 2.020000000000000000e+03 1.438800000000000000e+04 -4.144000000000000000e+03 -2.740000000000000000e+02 1.630000000000000000e+02
9.120000000000000000e+02 1.948000000000000000e+03 1.449200000000000000e+04 -4.176000000000000000e+03 -2.660000000000000000e+02 1.860000000000000000e+02
9.400000000000000000e+02 1.944000000000000000e+03 1.458400000000000000e+04 -4.144000000000000000e+03 -2.690000000000000000e+02 1.660000000000000000e+02
8.120000000000000000e+02 1.960000000000000000e+03 1.449600000000000000e+04 -4.160000000000000000e+03 -2.780000000000000000e+02 2.000000000000000000e+02
9.000000000000000000e+02 1.884000000000000000e+03 1.432400000000000000e+04 -4.128000000000000000e+03 -2.770000000000000000e+02 2.000000000000000000e+02
7.320000000000000000e+02 1.996000000000000000e+03 1.444400000000000000e+04 -4.128000000000000000e+03 -2.900000000000000000e+02 1.950000000000000000e+02
6.320000000000000000e+02 2.096000000000000000e+03 1.446000000000000000e+04 -4.128000000000000000e+03 -2.840000000000000000e+02 2.060000000000000000e+02
8.040000000000000000e+02 1.844000000000000000e+03 1.444400000000000000e+04 -4.160000000000000000e+03 -2.850000000000000000e+02 1.850000000000000000e+02
7.880000000000000000e+02 1.956000000000000000e+03 1.444000000000000000e+04 -4.144000000000000000e+03 -2.660000000000000000e+02 1.890000000000000000e+02
8.800000000000000000e+02 2.000000000000000000e+03 1.450800000000000000e+04 -4.144000000000000000e+03 -2.690000000000000000e+02 1.770000000000000000e+02
9.040000000000000000e+02 1.948000000000000000e+03 1.437600000000000000e+04 -4.144000000000000000e+03 -2.740000000000000000e+02 1.600000000000000000e+02
9.960000000000000000e+02 1.960000000000000000e+03 1.444000000000000000e+04 -4.128000000000000000e+03 -2.820000000000000000e+02 1.310000000000000000e+02
8.720000000000000000e+02 1.972000000000000000e+03 1.456400000000000000e+04 -4.144000000000000000e+03 -2.870000000000000000e+02 1.270000000000000000e+02
9.520000000000000000e+02 1.880000000000000000e+03 1.469200000000000000e+04 -4.128000000000000000e+03 -2.700000000000000000e+02 1.170000000000000000e+02
7.720000000000000000e+02 2.016000000000000000e+03 1.436400000000000000e+04 -4.192000000000000000e+03 -2.740000000000000000e+02 1.190000000000000000e+02
8.760000000000000000e+02 1.984000000000000000e+03 1.436800000000000000e+04 -4.144000000000000000e+03 -2.720000000000000000e+02 1.200000000000000000e+02
9.280000000000000000e+02 2.004000000000000000e+03 1.446400000000000000e+04 -4.144000000000000000e+03 -2.770000000000000000e+02 1.470000000000000000e+02
8.480000000000000000e+02 1.976000000000000000e+03 1.438800000000000000e+04 -4.144000000000000000e+03 -2.870000000000000000e+02 1.610000000000000000e+02
7.480000000000000000e+02 2.052000000000000000e+03 1.465600000000000000e+04 -4.144000000000000000e+03 -2.710000000000000000e+02 1.660000000000000000e+02
9.720000000000000000e+02 1.948000000000000000e+03 1.457200000000000000e+04 -4.144000000000000000e+03 -2.700000000000000000e+02 1.700000000000000000e+02
8.440000000000000000e+02 1.920000000000000000e+03 1.448000000000000000e+04 -4.160000000000000000e+03 -2.860000000000000000e+02 1.510000000000000000e+02
9.720000000000000000e+02 1.964000000000000000e+03 1.457200000000000000e+04 -4.160000000000000000e+03 -2.730000000000000000e+02 1.280000000000000000e+02
7.240000000000000000e+02 2.008000000000000000e+03 1.446400000000000000e+04 -4.160000000000000000e+03 -2.800000000000000000e+02 1.600000000000000000e+02
7.920000000000000000e+02 2.004000000000000000e+03 1.435200000000000000e+04 -4.144000000000000000e+03 -2.910000000000000000e+02 1.630000000000000000e+02
8.520000000000000000e+02 1.996000000000000000e+03 1.450400000000000000e+04 -4.144000000000000000e+03 -2.630000000000000000e+02 1.590000000000000000e+02
9.480000000000000000e+02 1.840000000000000000e+03 1.440000000000000000e+04 -4.144000000000000000e+03 -2.710000000000000000e+02 1.660000000000000000e+02
8.520000000000000000e+02 2.004000000000000000e+03 1.453600000000000000e+04 -4.176000000000000000e+03 -2.800000000000000000e+02 1.880000000000000000e+02
8.040000000000000000e+02 1.884000000000000000e+03 1.448400000000000000e+04 -4.160000000000000000e+03 -2.870000000000000000e+02 1.850000000000000000e+02
9.960000000000000000e+02 1.956000000000000000e+03 1.453600000000000000e+04 -4.128000000000000000e+03 -2.760000000000000000e+02 1.920000000000000000e+02
7.720000000000000000e+02 1.896000000000000000e+03 1.453200000000000000e+04 -4.144000000000000000e+03 -3.080000000000000000e+02 2.000000000000000000e+02
8.880000000000000000e+02 1.980000000000000000e+03 1.449200000000000000e+04 -4.144000000000000000e+03 -2.950000000000000000e+02 1.690000000000000000e+02
7.680000000000000000e+02 1.980000000000000000e+03 1.445600000000000000e+04 -4.176000000000000000e+03 -2.740000000000000000e+02 1.500000000000000000e+02
9.400000000000000000e+02 2.008000000000000000e+03 1.446400000000000000e+04 -4.192000000000000000e+03 -2.690000000000000000e+02 1.480000000000000000e+02
8.440000000000000000e+02 1.956000000000000000e+03 1.455200000000000000e+04 -4.128000000000000000e+03 -2.690000000000000000e+02 1.260000000000000000e+02
9.040000000000000000e+02 1.996000000000000000e+03 1.444000000000000000e+04 -4.160000000000000000e+03 -2.850000000000000000e+02 1.430000000000000000e+02
7.760000000000000000e+02 1.856000000000000000e+03 1.456400000000000000e+04 -4.144000000000000000e+03 -2.820000000000000000e+02 1.190000000000000000e+02
8.040000000000000000e+02 1.980000000000000000e+03 1.449200000000000000e+04 -4.144000000000000000e+03 -2.840000000000000000e+02 1.560000000000000000e+02
8.080000000000000000e+02 1.892000000000000000e+03 1.437600000000000000e+04 -4.160000000000000000e+03 -2.830000000000000000e+02 1.530000000000000000e+02
8.520000000000000000e+02 1.960000000000000000e+03 1.466000000000000000e+04 -4.176000000000000000e+03 -2.890000000000000000e+02 1.980000000000000000e+02
8.360000000000000000e+02 2.048000000000000000e+03 1.440800000000000000e+04 -4.112000000000000000e+03 -2.700000000000000000e+02 1.740000000000000000e+02
6.800000000000000000e+02 2.000000000000000000e+03 1.447600000000000000e+04 -4.160000000000000000e+03 -2.740000000000000000e+02 2.270000000000000000e+02
8.840000000000000000e+02 1.912000000000000000e+03 1.431600000000000000e+04 -4.160000000000000000e+03 -2.740000000000000000e+02 1.800000000000000000e+02
9.920000000000000000e+02 2.020000000000000000e+03 1.442800000000000000e+04 -4.160000000000000000e+03 -2.710000000000000000e+02 1.680000000000000000e+02
8.520000000000000000e+02 1.976000000000000000e+03 1.446800000000000000e+04 -4.144000000000000000e+03 -2.740000000000000000e+02 1.460000000000000000e+02
9.320000000000000000e+02 1.928000000000000000e+03 1.444800000000000000e+04 -4.144000000000000000e+03 -2.780000000000000000e+02 1.130000000000000000e+02
9.240000000000000000e+02 1.940000000000000000e+03 1.462000000000000000e+04 -4.144000000000000000e+03 -2.710000000000000000e+02 1.150000000000000000e+02
9.640000000000000000e+02 2.000000000000000000e+03 1.446000000000000000e+04 -4.144000000000000000e+03 -2.760000000000000000e+02 1.430000000000000000e+02
1.004000000000000000e+03 2.068000000000000000e+03 1.444400000000000000e+04 -4.160000000000000000e+03 -2.540000000000000000e+02 1.740000000000000000e+02
