-6.184000000000000000e+03 8.200000000000000000e+02 1.270800000000000000e+04 -3.968000000000000000e+03 -2.850000000000000000e+02 -6.800000000000000000e+01
-6.536000000000000000e+03 7.720000000000000000e+02 1.263200000000000000e+04 -3.984000000000000000e+03 -3.120000000000000000e+02 -1.480000000000000000e+02
-6.628000000000000000e+03 8.880000000000000000e+02 1.239600000000000000e+04 -3.968000000000000000e+03 -2.650000000000000000e+02 -1.560000000000000000e+02
-6.472000000000000000e+03 1.008000000000000000e+03 1.251200000000000000e+04 -4.016000000000000000e+03 -2.830000000000000000e+02 -1.420000000000000000e+02
-6.588000000000000000e+03 8.840000000000000000e+02 1.262400000000000000e+04 -4.000000000000000000e+03 -2.680000000000000000e+02 -1.310000000000000000e+02
-6.796000000000000000e+03 9.320000000000000000e+02 1.260400000000000000e+04 -4.016000000000000000e+03 -2.360000000000000000e+02 -9.900000000000000000e+01
-6.784000000000000000e+03 8.600000000000000000e+02 1.272000000000000000e+04 -3.968000000000000000e+03 -2.580000000000000000e+02 2.000000000000000000e+00
-6.920000000000000000e+03 9.160000000000000000e+02 1.242000000000000000e+04 -3.984000000000000000e+03 -2.540000000000000000e+02 8.100000000000000000e+01
-7.024000000000000000e+03 8.760000000000000000e+02 1.239200000000000000e+04 -4.000000000000000000e+03 -2.450000000000000000e+02 2.150000000000000000e+02
-6.912000000000000000e+03 8.720000000000000000e+02 1.241600000000000000e+04 -3.984000000000000000e+03 -2.730000000000000000e+02 3.770000000000000000e+02
-7.024000000000000000e+03 9.880000000000000000e+02 1.243600000000000000e+04 -3.984000000000000000e+03 -2.730000000000000000e+02 4.810000000000000000e+02
-6.996000000000000000e+03 9.440000000000000000e+02 1.256400000000000000e+04 -3.968000000000000000e+03 -2.680000000000000000e+02 5.500000000000000000e+02
-7.264000000000000000e+03 9.200000000000000000e+02 1.269600000000000000e+04 -3.984000000000000000e+03 -2.570000000000000000e+02 6.150000000000000000e+02
-7.256000000000000000e+03 9.080000000000000000e+02 1.243200000000000000e+04 -3.984000000000000000e+03 -2.790000000000000000e+02 6.190000000000000000e+02
-7.476000000000000000e+03 9.720000000000000000e+02 1.257600000000000000e+04 -3.984000000000000000e+03 -2.440000000000000000e+02 5.730000000000000000e+02
-7.368000000000000000e+03 1.016000000000000000e+03 1.255600000000000000e+04 -4.016000000000000000e+03 -2.570000000000000000e+02 4.900000000000000000e+02
-7.380000000000000000e+03 9.960000000000000000e+02 1.241200000000000000e+04 -3.984000000000000000e+03 -2.590000000000000000e+02 4.160000000000000000e+02
-7.216000000000000000e+03 8.680000000000000000e+02 1.248000000000000000e+04 -3.984000000000000000e+03 -2.740000000000000000e+02 3.400000000000000000e+02
-7.160000000000000000e+03 1.036000000000000000e+03 1.278000000000000000e+04 -3.984000000000000000e+03 -2.910000000000000000e+02 2.330000000000000000e+02
-7.472000000000000000e+03 8.480000000000000000e+02 1.245600000000000000e+04 -3.984000000000000000e+03 -2.650000000000000000e+02 1.110000000000000000e+02
-7.456000000000000000e+03 9.200000000000000000e+02 1.242400000000000000e+04 -4.000000000000000000e+03 -3.210000000000000000e+02 1.800000000000000000e+01
-7.508000000000000000e+03 1.036000000000000000e+03 1.272000000000000000e+04 -3.952000000000000000e+03 -3.190000000000000000e+02 -8.400000000000000000e+01
-7.424000000000000000e+03 1.096000000000000000e+03 1.252400000000000000e+04 -3.984000000000000000e+03 -3.170000000000000000e+02 -2.410000000000000000e+02
-7.232000000000000000e+03 9.640000000000000000e+02 1.244400000000000000e+04 -4.000000000000000000e+03 -3.390000000000000000e+02 -3.680000000000000000e+02
-7.236000000000000000e+03 9.360000000000000000e+02 1.238000000000000000e+04 -4.000000000000000000e+03 -3.460000000000000000e+02 -5.240000000000000000e+02
-7.192000000000000000e+03 9.720000000000000000e+02 1.238800000000000000e+04 -4.000000000000000000e+03 -3.190000000000000000e+02 -6.130000000000000000e+02
-7.136000000000000000e+03 9.360000000000000000e+02 1.254400000000000000e+04 -4.000000000000000000e+03 -3.220000000000000000e+02 -6.930000000000000000e+02
-7.108000000000000000e+03 1.088000000000000000e+03 1.254400000000000000e+04 -3.984000000000000000e+03 -3.380000000000000000e+02 -7.350000000000000000e+02
-7.064000000000000000e+03 1.056000000000000000e+03 1.248800000000000000e+04 -3.952000000000000000e+03 -3.070000000000000000e+02 -7.570000000000000000e+02
-7.220000000000000000e+03 1.032000000000000000e+03 1.274400000000000000e+04 -3.968000000000000000e+03 -3.360000000000000000e+02 -7.080000000000000000e+02
-6.964000000000000000e+03 1.064000000000000000e+03 1.248400000000000000e+04 -3.984000000000000000e+03 -3.050000000000000000e+02 -6.760000000000000000e+02
-7.044000000000000000e+03 1.128000000000000000e+03 1.248400000000000000e+04 -3.968000000000000000e+03 -3.180000000000000000e+02 -6.060000000000000000e+02
-6.980000000000000000e+03 9.600000000000000000e+02 1.251600000000000000e+04 -3.984000000000000000e+03 -2.910000000000000000e+02 -5.300000000000000000e+02
-7.160000000000000000e+03 1.032000000000000000e+03 1.236800000000000000e+04 -4.000000000000000000e+03 -3.010000000000000000e+02 -4.420000000000000000e+02
-7.112000000000000000e+03 8.680000000000000000e+02 1.236000000000000000e+04 -3.984000000000000000e+03 -3.090000000000000000e+02 -3.370000000000000000e+02
-7.176000000000000000e+03 7.560000000000000000e+02 1.222400000000000000e+04 -3.968000000000000000e+03 -2.710000000000000000e+02 -2.300000000000000000e+02
-7.368000000000000000e+03 8.600000000000000000e+02 1.245200000000000000e+04 -4.000000000000000000e+03 -3.060000000000000000e+02 -1.560000000000000000e+02
-7.524000000000000000e+03 7.360000000000000000e+02 1.248400000000000000e+04 -3.984000000000000000e+03 -2.770000000000000000e+02 -5.500000000000000000e+01
-7.576000000000000000e+03 7.440000000000000000e+02 1.258400000000000000e+04 -4.000000000000000000e+03 -2.850000000000000000e+02 2.900000000000000000e+01
-7.220000000000000000e+03 7.960000000000000000e+02 1.246400000000000000e+04 -3.968000000000000000e+03 -2.990000000000000000e+02 7.400000000000000000e+01
-7.316000000000000000e+03 9.520000000000000000e+02 1.256000000000000000e+04 -3.984000000000000000e+03 -3.310000000000000000e+02 1.360000000000000000e+02
-7.316000000000000000e+03 8.160000000000000000e+02 1.260400000000000000e+04 -3.952000000000000000e+03 -3.200000000000000000e+02 2.310000000000000000e+02
-7.364000000000000000e+03 8.160000000000000000e+02 1.274000000000000000e+04 -4.016000000000000000e+03 -3.390000000000000000e+02 2.950000000000000000e+02
-7.388000000000000000e+03 7.240000000000000000e+02 1.280400000000000000e+04 -4.000000000000000000e+03 -3.540000000000000000e+02 3.960000000000000000e+02
-7.244000000000000000e+03 7.440000000000000000e+02 1.267600000000000000e+04 -4.000000000000000000e+03 -3.610000000000000000e+02 4.770000000000000000e+02
-7.344000000000000000e+03 7.000000000000000000e+02 1.286000000000000000e+04 -3.984000000000000000e+03 -3.620000000000000000e+02 5.860000000000000000e+02
-7.468000000000000000e+03 8.000000000000000000e+02 1.259200000000000000e+04 -3.984000000000000000e+03 -3.580000000000000000e+02 6.510000000000000000e+02
-7.168000000000000000e+03 8.960000000000000000e+02 1.274400000000000000e+04 -3.952000000000000000e+03 -3.690000000000000000e+02 5.970000000000000000e+02
-7.384000000000000000e+03 8.160000000000000000e+02 1.280800000000000000e+04 -3.968000000000000000e+03 -3.670000000000000000e+02 5.520000000000000000e+02
-7.248000000000000000e+03 8.320000000000000000e+02 1.291600000000000000e+04 -4.000000000000000000e+03 -3.570000000000000000e+02 5.550000000000000000e+02
-7.048000000000000000e+03 8.640000000000000000e+02 1.292800000000000000e+04 -3.968000000000000000e+03 -3.280000000000000000e+02 6.370000000000000000e+02
-7.144000000000000000e+03 8.440000000000000000e+02 1.280000000000000000e+04 -3.984000000000000000e+03 -3.480000000000000000e+02 7.370000000000000000e+02
-7.016000000000000000e+03 8.040000000000000000e+02 1.285600000000000000e+04 -3.984000000000000000e+03 -3.630000000000000000e+02 7.390000000000000000e+02
-6.960000000000000000e+03 7.920000000000000000e+02 1.289200000000000000e+04 -3.984000000000000000e+03 -3.610000000000000000e+02 7.170000000000000000e+02
-6.776000000000000000e+03 8.920000000000000000e+02 1.298400000000000000e+04 -3.952000000000000000e+03 -3.430000000000000000e+02 6.910000000000000000e+02
-6.704000000000000000e+03 7.520000000000000000e+02 1.276400000000000000e+04 -4.016000000000000000e+03 -3.420000000000000000e+02 6.680000000000000000e+02
-6.644000000000000000e+03 8.760000000000000000e+02 1.282800000000000000e+04 -3.968000000000000000e+03 -2.580000000000000000e+02 5.870000000000000000e+02
-6.804000000000000000e+03 8.280000000000000000e+02 1.273200000000000000e+04 -3.984000000000000000e+03 -3.360000000000000000e+02 5.390000000000000000e+02
-6.648000000000000000e+03 9.000000000000000000e+02 1.262000000000000000e+04 -3.968000000000000000e+03 -3.270000000000000000e+02 4.680000000000000000e+02
-6.688000000000000000e+03 9.040000000000000000e+02 1.244800000000000000e+04 -3.984000000000000000e+03 -3.090000000000000000e+02 3.590000000000000000e+02
-6.692000000000000000e+03 8.320000000000000000e+02 1.238800000000000000e+04 -4.000000000000000000e+03 -2.900000000000000000e+02 2.360000000000000000e+02
