7.840000000000000000e+02 2.016000000000000000e+03 1.456000000000000000e+04 -4.144000000000000000e+03 -2.460000000000000000e+02 1.850000000000000000e+02
7.680000000000000000e+02 1.928000000000000000e+03 1.450800000000000000e+04 -4.160000000000000000e+03 -2.290000000000000000e+02 2.160000000000000000e+02
6.280000000000000000e+02 2.076000000000000000e+03 1.439200000000000000e+04 -4.144000000000000000e+03 -2.260000000000000000e+02 2.640000000000000000e+02
7.160000000000000000e+02 1.888000000000000000e+03 1.441200000000000000e+04 -4.176000000000000000e+03 -2.190000000000000000e+02 3.560000000000000000e+02
7.920000000000000000e+02 1.948000000000000000e+03 1.456800000000000000e+04 -4.112000000000000000e+03 -2.480000000000000000e+02 3.620000000000000000e+02
7.200000000000000000e+02 2.092000000000000000e+03 1.437600000000000000e+04 -4.144000000000000000e+03 -2.590000000000000000e+02 3.730000000000000000e+02
8.640000000000000000e+02 2.012000000000000000e+03 1.448800000000000000e+04 -4.128000000000000000e+03 -2.610000000000000000e+02 4.240000000000000000e+02
8.960000000000000000e+02 1.872000000000000000e+03 1.456400000000000000e+04 -4.112000000000000000e+03 -2.500000000000000000e+02 3.880000000000000000e+02
9.920000000000000000e+02 1.900000000000000000e+03 1.445200000000000000e+04 -4.112000000000000000e+03 -2.730000000000000000e+02 3.930000000000000000e+02
8.880000000000000000e+02 1.936000000000000000e+03 1.436400000000000000e+04 -4.176000000000000000e+03 -2.850000000000000000e+02 4.250000000000000000e+02
1.232000000000000000e+03 2.076000000000000000e+03 1.444000000000000000e+04 -4.128000000000000000e+03 -2.910000000000000000e+02 3.580000000000000000e+02
1.048000000000000000e+03 1.956000000000000000e+03 1.448800000000000000e+04 -4.128000000000000000e+03 -3.210000000000000000e+02 3.210000000000000000e+02
1.080000000000000000e+03 1.936000000000000000e+03 1.446000000000000000e+04 -4.144000000000000000e+03 -2.940000000000000000e+02 2.100000000000000000e+02
1.036000000000000000e+03 1.900000000000000000e+03 1.448400000000000000e+04 -4.160000000000000000e+03 -3.070000000000000000e+02 9.500000000000000000e+01
1.032000000000000000e+03 1.992000000000000000e+03 1.438400000000000000e+04 -4.176000000000000000e+03 -2.960000000000000000e+02 4.000000000000000000e+01
1.000000000000000000e+03 1.860000000000000000e+03 1.456000000000000000e+04 -4.144000000000000000e+03 -3.000000000000000000e+02 3.300000000000000000e+01
8.200000000000000000e+02 1.980000000000000000e+03 1.434800000000000000e+04 -4.128000000000000000e+03 -3.050000000000000000e+02 2.900000000000000000e+01
6.600000000000000000e+02 1.988000000000000000e+03 1.456800000000000000e+04 -4.160000000000000000e+03 -3.030000000000000000e+02 5.700000000000000000e+01
5.840000000000000000e+02 1.948000000000000000e+03 1.442800000000000000e+04 -4.144000000000000000e+03 -2.850000000000000000e+02 9.300000000000000000e+01
6.400000000000000000e+02 1.900000000000000000e+03 1.439600000000000000e+04 -4.144000000000000000e+03 -2.800000000000000000e+02 1.480000000000000000e+02
6.920000000000000000e+02 1.868000000000000000e+03 1.456000000000000000e+04 -4.128000000000000000e+03 -2.960000000000000000e+02 1.950000000000000000e+02
6.440000000000000000e+02 1.952000000000000000e+03 1.429600000000000000e+04 -4.160000000000000000e+03 -2.730000000000000000e+02 1.910000000000000000e+02
8.880000000000000000e+02 2.016000000000000000e+03 1.446000000000000000e+04 -4.144000000000000000e+03 -2.690000000000000000e+02 2.760000000000000000e+02
9.800000000000000000e+02 2.016000000000000000e+03 1.452800000000000000e+04 -4.128000000000000000e+03 -2.640000000000000000e+02 2.930000000000000000e+02
1.224000000000000000e+03 1.904000000000000000e+03 1.443200000000000000e+04 -4.128000000000000000e+03 -2.480000000000000000e+02 3.090000000000000000e+02
1.204000000000000000e+03 2.032000000000000000e+03 1.449200000000000000e+04 -4.160000000000000000e+03 -2.590000000000000000e+02 2.660000000000000000e+02
1.048000000000000000e+03 1.948000000000000000e+03 1.442400000000000000e+04 -4.144000000000000000e+03 -2.660000000000000000e+02 2.150000000000000000e+02
1.200000000000000000e+03 1.984000000000000000e+03 1.460000000000000000e+04 -4.112000000000000000e+03 -2.830000000000000000e+02 1.580000000000000000e+02
1.116000000000000000e+03 1.952000000000000000e+03 1.442400000000000000e+04 -4.144000000000000000e+03 -2.600000000000000000e+02 7.400000000000000000e+01
1.140000000000000000e+03 2.056000000000000000e+03 1.442400000000000000e+04 -4.160000000000000000e+03 -2.860000000000000000e+02 2.100000000000000000e+01
9.920000000000000000e+02 2.012000000000000000e+03 1.446000000000000000e+04 -4.128000000000000000e+03 -2.730000000000000000e+02 -8.000000000000000000e+00
1.224000000000000000e+03 1.916000000000000000e+03 1.446400000000000000e+04 -4.160000000000000000e+03 -2.740000000000000000e+02 -7.000000000000000000e+00
9.800000000000000000e+02 1.900000000000000000e+03 1.451600000000000000e+04 -4.176000000000000000e+03 -2.850000000000000000e+02 3.300000000000000000e+01
9.520000000000000000e+02 2.000000000000000000e+03 1.438800000000000000e+04 -4.144000000000000000e+03 -2.850000000000000000e+02 6.500000000000000000e+01
8.600000000000000000e+02 1.940000000000000000e+03 1.454800000000000000e+04 -4.160000000000000000e+03 -2.830000000000000000e+02 1.590000000000000000e+02
9.240000000000000000e+02 2.104000000000000000e+03 1.448800000000000000e+04 -4.128000000000000000e+03 -2.550000000000000000e+02 2.000000000000000000e+02
8.160000000000000000e+02 1.984000000000000000e+03 1.445200000000000000e+04 -4.176000000000000000e+03 -2.840000000000000000e+02 2.460000000000000000e+02
9.160000000000000000e+02 1.908000000000000000e+03 1.442800000000000000e+04 -4.144000000000000000e+03 -2.570000000000000000e+02 2.840000000000000000e+02
7.320000000000000000e+02 1.920000000000000000e+03 1.442400000000000000e+04 -4.128000000000000000e+03 -2.500000000000000000e+02 2.860000000000000000e+02
5.280000000000000000e+02 1.964000000000000000e+03 1.453200000000000000e+04 -4.128000000000000000e+03 -2.550000000000000000e+02 3.000000000000000000e+02
6.240000000000000000e+02 1.980000000000000000e+03 1.442400000000000000e+04 -4.160000000000000000e+03 -2.540000000000000000e+02 2.960000000000000000e+02
8.040000000000000000e+02 1.940000000000000000e+03 1.435600000000000000e+04 -4.160000000000000000e+03 -2.650000000000000000e+02 2.500000000000000000e+02
8.400000000000000000e+02 1.916000000000000000e+03 1.445600000000000000e+04 -4.160000000000000000e+03 -2.680000000000000000e+02 2.270000000000000000e+02
8.280000000000000000e+02 1.812000000000000000e+03 1.459600000000000000e+04 -4.160000000000000000e+03 -2.650000000000000000e+02 1.600000000000000000e+02
8.040000000000000000e+02 1.980000000000000000e+03 1.455200000000000000e+04 -4.160000000000000000e+03 -2.920000000000000000e+02 1.540000000000000000e+02
8.120000000000000000e+02 1.924000000000000000e+03 1.453200000000000000e+04 -4.144000000000000000e+03 -2.920000000000000000e+02 1.450000000000000000e+02
1.004000000000000000e+03 1.920000000000000000e+03 1.449200000000000000e+04 -4.144000000000000000e+03 -2.910000000000000000e+02 9.700000000000000000e+01
8.840000000000000000e+02 1.916000000000000000e+03 1.454400000000000000e+04 -4.128000000000000000e+03 -2.880000000000000000e+02 9.500000000000000000e+01
7.880000000000000000e+02 1.980000000000000000e+03 1.437200000000000000e+04 -4.144000000000000000e+03 -2.990000000000000000e+02 9.600000000000000000e+01
9.480000000000000000e+02 1.976000000000000000e+03 1.453200000000000000e+04 -4.144000000000000000e+03 -2.670000000000000000e+02 9.900000000000000000e+01
1.024000000000000000e+03 1.976000000000000000e+03 1.453200000000000000e+04 -4.128000000000000000e+03 -2.640000000000000000e+02 8.700000000000000000e+01
8.760000000000000000e+02 1.952000000000000000e+03 1.469600000000000000e+04 -4.144000000000000000e+03 -2.840000000000000000e+02 1.330000000000000000e+02
9.280000000000000000e+02 1.924000000000000000e+03 1.437200000000000000e+04 -4.144000000000000000e+03 -2.840000000000000000e+02 1.240000000000000000e+02
