4.000000000000000000e+02 1.868000000000000000e+03 1.435200000000000000e+04 -3.888000000000000000e+03 -2.340000000000000000e+02 6.120000000000000000e+02
5.960000000000000000e+02 1.908000000000000000e+03 1.426400000000000000e+04 -3.872000000000000000e+03 -2.560000000000000000e+02 3.890000000000000000e+02
6.360000000000000000e+02 1.852000000000000000e+03 1.434400000000000000e+04 -3.920000000000000000e+03 -3.030000000000000000e+02 1.330000000000000000e+02
6.400000000000000000e+02 1.964000000000000000e+03 1.432800000000000000e+04 -3.888000000000000000e+03 -3.390000000000000000e+02 -1.170000000000000000e+02
6.320000000000000000e+02 1.968000000000000000e+03 1.444000000000000000e+04 -3.888000000000000000e+03 -3.610000000000000000e+02 -2.950000000000000000e+02
4.640000000000000000e+02 1.912000000000000000e+03 1.445600000000000000e+04 -3.904000000000000000e+03 -3.680000000000000000e+02 -4.250000000000000000e+02
3.600000000000000000e+02 1.828000000000000000e+03 1.449600000000000000e+04 -3.888000000000000000e+03 -3.420000000000000000e+02 -4.180000000000000000e+02
3.840000000000000000e+02 1.808000000000000000e+03 1.441200000000000000e+04 -3.920000000000000000e+03 -3.320000000000000000e+02 -3.420000000000000000e+02
3.440000000000000000e+02 1.776000000000000000e+03 1.457200000000000000e+04 -3.888000000000000000e+03 -3.160000000000000000e+02 -2.930000000000000000e+02
3.440000000000000000e+02 1.832000000000000000e+03 1.449200000000000000e+04 -3.904000000000000000e+03 -3.440000000000000000e+02 -2.470000000000000000e+02
4.400000000000000000e+02 1.812000000000000000e+03 1.432800000000000000e+04 -3.904000000000000000e+03 -3.140000000000000000e+02 -1.560000000000000000e+02
1.760000000000000000e+02 1.848000000000000000e+03 1.419200000000000000e+04 -3.888000000000000000e+03 -3.390000000000000000e+02 3.000000000000000000e+00
2.320000000000000000e+02 1.820000000000000000e+03 1.437600000000000000e+04 -3.888000000000000000e+03 -3.090000000000000000e+02 1.840000000000000000e+02
2.240000000000000000e+02 1.916000000000000000e+03 1.453600000000000000e+04 -3.872000000000000000e+03 -3.340000000000000000e+02 3.710000000000000000e+02
2.560000000000000000e+02 1.884000000000000000e+03 1.456800000000000000e+04 -3.872000000000000000e+03 -3.480000000000000000e+02 5.380000000000000000e+02
3.080000000000000000e+02 1.860000000000000000e+03 1.447200000000000000e+04 -3.936000000000000000e+03 -3.380000000000000000e+02 7.090000000000000000e+02
3.200000000000000000e+02 1.864000000000000000e+03 1.466000000000000000e+04 -3.904000000000000000e+03 -3.470000000000000000e+02 9.080000000000000000e+02
1.120000000000000000e+02 1.904000000000000000e+03 1.474000000000000000e+04 -3.904000000000000000e+03 -3.470000000000000000e+02 9.600000000000000000e+02
3.320000000000000000e+02 1.880000000000000000e+03 1.454400000000000000e+04 -3.920000000000000000e+03 -3.710000000000000000e+02 9.590000000000000000e+02
4.080000000000000000e+02 1.744000000000000000e+03 1.460000000000000000e+04 -3.888000000000000000e+03 -3.580000000000000000e+02 8.590000000000000000e+02
6.360000000000000000e+02 1.820000000000000000e+03 1.464400000000000000e+04 -3.920000000000000000e+03 -3.670000000000000000e+02 6.320000000000000000e+02
6.120000000000000000e+02 1.880000000000000000e+03 1.475600000000000000e+04 -3.872000000000000000e+03 -3.840000000000000000e+02 3.590000000000000000e+02
4.880000000000000000e+02 1.932000000000000000e+03 1.480400000000000000e+04 -3.888000000000000000e+03 -3.470000000000000000e+02 8.400000000000000000e+01
5.400000000000000000e+02 2.008000000000000000e+03 1.484400000000000000e+04 -3.872000000000000000e+03 -3.440000000000000000e+02 -1.890000000000000000e+02
5.880000000000000000e+02 2.024000000000000000e+03 1.442400000000000000e+04 -3.888000000000000000e+03 -2.960000000000000000e+02 -4.290000000000000000e+02
5.160000000000000000e+02 1.940000000000000000e+03 1.452400000000000000e+04 -3.888000000000000000e+03 -2.330000000000000000e+02 -5.890000000000000000e+02
6.080000000000000000e+02 1.828000000000000000e+03 1.430000000000000000e+04 -3.904000000000000000e+03 -1.750000000000000000e+02 -6.540000000000000000e+02
5.640000000000000000e+02 1.992000000000000000e+03 1.443200000000000000e+04 -3.888000000000000000e+03 -1.680000000000000000e+02 -5.240000000000000000e+02
4.920000000000000000e+02 1.996000000000000000e+03 1.450400000000000000e+04 -3.920000000000000000e+03 -1.620000000000000000e+02 -3.920000000000000000e+02
5.440000000000000000e+02 1.996000000000000000e+03 1.438400000000000000e+04 -3.904000000000000000e+03 -1.360000000000000000e+02 -1.590000000000000000e+02
4.640000000000000000e+02 2.036000000000000000e+03 1.428400000000000000e+04 -3.904000000000000000e+03 -1.230000000000000000e+02 -8.700000000000000000e+01
2.480000000000000000e+02 2.016000000000000000e+03 1.432400000000000000e+04 -3.888000000000000000e+03 -1.480000000000000000e+02 -7.600000000000000000e+01
4.400000000000000000e+02 2.096000000000000000e+03 1.425600000000000000e+04 -3.888000000000000000e+03 -1.650000000000000000e+02 -1.000000000000000000e+00
2.840000000000000000e+02 2.036000000000000000e+03 1.445600000000000000e+04 -3.888000000000000000e+03 -1.920000000000000000e+02 1.110000000000000000e+02
2.400000000000000000e+01 1.976000000000000000e+03 1.428400000000000000e+04 -3.872000000000000000e+03 -2.560000000000000000e+02 3.200000000000000000e+02
1.320000000000000000e+02 1.972000000000000000e+03 1.432800000000000000e+04 -3.888000000000000000e+03 -3.250000000000000000e+02 4.300000000000000000e+02
2.200000000000000000e+02 1.940000000000000000e+03 1.428800000000000000e+04 -3.888000000000000000e+03 -3.290000000000000000e+02 4.610000000000000000e+02
2.880000000000000000e+02 1.792000000000000000e+03 1.448800000000000000e+04 -3.904000000000000000e+03 -3.650000000000000000e+02 5.170000000000000000e+02
3.000000000000000000e+02 1.992000000000000000e+03 1.465200000000000000e+04 -3.888000000000000000e+03 -3.940000000000000000e+02 5.840000000000000000e+02
3.080000000000000000e+02 1.836000000000000000e+03 1.427200000000000000e+04 -3.888000000000000000e+03 -4.270000000000000000e+02 6.280000000000000000e+02
4.680000000000000000e+02 1.900000000000000000e+03 1.443200000000000000e+04 -3.888000000000000000e+03 -4.210000000000000000e+02 5.200000000000000000e+02
4.520000000000000000e+02 1.908000000000000000e+03 1.466800000000000000e+04 -3.904000000000000000e+03 -3.940000000000000000e+02 3.460000000000000000e+02
5.960000000000000000e+02 1.836000000000000000e+03 1.471600000000000000e+04 -3.920000000000000000e+03 -3.690000000000000000e+02 1.660000000000000000e+02
5.200000000000000000e+02 1.916000000000000000e+03 1.461200000000000000e+04 -3.904000000000000000e+03 -3.400000000000000000e+02 5.600000000000000000e+01
6.280000000000000000e+02 1.796000000000000000e+03 1.458400000000000000e+04 -3.904000000000000000e+03 -3.390000000000000000e+02 -5.000000000000000000e+01
5.760000000000000000e+02 1.768000000000000000e+03 1.462400000000000000e+04 -3.904000000000000000e+03 -2.950000000000000000e+02 -1.960000000000000000e+02
5.400000000000000000e+02 1.732000000000000000e+03 1.443600000000000000e+04 -3.888000000000000000e+03 -2.810000000000000000e+02 -3.270000000000000000e+02
5.360000000000000000e+02 1.808000000000000000e+03 1.450000000000000000e+04 -3.904000000000000000e+03 -2.510000000000000000e+02 -4.240000000000000000e+02
5.360000000000000000e+02 1.824000000000000000e+03 1.463600000000000000e+04 -3.904000000000000000e+03 -2.270000000000000000e+02 -4.700000000000000000e+02
4.960000000000000000e+02 1.812000000000000000e+03 1.455600000000000000e+04 -3.888000000000000000e+03 -2.260000000000000000e+02 -4.510000000000000000e+02
