2.000000000000000000e+00 2.664000000000000000e+03 1.412800000000000000e+04 -4.048000000000000000e+03 -4.440000000000000000e+02 -4.490000000000000000e+02
2.692000000000000000e+03 2.824000000000000000e+03 1.332000000000000000e+04 -4.064000000000000000e+03 -3.920000000000000000e+02 -6.500000000000000000e+02
2.880000000000000000e+03 2.864000000000000000e+03 1.376000000000000000e+04 -4.048000000000000000e+03 -3.340000000000000000e+02 -7.650000000000000000e+02
3.344000000000000000e+03 3.024000000000000000e+03 1.358400000000000000e+04 -4.064000000000000000e+03 -2.230000000000000000e+02 -7.450000000000000000e+02
2.836000000000000000e+03 2.824000000000000000e+03 1.414000000000000000e+04 -4.016000000000000000e+03 -1.600000000000000000e+02 -7.250000000000000000e+02
3.548000000000000000e+03 3.260000000000000000e+03 1.391200000000000000e+04 -4.048000000000000000e+03 -9.600000000000000000e+01 -5.890000000000000000e+02
3.156000000000000000e+03 2.744000000000000000e+03 1.420400000000000000e+04 -4.032000000000000000e+03 -6.600000000000000000e+01 -3.060000000000000000e+02
3.952000000000000000e+03 2.888000000000000000e+03 1.466800000000000000e+04 -4.048000000000000000e+03 -3.900000000000000000e+01 -3.800000000000000000e+01
3.716000000000000000e+03 2.284000000000000000e+03 1.434800000000000000e+04 -4.064000000000000000e+03 7.300000000000000000e+01 2.120000000000000000e+02
3.600000000000000000e+03 2.536000000000000000e+03 1.506400000000000000e+04 -4.016000000000000000e+03 1.490000000000000000e+02 5.260000000000000000e+02
2.864000000000000000e+03 2.112000000000000000e+03 1.480400000000000000e+04 -4.080000000000000000e+03 1.900000000000000000e+02 8.980000000000000000e+02
3.276000000000000000e+03 2.152000000000000000e+03 1.412400000000000000e+04 -4.064000000000000000e+03 2.470000000000000000e+02 1.180000000000000000e+03
3.492000000000000000e+03 2.372000000000000000e+03 1.383200000000000000e+04 -4.048000000000000000e+03 2.510000000000000000e+02 1.226000000000000000e+03
3.568000000000000000e+03 2.116000000000000000e+03 1.286800000000000000e+04 -4.048000000000000000e+03 2.170000000000000000e+02 1.098000000000000000e+03
4.056000000000000000e+03 2.608000000000000000e+03 1.375600000000000000e+04 -4.016000000000000000e+03 1.880000000000000000e+02 8.430000000000000000e+02
3.976000000000000000e+03 2.776000000000000000e+03 1.345600000000000000e+04 -4.048000000000000000e+03 1.140000000000000000e+02 6.100000000000000000e+02
3.776000000000000000e+03 2.820000000000000000e+03 1.414000000000000000e+04 -4.032000000000000000e+03 3.200000000000000000e+01 3.550000000000000000e+02
4.392000000000000000e+03 2.992000000000000000e+03 1.392400000000000000e+04 -4.080000000000000000e+03 -2.000000000000000000e+01 1.380000000000000000e+02
4.392000000000000000e+03 2.752000000000000000e+03 1.397600000000000000e+04 -4.064000000000000000e+03 -1.200000000000000000e+01 -1.190000000000000000e+02
4.788000000000000000e+03 2.940000000000000000e+03 1.354400000000000000e+04 -4.016000000000000000e+03 -3.100000000000000000e+01 -3.680000000000000000e+02
4.876000000000000000e+03 2.696000000000000000e+03 1.299200000000000000e+04 -4.064000000000000000e+03 -3.300000000000000000e+01 -5.090000000000000000e+02
4.724000000000000000e+03 2.576000000000000000e+03 1.308000000000000000e+04 -4.048000000000000000e+03 -4.200000000000000000e+01 -5.670000000000000000e+02
4.280000000000000000e+03 2.116000000000000000e+03 1.337600000000000000e+04 -4.048000000000000000e+03 -8.200000000000000000e+01 -5.550000000000000000e+02
5.152000000000000000e+03 1.856000000000000000e+03 1.386800000000000000e+04 -4.064000000000000000e+03 -6.900000000000000000e+01 -5.960000000000000000e+02
5.484000000000000000e+03 1.948000000000000000e+03 1.436000000000000000e+04 -4.048000000000000000e+03 -5.700000000000000000e+01 -5.750000000000000000e+02
5.668000000000000000e+03 1.928000000000000000e+03 1.464800000000000000e+04 -4.048000000000000000e+03 -6.700000000000000000e+01 -4.130000000000000000e+02
5.456000000000000000e+03 2.072000000000000000e+03 1.406800000000000000e+04 -4.032000000000000000e+03 -9.700000000000000000e+01 -2.240000000000000000e+02
4.748000000000000000e+03 2.224000000000000000e+03 1.351600000000000000e+04 -4.032000000000000000e+03 -1.220000000000000000e+02 1.250000000000000000e+02
4.192000000000000000e+03 2.400000000000000000e+03 1.346800000000000000e+04 -4.064000000000000000e+03 -1.580000000000000000e+02 3.300000000000000000e+02
4.660000000000000000e+03 2.820000000000000000e+03 1.338000000000000000e+04 -4.032000000000000000e+03 -1.840000000000000000e+02 4.200000000000000000e+02
4.888000000000000000e+03 3.028000000000000000e+03 1.351600000000000000e+04 -4.080000000000000000e+03 -1.890000000000000000e+02 2.490000000000000000e+02
4.704000000000000000e+03 2.696000000000000000e+03 1.391200000000000000e+04 -4.032000000000000000e+03 -2.350000000000000000e+02 1.910000000000000000e+02
4.392000000000000000e+03 2.444000000000000000e+03 1.407600000000000000e+04 -4.080000000000000000e+03 -2.820000000000000000e+02 3.250000000000000000e+02
4.472000000000000000e+03 2.324000000000000000e+03 1.421200000000000000e+04 -4.048000000000000000e+03 -2.900000000000000000e+02 3.980000000000000000e+02
4.060000000000000000e+03 2.208000000000000000e+03 1.436000000000000000e+04 -4.048000000000000000e+03 -3.100000000000000000e+02 5.650000000000000000e+02
4.580000000000000000e+03 2.388000000000000000e+03 1.376400000000000000e+04 -4.064000000000000000e+03 -3.400000000000000000e+02 6.200000000000000000e+02
4.772000000000000000e+03 2.520000000000000000e+03 1.313600000000000000e+04 -4.048000000000000000e+03 -3.000000000000000000e+02 5.550000000000000000e+02
4.808000000000000000e+03 2.492000000000000000e+03 1.286800000000000000e+04 -4.016000000000000000e+03 -3.000000000000000000e+02 3.560000000000000000e+02
4.256000000000000000e+03 2.532000000000000000e+03 1.362800000000000000e+04 -4.032000000000000000e+03 -3.340000000000000000e+02 1.310000000000000000e+02
4.276000000000000000e+03 2.560000000000000000e+03 1.395600000000000000e+04 -4.080000000000000000e+03 -3.620000000000000000e+02 -1.750000000000000000e+02
5.060000000000000000e+03 2.660000000000000000e+03 1.432800000000000000e+04 -4.080000000000000000e+03 -3.180000000000000000e+02 -3.430000000000000000e+02
5.544000000000000000e+03 2.688000000000000000e+03 1.428000000000000000e+04 -4.016000000000000000e+03 -3.380000000000000000e+02 -5.100000000000000000e+02
5.844000000000000000e+03 2.836000000000000000e+03 1.412000000000000000e+04 -4.080000000000000000e+03 -2.950000000000000000e+02 -5.820000000000000000e+02
5.668000000000000000e+03 3.040000000000000000e+03 1.409600000000000000e+04 -4.048000000000000000e+03 -2.630000000000000000e+02 -6.430000000000000000e+02
4.668000000000000000e+03 3.096000000000000000e+03 1.416400000000000000e+04 -4.048000000000000000e+03 -2.530000000000000000e+02 -5.710000000000000000e+02
4.328000000000000000e+03 3.112000000000000000e+03 1.432800000000000000e+04 -4.064000000000000000e+03 -2.620000000000000000e+02 -4.310000000000000000e+02
4.668000000000000000e+03 3.160000000000000000e+03 1.396800000000000000e+04 -4.032000000000000000e+03 -2.200000000000000000e+02 -2.740000000000000000e+02
4.832000000000000000e+03 3.152000000000000000e+03 1.406400000000000000e+04 -4.048000000000000000e+03 -1.310000000000000000e+02 -1.020000000000000000e+02
4.436000000000000000e+03 2.872000000000000000e+03 1.394400000000000000e+04 -4.032000000000000000e+03 -9.600000000000000000e+01 8.400000000000000000e+01
4.208000000000000000e+03 2.800000000000000000e+03 1.393600000000000000e+04 -4.080000000000000000e+03 -1.350000000000000000e+02 3.500000000000000000e+02
