-3.532000000000000000e+03 1.420000000000000000e+03 1.395600000000000000e+04 -3.888000000000000000e+03 -2.260000000000000000e+02 3.500000000000000000e+01
-3.628000000000000000e+03 1.436000000000000000e+03 1.380000000000000000e+04 -3.920000000000000000e+03 -2.230000000000000000e+02 1.880000000000000000e+02
-3.704000000000000000e+03 1.380000000000000000e+03 1.395200000000000000e+04 -3.888000000000000000e+03 -2.310000000000000000e+02 3.130000000000000000e+02
-3.692000000000000000e+03 1.448000000000000000e+03 1.374400000000000000e+04 -3.920000000000000000e+03 -2.600000000000000000e+02 4.510000000000000000e+02
-3.796000000000000000e+03 1.416000000000000000e+03 1.386400000000000000e+04 -3.936000000000000000e+03 -2.890000000000000000e+02 5.830000000000000000e+02
-3.744000000000000000e+03 1.472000000000000000e+03 1.385600000000000000e+04 -3.888000000000000000e+03 -3.320000000000000000e+02 7.310000000000000000e+02
-3.912000000000000000e+03 1.468000000000000000e+03 1.396400000000000000e+04 -3.888000000000000000e+03 -3.440000000000000000e+02 8.610000000000000000e+02
-3.652000000000000000e+03 1.580000000000000000e+03 1.391200000000000000e+04 -3.920000000000000000e+03 -3.510000000000000000e+02 9.600000000000000000e+02
-3.680000000000000000e+03 1.468000000000000000e+03 1.390000000000000000e+04 -3.904000000000000000e+03 -3.860000000000000000e+02 9.550000000000000000e+02
-3.732000000000000000e+03 1.424000000000000000e+03 1.384000000000000000e+04 -3.952000000000000000e+03 -3.850000000000000000e+02 9.480000000000000000e+02
-3.756000000000000000e+03 1.468000000000000000e+03 1.380800000000000000e+04 -3.888000000000000000e+03 -4.100000000000000000e+02 8.850000000000000000e+02
-3.764000000000000000e+03 1.400000000000000000e+03 1.389200000000000000e+04 -3.872000000000000000e+03 -4.310000000000000000e+02 7.870000000000000000e+02
-3.768000000000000000e+03 1.556000000000000000e+03 1.390000000000000000e+04 -3.888000000000000000e+03 -4.260000000000000000e+02 6.740000000000000000e+02
-3.824000000000000000e+03 1.524000000000000000e+03 1.389600000000000000e+04 -3.888000000000000000e+03 -4.170000000000000000e+02 5.100000000000000000e+02
-3.784000000000000000e+03 1.600000000000000000e+03 1.393600000000000000e+04 -3.888000000000000000e+03 -4.360000000000000000e+02 3.120000000000000000e+02
-3.848000000000000000e+03 1.596000000000000000e+03 1.389200000000000000e+04 -3.920000000000000000e+03 -4.450000000000000000e+02 7.900000000000000000e+01
-3.720000000000000000e+03 1.584000000000000000e+03 1.401600000000000000e+04 -3.920000000000000000e+03 -4.260000000000000000e+02 -1.490000000000000000e+02
-3.680000000000000000e+03 1.436000000000000000e+03 1.416000000000000000e+04 -3.888000000000000000e+03 -4.070000000000000000e+02 -3.440000000000000000e+02
-3.688000000000000000e+03 1.412000000000000000e+03 1.396400000000000000e+04 -3.888000000000000000e+03 -3.870000000000000000e+02 -5.210000000000000000e+02
-3.732000000000000000e+03 1.384000000000000000e+03 1.404000000000000000e+04 -3.920000000000000000e+03 -3.600000000000000000e+02 -6.260000000000000000e+02
-3.708000000000000000e+03 1.488000000000000000e+03 1.394800000000000000e+04 -3.920000000000000000e+03 -3.140000000000000000e+02 -6.300000000000000000e+02
-3.756000000000000000e+03 1.496000000000000000e+03 1.401600000000000000e+04 -3.888000000000000000e+03 -2.670000000000000000e+02 -5.720000000000000000e+02
-3.740000000000000000e+03 1.552000000000000000e+03 1.394400000000000000e+04 -3.888000000000000000e+03 -2.470000000000000000e+02 -4.590000000000000000e+02
-3.656000000000000000e+03 1.556000000000000000e+03 1.393600000000000000e+04 -3.888000000000000000e+03 -2.220000000000000000e+02 -3.160000000000000000e+02
-3.776000000000000000e+03 1.480000000000000000e+03 1.384800000000000000e+04 -3.888000000000000000e+03 -1.840000000000000000e+02 -1.510000000000000000e+02
-3.772000000000000000e+03 1.636000000000000000e+03 1.387200000000000000e+04 -3.920000000000000000e+03 -2.060000000000000000e+02 -6.300000000000000000e+01
-3.568000000000000000e+03 1.672000000000000000e+03 1.389200000000000000e+04 -3.888000000000000000e+03 -2.380000000000000000e+02 6.900000000000000000e+01
-3.636000000000000000e+03 1.628000000000000000e+03 1.401600000000000000e+04 -3.904000000000000000e+03 -2.330000000000000000e+02 2.070000000000000000e+02
-3.520000000000000000e+03 1.680000000000000000e+03 1.390000000000000000e+04 -3.888000000000000000e+03 -2.420000000000000000e+02 3.010000000000000000e+02
-3.412000000000000000e+03 1.528000000000000000e+03 1.388000000000000000e+04 -3.888000000000000000e+03 -2.920000000000000000e+02 3.480000000000000000e+02
-3.476000000000000000e+03 1.560000000000000000e+03 1.387600000000000000e+04 -3.904000000000000000e+03 -2.940000000000000000e+02 3.620000000000000000e+02
-3.452000000000000000e+03 1.536000000000000000e+03 1.400000000000000000e+04 -3.888000000000000000e+03 -3.080000000000000000e+02 3.570000000000000000e+02
-3.516000000000000000e+03 1.428000000000000000e+03 1.380800000000000000e+04 -3.888000000000000000e+03 -3.130000000000000000e+02 3.500000000000000000e+02
-3.508000000000000000e+03 1.444000000000000000e+03 1.382400000000000000e+04 -3.904000000000000000e+03 -3.530000000000000000e+02 3.110000000000000000e+02
-3.644000000000000000e+03 1.472000000000000000e+03 1.390800000000000000e+04 -3.872000000000000000e+03 -3.270000000000000000e+02 2.730000000000000000e+02
-3.560000000000000000e+03 1.452000000000000000e+03 1.392000000000000000e+04 -3.888000000000000000e+03 -3.110000000000000000e+02 2.530000000000000000e+02
-3.584000000000000000e+03 1.484000000000000000e+03 1.387600000000000000e+04 -3.888000000000000000e+03 -3.120000000000000000e+02 1.750000000000000000e+02
-3.712000000000000000e+03 1.456000000000000000e+03 1.390400000000000000e+04 -3.904000000000000000e+03 -3.060000000000000000e+02 1.380000000000000000e+02
-3.800000000000000000e+03 1.428000000000000000e+03 1.407200000000000000e+04 -3.920000000000000000e+03 -2.720000000000000000e+02 1.010000000000000000e+02
-3.888000000000000000e+03 1.444000000000000000e+03 1.389200000000000000e+04 -3.888000000000000000e+03 -3.000000000000000000e+02 8.300000000000000000e+01
-4.044000000000000000e+03 1.504000000000000000e+03 1.382800000000000000e+04 -3.888000000000000000e+03 -2.300000000000000000e+02 1.150000000000000000e+02
-4.012000000000000000e+03 1.404000000000000000e+03 1.399600000000000000e+04 -3.920000000000000000e+03 -2.460000000000000000e+02 6.000000000000000000e+01
-3.944000000000000000e+03 1.432000000000000000e+03 1.414000000000000000e+04 -3.904000000000000000e+03 -2.420000000000000000e+02 8.800000000000000000e+01
-4.156000000000000000e+03 1.332000000000000000e+03 1.402400000000000000e+04 -3.936000000000000000e+03 -2.430000000000000000e+02 9.900000000000000000e+01
-4.164000000000000000e+03 1.360000000000000000e+03 1.395200000000000000e+04 -3.904000000000000000e+03 -2.400000000000000000e+02 1.610000000000000000e+02
-4.252000000000000000e+03 1.412000000000000000e+03 1.394000000000000000e+04 -3.872000000000000000e+03 -2.420000000000000000e+02 2.210000000000000000e+02
-4.160000000000000000e+03 1.344000000000000000e+03 1.404000000000000000e+04 -3.904000000000000000e+03 -2.630000000000000000e+02 3.050000000000000000e+02
-4.136000000000000000e+03 1.412000000000000000e+03 1.398800000000000000e+04 -3.872000000000000000e+03 -2.610000000000000000e+02 4.010000000000000000e+02
-4.084000000000000000e+03 1.376000000000000000e+03 1.400400000000000000e+04 -3.904000000000000000e+03 -2.800000000000000000e+02 3.980000000000000000e+02
-3.840000000000000000e+03 1.304000000000000000e+03 1.394400000000000000e+04 -3.904000000000000000e+03 -2.630000000000000000e+02 4.260000000000000000e+02
-3.888000000000000000e+03 1.420000000000000000e+03 1.394000000000000000e+04 -3.872000000000000000e+03 -3.150000000000000000e+02 3.940000000000000000e+02
-3.716000000000000000e+03 1.444000000000000000e+03 1.395600000000000000e+04 -3.888000000000000000e+03 -3.760000000000000000e+02 4.330000000000000000e+02
-3.648000000000000000e+03 1.308000000000000000e+03 1.379600000000000000e+04 -3.888000000000000000e+03 -3.270000000000000000e+02 5.310000000000000000e+02
