2.524000000000000000e+03 2.180000000000000000e+03 1.433200000000000000e+04 -4.048000000000000000e+03 -2.560000000000000000e+02 -4.700000000000000000e+01
2.712000000000000000e+03 2.168000000000000000e+03 1.425600000000000000e+04 -4.032000000000000000e+03 -2.700000000000000000e+02 -2.100000000000000000e+01
2.532000000000000000e+03 2.092000000000000000e+03 1.412400000000000000e+04 -4.016000000000000000e+03 -2.500000000000000000e+02 8.000000000000000000e+00
2.676000000000000000e+03 2.184000000000000000e+03 1.432000000000000000e+04 -4.000000000000000000e+03 -2.630000000000000000e+02 2.400000000000000000e+01
2.716000000000000000e+03 2.168000000000000000e+03 1.430800000000000000e+04 -4.032000000000000000e+03 -2.350000000000000000e+02 5.000000000000000000e+01
2.664000000000000000e+03 2.168000000000000000e+03 1.436800000000000000e+04 -4.016000000000000000e+03 -2.340000000000000000e+02 8.300000000000000000e+01
2.712000000000000000e+03 2.268000000000000000e+03 1.412000000000000000e+04 -4.032000000000000000e+03 -2.420000000000000000e+02 9.300000000000000000e+01
2.840000000000000000e+03 2.268000000000000000e+03 1.428000000000000000e+04 -4.048000000000000000e+03 -2.490000000000000000e+02 1.060000000000000000e+02
2.900000000000000000e+03 2.204000000000000000e+03 1.426000000000000000e+04 -4.048000000000000000e+03 -2.500000000000000000e+02 1.540000000000000000e+02
2.980000000000000000e+03 2.284000000000000000e+03 1.431600000000000000e+04 -4.032000000000000000e+03 -2.610000000000000000e+02 1.620000000000000000e+02
2.968000000000000000e+03 2.184000000000000000e+03 1.418000000000000000e+04 -4.048000000000000000e+03 -2.390000000000000000e+02 1.840000000000000000e+02
2.920000000000000000e+03 2.224000000000000000e+03 1.425600000000000000e+04 -4.048000000000000000e+03 -2.600000000000000000e+02 1.990000000000000000e+02
2.772000000000000000e+03 2.132000000000000000e+03 1.428400000000000000e+04 -4.016000000000000000e+03 -2.590000000000000000e+02 2.280000000000000000e+02
2.936000000000000000e+03 2.188000000000000000e+03 1.436400000000000000e+04 -4.032000000000000000e+03 -2.800000000000000000e+02 2.190000000000000000e+02
2.960000000000000000e+03 2.152000000000000000e+03 1.431600000000000000e+04 -4.032000000000000000e+03 -2.690000000000000000e+02 1.990000000000000000e+02
2.840000000000000000e+03 2.216000000000000000e+03 1.424800000000000000e+04 -4.048000000000000000e+03 -2.760000000000000000e+02 2.240000000000000000e+02
2.864000000000000000e+03 2.104000000000000000e+03 1.426000000000000000e+04 -4.032000000000000000e+03 -2.710000000000000000e+02 2.450000000000000000e+02
2.772000000000000000e+03 2.156000000000000000e+03 1.442000000000000000e+04 -4.016000000000000000e+03 -2.630000000000000000e+02 2.140000000000000000e+02
2.840000000000000000e+03 2.176000000000000000e+03 1.428400000000000000e+04 -4.064000000000000000e+03 -2.840000000000000000e+02 2.420000000000000000e+02
2.896000000000000000e+03 2.248000000000000000e+03 1.428000000000000000e+04 -4.032000000000000000e+03 -2.710000000000000000e+02 2.250000000000000000e+02
2.804000000000000000e+03 2.160000000000000000e+03 1.432400000000000000e+04 -4.048000000000000000e+03 -2.830000000000000000e+02 2.080000000000000000e+02
2.816000000000000000e+03 2.144000000000000000e+03 1.434000000000000000e+04 -4.048000000000000000e+03 -2.780000000000000000e+02 2.080000000000000000e+02
2.880000000000000000e+03 2.192000000000000000e+03 1.413200000000000000e+04 -4.064000000000000000e+03 -2.920000000000000000e+02 1.990000000000000000e+02
2.868000000000000000e+03 2.156000000000000000e+03 1.437600000000000000e+04 -4.064000000000000000e+03 -2.800000000000000000e+02 1.800000000000000000e+02
2.732000000000000000e+03 2.140000000000000000e+03 1.434800000000000000e+04 -4.016000000000000000e+03 -2.750000000000000000e+02 1.890000000000000000e+02
2.816000000000000000e+03 2.132000000000000000e+03 1.427200000000000000e+04 -4.032000000000000000e+03 -2.790000000000000000e+02 1.700000000000000000e+02
2.700000000000000000e+03 2.196000000000000000e+03 1.424000000000000000e+04 -4.016000000000000000e+03 -2.750000000000000000e+02 1.460000000000000000e+02
2.760000000000000000e+03 2.180000000000000000e+03 1.428800000000000000e+04 -4.016000000000000000e+03 -2.760000000000000000e+02 1.720000000000000000e+02
2.796000000000000000e+03 2.132000000000000000e+03 1.430800000000000000e+04 -4.064000000000000000e+03 -2.820000000000000000e+02 1.280000000000000000e+02
2.856000000000000000e+03 2.176000000000000000e+03 1.428000000000000000e+04 -4.048000000000000000e+03 -2.870000000000000000e+02 1.480000000000000000e+02
2.768000000000000000e+03 2.260000000000000000e+03 1.423200000000000000e+04 -4.016000000000000000e+03 -2.750000000000000000e+02 1.450000000000000000e+02
2.860000000000000000e+03 2.132000000000000000e+03 1.412800000000000000e+04 -4.032000000000000000e+03 -2.880000000000000000e+02 1.150000000000000000e+02
2.932000000000000000e+03 2.204000000000000000e+03 1.421600000000000000e+04 -4.048000000000000000e+03 -2.570000000000000000e+02 1.450000000000000000e+02
2.812000000000000000e+03 2.212000000000000000e+03 1.424000000000000000e+04 -4.048000000000000000e+03 -2.880000000000000000e+02 1.340000000000000000e+02
2.880000000000000000e+03 2.124000000000000000e+03 1.430400000000000000e+04 -4.032000000000000000e+03 -2.710000000000000000e+02 1.410000000000000000e+02
3.112000000000000000e+03 2.188000000000000000e+03 1.420800000000000000e+04 -4.048000000000000000e+03 -2.770000000000000000e+02 1.490000000000000000e+02
2.928000000000000000e+03 2.100000000000000000e+03 1.431200000000000000e+04 -4.048000000000000000e+03 -2.650000000000000000e+02 1.340000000000000000e+02
2.900000000000000000e+03 2.156000000000000000e+03 1.417200000000000000e+04 -4.032000000000000000e+03 -2.760000000000000000e+02 1.220000000000000000e+02
3.036000000000000000e+03 2.276000000000000000e+03 1.422400000000000000e+04 -4.016000000000000000e+03 -2.650000000000000000e+02 1.800000000000000000e+02
2.996000000000000000e+03 2.196000000000000000e+03 1.431200000000000000e+04 -4.016000000000000000e+03 -2.680000000000000000e+02 1.590000000000000000e+02
2.968000000000000000e+03 2.256000000000000000e+03 1.436000000000000000e+04 -4.032000000000000000e+03 -2.600000000000000000e+02 1.650000000000000000e+02
3.024000000000000000e+03 2.216000000000000000e+03 1.421200000000000000e+04 -4.016000000000000000e+03 -2.640000000000000000e+02 1.610000000000000000e+02
3.044000000000000000e+03 2.184000000000000000e+03 1.424400000000000000e+04 -4.048000000000000000e+03 -2.740000000000000000e+02 1.810000000000000000e+02
2.892000000000000000e+03 2.268000000000000000e+03 1.431200000000000000e+04 -4.032000000000000000e+03 -2.750000000000000000e+02 1.790000000000000000e+02
2.956000000000000000e+03 2.188000000000000000e+03 1.430400000000000000e+04 -4.048000000000000000e+03 -2.910000000000000000e+02 1.930000000000000000e+02
2.928000000000000000e+03 2.272000000000000000e+03 1.433200000000000000e+04 -4.016000000000000000e+03 -2.690000000000000000e+02 1.780000000000000000e+02
2.976000000000000000e+03 2.212000000000000000e+03 1.414000000000000000e+04 -4.032000000000000000e+03 -2.970000000000000000e+02 1.930000000000000000e+02
2.944000000000000000e+03 2.260000000000000000e+03 1.430800000000000000e+04 -4.048000000000000000e+03 -2.580000000000000000e+02 1.890000000000000000e+02
2.948000000000000000e+03 2.288000000000000000e+03 1.421200000000000000e+04 -4.080000000000000000e+03 -2.780000000000000000e+02 1.600000000000000000e+02
