-8.528000000000000000e+03 7.000000000000000000e+02 1.236400000000000000e+04 -3.984000000000000000e+03 1.100000000000000000e+01 5.500000000000000000e+01
-8.472000000000000000e+03 8.120000000000000000e+02 1.246400000000000000e+04 -4.032000000000000000e+03 -2.600000000000000000e+01 1.180000000000000000e+02
-8.112000000000000000e+03 8.840000000000000000e+02 1.247600000000000000e+04 -3.968000000000000000e+03 -5.200000000000000000e+01 2.520000000000000000e+02
-7.980000000000000000e+03 8.840000000000000000e+02 1.267200000000000000e+04 -3.968000000000000000e+03 -8.100000000000000000e+01 3.630000000000000000e+02
-7.836000000000000000e+03 9.280000000000000000e+02 1.267600000000000000e+04 -3.984000000000000000e+03 -1.200000000000000000e+02 4.600000000000000000e+02
-7.728000000000000000e+03 9.160000000000000000e+02 1.270400000000000000e+04 -4.000000000000000000e+03 -1.680000000000000000e+02 5.820000000000000000e+02
-7.656000000000000000e+03 9.000000000000000000e+02 1.256400000000000000e+04 -3.984000000000000000e+03 -2.080000000000000000e+02 6.890000000000000000e+02
-7.604000000000000000e+03 1.012000000000000000e+03 1.277200000000000000e+04 -3.952000000000000000e+03 -2.720000000000000000e+02 7.770000000000000000e+02
-7.452000000000000000e+03 1.072000000000000000e+03 1.282400000000000000e+04 -3.952000000000000000e+03 -3.110000000000000000e+02 7.410000000000000000e+02
-7.252000000000000000e+03 1.088000000000000000e+03 1.277600000000000000e+04 -3.968000000000000000e+03 -3.960000000000000000e+02 6.010000000000000000e+02
-7.216000000000000000e+03 1.112000000000000000e+03 1.290400000000000000e+04 -3.984000000000000000e+03 -4.480000000000000000e+02 4.570000000000000000e+02
-6.960000000000000000e+03 1.088000000000000000e+03 1.296800000000000000e+04 -3.984000000000000000e+03 -4.740000000000000000e+02 3.660000000000000000e+02
-7.144000000000000000e+03 1.080000000000000000e+03 1.306800000000000000e+04 -3.984000000000000000e+03 -5.110000000000000000e+02 2.340000000000000000e+02
-6.896000000000000000e+03 1.188000000000000000e+03 1.316800000000000000e+04 -4.016000000000000000e+03 -5.000000000000000000e+02 1.640000000000000000e+02
-6.984000000000000000e+03 1.268000000000000000e+03 1.303600000000000000e+04 -3.952000000000000000e+03 -5.230000000000000000e+02 9.300000000000000000e+01
-7.004000000000000000e+03 1.296000000000000000e+03 1.289600000000000000e+04 -3.968000000000000000e+03 -5.110000000000000000e+02 -3.700000000000000000e+01
-6.728000000000000000e+03 1.348000000000000000e+03 1.286400000000000000e+04 -4.000000000000000000e+03 -4.770000000000000000e+02 -1.770000000000000000e+02
-6.876000000000000000e+03 1.276000000000000000e+03 1.280800000000000000e+04 -3.936000000000000000e+03 -5.060000000000000000e+02 -3.190000000000000000e+02
-6.800000000000000000e+03 1.128000000000000000e+03 1.283600000000000000e+04 -3.984000000000000000e+03 -4.870000000000000000e+02 -4.720000000000000000e+02
-6.788000000000000000e+03 1.096000000000000000e+03 1.254000000000000000e+04 -3.952000000000000000e+03 -5.040000000000000000e+02 -5.530000000000000000e+02
-6.832000000000000000e+03 1.004000000000000000e+03 1.242800000000000000e+04 -4.016000000000000000e+03 -5.020000000000000000e+02 -5.680000000000000000e+02
-6.740000000000000000e+03 1.164000000000000000e+03 1.220400000000000000e+04 -4.000000000000000000e+03 -4.860000000000000000e+02 -6.130000000000000000e+02
-6.632000000000000000e+03 1.144000000000000000e+03 1.273200000000000000e+04 -3.936000000000000000e+03 -4.420000000000000000e+02 -6.690000000000000000e+02
-6.576000000000000000e+03 1.244000000000000000e+03 1.294000000000000000e+04 -3.968000000000000000e+03 -4.320000000000000000e+02 -7.390000000000000000e+02
-6.728000000000000000e+03 1.136000000000000000e+03 1.277600000000000000e+04 -3.968000000000000000e+03 -3.840000000000000000e+02 -7.590000000000000000e+02
-6.520000000000000000e+03 1.116000000000000000e+03 1.298000000000000000e+04 -3.968000000000000000e+03 -3.500000000000000000e+02 -6.940000000000000000e+02
-6.544000000000000000e+03 9.680000000000000000e+02 1.288800000000000000e+04 -3.984000000000000000e+03 -3.510000000000000000e+02 -5.670000000000000000e+02
-6.540000000000000000e+03 1.044000000000000000e+03 1.240800000000000000e+04 -3.968000000000000000e+03 -3.260000000000000000e+02 -3.670000000000000000e+02
-6.768000000000000000e+03 1.108000000000000000e+03 1.260800000000000000e+04 -3.952000000000000000e+03 -2.990000000000000000e+02 -1.760000000000000000e+02
-6.968000000000000000e+03 1.148000000000000000e+03 1.253200000000000000e+04 -3.984000000000000000e+03 -2.810000000000000000e+02 2.600000000000000000e+01
-6.796000000000000000e+03 1.152000000000000000e+03 1.261600000000000000e+04 -3.968000000000000000e+03 -2.680000000000000000e+02 2.330000000000000000e+02
-6.940000000000000000e+03 9.360000000000000000e+02 1.268000000000000000e+04 -4.000000000000000000e+03 -2.620000000000000000e+02 4.520000000000000000e+02
-7.128000000000000000e+03 7.760000000000000000e+02 1.272400000000000000e+04 -3.968000000000000000e+03 -2.300000000000000000e+02 7.100000000000000000e+02
-7.100000000000000000e+03 8.360000000000000000e+02 1.291600000000000000e+04 -3.984000000000000000e+03 -2.260000000000000000e+02 9.440000000000000000e+02
-7.248000000000000000e+03 9.160000000000000000e+02 1.261600000000000000e+04 -3.984000000000000000e+03 -2.280000000000000000e+02 1.233000000000000000e+03
-7.060000000000000000e+03 9.720000000000000000e+02 1.241200000000000000e+04 -3.984000000000000000e+03 -2.510000000000000000e+02 1.503000000000000000e+03
-6.944000000000000000e+03 1.044000000000000000e+03 1.260400000000000000e+04 -3.968000000000000000e+03 -2.300000000000000000e+02 1.676000000000000000e+03
-7.032000000000000000e+03 9.920000000000000000e+02 1.280400000000000000e+04 -4.000000000000000000e+03 -2.110000000000000000e+02 1.805000000000000000e+03
-7.024000000000000000e+03 9.800000000000000000e+02 1.307200000000000000e+04 -3.984000000000000000e+03 -2.340000000000000000e+02 1.827000000000000000e+03
-7.188000000000000000e+03 8.000000000000000000e+02 1.308400000000000000e+04 -3.984000000000000000e+03 -2.290000000000000000e+02 1.770000000000000000e+03
-6.880000000000000000e+03 8.240000000000000000e+02 1.316400000000000000e+04 -3.984000000000000000e+03 -2.460000000000000000e+02 1.650000000000000000e+03
-7.144000000000000000e+03 8.800000000000000000e+02 1.300400000000000000e+04 -3.984000000000000000e+03 -2.340000000000000000e+02 1.603000000000000000e+03
-6.952000000000000000e+03 8.920000000000000000e+02 1.257200000000000000e+04 -4.000000000000000000e+03 -2.520000000000000000e+02 1.577000000000000000e+03
-6.752000000000000000e+03 9.560000000000000000e+02 1.282400000000000000e+04 -3.968000000000000000e+03 -2.810000000000000000e+02 1.493000000000000000e+03
-6.752000000000000000e+03 7.640000000000000000e+02 1.312800000000000000e+04 -4.000000000000000000e+03 -3.320000000000000000e+02 1.298000000000000000e+03
-6.708000000000000000e+03 7.120000000000000000e+02 1.305600000000000000e+04 -3.984000000000000000e+03 -3.120000000000000000e+02 1.055000000000000000e+03
-6.576000000000000000e+03 6.240000000000000000e+02 1.292800000000000000e+04 -3.968000000000000000e+03 -3.520000000000000000e+02 7.990000000000000000e+02
-6.620000000000000000e+03 6.280000000000000000e+02 1.306400000000000000e+04 -4.000000000000000000e+03 -3.170000000000000000e+02 5.640000000000000000e+02
-6.648000000000000000e+03 7.400000000000000000e+02 1.304400000000000000e+04 -3.968000000000000000e+03 -2.900000000000000000e+02 2.970000000000000000e+02
-6.568000000000000000e+03 7.560000000000000000e+02 1.314400000000000000e+04 -3.984000000000000000e+03 -3.230000000000000000e+02 -1.900000000000000000e+01
-6.212000000000000000e+03 8.720000000000000000e+02 1.274400000000000000e+04 -3.984000000000000000e+03 -2.660000000000000000e+02 -2.850000000000000000e+02
-6.152000000000000000e+03 9.080000000000000000e+02 1.229200000000000000e+04 -3.984000000000000000e+03 -2.290000000000000000e+02 -5.500000000000000000e+02
-6.112000000000000000e+03 1.004000000000000000e+03 1.214800000000000000e+04 -3.968000000000000000e+03 -1.900000000000000000e+02 -6.440000000000000000e+02
-6.200000000000000000e+03 1.128000000000000000e+03 1.258800000000000000e+04 -3.968000000000000000e+03 -1.860000000000000000e+02 -7.010000000000000000e+02
-6.184000000000000000e+03 1.060000000000000000e+03 1.313600000000000000e+04 -3.968000000000000000e+03 -1.450000000000000000e+02 -7.900000000000000000e+02
-6.136000000000000000e+03 9.240000000000000000e+02 1.329200000000000000e+04 -3.968000000000000000e+03 -7.800000000000000000e+01 -9.640000000000000000e+02
-6.020000000000000000e+03 8.120000000000000000e+02 1.290000000000000000e+04 -3.968000000000000000e+03 -5.600000000000000000e+01 -1.144000000000000000e+03
-6.128000000000000000e+03 7.760000000000000000e+02 1.230800000000000000e+04 -4.000000000000000000e+03 -9.400000000000000000e+01 -1.342000000000000000e+03
-6.136000000000000000e+03 9.400000000000000000e+02 1.227600000000000000e+04 -4.000000000000000000e+03 -8.500000000000000000e+01 -1.508000000000000000e+03
-6.380000000000000000e+03 8.280000000000000000e+02 1.234400000000000000e+04 -3.968000000000000000e+03 -1.340000000000000000e+02 -1.567000000000000000e+03
-6.436000000000000000e+03 8.520000000000000000e+02 1.177200000000000000e+04 -4.000000000000000000e+03 -1.690000000000000000e+02 -1.435000000000000000e+03
-6.772000000000000000e+03 9.000000000000000000e+02 1.228000000000000000e+04 -3.968000000000000000e+03 -1.290000000000000000e+02 -1.336000000000000000e+03
