4.372000000000000000e+03 -4.048000000000000000e+03 1.443200000000000000e+04 -4.016000000000000000e+03 -5.440000000000000000e+02 6.900000000000000000e+02
1.844000000000000000e+03 2.792000000000000000e+03 1.444800000000000000e+04 -4.048000000000000000e+03 -5.010000000000000000e+02 3.530000000000000000e+02
1.804000000000000000e+03 2.580000000000000000e+03 1.426800000000000000e+04 -4.016000000000000000e+03 -4.850000000000000000e+02 5.000000000000000000e+01
1.880000000000000000e+03 2.688000000000000000e+03 1.409200000000000000e+04 -4.048000000000000000e+03 -4.350000000000000000e+02 -2.820000000000000000e+02
1.572000000000000000e+03 2.560000000000000000e+03 1.422000000000000000e+04 -4.064000000000000000e+03 -4.440000000000000000e+02 -5.900000000000000000e+02
1.436000000000000000e+03 2.560000000000000000e+03 1.439200000000000000e+04 -4.048000000000000000e+03 -4.470000000000000000e+02 -8.960000000000000000e+02
1.208000000000000000e+03 2.456000000000000000e+03 1.454400000000000000e+04 -4.064000000000000000e+03 -3.920000000000000000e+02 -1.034000000000000000e+03
1.076000000000000000e+03 2.492000000000000000e+03 1.467200000000000000e+04 -4.032000000000000000e+03 -3.730000000000000000e+02 -1.035000000000000000e+03
9.240000000000000000e+02 2.468000000000000000e+03 1.451600000000000000e+04 -4.032000000000000000e+03 -3.690000000000000000e+02 -8.290000000000000000e+02
8.560000000000000000e+02 2.520000000000000000e+03 1.443200000000000000e+04 -4.032000000000000000e+03 -3.080000000000000000e+02 -5.930000000000000000e+02
6.520000000000000000e+02 2.380000000000000000e+03 1.428400000000000000e+04 -4.064000000000000000e+03 -3.240000000000000000e+02 -3.800000000000000000e+02
7.440000000000000000e+02 2.348000000000000000e+03 1.466000000000000000e+04 -4.048000000000000000e+03 -3.250000000000000000e+02 -2.360000000000000000e+02
9.960000000000000000e+02 2.464000000000000000e+03 1.456400000000000000e+04 -4.032000000000000000e+03 -3.600000000000000000e+02 -1.050000000000000000e+02
9.600000000000000000e+02 2.516000000000000000e+03 1.461600000000000000e+04 -4.048000000000000000e+03 -3.650000000000000000e+02 5.300000000000000000e+01
7.280000000000000000e+02 2.556000000000000000e+03 1.456000000000000000e+04 -4.048000000000000000e+03 -3.200000000000000000e+02 1.640000000000000000e+02
5.760000000000000000e+02 2.480000000000000000e+03 1.441200000000000000e+04 -4.032000000000000000e+03 -3.080000000000000000e+02 2.550000000000000000e+02
5.560000000000000000e+02 2.368000000000000000e+03 1.439200000000000000e+04 -4.064000000000000000e+03 -2.710000000000000000e+02 3.010000000000000000e+02
6.000000000000000000e+02 2.324000000000000000e+03 1.424400000000000000e+04 -4.032000000000000000e+03 -2.830000000000000000e+02 3.270000000000000000e+02
1.068000000000000000e+03 2.328000000000000000e+03 1.445600000000000000e+04 -4.032000000000000000e+03 -2.770000000000000000e+02 2.850000000000000000e+02
1.384000000000000000e+03 2.352000000000000000e+03 1.450000000000000000e+04 -4.064000000000000000e+03 -2.630000000000000000e+02 2.590000000000000000e+02
1.576000000000000000e+03 2.304000000000000000e+03 1.424000000000000000e+04 -4.032000000000000000e+03 -2.350000000000000000e+02 2.880000000000000000e+02
1.428000000000000000e+03 2.284000000000000000e+03 1.428400000000000000e+04 -4.032000000000000000e+03 -2.210000000000000000e+02 3.490000000000000000e+02
1.376000000000000000e+03 2.312000000000000000e+03 1.399200000000000000e+04 -4.048000000000000000e+03 -2.120000000000000000e+02 3.910000000000000000e+02
1.392000000000000000e+03 2.236000000000000000e+03 1.430800000000000000e+04 -4.016000000000000000e+03 -2.320000000000000000e+02 3.570000000000000000e+02
1.512000000000000000e+03 2.356000000000000000e+03 1.427600000000000000e+04 -4.032000000000000000e+03 -2.090000000000000000e+02 3.830000000000000000e+02
1.536000000000000000e+03 2.400000000000000000e+03 1.440800000000000000e+04 -4.048000000000000000e+03 -1.960000000000000000e+02 4.330000000000000000e+02
1.528000000000000000e+03 2.360000000000000000e+03 1.422800000000000000e+04 -4.064000000000000000e+03 -1.670000000000000000e+02 4.880000000000000000e+02
1.356000000000000000e+03 2.312000000000000000e+03 1.424000000000000000e+04 -4.016000000000000000e+03 -2.080000000000000000e+02 5.280000000000000000e+02
1.276000000000000000e+03 2.256000000000000000e+03 1.438800000000000000e+04 -4.048000000000000000e+03 -2.080000000000000000e+02 6.320000000000000000e+02
1.356000000000000000e+03 2.240000000000000000e+03 1.444800000000000000e+04 -4.064000000000000000e+03 -2.080000000000000000e+02 7.160000000000000000e+02
1.480000000000000000e+03 2.284000000000000000e+03 1.442400000000000000e+04 -4.048000000000000000e+03 -2.380000000000000000e+02 7.470000000000000000e+02
1.452000000000000000e+03 2.348000000000000000e+03 1.424800000000000000e+04 -4.048000000000000000e+03 -2.390000000000000000e+02 7.320000000000000000e+02
1.392000000000000000e+03 2.320000000000000000e+03 1.436800000000000000e+04 -4.032000000000000000e+03 -2.360000000000000000e+02 7.490000000000000000e+02
1.392000000000000000e+03 2.252000000000000000e+03 1.468000000000000000e+04 -4.016000000000000000e+03 -2.380000000000000000e+02 7.080000000000000000e+02
1.448000000000000000e+03 2.380000000000000000e+03 1.466000000000000000e+04 -4.048000000000000000e+03 -2.300000000000000000e+02 6.330000000000000000e+02
1.380000000000000000e+03 2.472000000000000000e+03 1.441600000000000000e+04 -4.032000000000000000e+03 -2.430000000000000000e+02 4.470000000000000000e+02
1.012000000000000000e+03 2.484000000000000000e+03 1.450000000000000000e+04 -4.048000000000000000e+03 -2.030000000000000000e+02 2.840000000000000000e+02
1.020000000000000000e+03 2.432000000000000000e+03 1.441200000000000000e+04 -4.048000000000000000e+03 -2.240000000000000000e+02 1.290000000000000000e+02
1.272000000000000000e+03 2.460000000000000000e+03 1.427200000000000000e+04 -4.032000000000000000e+03 -2.140000000000000000e+02 -1.200000000000000000e+01
1.380000000000000000e+03 2.372000000000000000e+03 1.426000000000000000e+04 -4.016000000000000000e+03 -2.150000000000000000e+02 -1.310000000000000000e+02
1.316000000000000000e+03 2.420000000000000000e+03 1.443600000000000000e+04 -4.048000000000000000e+03 -1.950000000000000000e+02 -2.210000000000000000e+02
1.008000000000000000e+03 2.380000000000000000e+03 1.455200000000000000e+04 -4.016000000000000000e+03 -1.600000000000000000e+02 -2.310000000000000000e+02
1.012000000000000000e+03 2.272000000000000000e+03 1.429200000000000000e+04 -4.048000000000000000e+03 -1.480000000000000000e+02 -1.980000000000000000e+02
1.028000000000000000e+03 2.192000000000000000e+03 1.457200000000000000e+04 -4.064000000000000000e+03 -1.820000000000000000e+02 -1.870000000000000000e+02
8.640000000000000000e+02 2.364000000000000000e+03 1.460000000000000000e+04 -4.016000000000000000e+03 -2.490000000000000000e+02 -2.090000000000000000e+02
9.000000000000000000e+02 2.516000000000000000e+03 1.455600000000000000e+04 -4.048000000000000000e+03 -2.910000000000000000e+02 -2.830000000000000000e+02
8.720000000000000000e+02 2.448000000000000000e+03 1.436800000000000000e+04 -4.000000000000000000e+03 -2.600000000000000000e+02 -2.720000000000000000e+02
1.016000000000000000e+03 2.492000000000000000e+03 1.411600000000000000e+04 -4.048000000000000000e+03 -3.300000000000000000e+02 -1.260000000000000000e+02
1.096000000000000000e+03 2.448000000000000000e+03 1.432800000000000000e+04 -4.048000000000000000e+03 -3.190000000000000000e+02 -5.000000000000000000e+00
1.044000000000000000e+03 2.568000000000000000e+03 1.475600000000000000e+04 -4.080000000000000000e+03 -4.250000000000000000e+02 -3.000000000000000000e+01
1.016000000000000000e+03 2.652000000000000000e+03 1.484400000000000000e+04 -4.032000000000000000e+03 -4.110000000000000000e+02 -4.100000000000000000e+01
7.920000000000000000e+02 2.644000000000000000e+03 1.482800000000000000e+04 -4.032000000000000000e+03 -4.170000000000000000e+02 -3.900000000000000000e+01
7.840000000000000000e+02 2.604000000000000000e+03 1.429600000000000000e+04 -4.032000000000000000e+03 -4.420000000000000000e+02 -9.000000000000000000e+00
8.840000000000000000e+02 2.408000000000000000e+03 1.416000000000000000e+04 -4.032000000000000000e+03 -4.230000000000000000e+02 -9.300000000000000000e+01
1.140000000000000000e+03 2.496000000000000000e+03 1.480800000000000000e+04 -4.032000000000000000e+03 -5.080000000000000000e+02 -2.730000000000000000e+02
1.320000000000000000e+03 2.652000000000000000e+03 1.516800000000000000e+04 -4.064000000000000000e+03 -5.210000000000000000e+02 -4.350000000000000000e+02
1.348000000000000000e+03 2.580000000000000000e+03 1.495600000000000000e+04 -4.032000000000000000e+03 -4.780000000000000000e+02 -5.000000000000000000e+02
1.384000000000000000e+03 2.360000000000000000e+03 1.450000000000000000e+04 -4.048000000000000000e+03 -4.780000000000000000e+02 -5.020000000000000000e+02
1.224000000000000000e+03 2.184000000000000000e+03 1.423600000000000000e+04 -4.032000000000000000e+03 -4.540000000000000000e+02 -4.330000000000000000e+02
1.228000000000000000e+03 2.264000000000000000e+03 1.427200000000000000e+04 -4.080000000000000000e+03 -4.480000000000000000e+02 -2.540000000000000000e+02
1.260000000000000000e+03 2.304000000000000000e+03 1.456400000000000000e+04 -4.048000000000000000e+03 -3.790000000000000000e+02 1.500000000000000000e+02
1.296000000000000000e+03 2.436000000000000000e+03 1.481200000000000000e+04 -4.064000000000000000e+03 -4.050000000000000000e+02 6.080000000000000000e+02
1.420000000000000000e+03 2.368000000000000000e+03 1.445200000000000000e+04 -4.064000000000000000e+03 -3.960000000000000000e+02 9.890000000000000000e+02
1.236000000000000000e+03 2.468000000000000000e+03 1.470000000000000000e+04 -4.032000000000000000e+03 -4.750000000000000000e+02 1.239000000000000000e+03
1.216000000000000000e+03 2.464000000000000000e+03 1.472000000000000000e+04 -4.048000000000000000e+03 -5.170000000000000000e+02 1.324000000000000000e+03
1.012000000000000000e+03 2.372000000000000000e+03 1.454400000000000000e+04 -4.080000000000000000e+03 -5.430000000000000000e+02 1.278000000000000000e+03
1.300000000000000000e+03 2.420000000000000000e+03 1.382800000000000000e+04 -4.048000000000000000e+03 -4.810000000000000000e+02 1.172000000000000000e+03
1.632000000000000000e+03 2.300000000000000000e+03 1.373200000000000000e+04 -4.048000000000000000e+03 -5.300000000000000000e+02 1.086000000000000000e+03
1.644000000000000000e+03 2.340000000000000000e+03 1.412000000000000000e+04 -4.032000000000000000e+03 -5.200000000000000000e+02 9.960000000000000000e+02
1.492000000000000000e+03 2.400000000000000000e+03 1.488400000000000000e+04 -4.064000000000000000e+03 -4.320000000000000000e+02 9.350000000000000000e+02
1.608000000000000000e+03 2.472000000000000000e+03 1.504000000000000000e+04 -4.048000000000000000e+03 -5.410000000000000000e+02 7.310000000000000000e+02
1.552000000000000000e+03 2.412000000000000000e+03 1.467600000000000000e+04 -4.016000000000000000e+03 -4.660000000000000000e+02 6.480000000000000000e+02
