1.400000000000000000e+02 1.920000000000000000e+03 1.462400000000000000e+04 -4.144000000000000000e+03 -2.850000000000000000e+02 1.670000000000000000e+02
1.040000000000000000e+02 1.860000000000000000e+03 1.446800000000000000e+04 -4.176000000000000000e+03 -2.650000000000000000e+02 1.300000000000000000e+02
2.400000000000000000e+02 1.928000000000000000e+03 1.452000000000000000e+04 -4.176000000000000000e+03 -2.570000000000000000e+02 6.000000000000000000e+01
2.120000000000000000e+02 1.776000000000000000e+03 1.450800000000000000e+04 -4.176000000000000000e+03 -2.720000000000000000e+02 4.800000000000000000e+01
3.120000000000000000e+02 1.936000000000000000e+03 1.457200000000000000e+04 -4.160000000000000000e+03 -2.460000000000000000e+02 1.100000000000000000e+01
1.200000000000000000e+02 1.832000000000000000e+03 1.457200000000000000e+04 -4.176000000000000000e+03 -2.510000000000000000e+02 3.100000000000000000e+01
1.960000000000000000e+02 1.896000000000000000e+03 1.462400000000000000e+04 -4.208000000000000000e+03 -2.700000000000000000e+02 3.200000000000000000e+01
1.800000000000000000e+02 1.828000000000000000e+03 1.454800000000000000e+04 -4.160000000000000000e+03 -2.740000000000000000e+02 3.300000000000000000e+01
2.600000000000000000e+02 1.972000000000000000e+03 1.445600000000000000e+04 -4.192000000000000000e+03 -2.690000000000000000e+02 5.600000000000000000e+01
1.920000000000000000e+02 1.868000000000000000e+03 1.442400000000000000e+04 -4.176000000000000000e+03 -2.580000000000000000e+02 7.400000000000000000e+01
3.640000000000000000e+02 1.924000000000000000e+03 1.445200000000000000e+04 -4.192000000000000000e+03 -2.890000000000000000e+02 9.900000000000000000e+01
2.720000000000000000e+02 1.860000000000000000e+03 1.445600000000000000e+04 -4.176000000000000000e+03 -2.970000000000000000e+02 1.640000000000000000e+02
4.560000000000000000e+02 1.888000000000000000e+03 1.440800000000000000e+04 -4.160000000000000000e+03 -2.790000000000000000e+02 2.190000000000000000e+02
4.080000000000000000e+02 1.856000000000000000e+03 1.449600000000000000e+04 -4.160000000000000000e+03 -2.850000000000000000e+02 3.250000000000000000e+02
3.120000000000000000e+02 1.816000000000000000e+03 1.449200000000000000e+04 -4.144000000000000000e+03 -2.970000000000000000e+02 3.860000000000000000e+02
2.840000000000000000e+02 1.904000000000000000e+03 1.445200000000000000e+04 -4.176000000000000000e+03 -3.170000000000000000e+02 4.100000000000000000e+02
7.600000000000000000e+01 1.992000000000000000e+03 1.443600000000000000e+04 -4.144000000000000000e+03 -2.860000000000000000e+02 4.190000000000000000e+02
6.800000000000000000e+01 1.988000000000000000e+03 1.459600000000000000e+04 -4.176000000000000000e+03 -3.000000000000000000e+02 3.840000000000000000e+02
-8.800000000000000000e+01 1.960000000000000000e+03 1.458400000000000000e+04 -4.192000000000000000e+03 -2.840000000000000000e+02 3.180000000000000000e+02
-2.000000000000000000e+01 1.928000000000000000e+03 1.447200000000000000e+04 -4.192000000000000000e+03 -3.050000000000000000e+02 2.360000000000000000e+02
3.200000000000000000e+01 1.884000000000000000e+03 1.449200000000000000e+04 -4.128000000000000000e+03 -2.630000000000000000e+02 1.520000000000000000e+02
-1.480000000000000000e+02 1.760000000000000000e+03 1.432800000000000000e+04 -4.192000000000000000e+03 -2.750000000000000000e+02 6.700000000000000000e+01
3.200000000000000000e+01 1.700000000000000000e+03 1.447200000000000000e+04 -4.160000000000000000e+03 -2.510000000000000000e+02 -8.000000000000000000e+00
8.000000000000000000e+00 1.812000000000000000e+03 1.449600000000000000e+04 -4.160000000000000000e+03 -2.570000000000000000e+02 -5.100000000000000000e+01
8.800000000000000000e+01 1.860000000000000000e+03 1.442800000000000000e+04 -4.160000000000000000e+03 -2.630000000000000000e+02 -9.800000000000000000e+01
1.960000000000000000e+02 1.852000000000000000e+03 1.454000000000000000e+04 -4.176000000000000000e+03 -2.730000000000000000e+02 -8.000000000000000000e+01
3.680000000000000000e+02 1.964000000000000000e+03 1.434400000000000000e+04 -4.208000000000000000e+03 -2.440000000000000000e+02 -3.700000000000000000e+01
3.400000000000000000e+02 1.920000000000000000e+03 1.456000000000000000e+04 -4.176000000000000000e+03 -2.500000000000000000e+02 1.200000000000000000e+01
2.320000000000000000e+02 2.100000000000000000e+03 1.442400000000000000e+04 -4.176000000000000000e+03 -2.640000000000000000e+02 1.120000000000000000e+02
2.920000000000000000e+02 1.932000000000000000e+03 1.443600000000000000e+04 -4.176000000000000000e+03 -2.850000000000000000e+02 1.700000000000000000e+02
3.520000000000000000e+02 1.996000000000000000e+03 1.448000000000000000e+04 -4.176000000000000000e+03 -2.890000000000000000e+02 2.260000000000000000e+02
3.560000000000000000e+02 1.900000000000000000e+03 1.444000000000000000e+04 -4.160000000000000000e+03 -2.740000000000000000e+02 2.660000000000000000e+02
2.640000000000000000e+02 1.952000000000000000e+03 1.441200000000000000e+04 -4.160000000000000000e+03 -2.870000000000000000e+02 3.090000000000000000e+02
3.200000000000000000e+02 2.032000000000000000e+03 1.456800000000000000e+04 -4.144000000000000000e+03 -3.090000000000000000e+02 3.580000000000000000e+02
1.800000000000000000e+02 1.904000000000000000e+03 1.444000000000000000e+04 -4.176000000000000000e+03 -3.140000000000000000e+02 3.630000000000000000e+02
1.200000000000000000e+02 1.864000000000000000e+03 1.442800000000000000e+04 -4.176000000000000000e+03 -3.160000000000000000e+02 3.740000000000000000e+02
4.000000000000000000e+00 1.848000000000000000e+03 1.453600000000000000e+04 -4.208000000000000000e+03 -2.890000000000000000e+02 3.360000000000000000e+02
-3.200000000000000000e+01 1.844000000000000000e+03 1.450400000000000000e+04 -4.160000000000000000e+03 -3.010000000000000000e+02 2.940000000000000000e+02
-6.000000000000000000e+01 1.872000000000000000e+03 1.463200000000000000e+04 -4.160000000000000000e+03 -3.080000000000000000e+02 2.090000000000000000e+02
-3.600000000000000000e+01 1.816000000000000000e+03 1.451600000000000000e+04 -4.192000000000000000e+03 -2.640000000000000000e+02 1.680000000000000000e+02
6.400000000000000000e+01 1.848000000000000000e+03 1.449200000000000000e+04 -4.192000000000000000e+03 -2.590000000000000000e+02 7.100000000000000000e+01
8.000000000000000000e+01 1.896000000000000000e+03 1.443600000000000000e+04 -4.176000000000000000e+03 -2.790000000000000000e+02 -2.300000000000000000e+01
1.840000000000000000e+02 1.980000000000000000e+03 1.445200000000000000e+04 -4.144000000000000000e+03 -2.560000000000000000e+02 -3.400000000000000000e+01
2.600000000000000000e+02 1.908000000000000000e+03 1.448000000000000000e+04 -4.160000000000000000e+03 -2.420000000000000000e+02 -1.090000000000000000e+02
1.920000000000000000e+02 1.976000000000000000e+03 1.456400000000000000e+04 -4.176000000000000000e+03 -2.610000000000000000e+02 -1.040000000000000000e+02
2.920000000000000000e+02 1.892000000000000000e+03 1.449600000000000000e+04 -4.176000000000000000e+03 -2.300000000000000000e+02 -8.300000000000000000e+01
3.720000000000000000e+02 1.908000000000000000e+03 1.450400000000000000e+04 -4.176000000000000000e+03 -2.420000000000000000e+02 -3.400000000000000000e+01
3.720000000000000000e+02 1.916000000000000000e+03 1.445200000000000000e+04 -4.176000000000000000e+03 -2.530000000000000000e+02 1.200000000000000000e+01
3.520000000000000000e+02 2.008000000000000000e+03 1.460400000000000000e+04 -4.144000000000000000e+03 -2.680000000000000000e+02 7.200000000000000000e+01
3.600000000000000000e+02 1.908000000000000000e+03 1.445600000000000000e+04 -4.192000000000000000e+03 -2.610000000000000000e+02 1.260000000000000000e+02
2.560000000000000000e+02 1.884000000000000000e+03 1.435200000000000000e+04 -4.144000000000000000e+03 -2.710000000000000000e+02 1.340000000000000000e+02
3.760000000000000000e+02 1.980000000000000000e+03 1.469200000000000000e+04 -4.176000000000000000e+03 -2.730000000000000000e+02 1.570000000000000000e+02
1.880000000000000000e+02 1.932000000000000000e+03 1.436800000000000000e+04 -4.176000000000000000e+03 -2.920000000000000000e+02 1.560000000000000000e+02
3.400000000000000000e+02 1.836000000000000000e+03 1.448000000000000000e+04 -4.176000000000000000e+03 -2.610000000000000000e+02 1.540000000000000000e+02
1.480000000000000000e+02 1.880000000000000000e+03 1.448800000000000000e+04 -4.192000000000000000e+03 -2.470000000000000000e+02 1.240000000000000000e+02
2.720000000000000000e+02 1.908000000000000000e+03 1.456400000000000000e+04 -4.160000000000000000e+03 -2.660000000000000000e+02 7.300000000000000000e+01
2.120000000000000000e+02 1.900000000000000000e+03 1.447200000000000000e+04 -4.192000000000000000e+03 -2.480000000000000000e+02 2.900000000000000000e+01
3.800000000000000000e+02 1.880000000000000000e+03 1.456400000000000000e+04 -4.144000000000000000e+03 -2.580000000000000000e+02 1.000000000000000000e+00
3.280000000000000000e+02 1.940000000000000000e+03 1.440000000000000000e+04 -4.176000000000000000e+03 -2.550000000000000000e+02 3.800000000000000000e+01
3.720000000000000000e+02 2.020000000000000000e+03 1.439200000000000000e+04 -4.144000000000000000e+03 -2.720000000000000000e+02 4.800000000000000000e+01
3.480000000000000000e+02 1.936000000000000000e+03 1.435600000000000000e+04 -4.144000000000000000e+03 -2.720000000000000000e+02 9.300000000000000000e+01
4.680000000000000000e+02 1.920000000000000000e+03 1.452000000000000000e+04 -4.192000000000000000e+03 -2.880000000000000000e+02 1.600000000000000000e+02
3.840000000000000000e+02 1.848000000000000000e+03 1.444800000000000000e+04 -4.160000000000000000e+03 -2.710000000000000000e+02 2.170000000000000000e+02
4.160000000000000000e+02 1.920000000000000000e+03 1.450000000000000000e+04 -4.176000000000000000e+03 -2.750000000000000000e+02 2.730000000000000000e+02
5.280000000000000000e+02 1.868000000000000000e+03 1.451200000000000000e+04 -4.176000000000000000e+03 -2.800000000000000000e+02 3.230000000000000000e+02
1.920000000000000000e+02 1.876000000000000000e+03 1.435200000000000000e+04 -4.176000000000000000e+03 -2.970000000000000000e+02 3.270000000000000000e+02
2.080000000000000000e+02 1.900000000000000000e+03 1.448800000000000000e+04 -4.176000000000000000e+03 -2.890000000000000000e+02 2.870000000000000000e+02
1.480000000000000000e+02 1.864000000000000000e+03 1.440000000000000000e+04 -4.160000000000000000e+03 -2.720000000000000000e+02 1.910000000000000000e+02
1.800000000000000000e+02 1.992000000000000000e+03 1.452800000000000000e+04 -4.192000000000000000e+03 -2.560000000000000000e+02 1.200000000000000000e+02
2.320000000000000000e+02 1.900000000000000000e+03 1.450400000000000000e+04 -4.176000000000000000e+03 -2.550000000000000000e+02 5.100000000000000000e+01
2.480000000000000000e+02 1.880000000000000000e+03 1.460400000000000000e+04 -4.160000000000000000e+03 -2.760000000000000000e+02 4.000000000000000000e+00
3.280000000000000000e+02 1.924000000000000000e+03 1.452000000000000000e+04 -4.144000000000000000e+03 -2.660000000000000000e+02 -2.600000000000000000e+01
4.080000000000000000e+02 1.932000000000000000e+03 1.453200000000000000e+04 -4.176000000000000000e+03 -2.580000000000000000e+02 3.000000000000000000e+00
5.960000000000000000e+02 2.000000000000000000e+03 1.443200000000000000e+04 -4.176000000000000000e+03 -2.630000000000000000e+02 3.700000000000000000e+01
4.880000000000000000e+02 1.816000000000000000e+03 1.430800000000000000e+04 -4.176000000000000000e+03 -2.570000000000000000e+02 1.570000000000000000e+02
4.960000000000000000e+02 1.876000000000000000e+03 1.437600000000000000e+04 -4.176000000000000000e+03 -2.830000000000000000e+02 2.170000000000000000e+02
2.960000000000000000e+02 1.900000000000000000e+03 1.459200000000000000e+04 -4.144000000000000000e+03 -2.760000000000000000e+02 2.870000000000000000e+02
2.920000000000000000e+02 1.908000000000000000e+03 1.458000000000000000e+04 -4.160000000000000000e+03 -2.900000000000000000e+02 3.360000000000000000e+02
4.600000000000000000e+02 2.008000000000000000e+03 1.440000000000000000e+04 -4.192000000000000000e+03 -2.940000000000000000e+02 3.420000000000000000e+02
3.040000000000000000e+02 1.908000000000000000e+03 1.440400000000000000e+04 -4.176000000000000000e+03 -3.150000000000000000e+02 3.500000000000000000e+02
3.080000000000000000e+02 1.896000000000000000e+03 1.445600000000000000e+04 -4.144000000000000000e+03 -2.930000000000000000e+02 3.220000000000000000e+02
2.280000000000000000e+02 1.956000000000000000e+03 1.452800000000000000e+04 -4.176000000000000000e+03 -2.990000000000000000e+02 3.050000000000000000e+02
2.760000000000000000e+02 1.884000000000000000e+03 1.454800000000000000e+04 -4.176000000000000000e+03 -2.950000000000000000e+02 2.540000000000000000e+02
2.960000000000000000e+02 1.960000000000000000e+03 1.441200000000000000e+04 -4.160000000000000000e+03 -2.680000000000000000e+02 1.810000000000000000e+02
