-5.304000000000000000e+03 1.116000000000000000e+03 1.306800000000000000e+04 -3.936000000000000000e+03 -7.000000000000000000e+00 -4.300000000000000000e+01
-5.468000000000000000e+03 1.200000000000000000e+03 1.310800000000000000e+04 -3.952000000000000000e+03 -2.300000000000000000e+01 1.120000000000000000e+02
-5.460000000000000000e+03 1.272000000000000000e+03 1.320000000000000000e+04 -3.952000000000000000e+03 -5.200000000000000000e+01 3.430000000000000000e+02
-5.380000000000000000e+03 1.216000000000000000e+03 1.324000000000000000e+04 -3.936000000000000000e+03 -1.230000000000000000e+02 4.810000000000000000e+02
-5.340000000000000000e+03 1.212000000000000000e+03 1.345200000000000000e+04 -3.968000000000000000e+03 -1.750000000000000000e+02 6.080000000000000000e+02
-5.388000000000000000e+03 1.140000000000000000e+03 1.382000000000000000e+04 -3.952000000000000000e+03 -3.330000000000000000e+02 8.730000000000000000e+02
-5.352000000000000000e+03 1.120000000000000000e+03 1.360800000000000000e+04 -3.920000000000000000e+03 -3.940000000000000000e+02 1.227000000000000000e+03
-5.468000000000000000e+03 1.176000000000000000e+03 1.354800000000000000e+04 -3.952000000000000000e+03 -3.540000000000000000e+02 1.665000000000000000e+03
-5.512000000000000000e+03 1.220000000000000000e+03 1.374800000000000000e+04 -3.952000000000000000e+03 -4.530000000000000000e+02 1.897000000000000000e+03
-5.268000000000000000e+03 1.188000000000000000e+03 1.397600000000000000e+04 -3.920000000000000000e+03 -4.650000000000000000e+02 1.931000000000000000e+03
-5.188000000000000000e+03 1.064000000000000000e+03 1.363600000000000000e+04 -3.936000000000000000e+03 -4.730000000000000000e+02 1.835000000000000000e+03
-5.620000000000000000e+03 1.064000000000000000e+03 1.294000000000000000e+04 -3.936000000000000000e+03 -4.100000000000000000e+02 1.556000000000000000e+03
-5.680000000000000000e+03 1.108000000000000000e+03 1.276800000000000000e+04 -3.920000000000000000e+03 -3.310000000000000000e+02 1.296000000000000000e+03
-5.544000000000000000e+03 1.424000000000000000e+03 1.308000000000000000e+04 -3.936000000000000000e+03 -2.850000000000000000e+02 9.670000000000000000e+02
-5.180000000000000000e+03 1.292000000000000000e+03 1.288400000000000000e+04 -3.920000000000000000e+03 -2.850000000000000000e+02 6.700000000000000000e+02
-5.224000000000000000e+03 1.288000000000000000e+03 1.301600000000000000e+04 -3.936000000000000000e+03 -1.660000000000000000e+02 3.610000000000000000e+02
-5.536000000000000000e+03 1.312000000000000000e+03 1.280400000000000000e+04 -3.920000000000000000e+03 -1.480000000000000000e+02 8.900000000000000000e+01
-6.064000000000000000e+03 1.308000000000000000e+03 1.284000000000000000e+04 -3.936000000000000000e+03 -1.050000000000000000e+02 -1.560000000000000000e+02
-6.204000000000000000e+03 1.412000000000000000e+03 1.343200000000000000e+04 -3.904000000000000000e+03 -1.350000000000000000e+02 -4.020000000000000000e+02
-6.380000000000000000e+03 1.328000000000000000e+03 1.291600000000000000e+04 -3.936000000000000000e+03 -1.440000000000000000e+02 -6.280000000000000000e+02
-6.088000000000000000e+03 1.184000000000000000e+03 1.279200000000000000e+04 -3.920000000000000000e+03 -1.240000000000000000e+02 -9.670000000000000000e+02
-6.448000000000000000e+03 1.160000000000000000e+03 1.288400000000000000e+04 -3.936000000000000000e+03 -1.200000000000000000e+02 -1.271000000000000000e+03
-6.760000000000000000e+03 9.960000000000000000e+02 1.292000000000000000e+04 -3.952000000000000000e+03 -1.740000000000000000e+02 -1.526000000000000000e+03
-7.000000000000000000e+03 1.076000000000000000e+03 1.315600000000000000e+04 -3.952000000000000000e+03 -1.870000000000000000e+02 -1.599000000000000000e+03
-6.724000000000000000e+03 1.048000000000000000e+03 1.275200000000000000e+04 -3.936000000000000000e+03 -2.190000000000000000e+02 -1.529000000000000000e+03
-6.608000000000000000e+03 9.480000000000000000e+02 1.306800000000000000e+04 -3.952000000000000000e+03 -2.620000000000000000e+02 -1.275000000000000000e+03
-6.756000000000000000e+03 1.232000000000000000e+03 1.319600000000000000e+04 -3.952000000000000000e+03 -3.060000000000000000e+02 -1.038000000000000000e+03
-6.772000000000000000e+03 1.236000000000000000e+03 1.344000000000000000e+04 -3.904000000000000000e+03 -3.640000000000000000e+02 -8.520000000000000000e+02
-6.708000000000000000e+03 1.132000000000000000e+03 1.360400000000000000e+04 -3.920000000000000000e+03 -3.880000000000000000e+02 -7.840000000000000000e+02
-6.824000000000000000e+03 1.236000000000000000e+03 1.338000000000000000e+04 -3.920000000000000000e+03 -4.290000000000000000e+02 -8.130000000000000000e+02
-6.672000000000000000e+03 1.104000000000000000e+03 1.356000000000000000e+04 -3.952000000000000000e+03 -4.040000000000000000e+02 -8.270000000000000000e+02
-6.228000000000000000e+03 1.160000000000000000e+03 1.336800000000000000e+04 -3.920000000000000000e+03 -3.810000000000000000e+02 -6.590000000000000000e+02
-5.860000000000000000e+03 1.160000000000000000e+03 1.325200000000000000e+04 -3.936000000000000000e+03 -3.750000000000000000e+02 -5.080000000000000000e+02
-5.660000000000000000e+03 1.256000000000000000e+03 1.328000000000000000e+04 -3.936000000000000000e+03 -3.330000000000000000e+02 -4.120000000000000000e+02
-5.692000000000000000e+03 1.332000000000000000e+03 1.345200000000000000e+04 -3.920000000000000000e+03 -3.380000000000000000e+02 -3.370000000000000000e+02
-5.484000000000000000e+03 1.204000000000000000e+03 1.331600000000000000e+04 -3.920000000000000000e+03 -2.850000000000000000e+02 -2.010000000000000000e+02
-5.300000000000000000e+03 1.140000000000000000e+03 1.334400000000000000e+04 -3.936000000000000000e+03 -2.660000000000000000e+02 -8.200000000000000000e+01
-5.292000000000000000e+03 1.180000000000000000e+03 1.321200000000000000e+04 -3.952000000000000000e+03 -2.180000000000000000e+02 1.310000000000000000e+02
-5.388000000000000000e+03 1.072000000000000000e+03 1.320000000000000000e+04 -3.920000000000000000e+03 -2.570000000000000000e+02 2.400000000000000000e+02
-5.380000000000000000e+03 1.152000000000000000e+03 1.339200000000000000e+04 -3.936000000000000000e+03 -2.030000000000000000e+02 3.190000000000000000e+02
-5.144000000000000000e+03 1.212000000000000000e+03 1.330000000000000000e+04 -3.952000000000000000e+03 -2.270000000000000000e+02 4.130000000000000000e+02
-5.024000000000000000e+03 1.288000000000000000e+03 1.335200000000000000e+04 -3.920000000000000000e+03 -1.930000000000000000e+02 5.500000000000000000e+02
-5.060000000000000000e+03 1.272000000000000000e+03 1.316000000000000000e+04 -3.952000000000000000e+03 -2.040000000000000000e+02 6.290000000000000000e+02
-4.980000000000000000e+03 1.184000000000000000e+03 1.341200000000000000e+04 -3.920000000000000000e+03 -1.950000000000000000e+02 7.450000000000000000e+02
-4.792000000000000000e+03 1.184000000000000000e+03 1.335600000000000000e+04 -3.920000000000000000e+03 -2.120000000000000000e+02 7.730000000000000000e+02
-4.728000000000000000e+03 1.028000000000000000e+03 1.343200000000000000e+04 -3.920000000000000000e+03 -2.030000000000000000e+02 8.310000000000000000e+02
-5.060000000000000000e+03 1.216000000000000000e+03 1.322000000000000000e+04 -3.952000000000000000e+03 -1.860000000000000000e+02 8.030000000000000000e+02
-5.000000000000000000e+03 1.192000000000000000e+03 1.361200000000000000e+04 -3.920000000000000000e+03 -1.970000000000000000e+02 6.940000000000000000e+02
-4.900000000000000000e+03 1.260000000000000000e+03 1.349200000000000000e+04 -3.920000000000000000e+03 -1.840000000000000000e+02 5.710000000000000000e+02
-4.900000000000000000e+03 1.332000000000000000e+03 1.353600000000000000e+04 -3.904000000000000000e+03 -1.620000000000000000e+02 3.950000000000000000e+02
-4.940000000000000000e+03 1.388000000000000000e+03 1.336400000000000000e+04 -3.968000000000000000e+03 -1.670000000000000000e+02 1.690000000000000000e+02
-4.840000000000000000e+03 1.276000000000000000e+03 1.346400000000000000e+04 -3.936000000000000000e+03 -1.380000000000000000e+02 -1.800000000000000000e+01
-5.044000000000000000e+03 1.276000000000000000e+03 1.336800000000000000e+04 -3.904000000000000000e+03 -9.300000000000000000e+01 -2.220000000000000000e+02
-4.868000000000000000e+03 1.388000000000000000e+03 1.357600000000000000e+04 -3.936000000000000000e+03 -8.500000000000000000e+01 -3.600000000000000000e+02
-5.216000000000000000e+03 1.228000000000000000e+03 1.335600000000000000e+04 -3.936000000000000000e+03 -7.700000000000000000e+01 -4.600000000000000000e+02
-5.204000000000000000e+03 1.300000000000000000e+03 1.338000000000000000e+04 -3.936000000000000000e+03 -7.200000000000000000e+01 -6.010000000000000000e+02
-5.172000000000000000e+03 1.308000000000000000e+03 1.327200000000000000e+04 -3.936000000000000000e+03 -7.400000000000000000e+01 -7.120000000000000000e+02
-5.236000000000000000e+03 1.232000000000000000e+03 1.357200000000000000e+04 -3.952000000000000000e+03 -7.500000000000000000e+01 -8.090000000000000000e+02
-5.504000000000000000e+03 1.244000000000000000e+03 1.368000000000000000e+04 -3.920000000000000000e+03 -7.900000000000000000e+01 -8.290000000000000000e+02
-5.268000000000000000e+03 1.312000000000000000e+03 1.346400000000000000e+04 -3.920000000000000000e+03 -1.770000000000000000e+02 -8.550000000000000000e+02
-5.276000000000000000e+03 1.408000000000000000e+03 1.355200000000000000e+04 -3.904000000000000000e+03 -2.550000000000000000e+02 -7.910000000000000000e+02
-5.360000000000000000e+03 1.348000000000000000e+03 1.350000000000000000e+04 -3.936000000000000000e+03 -3.430000000000000000e+02 -6.860000000000000000e+02
-5.432000000000000000e+03 1.432000000000000000e+03 1.334400000000000000e+04 -3.936000000000000000e+03 -3.800000000000000000e+02 -5.140000000000000000e+02
-5.420000000000000000e+03 1.564000000000000000e+03 1.389600000000000000e+04 -3.920000000000000000e+03 -3.980000000000000000e+02 -2.930000000000000000e+02
-5.300000000000000000e+03 1.584000000000000000e+03 1.424400000000000000e+04 -3.904000000000000000e+03 -4.990000000000000000e+02 -8.700000000000000000e+01
-5.432000000000000000e+03 1.740000000000000000e+03 1.408400000000000000e+04 -3.936000000000000000e+03 -5.120000000000000000e+02 4.500000000000000000e+01
-5.348000000000000000e+03 1.816000000000000000e+03 1.374800000000000000e+04 -3.920000000000000000e+03 -5.340000000000000000e+02 1.570000000000000000e+02
-5.324000000000000000e+03 1.616000000000000000e+03 1.359200000000000000e+04 -3.920000000000000000e+03 -5.560000000000000000e+02 2.550000000000000000e+02
-5.344000000000000000e+03 1.520000000000000000e+03 1.377200000000000000e+04 -3.920000000000000000e+03 -5.640000000000000000e+02 3.930000000000000000e+02
-5.036000000000000000e+03 1.500000000000000000e+03 1.389200000000000000e+04 -3.920000000000000000e+03 -5.730000000000000000e+02 3.690000000000000000e+02
-4.832000000000000000e+03 1.604000000000000000e+03 1.355200000000000000e+04 -3.920000000000000000e+03 -5.930000000000000000e+02 3.340000000000000000e+02
-4.632000000000000000e+03 1.524000000000000000e+03 1.357200000000000000e+04 -3.920000000000000000e+03 -5.260000000000000000e+02 2.350000000000000000e+02
-4.776000000000000000e+03 1.556000000000000000e+03 1.359600000000000000e+04 -3.952000000000000000e+03 -4.830000000000000000e+02 5.100000000000000000e+01
-4.720000000000000000e+03 1.676000000000000000e+03 1.372800000000000000e+04 -3.920000000000000000e+03 -3.850000000000000000e+02 -1.530000000000000000e+02
-4.724000000000000000e+03 1.564000000000000000e+03 1.370400000000000000e+04 -3.936000000000000000e+03 -3.410000000000000000e+02 -3.410000000000000000e+02
