-4.980000000000000000e+03 4.480000000000000000e+02 1.387200000000000000e+04 -3.984000000000000000e+03 -5.590000000000000000e+02 1.894000000000000000e+03
-4.836000000000000000e+03 6.720000000000000000e+02 1.345200000000000000e+04 -4.016000000000000000e+03 -5.200000000000000000e+02 1.785000000000000000e+03
-4.844000000000000000e+03 7.240000000000000000e+02 1.340800000000000000e+04 -4.000000000000000000e+03 -4.740000000000000000e+02 1.554000000000000000e+03
-4.852000000000000000e+03 6.920000000000000000e+02 1.352000000000000000e+04 -3.968000000000000000e+03 -4.620000000000000000e+02 1.311000000000000000e+03
-5.040000000000000000e+03 8.040000000000000000e+02 1.320000000000000000e+04 -3.968000000000000000e+03 -3.940000000000000000e+02 1.056000000000000000e+03
-5.392000000000000000e+03 6.160000000000000000e+02 1.316400000000000000e+04 -4.000000000000000000e+03 -3.100000000000000000e+02 7.640000000000000000e+02
-5.612000000000000000e+03 5.400000000000000000e+02 1.304800000000000000e+04 -4.000000000000000000e+03 -2.360000000000000000e+02 4.970000000000000000e+02
-5.596000000000000000e+03 3.160000000000000000e+02 1.292000000000000000e+04 -4.000000000000000000e+03 -1.340000000000000000e+02 1.950000000000000000e+02
-5.644000000000000000e+03 2.840000000000000000e+02 1.267600000000000000e+04 -4.016000000000000000e+03 -9.000000000000000000e+00 -3.700000000000000000e+01
-5.664000000000000000e+03 1.360000000000000000e+02 1.294400000000000000e+04 -3.968000000000000000e+03 1.070000000000000000e+02 -3.320000000000000000e+02
-5.824000000000000000e+03 3.080000000000000000e+02 1.304400000000000000e+04 -3.984000000000000000e+03 1.660000000000000000e+02 -6.030000000000000000e+02
-5.776000000000000000e+03 3.920000000000000000e+02 1.312400000000000000e+04 -4.016000000000000000e+03 2.900000000000000000e+02 -8.200000000000000000e+02
-5.748000000000000000e+03 3.360000000000000000e+02 1.331600000000000000e+04 -4.000000000000000000e+03 3.600000000000000000e+02 -9.690000000000000000e+02
-5.748000000000000000e+03 4.160000000000000000e+02 1.324800000000000000e+04 -3.984000000000000000e+03 4.230000000000000000e+02 -9.930000000000000000e+02
-5.740000000000000000e+03 5.000000000000000000e+02 1.348000000000000000e+04 -4.000000000000000000e+03 4.480000000000000000e+02 -9.280000000000000000e+02
-5.804000000000000000e+03 5.080000000000000000e+02 1.363200000000000000e+04 -3.984000000000000000e+03 4.400000000000000000e+02 -8.820000000000000000e+02
-5.680000000000000000e+03 6.360000000000000000e+02 1.321200000000000000e+04 -3.968000000000000000e+03 4.400000000000000000e+02 -8.310000000000000000e+02
-5.372000000000000000e+03 7.240000000000000000e+02 1.316800000000000000e+04 -3.952000000000000000e+03 4.320000000000000000e+02 -8.660000000000000000e+02
-5.288000000000000000e+03 8.280000000000000000e+02 1.324000000000000000e+04 -3.984000000000000000e+03 4.080000000000000000e+02 -7.650000000000000000e+02
-5.184000000000000000e+03 1.012000000000000000e+03 1.344400000000000000e+04 -3.968000000000000000e+03 4.600000000000000000e+02 -6.540000000000000000e+02
-4.888000000000000000e+03 1.128000000000000000e+03 1.381600000000000000e+04 -4.016000000000000000e+03 4.070000000000000000e+02 -5.400000000000000000e+02
-5.104000000000000000e+03 1.116000000000000000e+03 1.403600000000000000e+04 -3.984000000000000000e+03 3.660000000000000000e+02 -3.760000000000000000e+02
-5.200000000000000000e+03 1.184000000000000000e+03 1.412800000000000000e+04 -3.984000000000000000e+03 3.230000000000000000e+02 -1.310000000000000000e+02
-4.860000000000000000e+03 1.328000000000000000e+03 1.383200000000000000e+04 -3.984000000000000000e+03 2.290000000000000000e+02 9.300000000000000000e+01
-4.844000000000000000e+03 1.400000000000000000e+03 1.349200000000000000e+04 -4.016000000000000000e+03 1.600000000000000000e+02 3.190000000000000000e+02
-4.788000000000000000e+03 1.520000000000000000e+03 1.376800000000000000e+04 -3.984000000000000000e+03 9.300000000000000000e+01 4.510000000000000000e+02
-4.784000000000000000e+03 1.456000000000000000e+03 1.408800000000000000e+04 -3.984000000000000000e+03 -5.000000000000000000e+00 6.000000000000000000e+02
-4.844000000000000000e+03 1.464000000000000000e+03 1.401600000000000000e+04 -3.984000000000000000e+03 -9.400000000000000000e+01 7.670000000000000000e+02
-4.800000000000000000e+03 1.484000000000000000e+03 1.386800000000000000e+04 -3.968000000000000000e+03 -1.460000000000000000e+02 1.005000000000000000e+03
-4.752000000000000000e+03 1.524000000000000000e+03 1.384400000000000000e+04 -3.968000000000000000e+03 -2.250000000000000000e+02 1.270000000000000000e+03
-4.964000000000000000e+03 1.656000000000000000e+03 1.358000000000000000e+04 -3.968000000000000000e+03 -3.040000000000000000e+02 1.474000000000000000e+03
-4.864000000000000000e+03 1.636000000000000000e+03 1.368800000000000000e+04 -3.952000000000000000e+03 -3.810000000000000000e+02 1.571000000000000000e+03
-4.996000000000000000e+03 1.484000000000000000e+03 1.359200000000000000e+04 -3.968000000000000000e+03 -5.010000000000000000e+02 1.523000000000000000e+03
-5.076000000000000000e+03 1.604000000000000000e+03 1.360000000000000000e+04 -3.968000000000000000e+03 -5.630000000000000000e+02 1.425000000000000000e+03
-5.248000000000000000e+03 1.516000000000000000e+03 1.399200000000000000e+04 -3.984000000000000000e+03 -6.140000000000000000e+02 1.336000000000000000e+03
-5.440000000000000000e+03 1.472000000000000000e+03 1.393600000000000000e+04 -4.000000000000000000e+03 -6.820000000000000000e+02 1.295000000000000000e+03
-5.680000000000000000e+03 1.404000000000000000e+03 1.342000000000000000e+04 -3.984000000000000000e+03 -7.080000000000000000e+02 1.171000000000000000e+03
-5.596000000000000000e+03 1.248000000000000000e+03 1.334800000000000000e+04 -3.968000000000000000e+03 -6.920000000000000000e+02 9.970000000000000000e+02
-5.796000000000000000e+03 9.400000000000000000e+02 1.329600000000000000e+04 -3.968000000000000000e+03 -6.510000000000000000e+02 8.280000000000000000e+02
-5.632000000000000000e+03 1.156000000000000000e+03 1.311600000000000000e+04 -3.984000000000000000e+03 -6.570000000000000000e+02 6.440000000000000000e+02
-5.776000000000000000e+03 1.096000000000000000e+03 1.307200000000000000e+04 -3.984000000000000000e+03 -5.860000000000000000e+02 4.300000000000000000e+02
-5.720000000000000000e+03 1.084000000000000000e+03 1.299600000000000000e+04 -4.016000000000000000e+03 -5.420000000000000000e+02 2.860000000000000000e+02
-5.764000000000000000e+03 1.196000000000000000e+03 1.318000000000000000e+04 -3.984000000000000000e+03 -5.060000000000000000e+02 1.150000000000000000e+02
-6.000000000000000000e+03 1.040000000000000000e+03 1.312400000000000000e+04 -3.952000000000000000e+03 -4.720000000000000000e+02 -3.200000000000000000e+01
-5.924000000000000000e+03 1.012000000000000000e+03 1.314800000000000000e+04 -3.984000000000000000e+03 -3.940000000000000000e+02 -1.140000000000000000e+02
-5.968000000000000000e+03 7.560000000000000000e+02 1.336000000000000000e+04 -4.000000000000000000e+03 -3.510000000000000000e+02 -1.090000000000000000e+02
-5.880000000000000000e+03 9.280000000000000000e+02 1.340000000000000000e+04 -4.000000000000000000e+03 -3.060000000000000000e+02 -8.600000000000000000e+01
-5.712000000000000000e+03 9.200000000000000000e+02 1.284400000000000000e+04 -4.000000000000000000e+03 -3.010000000000000000e+02 -6.300000000000000000e+01
-5.732000000000000000e+03 1.008000000000000000e+03 1.288400000000000000e+04 -3.984000000000000000e+03 -2.760000000000000000e+02 -9.000000000000000000e+01
-5.524000000000000000e+03 1.072000000000000000e+03 1.284800000000000000e+04 -3.968000000000000000e+03 -2.670000000000000000e+02 -6.800000000000000000e+01
-5.544000000000000000e+03 1.012000000000000000e+03 1.319200000000000000e+04 -4.000000000000000000e+03 -2.260000000000000000e+02 -7.600000000000000000e+01
-5.688000000000000000e+03 1.036000000000000000e+03 1.343200000000000000e+04 -3.984000000000000000e+03 -2.270000000000000000e+02 -6.800000000000000000e+01
-5.788000000000000000e+03 1.000000000000000000e+03 1.336400000000000000e+04 -3.984000000000000000e+03 -2.470000000000000000e+02 -9.000000000000000000e+00
-5.860000000000000000e+03 9.440000000000000000e+02 1.354800000000000000e+04 -3.984000000000000000e+03 -2.510000000000000000e+02 1.320000000000000000e+02
-5.768000000000000000e+03 9.160000000000000000e+02 1.320000000000000000e+04 -4.000000000000000000e+03 -2.690000000000000000e+02 2.530000000000000000e+02
-5.484000000000000000e+03 9.560000000000000000e+02 1.305200000000000000e+04 -3.968000000000000000e+03 -2.890000000000000000e+02 4.180000000000000000e+02
-5.632000000000000000e+03 9.440000000000000000e+02 1.281600000000000000e+04 -4.016000000000000000e+03 -2.830000000000000000e+02 4.480000000000000000e+02
-5.476000000000000000e+03 1.060000000000000000e+03 1.328800000000000000e+04 -3.984000000000000000e+03 -2.690000000000000000e+02 5.030000000000000000e+02
-5.728000000000000000e+03 1.124000000000000000e+03 1.313200000000000000e+04 -3.968000000000000000e+03 -3.370000000000000000e+02 4.620000000000000000e+02
-5.768000000000000000e+03 1.096000000000000000e+03 1.342400000000000000e+04 -4.000000000000000000e+03 -2.830000000000000000e+02 4.650000000000000000e+02
-5.960000000000000000e+03 1.024000000000000000e+03 1.341600000000000000e+04 -4.000000000000000000e+03 -3.250000000000000000e+02 4.570000000000000000e+02
-5.840000000000000000e+03 1.136000000000000000e+03 1.331200000000000000e+04 -4.000000000000000000e+03 -3.360000000000000000e+02 4.630000000000000000e+02
-5.860000000000000000e+03 1.092000000000000000e+03 1.319600000000000000e+04 -4.000000000000000000e+03 -3.320000000000000000e+02 4.400000000000000000e+02
-5.892000000000000000e+03 1.044000000000000000e+03 1.311200000000000000e+04 -3.968000000000000000e+03 -3.390000000000000000e+02 4.220000000000000000e+02
-5.712000000000000000e+03 9.720000000000000000e+02 1.323200000000000000e+04 -3.968000000000000000e+03 -3.310000000000000000e+02 3.960000000000000000e+02
-5.752000000000000000e+03 9.480000000000000000e+02 1.314800000000000000e+04 -3.952000000000000000e+03 -3.080000000000000000e+02 4.070000000000000000e+02
-5.892000000000000000e+03 9.400000000000000000e+02 1.312400000000000000e+04 -3.968000000000000000e+03 -3.220000000000000000e+02 3.480000000000000000e+02
-6.036000000000000000e+03 9.520000000000000000e+02 1.305600000000000000e+04 -3.984000000000000000e+03 -2.920000000000000000e+02 3.270000000000000000e+02
-6.148000000000000000e+03 1.048000000000000000e+03 1.322000000000000000e+04 -3.984000000000000000e+03 -3.100000000000000000e+02 2.340000000000000000e+02
-6.092000000000000000e+03 1.068000000000000000e+03 1.315200000000000000e+04 -3.984000000000000000e+03 -3.120000000000000000e+02 1.260000000000000000e+02
-6.080000000000000000e+03 8.880000000000000000e+02 1.302000000000000000e+04 -3.968000000000000000e+03 -3.180000000000000000e+02 -5.800000000000000000e+01
-5.960000000000000000e+03 9.680000000000000000e+02 1.296800000000000000e+04 -3.984000000000000000e+03 -2.660000000000000000e+02 -1.730000000000000000e+02
-5.896000000000000000e+03 8.240000000000000000e+02 1.352400000000000000e+04 -3.968000000000000000e+03 -2.590000000000000000e+02 -2.340000000000000000e+02
-5.928000000000000000e+03 9.160000000000000000e+02 1.329200000000000000e+04 -3.984000000000000000e+03 -2.850000000000000000e+02 -2.650000000000000000e+02
-5.952000000000000000e+03 1.036000000000000000e+03 1.320800000000000000e+04 -3.984000000000000000e+03 -2.590000000000000000e+02 -2.270000000000000000e+02
-6.056000000000000000e+03 8.480000000000000000e+02 1.353200000000000000e+04 -3.984000000000000000e+03 -2.700000000000000000e+02 -1.070000000000000000e+02
-5.840000000000000000e+03 1.084000000000000000e+03 1.309200000000000000e+04 -3.984000000000000000e+03 -2.900000000000000000e+02 -7.000000000000000000e+00
-5.728000000000000000e+03 1.040000000000000000e+03 1.292400000000000000e+04 -4.000000000000000000e+03 -2.360000000000000000e+02 6.900000000000000000e+01
-5.692000000000000000e+03 1.056000000000000000e+03 1.300400000000000000e+04 -4.000000000000000000e+03 -2.430000000000000000e+02 1.020000000000000000e+02
-5.804000000000000000e+03 1.012000000000000000e+03 1.313200000000000000e+04 -3.984000000000000000e+03 -2.560000000000000000e+02 2.020000000000000000e+02
-5.848000000000000000e+03 1.056000000000000000e+03 1.324800000000000000e+04 -3.968000000000000000e+03 -2.700000000000000000e+02 2.520000000000000000e+02
-5.824000000000000000e+03 1.052000000000000000e+03 1.327600000000000000e+04 -3.952000000000000000e+03 -2.540000000000000000e+02 2.840000000000000000e+02
