-6.972000000000000000e+03 6.360000000000000000e+02 1.284400000000000000e+04 -4.000000000000000000e+03 -3.190000000000000000e+02 -2.950000000000000000e+02
-6.780000000000000000e+03 7.520000000000000000e+02 1.258400000000000000e+04 -4.016000000000000000e+03 -3.200000000000000000e+02 -4.510000000000000000e+02
-7.212000000000000000e+03 6.640000000000000000e+02 1.233200000000000000e+04 -3.160000000000000000e+02 -3.270000000000000000e+02 -4.750000000000000000e+02
-7.116000000000000000e+03 7.880000000000000000e+02 -4.000000000000000000e+03 -3.984000000000000000e+03 -3.250000000000000000e+02 -4.940000000000000000e+02
-7.360000000000000000e+03 7.440000000000000000e+02 1.254400000000000000e+04 -3.968000000000000000e+03 -3.460000000000000000e+02 -4.620000000000000000e+02
-7.136000000000000000e+03 6.560000000000000000e+02 1.264400000000000000e+04 -3.984000000000000000e+03 -2.980000000000000000e+02 -4.630000000000000000e+02
-7.148000000000000000e+03 1.261200000000000000e+04 1.268800000000000000e+04 -4.000000000000000000e+03 -2.840000000000000000e+02 -4.580000000000000000e+02
-7.032000000000000000e+03 7.200000000000000000e+02 1.266000000000000000e+04 -4.016000000000000000e+03 -3.100000000000000000e+02 -3.990000000000000000e+02
6.400000000000000000e+02 6.960000000000000000e+02 1.274400000000000000e+04 -3.952000000000000000e+03 -2.980000000000000000e+02 -2.910000000000000000e+02
-7.352000000000000000e+03 7.400000000000000000e+02 1.248000000000000000e+04 -3.968000000000000000e+03 -2.940000000000000000e+02 -1.630000000000000000e+02
-7.312000000000000000e+03 6.520000000000000000e+02 1.258000000000000000e+04 -3.984000000000000000e+03 -2.990000000000000000e+02 -3.300000000000000000e+01
-7.408000000000000000e+03 7.640000000000000000e+02 1.281200000000000000e+04 -3.984000000000000000e+03 -3.000000000000000000e+02 6.700000000000000000e+01
-7.472000000000000000e+03 7.440000000000000000e+02 1.267600000000000000e+04 -3.984000000000000000e+03 -2.860000000000000000e+02 2.010000000000000000e+02
-7.364000000000000000e+03 6.960000000000000000e+02 1.232800000000000000e+04 -4.000000000000000000e+03 -3.250000000000000000e+02 3.250000000000000000e+02
-7.276000000000000000e+03 5.960000000000000000e+02 1.238000000000000000e+04 -4.000000000000000000e+03 -2.960000000000000000e+02 4.470000000000000000e+02
-7.384000000000000000e+03 6.720000000000000000e+02 1.248800000000000000e+04 -3.984000000000000000e+03 -3.150000000000000000e+02 6.330000000000000000e+02
-7.436000000000000000e+03 6.280000000000000000e+02 1.264800000000000000e+04 -4.016000000000000000e+03 -2.940000000000000000e+02 7.600000000000000000e+02
-7.204000000000000000e+03 5.760000000000000000e+02 1.260800000000000000e+04 -3.984000000000000000e+03 -3.010000000000000000e+02 8.260000000000000000e+02
-7.160000000000000000e+03 6.120000000000000000e+02 1.266400000000000000e+04 -4.000000000000000000e+03 -2.980000000000000000e+02 8.830000000000000000e+02
-6.788000000000000000e+03 6.480000000000000000e+02 1.252000000000000000e+04 -4.000000000000000000e+03 -3.150000000000000000e+02 8.820000000000000000e+02
-7.016000000000000000e+03 6.240000000000000000e+02 1.256800000000000000e+04 -4.000000000000000000e+03 -3.100000000000000000e+02 7.780000000000000000e+02
-6.984000000000000000e+03 5.960000000000000000e+02 1.255600000000000000e+04 -4.000000000000000000e+03 -3.290000000000000000e+02 6.720000000000000000e+02
-6.796000000000000000e+03 7.320000000000000000e+02 1.283600000000000000e+04 -4.000000000000000000e+03 -3.360000000000000000e+02 5.830000000000000000e+02
-6.856000000000000000e+03 6.960000000000000000e+02 1.268000000000000000e+04 -4.016000000000000000e+03 -3.290000000000000000e+02 4.110000000000000000e+02
-6.740000000000000000e+03 7.760000000000000000e+02 1.263600000000000000e+04 -3.968000000000000000e+03 -3.400000000000000000e+02 3.200000000000000000e+02
-6.760000000000000000e+03 7.360000000000000000e+02 1.268000000000000000e+04 -3.984000000000000000e+03 -3.450000000000000000e+02 1.690000000000000000e+02
-6.772000000000000000e+03 7.240000000000000000e+02 1.263200000000000000e+04 -4.000000000000000000e+03 -3.640000000000000000e+02 9.000000000000000000e+00
-6.920000000000000000e+03 6.400000000000000000e+02 1.260000000000000000e+04 -3.984000000000000000e+03 -3.590000000000000000e+02 -1.260000000000000000e+02
-6.728000000000000000e+03 6.560000000000000000e+02 1.257200000000000000e+04 -4.000000000000000000e+03 -3.450000000000000000e+02 -2.710000000000000000e+02
-6.800000000000000000e+03 6.560000000000000000e+02 1.253200000000000000e+04 -3.984000000000000000e+03 -3.230000000000000000e+02 -3.810000000000000000e+02
-6.884000000000000000e+03 6.880000000000000000e+02 1.265200000000000000e+04 -4.000000000000000000e+03 -2.990000000000000000e+02 -4.710000000000000000e+02
-6.708000000000000000e+03 6.960000000000000000e+02 1.266000000000000000e+04 -3.984000000000000000e+03 -3.140000000000000000e+02 -5.080000000000000000e+02
-6.916000000000000000e+03 7.200000000000000000e+02 1.277600000000000000e+04 -4.000000000000000000e+03 -3.050000000000000000e+02 -5.760000000000000000e+02
-7.000000000000000000e+03 5.560000000000000000e+02 1.256400000000000000e+04 -3.952000000000000000e+03 -2.920000000000000000e+02 -6.200000000000000000e+02
-7.048000000000000000e+03 5.120000000000000000e+02 1.253600000000000000e+04 -4.000000000000000000e+03 -3.030000000000000000e+02 -6.800000000000000000e+02
-7.240000000000000000e+03 5.680000000000000000e+02 1.280400000000000000e+04 -3.984000000000000000e+03 -2.790000000000000000e+02 -6.490000000000000000e+02
-7.360000000000000000e+03 6.240000000000000000e+02 1.267600000000000000e+04 -4.000000000000000000e+03 -2.940000000000000000e+02 -6.580000000000000000e+02
-7.344000000000000000e+03 7.040000000000000000e+02 1.262000000000000000e+04 -4.016000000000000000e+03 -3.070000000000000000e+02 -6.010000000000000000e+02
-7.272000000000000000e+03 6.160000000000000000e+02 1.264800000000000000e+04 -3.968000000000000000e+03 -3.080000000000000000e+02 -5.820000000000000000e+02
-7.220000000000000000e+03 5.880000000000000000e+02 1.248400000000000000e+04 -4.000000000000000000e+03 -2.800000000000000000e+02 -5.380000000000000000e+02
-7.428000000000000000e+03 6.840000000000000000e+02 1.254400000000000000e+04 -3.984000000000000000e+03 -3.130000000000000000e+02 -4.630000000000000000e+02
-7.380000000000000000e+03 6.320000000000000000e+02 1.262800000000000000e+04 -3.984000000000000000e+03 -3.150000000000000000e+02 -3.680000000000000000e+02
-7.448000000000000000e+03 6.520000000000000000e+02 1.265600000000000000e+04 -4.000000000000000000e+03 -2.820000000000000000e+02 -2.390000000000000000e+02
-7.352000000000000000e+03 6.040000000000000000e+02 1.259200000000000000e+04 -4.000000000000000000e+03 -2.360000000000000000e+02 -1.500000000000000000e+02
-6.872000000000000000e+03 7.040000000000000000e+02 1.288400000000000000e+04 -4.016000000000000000e+03 -2.380000000000000000e+02 -5.600000000000000000e+01
-7.408000000000000000e+03 6.840000000000000000e+02 1.288800000000000000e+04 -3.984000000000000000e+03 -2.080000000000000000e+02 6.000000000000000000e+00
-7.100000000000000000e+03 6.920000000000000000e+02 1.254400000000000000e+04 -3.968000000000000000e+03 -1.830000000000000000e+02 6.300000000000000000e+01
-7.252000000000000000e+03 7.560000000000000000e+02 1.262800000000000000e+04 -4.000000000000000000e+03 -1.750000000000000000e+02 6.500000000000000000e+01
-7.044000000000000000e+03 6.400000000000000000e+02 1.288800000000000000e+04 -4.000000000000000000e+03 -1.630000000000000000e+02 1.430000000000000000e+02
-7.056000000000000000e+03 6.400000000000000000e+02 1.280800000000000000e+04 -4.016000000000000000e+03 -1.530000000000000000e+02 1.780000000000000000e+02
-7.020000000000000000e+03 6.800000000000000000e+02 1.265600000000000000e+04 -3.984000000000000000e+03 -1.370000000000000000e+02 1.700000000000000000e+02
-6.940000000000000000e+03 6.360000000000000000e+02 1.278000000000000000e+04 -4.000000000000000000e+03 -1.130000000000000000e+02 1.800000000000000000e+02
-6.816000000000000000e+03 7.160000000000000000e+02 1.274800000000000000e+04 -4.016000000000000000e+03 -8.900000000000000000e+01 1.400000000000000000e+02
-6.916000000000000000e+03 6.680000000000000000e+02 1.278000000000000000e+04 -4.016000000000000000e+03 -1.110000000000000000e+02 6.800000000000000000e+01
-6.620000000000000000e+03 7.240000000000000000e+02 1.282000000000000000e+04 -3.984000000000000000e+03 -1.110000000000000000e+02 5.700000000000000000e+01
-6.580000000000000000e+03 7.800000000000000000e+02 1.283200000000000000e+04 -4.000000000000000000e+03 -1.470000000000000000e+02 2.200000000000000000e+01
-6.440000000000000000e+03 6.920000000000000000e+02 1.273200000000000000e+04 -4.016000000000000000e+03 -1.290000000000000000e+02 -3.000000000000000000e+00
-6.436000000000000000e+03 7.640000000000000000e+02 1.298000000000000000e+04 -4.000000000000000000e+03 -1.430000000000000000e+02 -2.200000000000000000e+01
-6.488000000000000000e+03 8.560000000000000000e+02 1.300400000000000000e+04 -3.984000000000000000e+03 -1.550000000000000000e+02 -3.300000000000000000e+01
-6.308000000000000000e+03 8.440000000000000000e+02 1.300000000000000000e+04 -4.000000000000000000e+03 -1.590000000000000000e+02 -3.800000000000000000e+01
-6.512000000000000000e+03 9.240000000000000000e+02 1.312000000000000000e+04 -3.984000000000000000e+03 -1.590000000000000000e+02 -8.000000000000000000e+00
-6.440000000000000000e+03 8.760000000000000000e+02 1.304800000000000000e+04 -3.968000000000000000e+03 -1.670000000000000000e+02 2.300000000000000000e+01
-6.384000000000000000e+03 8.640000000000000000e+02 1.292800000000000000e+04 -3.984000000000000000e+03 -1.870000000000000000e+02 5.000000000000000000e+01
-6.416000000000000000e+03 8.280000000000000000e+02 1.296400000000000000e+04 -3.968000000000000000e+03 -2.070000000000000000e+02 1.550000000000000000e+02
-6.532000000000000000e+03 8.360000000000000000e+02 1.292800000000000000e+04 -3.968000000000000000e+03 -1.950000000000000000e+02 2.130000000000000000e+02
-6.452000000000000000e+03 9.600000000000000000e+02 1.304800000000000000e+04 -3.984000000000000000e+03 -2.060000000000000000e+02 3.100000000000000000e+02
-6.380000000000000000e+03 8.760000000000000000e+02 1.319600000000000000e+04 -4.000000000000000000e+03 -2.310000000000000000e+02 4.050000000000000000e+02
-6.416000000000000000e+03 8.920000000000000000e+02 1.301200000000000000e+04 -3.952000000000000000e+03 -2.430000000000000000e+02 4.510000000000000000e+02
-6.428000000000000000e+03 9.360000000000000000e+02 1.302000000000000000e+04 -4.000000000000000000e+03 -2.630000000000000000e+02 4.730000000000000000e+02
