-3.328000000000000000e+03 1.168000000000000000e+03 1.395600000000000000e+04 -3.856000000000000000e+03 -1.370000000000000000e+02 9.200000000000000000e+01
-3.356000000000000000e+03 1.128000000000000000e+03 1.396800000000000000e+04 -3.888000000000000000e+03 -1.620000000000000000e+02 7.000000000000000000e+01
-3.372000000000000000e+03 1.204000000000000000e+03 1.410000000000000000e+04 -3.888000000000000000e+03 -1.760000000000000000e+02 8.100000000000000000e+01
-3.240000000000000000e+03 1.220000000000000000e+03 1.411600000000000000e+04 -3.888000000000000000e+03 -1.700000000000000000e+02 1.000000000000000000e+02
-3.172000000000000000e+03 1.204000000000000000e+03 1.422800000000000000e+04 -3.920000000000000000e+03 -1.630000000000000000e+02 1.030000000000000000e+02
-3.276000000000000000e+03 1.284000000000000000e+03 1.422000000000000000e+04 -3.888000000000000000e+03 -1.900000000000000000e+02 1.290000000000000000e+02
-3.208000000000000000e+03 1.280000000000000000e+03 1.404800000000000000e+04 -3.888000000000000000e+03 -1.760000000000000000e+02 1.230000000000000000e+02
-2.960000000000000000e+03 1.428000000000000000e+03 1.410000000000000000e+04 -3.888000000000000000e+03 -1.880000000000000000e+02 1.320000000000000000e+02
-3.016000000000000000e+03 1.512000000000000000e+03 1.404400000000000000e+04 -3.888000000000000000e+03 -2.150000000000000000e+02 1.320000000000000000e+02
-2.908000000000000000e+03 1.340000000000000000e+03 1.412800000000000000e+04 -3.888000000000000000e+03 -2.400000000000000000e+02 1.350000000000000000e+02
-3.000000000000000000e+03 1.396000000000000000e+03 1.407200000000000000e+04 -3.888000000000000000e+03 -2.530000000000000000e+02 1.350000000000000000e+02
-2.888000000000000000e+03 1.440000000000000000e+03 1.406400000000000000e+04 -3.904000000000000000e+03 -2.780000000000000000e+02 1.650000000000000000e+02
-2.972000000000000000e+03 1.388000000000000000e+03 1.414400000000000000e+04 -3.920000000000000000e+03 -2.910000000000000000e+02 1.700000000000000000e+02
-3.064000000000000000e+03 1.464000000000000000e+03 1.425200000000000000e+04 -3.904000000000000000e+03 -2.870000000000000000e+02 1.850000000000000000e+02
-3.080000000000000000e+03 1.492000000000000000e+03 1.406800000000000000e+04 -3.904000000000000000e+03 -2.960000000000000000e+02 1.900000000000000000e+02
-3.040000000000000000e+03 1.464000000000000000e+03 1.408800000000000000e+04 -3.904000000000000000e+03 -3.050000000000000000e+02 1.990000000000000000e+02
-3.100000000000000000e+03 1.564000000000000000e+03 1.407200000000000000e+04 -3.904000000000000000e+03 -2.650000000000000000e+02 2.000000000000000000e+02
-3.120000000000000000e+03 1.588000000000000000e+03 1.408000000000000000e+04 -3.936000000000000000e+03 -2.950000000000000000e+02 1.800000000000000000e+02
-3.092000000000000000e+03 1.524000000000000000e+03 1.421200000000000000e+04 -3.872000000000000000e+03 -2.890000000000000000e+02 9.600000000000000000e+01
-3.044000000000000000e+03 1.508000000000000000e+03 1.410800000000000000e+04 -3.904000000000000000e+03 -3.090000000000000000e+02 8.500000000000000000e+01
-3.136000000000000000e+03 1.424000000000000000e+03 1.415600000000000000e+04 -3.904000000000000000e+03 -3.040000000000000000e+02 6.000000000000000000e+01
-3.096000000000000000e+03 1.620000000000000000e+03 1.416800000000000000e+04 -3.904000000000000000e+03 -2.980000000000000000e+02 7.100000000000000000e+01
-3.200000000000000000e+03 1.528000000000000000e+03 1.398800000000000000e+04 -3.904000000000000000e+03 -2.970000000000000000e+02 1.170000000000000000e+02
-3.240000000000000000e+03 1.576000000000000000e+03 1.408400000000000000e+04 -3.904000000000000000e+03 -2.910000000000000000e+02 2.090000000000000000e+02
-3.160000000000000000e+03 1.592000000000000000e+03 1.411200000000000000e+04 -3.872000000000000000e+03 -2.870000000000000000e+02 2.770000000000000000e+02
-3.164000000000000000e+03 1.632000000000000000e+03 1.435200000000000000e+04 -3.904000000000000000e+03 -2.800000000000000000e+02 2.910000000000000000e+02
-3.116000000000000000e+03 1.500000000000000000e+03 1.419600000000000000e+04 -3.904000000000000000e+03 -2.920000000000000000e+02 3.220000000000000000e+02
-3.156000000000000000e+03 1.552000000000000000e+03 1.395600000000000000e+04 -3.872000000000000000e+03 -3.090000000000000000e+02 2.780000000000000000e+02
-3.112000000000000000e+03 1.648000000000000000e+03 1.405200000000000000e+04 -3.904000000000000000e+03 -3.140000000000000000e+02 2.420000000000000000e+02
-3.064000000000000000e+03 1.600000000000000000e+03 1.407600000000000000e+04 -3.888000000000000000e+03 -3.440000000000000000e+02 2.100000000000000000e+02
-3.072000000000000000e+03 1.516000000000000000e+03 1.418400000000000000e+04 -3.904000000000000000e+03 -3.490000000000000000e+02 1.940000000000000000e+02
-3.160000000000000000e+03 1.624000000000000000e+03 1.400000000000000000e+04 -3.888000000000000000e+03 -3.120000000000000000e+02 7.700000000000000000e+01
-3.024000000000000000e+03 1.608000000000000000e+03 1.414000000000000000e+04 -3.904000000000000000e+03 -3.340000000000000000e+02 4.600000000000000000e+01
-2.948000000000000000e+03 1.524000000000000000e+03 1.417200000000000000e+04 -3.904000000000000000e+03 -3.300000000000000000e+02 -2.000000000000000000e+00
-3.076000000000000000e+03 1.448000000000000000e+03 1.412400000000000000e+04 -3.904000000000000000e+03 -3.440000000000000000e+02 2.900000000000000000e+01
-3.168000000000000000e+03 1.664000000000000000e+03 1.399600000000000000e+04 -3.904000000000000000e+03 -3.570000000000000000e+02 5.400000000000000000e+01
-3.092000000000000000e+03 1.552000000000000000e+03 1.401600000000000000e+04 -3.840000000000000000e+03 -3.280000000000000000e+02 1.120000000000000000e+02
-3.080000000000000000e+03 1.508000000000000000e+03 1.393200000000000000e+04 -3.904000000000000000e+03 -3.420000000000000000e+02 1.500000000000000000e+02
-3.084000000000000000e+03 1.532000000000000000e+03 1.408400000000000000e+04 -3.904000000000000000e+03 -3.330000000000000000e+02 1.850000000000000000e+02
-3.104000000000000000e+03 1.480000000000000000e+03 1.412000000000000000e+04 -3.872000000000000000e+03 -3.340000000000000000e+02 2.230000000000000000e+02
-3.104000000000000000e+03 1.520000000000000000e+03 1.412400000000000000e+04 -3.904000000000000000e+03 -3.340000000000000000e+02 2.730000000000000000e+02
-3.104000000000000000e+03 1.604000000000000000e+03 1.409200000000000000e+04 -3.936000000000000000e+03 -3.260000000000000000e+02 2.870000000000000000e+02
-3.144000000000000000e+03 1.532000000000000000e+03 1.404400000000000000e+04 -3.888000000000000000e+03 -3.470000000000000000e+02 2.880000000000000000e+02
-2.828000000000000000e+03 1.532000000000000000e+03 1.408800000000000000e+04 -3.872000000000000000e+03 -3.620000000000000000e+02 3.340000000000000000e+02
-2.964000000000000000e+03 1.588000000000000000e+03 1.418800000000000000e+04 -3.856000000000000000e+03 -3.540000000000000000e+02 4.680000000000000000e+02
-3.184000000000000000e+03 1.556000000000000000e+03 1.422000000000000000e+04 -3.904000000000000000e+03 -3.640000000000000000e+02 5.690000000000000000e+02
-3.168000000000000000e+03 1.628000000000000000e+03 1.419200000000000000e+04 -3.888000000000000000e+03 -3.540000000000000000e+02 5.690000000000000000e+02
-3.096000000000000000e+03 1.552000000000000000e+03 1.402400000000000000e+04 -3.888000000000000000e+03 -3.570000000000000000e+02 4.980000000000000000e+02
-3.044000000000000000e+03 1.556000000000000000e+03 1.412000000000000000e+04 -3.920000000000000000e+03 -3.760000000000000000e+02 4.000000000000000000e+02
-3.092000000000000000e+03 1.576000000000000000e+03 1.396000000000000000e+04 -3.888000000000000000e+03 -3.600000000000000000e+02 3.750000000000000000e+02
-3.248000000000000000e+03 1.596000000000000000e+03 1.396000000000000000e+04 -3.920000000000000000e+03 -3.380000000000000000e+02 3.330000000000000000e+02
-3.160000000000000000e+03 1.588000000000000000e+03 1.388800000000000000e+04 -3.920000000000000000e+03 -3.350000000000000000e+02 2.480000000000000000e+02
-3.024000000000000000e+03 1.492000000000000000e+03 1.393600000000000000e+04 -3.920000000000000000e+03 -3.060000000000000000e+02 1.610000000000000000e+02
-3.124000000000000000e+03 1.440000000000000000e+03 1.395600000000000000e+04 -3.920000000000000000e+03 -2.910000000000000000e+02 -9.000000000000000000e+00
-3.168000000000000000e+03 1.532000000000000000e+03 1.398400000000000000e+04 -3.920000000000000000e+03 -2.770000000000000000e+02 -1.700000000000000000e+02
-3.160000000000000000e+03 1.560000000000000000e+03 1.414000000000000000e+04 -3.920000000000000000e+03 -2.950000000000000000e+02 -2.770000000000000000e+02
-3.216000000000000000e+03 1.476000000000000000e+03 1.422000000000000000e+04 -3.888000000000000000e+03 -2.400000000000000000e+02 -2.330000000000000000e+02
-3.136000000000000000e+03 1.560000000000000000e+03 1.407200000000000000e+04 -3.888000000000000000e+03 -2.690000000000000000e+02 -7.800000000000000000e+01
