8.440000000000000000e+02 1.908000000000000000e+03 1.442000000000000000e+04 -4.128000000000000000e+03 -2.700000000000000000e+02 1.140000000000000000e+02
7.960000000000000000e+02 1.968000000000000000e+03 1.452400000000000000e+04 -4.128000000000000000e+03 -2.870000000000000000e+02 8.600000000000000000e+01
8.640000000000000000e+02 1.952000000000000000e+03 1.448000000000000000e+04 -4.160000000000000000e+03 -2.780000000000000000e+02 1.260000000000000000e+02
9.200000000000000000e+02 1.972000000000000000e+03 1.447600000000000000e+04 -4.112000000000000000e+03 -2.720000000000000000e+02 1.430000000000000000e+02
7.600000000000000000e+02 1.924000000000000000e+03 1.447600000000000000e+04 -4.160000000000000000e+03 -2.930000000000000000e+02 1.330000000000000000e+02
7.680000000000000000e+02 1.956000000000000000e+03 1.449600000000000000e+04 -4.144000000000000000e+03 -2.790000000000000000e+02 1.180000000000000000e+02
8.240000000000000000e+02 1.916000000000000000e+03 1.456400000000000000e+04 -4.144000000000000000e+03 -2.680000000000000000e+02 1.390000000000000000e+02
6.920000000000000000e+02 1.884000000000000000e+03 1.470000000000000000e+04 -4.128000000000000000e+03 -2.620000000000000000e+02 1.800000000000000000e+02
7.640000000000000000e+02 1.888000000000000000e+03 1.454000000000000000e+04 -4.112000000000000000e+03 -2.900000000000000000e+02 1.660000000000000000e+02
7.680000000000000000e+02 2.008000000000000000e+03 1.446800000000000000e+04 -4.128000000000000000e+03 -2.450000000000000000e+02 1.940000000000000000e+02
6.520000000000000000e+02 1.980000000000000000e+03 1.461200000000000000e+04 -4.144000000000000000e+03 -2.610000000000000000e+02 2.300000000000000000e+02
7.600000000000000000e+02 2.020000000000000000e+03 1.443600000000000000e+04 -4.096000000000000000e+03 -2.410000000000000000e+02 1.820000000000000000e+02
6.080000000000000000e+02 1.964000000000000000e+03 1.436000000000000000e+04 -4.128000000000000000e+03 -2.600000000000000000e+02 1.750000000000000000e+02
6.520000000000000000e+02 1.988000000000000000e+03 1.455200000000000000e+04 -4.144000000000000000e+03 -2.990000000000000000e+02 1.430000000000000000e+02
8.160000000000000000e+02 1.984000000000000000e+03 1.448800000000000000e+04 -4.144000000000000000e+03 -3.100000000000000000e+02 1.200000000000000000e+02
7.720000000000000000e+02 2.004000000000000000e+03 1.432000000000000000e+04 -4.144000000000000000e+03 -2.860000000000000000e+02 1.520000000000000000e+02
8.040000000000000000e+02 1.880000000000000000e+03 1.443600000000000000e+04 -4.112000000000000000e+03 -2.730000000000000000e+02 1.100000000000000000e+02
9.920000000000000000e+02 1.968000000000000000e+03 1.447600000000000000e+04 -4.144000000000000000e+03 -2.930000000000000000e+02 1.250000000000000000e+02
9.040000000000000000e+02 1.904000000000000000e+03 1.431200000000000000e+04 -4.160000000000000000e+03 -2.780000000000000000e+02 1.040000000000000000e+02
9.640000000000000000e+02 1.928000000000000000e+03 1.451600000000000000e+04 -4.160000000000000000e+03 -2.740000000000000000e+02 1.470000000000000000e+02
7.880000000000000000e+02 1.940000000000000000e+03 1.452800000000000000e+04 -4.128000000000000000e+03 -2.690000000000000000e+02 1.540000000000000000e+02
9.320000000000000000e+02 1.916000000000000000e+03 1.448400000000000000e+04 -4.144000000000000000e+03 -2.570000000000000000e+02 1.590000000000000000e+02
7.920000000000000000e+02 2.000000000000000000e+03 1.438400000000000000e+04 -4.160000000000000000e+03 -2.860000000000000000e+02 2.170000000000000000e+02
7.960000000000000000e+02 1.864000000000000000e+03 1.443600000000000000e+04 -4.096000000000000000e+03 -2.860000000000000000e+02 2.330000000000000000e+02
8.760000000000000000e+02 1.936000000000000000e+03 1.445200000000000000e+04 -4.144000000000000000e+03 -2.710000000000000000e+02 2.120000000000000000e+02
7.520000000000000000e+02 1.904000000000000000e+03 1.448800000000000000e+04 -4.144000000000000000e+03 -2.660000000000000000e+02 2.090000000000000000e+02
8.640000000000000000e+02 1.988000000000000000e+03 1.456400000000000000e+04 -4.176000000000000000e+03 -2.600000000000000000e+02 1.800000000000000000e+02
7.160000000000000000e+02 2.052000000000000000e+03 1.426800000000000000e+04 -4.144000000000000000e+03 -2.610000000000000000e+02 1.650000000000000000e+02
9.080000000000000000e+02 2.008000000000000000e+03 1.420400000000000000e+04 -4.144000000000000000e+03 -2.470000000000000000e+02 1.480000000000000000e+02
8.920000000000000000e+02 1.916000000000000000e+03 1.450400000000000000e+04 -4.128000000000000000e+03 -2.990000000000000000e+02 1.270000000000000000e+02
9.720000000000000000e+02 1.880000000000000000e+03 1.451200000000000000e+04 -4.096000000000000000e+03 -2.620000000000000000e+02 1.260000000000000000e+02
8.760000000000000000e+02 1.940000000000000000e+03 1.434000000000000000e+04 -4.096000000000000000e+03 -2.760000000000000000e+02 1.290000000000000000e+02
6.400000000000000000e+02 1.944000000000000000e+03 1.452000000000000000e+04 -4.144000000000000000e+03 -2.730000000000000000e+02 1.380000000000000000e+02
9.200000000000000000e+02 2.004000000000000000e+03 1.445600000000000000e+04 -4.144000000000000000e+03 -2.740000000000000000e+02 1.500000000000000000e+02
9.280000000000000000e+02 1.956000000000000000e+03 1.447200000000000000e+04 -4.112000000000000000e+03 -2.680000000000000000e+02 1.900000000000000000e+02
8.720000000000000000e+02 1.844000000000000000e+03 1.436000000000000000e+04 -4.144000000000000000e+03 -2.820000000000000000e+02 1.880000000000000000e+02
9.200000000000000000e+02 2.004000000000000000e+03 1.450400000000000000e+04 -4.128000000000000000e+03 -2.790000000000000000e+02 1.840000000000000000e+02
7.840000000000000000e+02 2.052000000000000000e+03 1.454800000000000000e+04 -4.096000000000000000e+03 -2.860000000000000000e+02 2.200000000000000000e+02
7.640000000000000000e+02 1.992000000000000000e+03 1.446000000000000000e+04 -4.144000000000000000e+03 -2.950000000000000000e+02 2.030000000000000000e+02
8.160000000000000000e+02 1.956000000000000000e+03 1.441200000000000000e+04 -4.144000000000000000e+03 -2.720000000000000000e+02 1.960000000000000000e+02
7.840000000000000000e+02 1.928000000000000000e+03 1.443200000000000000e+04 -4.176000000000000000e+03 -2.770000000000000000e+02 1.870000000000000000e+02
7.760000000000000000e+02 1.892000000000000000e+03 1.427200000000000000e+04 -4.176000000000000000e+03 -2.640000000000000000e+02 1.680000000000000000e+02
8.120000000000000000e+02 1.924000000000000000e+03 1.448400000000000000e+04 -4.112000000000000000e+03 -2.810000000000000000e+02 1.100000000000000000e+02
6.880000000000000000e+02 2.016000000000000000e+03 1.452800000000000000e+04 -4.128000000000000000e+03 -2.880000000000000000e+02 1.040000000000000000e+02
7.360000000000000000e+02 1.944000000000000000e+03 1.463200000000000000e+04 -4.160000000000000000e+03 -2.880000000000000000e+02 1.470000000000000000e+02
7.920000000000000000e+02 1.912000000000000000e+03 1.440000000000000000e+04 -4.160000000000000000e+03 -2.860000000000000000e+02 1.480000000000000000e+02
8.680000000000000000e+02 1.892000000000000000e+03 1.447200000000000000e+04 -4.144000000000000000e+03 -2.610000000000000000e+02 1.600000000000000000e+02
8.280000000000000000e+02 1.984000000000000000e+03 1.446400000000000000e+04 -4.112000000000000000e+03 -2.910000000000000000e+02 1.540000000000000000e+02
8.760000000000000000e+02 1.896000000000000000e+03 1.453200000000000000e+04 -4.112000000000000000e+03 -2.760000000000000000e+02 1.620000000000000000e+02
7.840000000000000000e+02 1.956000000000000000e+03 1.464400000000000000e+04 -4.112000000000000000e+03 -2.910000000000000000e+02 1.530000000000000000e+02
9.120000000000000000e+02 2.008000000000000000e+03 1.437600000000000000e+04 -4.128000000000000000e+03 -2.690000000000000000e+02 1.730000000000000000e+02
8.920000000000000000e+02 1.980000000000000000e+03 1.449600000000000000e+04 -4.160000000000000000e+03 -2.830000000000000000e+02 1.660000000000000000e+02
