5.476000000000000000e+03 3.164000000000000000e+03 1.373600000000000000e+04 -4.016000000000000000e+03 -4.540000000000000000e+02 2.390000000000000000e+02
5.620000000000000000e+03 3.148000000000000000e+03 1.354400000000000000e+04 -4.032000000000000000e+03 -4.460000000000000000e+02 1.280000000000000000e+02
5.748000000000000000e+03 3.112000000000000000e+03 1.357200000000000000e+04 -4.048000000000000000e+03 -4.180000000000000000e+02 9.100000000000000000e+01
5.708000000000000000e+03 3.168000000000000000e+03 1.374000000000000000e+04 -4.048000000000000000e+03 -4.150000000000000000e+02 1.200000000000000000e+02
5.508000000000000000e+03 3.088000000000000000e+03 1.361600000000000000e+04 -4.016000000000000000e+03 -3.780000000000000000e+02 1.750000000000000000e+02
5.608000000000000000e+03 3.116000000000000000e+03 1.352000000000000000e+04 -4.032000000000000000e+03 -3.490000000000000000e+02 1.580000000000000000e+02
5.428000000000000000e+03 3.148000000000000000e+03 1.355200000000000000e+04 -4.032000000000000000e+03 -3.250000000000000000e+02 2.050000000000000000e+02
5.508000000000000000e+03 3.136000000000000000e+03 1.363600000000000000e+04 -4.048000000000000000e+03 -3.110000000000000000e+02 2.330000000000000000e+02
5.680000000000000000e+03 3.204000000000000000e+03 1.369600000000000000e+04 -4.048000000000000000e+03 -3.090000000000000000e+02 3.090000000000000000e+02
5.504000000000000000e+03 3.160000000000000000e+03 1.376400000000000000e+04 -4.032000000000000000e+03 -3.220000000000000000e+02 3.340000000000000000e+02
5.396000000000000000e+03 3.096000000000000000e+03 1.381600000000000000e+04 -4.048000000000000000e+03 -3.710000000000000000e+02 3.100000000000000000e+02
5.560000000000000000e+03 3.100000000000000000e+03 1.352800000000000000e+04 -4.032000000000000000e+03 -3.140000000000000000e+02 3.180000000000000000e+02
5.556000000000000000e+03 3.220000000000000000e+03 1.327200000000000000e+04 -4.048000000000000000e+03 -3.130000000000000000e+02 4.230000000000000000e+02
5.700000000000000000e+03 3.232000000000000000e+03 1.354800000000000000e+04 -4.048000000000000000e+03 -2.990000000000000000e+02 4.980000000000000000e+02
5.572000000000000000e+03 3.020000000000000000e+03 1.359600000000000000e+04 -4.064000000000000000e+03 -2.630000000000000000e+02 5.010000000000000000e+02
5.600000000000000000e+03 3.080000000000000000e+03 1.366800000000000000e+04 -4.064000000000000000e+03 -2.650000000000000000e+02 5.230000000000000000e+02
5.388000000000000000e+03 2.836000000000000000e+03 1.352000000000000000e+04 -4.048000000000000000e+03 -2.870000000000000000e+02 4.910000000000000000e+02
5.724000000000000000e+03 3.064000000000000000e+03 1.332800000000000000e+04 -4.032000000000000000e+03 -2.870000000000000000e+02 4.910000000000000000e+02
5.704000000000000000e+03 3.044000000000000000e+03 1.326000000000000000e+04 -4.016000000000000000e+03 -2.890000000000000000e+02 4.090000000000000000e+02
5.680000000000000000e+03 3.092000000000000000e+03 1.346000000000000000e+04 -4.032000000000000000e+03 -2.600000000000000000e+02 2.860000000000000000e+02
5.676000000000000000e+03 3.108000000000000000e+03 1.347200000000000000e+04 -4.048000000000000000e+03 -3.040000000000000000e+02 2.150000000000000000e+02
5.728000000000000000e+03 3.156000000000000000e+03 1.354000000000000000e+04 -4.032000000000000000e+03 -2.980000000000000000e+02 1.850000000000000000e+02
5.640000000000000000e+03 3.080000000000000000e+03 1.355200000000000000e+04 -4.048000000000000000e+03 -3.330000000000000000e+02 2.380000000000000000e+02
5.904000000000000000e+03 3.024000000000000000e+03 1.342800000000000000e+04 -4.016000000000000000e+03 -2.990000000000000000e+02 2.330000000000000000e+02
5.800000000000000000e+03 3.040000000000000000e+03 1.330400000000000000e+04 -4.032000000000000000e+03 -2.820000000000000000e+02 1.600000000000000000e+02
5.656000000000000000e+03 2.968000000000000000e+03 1.343200000000000000e+04 -4.048000000000000000e+03 -2.750000000000000000e+02 5.200000000000000000e+01
5.820000000000000000e+03 2.944000000000000000e+03 1.348800000000000000e+04 -4.032000000000000000e+03 -2.600000000000000000e+02 -7.600000000000000000e+01
5.684000000000000000e+03 2.892000000000000000e+03 1.382800000000000000e+04 -4.048000000000000000e+03 -3.040000000000000000e+02 -1.480000000000000000e+02
5.512000000000000000e+03 3.044000000000000000e+03 1.364800000000000000e+04 -4.016000000000000000e+03 -3.060000000000000000e+02 -1.640000000000000000e+02
5.304000000000000000e+03 2.904000000000000000e+03 1.373600000000000000e+04 -4.032000000000000000e+03 -3.160000000000000000e+02 -2.810000000000000000e+02
5.392000000000000000e+03 3.148000000000000000e+03 1.347600000000000000e+04 -4.016000000000000000e+03 -3.290000000000000000e+02 -2.720000000000000000e+02
5.456000000000000000e+03 3.104000000000000000e+03 1.354000000000000000e+04 -4.048000000000000000e+03 -3.260000000000000000e+02 -2.500000000000000000e+02
5.440000000000000000e+03 3.276000000000000000e+03 1.327200000000000000e+04 -4.032000000000000000e+03 -2.780000000000000000e+02 -1.820000000000000000e+02
5.272000000000000000e+03 3.032000000000000000e+03 1.330400000000000000e+04 -4.048000000000000000e+03 -2.700000000000000000e+02 -1.050000000000000000e+02
5.332000000000000000e+03 2.860000000000000000e+03 1.364000000000000000e+04 -4.032000000000000000e+03 -2.840000000000000000e+02 1.300000000000000000e+01
5.176000000000000000e+03 2.800000000000000000e+03 1.367200000000000000e+04 -4.064000000000000000e+03 -2.310000000000000000e+02 4.300000000000000000e+01
5.288000000000000000e+03 2.740000000000000000e+03 1.350800000000000000e+04 -4.048000000000000000e+03 -2.390000000000000000e+02 1.070000000000000000e+02
5.208000000000000000e+03 2.788000000000000000e+03 1.347200000000000000e+04 -4.032000000000000000e+03 -2.360000000000000000e+02 1.720000000000000000e+02
5.508000000000000000e+03 3.148000000000000000e+03 1.349200000000000000e+04 -4.032000000000000000e+03 -2.690000000000000000e+02 1.900000000000000000e+02
5.504000000000000000e+03 3.248000000000000000e+03 1.350000000000000000e+04 -4.048000000000000000e+03 -2.730000000000000000e+02 1.750000000000000000e+02
5.568000000000000000e+03 3.232000000000000000e+03 1.352400000000000000e+04 -4.032000000000000000e+03 -2.610000000000000000e+02 1.970000000000000000e+02
5.532000000000000000e+03 3.120000000000000000e+03 1.369600000000000000e+04 -4.048000000000000000e+03 -2.690000000000000000e+02 2.890000000000000000e+02
5.440000000000000000e+03 3.132000000000000000e+03 1.348000000000000000e+04 -4.048000000000000000e+03 -2.850000000000000000e+02 3.610000000000000000e+02
5.476000000000000000e+03 3.020000000000000000e+03 1.345600000000000000e+04 -4.080000000000000000e+03 -2.740000000000000000e+02 4.630000000000000000e+02
5.488000000000000000e+03 2.932000000000000000e+03 1.370800000000000000e+04 -4.064000000000000000e+03 -2.760000000000000000e+02 5.110000000000000000e+02
5.368000000000000000e+03 2.812000000000000000e+03 1.376000000000000000e+04 -4.032000000000000000e+03 -2.950000000000000000e+02 6.190000000000000000e+02
5.356000000000000000e+03 2.872000000000000000e+03 1.375600000000000000e+04 -4.032000000000000000e+03 -3.020000000000000000e+02 6.100000000000000000e+02
5.228000000000000000e+03 2.848000000000000000e+03 1.358000000000000000e+04 -4.064000000000000000e+03 -3.220000000000000000e+02 5.990000000000000000e+02
5.272000000000000000e+03 2.928000000000000000e+03 1.367200000000000000e+04 -4.016000000000000000e+03 -3.250000000000000000e+02 5.920000000000000000e+02
5.188000000000000000e+03 2.988000000000000000e+03 1.367600000000000000e+04 -4.048000000000000000e+03 -3.560000000000000000e+02 5.190000000000000000e+02
