-3.732000000000000000e+03 1.836000000000000000e+03 1.480400000000000000e+04 -4.240000000000000000e+03 6.200000000000000000e+01 -1.864000000000000000e+03
-4.028000000000000000e+03 1.924000000000000000e+03 1.464800000000000000e+04 -4.224000000000000000e+03 2.000000000000000000e+01 -2.059000000000000000e+03
-3.688000000000000000e+03 1.776000000000000000e+03 1.454400000000000000e+04 -4.192000000000000000e+03 -9.800000000000000000e+01 -2.205000000000000000e+03
-3.692000000000000000e+03 1.768000000000000000e+03 1.401200000000000000e+04 -4.256000000000000000e+03 -1.610000000000000000e+02 -2.136000000000000000e+03
-3.148000000000000000e+03 1.516000000000000000e+03 1.337200000000000000e+04 -4.256000000000000000e+03 -1.420000000000000000e+02 -1.732000000000000000e+03
-2.872000000000000000e+03 1.484000000000000000e+03 1.404000000000000000e+04 -4.240000000000000000e+03 -2.120000000000000000e+02 -1.338000000000000000e+03
-2.576000000000000000e+03 1.284000000000000000e+03 1.422800000000000000e+04 -4.224000000000000000e+03 -2.900000000000000000e+02 -8.850000000000000000e+02
-2.308000000000000000e+03 1.620000000000000000e+03 1.470000000000000000e+04 -4.224000000000000000e+03 -2.780000000000000000e+02 -3.960000000000000000e+02
-1.904000000000000000e+03 1.352000000000000000e+03 1.456800000000000000e+04 -4.224000000000000000e+03 -4.960000000000000000e+02 5.100000000000000000e+01
-2.400000000000000000e+03 1.428000000000000000e+03 1.495600000000000000e+04 -4.224000000000000000e+03 -5.560000000000000000e+02 4.390000000000000000e+02
-2.148000000000000000e+03 7.080000000000000000e+02 1.360400000000000000e+04 -4.240000000000000000e+03 -6.190000000000000000e+02 1.220000000000000000e+02
-2.804000000000000000e+03 1.284000000000000000e+03 1.490800000000000000e+04 -4.224000000000000000e+03 -6.440000000000000000e+02 1.860000000000000000e+02
-2.588000000000000000e+03 1.416000000000000000e+03 1.390000000000000000e+04 -4.240000000000000000e+03 -5.730000000000000000e+02 3.700000000000000000e+01
-1.408000000000000000e+03 1.484000000000000000e+03 1.486800000000000000e+04 -4.256000000000000000e+03 -5.590000000000000000e+02 -2.170000000000000000e+02
-2.156000000000000000e+03 1.444000000000000000e+03 1.448800000000000000e+04 -4.240000000000000000e+03 -5.250000000000000000e+02 -5.070000000000000000e+02
-2.312000000000000000e+03 1.624000000000000000e+03 1.416800000000000000e+04 -4.240000000000000000e+03 -4.360000000000000000e+02 -8.300000000000000000e+02
-2.244000000000000000e+03 1.572000000000000000e+03 1.359200000000000000e+04 -4.240000000000000000e+03 -4.320000000000000000e+02 -1.064000000000000000e+03
-2.068000000000000000e+03 1.824000000000000000e+03 1.469200000000000000e+04 -4.256000000000000000e+03 -3.780000000000000000e+02 -1.405000000000000000e+03
-1.960000000000000000e+03 1.720000000000000000e+03 1.436400000000000000e+04 -4.240000000000000000e+03 -3.990000000000000000e+02 -1.616000000000000000e+03
-1.932000000000000000e+03 1.356000000000000000e+03 1.402000000000000000e+04 -4.224000000000000000e+03 -3.690000000000000000e+02 -1.740000000000000000e+03
-1.840000000000000000e+03 1.136000000000000000e+03 1.409200000000000000e+04 -4.224000000000000000e+03 -2.090000000000000000e+02 -1.687000000000000000e+03
-1.460000000000000000e+03 9.560000000000000000e+02 1.436800000000000000e+04 -4.240000000000000000e+03 -1.930000000000000000e+02 -1.498000000000000000e+03
-1.460000000000000000e+03 8.840000000000000000e+02 1.474000000000000000e+04 -4.272000000000000000e+03 -1.390000000000000000e+02 -1.273000000000000000e+03
-1.104000000000000000e+03 7.200000000000000000e+02 1.450400000000000000e+04 -4.256000000000000000e+03 -1.490000000000000000e+02 -1.158000000000000000e+03
-1.044000000000000000e+03 7.080000000000000000e+02 1.359600000000000000e+04 -4.256000000000000000e+03 -2.600000000000000000e+01 -9.720000000000000000e+02
-1.128000000000000000e+03 1.000000000000000000e+03 1.347200000000000000e+04 -4.224000000000000000e+03 1.000000000000000000e+02 -1.360000000000000000e+02
-8.080000000000000000e+02 1.292000000000000000e+03 1.400400000000000000e+04 -4.240000000000000000e+03 1.590000000000000000e+02 -2.120000000000000000e+02
-1.012000000000000000e+03 2.024000000000000000e+03 1.472800000000000000e+04 -4.208000000000000000e+03 2.290000000000000000e+02 8.000000000000000000e+01
-5.200000000000000000e+02 2.192000000000000000e+03 1.476400000000000000e+04 -4.224000000000000000e+03 2.470000000000000000e+02 -1.200000000000000000e+02
-8.560000000000000000e+02 2.376000000000000000e+03 1.514400000000000000e+04 -4.240000000000000000e+03 2.120000000000000000e+02 1.460000000000000000e+02
-1.072000000000000000e+03 2.392000000000000000e+03 1.424000000000000000e+04 -4.240000000000000000e+03 2.200000000000000000e+02 -7.010000000000000000e+02
-9.200000000000000000e+02 2.376000000000000000e+03 1.436400000000000000e+04 -4.208000000000000000e+03 3.110000000000000000e+02 -3.020000000000000000e+02
-9.800000000000000000e+02 2.212000000000000000e+03 1.416800000000000000e+04 -4.224000000000000000e+03 2.970000000000000000e+02 -4.820000000000000000e+02
-6.960000000000000000e+02 2.108000000000000000e+03 1.421200000000000000e+04 -4.208000000000000000e+03 3.200000000000000000e+02 -5.810000000000000000e+02
-3.960000000000000000e+02 1.940000000000000000e+03 1.462000000000000000e+04 -4.224000000000000000e+03 3.200000000000000000e+02 -5.980000000000000000e+02
-4.000000000000000000e+02 1.948000000000000000e+03 1.464400000000000000e+04 -4.224000000000000000e+03 2.880000000000000000e+02 -5.490000000000000000e+02
-3.000000000000000000e+02 1.788000000000000000e+03 1.486800000000000000e+04 -4.240000000000000000e+03 2.660000000000000000e+02 -4.750000000000000000e+02
-1.720000000000000000e+02 1.748000000000000000e+03 1.450400000000000000e+04 -4.256000000000000000e+03 2.430000000000000000e+02 -4.100000000000000000e+02
-1.960000000000000000e+02 1.644000000000000000e+03 1.434400000000000000e+04 -4.208000000000000000e+03 2.130000000000000000e+02 -3.200000000000000000e+02
-4.200000000000000000e+02 1.644000000000000000e+03 1.436400000000000000e+04 -4.224000000000000000e+03 1.380000000000000000e+02 -2.310000000000000000e+02
-3.000000000000000000e+02 1.932000000000000000e+03 1.449600000000000000e+04 -4.224000000000000000e+03 1.260000000000000000e+02 -2.760000000000000000e+02
-2.520000000000000000e+02 1.988000000000000000e+03 1.471200000000000000e+04 -4.240000000000000000e+03 7.200000000000000000e+01 -2.200000000000000000e+02
-1.520000000000000000e+02 2.336000000000000000e+03 1.509200000000000000e+04 -4.208000000000000000e+03 2.000000000000000000e+00 -9.500000000000000000e+01
-1.000000000000000000e+02 2.408000000000000000e+03 1.518400000000000000e+04 -4.256000000000000000e+03 -7.900000000000000000e+01 -5.000000000000000000e+00
-1.520000000000000000e+02 2.532000000000000000e+03 1.496400000000000000e+04 -4.224000000000000000e+03 -1.730000000000000000e+02 -3.800000000000000000e+01
-4.400000000000000000e+01 2.572000000000000000e+03 1.506400000000000000e+04 -4.224000000000000000e+03 -2.860000000000000000e+02 -1.280000000000000000e+02
-1.160000000000000000e+02 2.504000000000000000e+03 1.459200000000000000e+04 -4.240000000000000000e+03 -3.490000000000000000e+02 -2.500000000000000000e+02
-2.320000000000000000e+02 2.460000000000000000e+03 1.444400000000000000e+04 -4.224000000000000000e+03 -4.460000000000000000e+02 -2.650000000000000000e+02
-1.520000000000000000e+02 2.328000000000000000e+03 1.466800000000000000e+04 -4.240000000000000000e+03 -4.360000000000000000e+02 -1.680000000000000000e+02
-4.000000000000000000e+01 2.184000000000000000e+03 1.465600000000000000e+04 -4.256000000000000000e+03 -4.870000000000000000e+02 -7.300000000000000000e+01
1.200000000000000000e+02 1.960000000000000000e+03 1.468400000000000000e+04 -4.240000000000000000e+03 -5.350000000000000000e+02 -7.900000000000000000e+01
3.040000000000000000e+02 1.876000000000000000e+03 1.460000000000000000e+04 -4.272000000000000000e+03 -6.010000000000000000e+02 -1.980000000000000000e+02
3.360000000000000000e+02 1.624000000000000000e+03 1.454800000000000000e+04 -4.224000000000000000e+03 -6.000000000000000000e+02 -3.120000000000000000e+02
-1.040000000000000000e+02 1.720000000000000000e+03 1.442000000000000000e+04 -4.224000000000000000e+03 -5.420000000000000000e+02 -4.870000000000000000e+02
8.400000000000000000e+01 1.660000000000000000e+03 1.440000000000000000e+04 -4.256000000000000000e+03 -4.860000000000000000e+02 -5.300000000000000000e+02
-1.280000000000000000e+02 1.648000000000000000e+03 1.428000000000000000e+04 -4.208000000000000000e+03 -4.230000000000000000e+02 -4.950000000000000000e+02
1.440000000000000000e+02 1.784000000000000000e+03 1.414800000000000000e+04 -4.224000000000000000e+03 -4.180000000000000000e+02 -4.270000000000000000e+02
1.600000000000000000e+02 1.872000000000000000e+03 1.412000000000000000e+04 -4.240000000000000000e+03 -3.660000000000000000e+02 -2.160000000000000000e+02
4.200000000000000000e+02 1.892000000000000000e+03 1.422800000000000000e+04 -4.240000000000000000e+03 -3.090000000000000000e+02 2.540000000000000000e+02
3.240000000000000000e+02 2.056000000000000000e+03 1.411200000000000000e+04 -4.224000000000000000e+03 -3.680000000000000000e+02 4.240000000000000000e+02
5.880000000000000000e+02 2.172000000000000000e+03 1.436800000000000000e+04 -4.208000000000000000e+03 -3.390000000000000000e+02 6.800000000000000000e+02
4.840000000000000000e+02 2.160000000000000000e+03 1.444400000000000000e+04 -4.240000000000000000e+03 -3.510000000000000000e+02 8.480000000000000000e+02
3.960000000000000000e+02 2.140000000000000000e+03 1.435200000000000000e+04 -4.240000000000000000e+03 -3.860000000000000000e+02 8.760000000000000000e+02
4.280000000000000000e+02 2.032000000000000000e+03 1.453600000000000000e+04 -4.240000000000000000e+03 -3.510000000000000000e+02 8.140000000000000000e+02
3.520000000000000000e+02 2.076000000000000000e+03 1.435600000000000000e+04 -4.224000000000000000e+03 -3.220000000000000000e+02 7.090000000000000000e+02
4.200000000000000000e+02 1.976000000000000000e+03 1.456800000000000000e+04 -4.224000000000000000e+03 -3.300000000000000000e+02 6.980000000000000000e+02
2.760000000000000000e+02 1.884000000000000000e+03 1.464800000000000000e+04 -4.224000000000000000e+03 -3.600000000000000000e+02 4.980000000000000000e+02
2.600000000000000000e+02 1.840000000000000000e+03 1.442400000000000000e+04 -4.224000000000000000e+03 -3.400000000000000000e+02 3.520000000000000000e+02
7.600000000000000000e+01 1.880000000000000000e+03 1.456800000000000000e+04 -4.224000000000000000e+03 -3.340000000000000000e+02 1.710000000000000000e+02
2.560000000000000000e+02 1.664000000000000000e+03 1.442800000000000000e+04 -4.208000000000000000e+03 -3.450000000000000000e+02 6.100000000000000000e+01
2.400000000000000000e+01 1.804000000000000000e+03 1.470400000000000000e+04 -4.208000000000000000e+03 -3.240000000000000000e+02 -3.900000000000000000e+01
1.640000000000000000e+02 1.956000000000000000e+03 1.464000000000000000e+04 -4.224000000000000000e+03 -3.620000000000000000e+02 -1.090000000000000000e+02
1.640000000000000000e+02 1.924000000000000000e+03 1.437600000000000000e+04 -4.224000000000000000e+03 -3.350000000000000000e+02 -1.640000000000000000e+02
1.600000000000000000e+01 1.916000000000000000e+03 1.454400000000000000e+04 -4.224000000000000000e+03 -3.350000000000000000e+02 -1.930000000000000000e+02
-4.000000000000000000e+01 2.020000000000000000e+03 1.448800000000000000e+04 -4.240000000000000000e+03 -3.180000000000000000e+02 -2.350000000000000000e+02
1.880000000000000000e+02 1.964000000000000000e+03 1.435200000000000000e+04 -4.208000000000000000e+03 -3.060000000000000000e+02 -1.660000000000000000e+02
8.000000000000000000e+01 2.060000000000000000e+03 1.428400000000000000e+04 -4.240000000000000000e+03 -2.970000000000000000e+02 5.800000000000000000e+01
2.640000000000000000e+02 2.100000000000000000e+03 1.443200000000000000e+04 -4.224000000000000000e+03 -3.170000000000000000e+02 1.720000000000000000e+02
4.320000000000000000e+02 2.004000000000000000e+03 1.464000000000000000e+04 -4.208000000000000000e+03 -3.250000000000000000e+02 2.910000000000000000e+02
2.480000000000000000e+02 1.940000000000000000e+03 1.440800000000000000e+04 -4.224000000000000000e+03 -3.080000000000000000e+02 3.750000000000000000e+02
2.880000000000000000e+02 1.832000000000000000e+03 1.442400000000000000e+04 -4.224000000000000000e+03 -3.350000000000000000e+02 3.960000000000000000e+02
3.040000000000000000e+02 1.828000000000000000e+03 1.435600000000000000e+04 -4.224000000000000000e+03 -2.760000000000000000e+02 3.900000000000000000e+02
2.320000000000000000e+02 1.908000000000000000e+03 1.438400000000000000e+04 -4.224000000000000000e+03 -2.790000000000000000e+02 4.270000000000000000e+02
