-6.172000000000000000e+03 8.640000000000000000e+02 1.293600000000000000e+04 -3.968000000000000000e+03 -1.310000000000000000e+02 -3.740000000000000000e+02
-6.384000000000000000e+03 9.040000000000000000e+02 -1.650000000000000000e+02 -1.270000000000000000e+02 -1.190000000000000000e+02 -3.570000000000000000e+02
-6.252000000000000000e+03 -4.000000000000000000e+03 1.318800000000000000e+04 -3.968000000000000000e+03 -1.230000000000000000e+02 -4.160000000000000000e+02
1.289200000000000000e+04 9.200000000000000000e+02 1.311600000000000000e+04 -3.952000000000000000e+03 -7.400000000000000000e+01 -3.780000000000000000e+02
-6.340000000000000000e+03 1.008000000000000000e+03 1.285200000000000000e+04 -3.968000000000000000e+03 -7.100000000000000000e+01 -3.330000000000000000e+02
-6.308000000000000000e+03 9.320000000000000000e+02 1.290000000000000000e+04 -3.968000000000000000e+03 -7.200000000000000000e+01 -2.570000000000000000e+02
-6.264000000000000000e+03 8.920000000000000000e+02 1.294000000000000000e+04 -4.000000000000000000e+03 -8.000000000000000000e+01 -1.280000000000000000e+02
-6.164000000000000000e+03 1.000000000000000000e+03 1.316400000000000000e+04 -3.936000000000000000e+03 -8.800000000000000000e+01 5.500000000000000000e+01
-6.028000000000000000e+03 1.008000000000000000e+03 1.301200000000000000e+04 -3.952000000000000000e+03 -1.280000000000000000e+02 2.340000000000000000e+02
-6.016000000000000000e+03 1.092000000000000000e+03 1.320800000000000000e+04 -3.984000000000000000e+03 -1.490000000000000000e+02 4.010000000000000000e+02
-5.984000000000000000e+03 1.112000000000000000e+03 1.324000000000000000e+04 -3.984000000000000000e+03 -1.750000000000000000e+02 5.670000000000000000e+02
-5.964000000000000000e+03 1.188000000000000000e+03 1.303200000000000000e+04 -3.952000000000000000e+03 -2.110000000000000000e+02 7.490000000000000000e+02
-5.864000000000000000e+03 1.088000000000000000e+03 1.307200000000000000e+04 -3.968000000000000000e+03 -2.360000000000000000e+02 8.600000000000000000e+02
-5.956000000000000000e+03 1.088000000000000000e+03 1.323600000000000000e+04 -3.984000000000000000e+03 -2.860000000000000000e+02 9.930000000000000000e+02
-5.904000000000000000e+03 1.068000000000000000e+03 1.310800000000000000e+04 -3.952000000000000000e+03 -3.330000000000000000e+02 1.082000000000000000e+03
-6.012000000000000000e+03 1.096000000000000000e+03 1.319600000000000000e+04 -4.016000000000000000e+03 -3.260000000000000000e+02 1.133000000000000000e+03
-5.916000000000000000e+03 1.080000000000000000e+03 1.331200000000000000e+04 -4.016000000000000000e+03 -3.560000000000000000e+02 1.214000000000000000e+03
-6.012000000000000000e+03 1.112000000000000000e+03 1.324400000000000000e+04 -3.984000000000000000e+03 -3.860000000000000000e+02 1.241000000000000000e+03
-6.004000000000000000e+03 1.172000000000000000e+03 1.316000000000000000e+04 -3.984000000000000000e+03 -4.230000000000000000e+02 1.250000000000000000e+03
-6.056000000000000000e+03 1.144000000000000000e+03 1.324400000000000000e+04 -3.984000000000000000e+03 -4.300000000000000000e+02 1.154000000000000000e+03
-6.320000000000000000e+03 1.092000000000000000e+03 1.299200000000000000e+04 -3.952000000000000000e+03 -4.300000000000000000e+02 1.044000000000000000e+03
-6.256000000000000000e+03 1.120000000000000000e+03 1.286000000000000000e+04 -3.936000000000000000e+03 -4.310000000000000000e+02 8.630000000000000000e+02
-6.392000000000000000e+03 1.088000000000000000e+03 1.279200000000000000e+04 -3.984000000000000000e+03 -4.420000000000000000e+02 6.990000000000000000e+02
-6.356000000000000000e+03 1.100000000000000000e+03 1.296400000000000000e+04 -3.968000000000000000e+03 -4.440000000000000000e+02 5.080000000000000000e+02
-6.464000000000000000e+03 1.196000000000000000e+03 1.296800000000000000e+04 -3.984000000000000000e+03 -4.610000000000000000e+02 3.110000000000000000e+02
-6.676000000000000000e+03 1.088000000000000000e+03 1.292800000000000000e+04 -3.984000000000000000e+03 -4.340000000000000000e+02 7.000000000000000000e+01
-6.816000000000000000e+03 1.068000000000000000e+03 1.274800000000000000e+04 -3.984000000000000000e+03 -4.240000000000000000e+02 -1.100000000000000000e+02
-6.824000000000000000e+03 9.520000000000000000e+02 1.287200000000000000e+04 -3.984000000000000000e+03 -4.240000000000000000e+02 -2.600000000000000000e+02
-7.040000000000000000e+03 8.240000000000000000e+02 1.291200000000000000e+04 -3.984000000000000000e+03 -4.040000000000000000e+02 -3.210000000000000000e+02
-7.044000000000000000e+03 8.440000000000000000e+02 1.281200000000000000e+04 -3.968000000000000000e+03 -4.090000000000000000e+02 -3.850000000000000000e+02
-7.092000000000000000e+03 9.600000000000000000e+02 1.272800000000000000e+04 -3.920000000000000000e+03 -3.830000000000000000e+02 -4.630000000000000000e+02
-7.012000000000000000e+03 1.016000000000000000e+03 1.279200000000000000e+04 -4.000000000000000000e+03 -3.680000000000000000e+02 -5.380000000000000000e+02
-7.024000000000000000e+03 1.016000000000000000e+03 1.260400000000000000e+04 -4.000000000000000000e+03 -3.110000000000000000e+02 -5.740000000000000000e+02
-6.976000000000000000e+03 9.600000000000000000e+02 1.229200000000000000e+04 -3.968000000000000000e+03 -3.040000000000000000e+02 -6.450000000000000000e+02
-7.008000000000000000e+03 9.080000000000000000e+02 1.254800000000000000e+04 -3.984000000000000000e+03 -2.560000000000000000e+02 -6.430000000000000000e+02
-6.944000000000000000e+03 8.920000000000000000e+02 1.254800000000000000e+04 -3.920000000000000000e+03 -2.020000000000000000e+02 -6.000000000000000000e+02
-6.760000000000000000e+03 8.520000000000000000e+02 1.269200000000000000e+04 -3.984000000000000000e+03 -1.750000000000000000e+02 -4.630000000000000000e+02
-6.652000000000000000e+03 9.600000000000000000e+02 1.291600000000000000e+04 -3.984000000000000000e+03 -1.600000000000000000e+02 -3.280000000000000000e+02
-6.636000000000000000e+03 1.052000000000000000e+03 1.281600000000000000e+04 -3.984000000000000000e+03 -1.640000000000000000e+02 -2.010000000000000000e+02
-6.664000000000000000e+03 9.480000000000000000e+02 1.279200000000000000e+04 -3.984000000000000000e+03 -1.460000000000000000e+02 -7.700000000000000000e+01
-6.596000000000000000e+03 9.760000000000000000e+02 1.290400000000000000e+04 -3.968000000000000000e+03 -1.400000000000000000e+02 3.700000000000000000e+01
-6.508000000000000000e+03 9.440000000000000000e+02 1.263200000000000000e+04 -3.968000000000000000e+03 -1.490000000000000000e+02 2.050000000000000000e+02
-6.360000000000000000e+03 9.120000000000000000e+02 1.292800000000000000e+04 -3.968000000000000000e+03 -1.470000000000000000e+02 4.060000000000000000e+02
-6.296000000000000000e+03 8.440000000000000000e+02 1.299200000000000000e+04 -3.984000000000000000e+03 -1.790000000000000000e+02 6.200000000000000000e+02
-6.424000000000000000e+03 8.080000000000000000e+02 1.307600000000000000e+04 -3.984000000000000000e+03 -1.640000000000000000e+02 8.060000000000000000e+02
-6.336000000000000000e+03 9.840000000000000000e+02 1.312000000000000000e+04 -3.968000000000000000e+03 -2.270000000000000000e+02 9.100000000000000000e+02
-6.248000000000000000e+03 9.200000000000000000e+02 1.309200000000000000e+04 -3.968000000000000000e+03 -2.660000000000000000e+02 1.033000000000000000e+03
-6.408000000000000000e+03 1.028000000000000000e+03 1.303200000000000000e+04 -4.000000000000000000e+03 -2.760000000000000000e+02 1.046000000000000000e+03
-6.184000000000000000e+03 8.880000000000000000e+02 1.308000000000000000e+04 -3.984000000000000000e+03 -2.860000000000000000e+02 1.040000000000000000e+03
-6.304000000000000000e+03 9.680000000000000000e+02 1.298800000000000000e+04 -3.968000000000000000e+03 -3.340000000000000000e+02 9.710000000000000000e+02
-6.252000000000000000e+03 9.200000000000000000e+02 1.290800000000000000e+04 -3.984000000000000000e+03 -3.560000000000000000e+02 8.630000000000000000e+02
-6.372000000000000000e+03 9.520000000000000000e+02 1.304000000000000000e+04 -3.936000000000000000e+03 -3.000000000000000000e+02 7.520000000000000000e+02
-6.340000000000000000e+03 1.004000000000000000e+03 1.300000000000000000e+04 -3.952000000000000000e+03 -2.960000000000000000e+02 5.670000000000000000e+02
-6.552000000000000000e+03 8.880000000000000000e+02 1.287600000000000000e+04 -3.984000000000000000e+03 -2.990000000000000000e+02 4.530000000000000000e+02
-6.684000000000000000e+03 1.036000000000000000e+03 1.270000000000000000e+04 -3.968000000000000000e+03 -2.510000000000000000e+02 3.190000000000000000e+02
-6.612000000000000000e+03 9.640000000000000000e+02 1.272400000000000000e+04 -3.984000000000000000e+03 -2.150000000000000000e+02 1.770000000000000000e+02
-6.776000000000000000e+03 8.720000000000000000e+02 1.279600000000000000e+04 -3.968000000000000000e+03 -2.380000000000000000e+02 7.600000000000000000e+01
-6.820000000000000000e+03 9.480000000000000000e+02 1.274800000000000000e+04 -3.984000000000000000e+03 -1.990000000000000000e+02 -2.200000000000000000e+01
-6.872000000000000000e+03 9.880000000000000000e+02 1.294400000000000000e+04 -4.000000000000000000e+03 -1.460000000000000000e+02 -1.520000000000000000e+02
-6.864000000000000000e+03 8.920000000000000000e+02 1.254800000000000000e+04 -3.984000000000000000e+03 -1.470000000000000000e+02 -2.980000000000000000e+02
-6.980000000000000000e+03 8.840000000000000000e+02 1.278800000000000000e+04 -3.952000000000000000e+03 -1.020000000000000000e+02 -4.220000000000000000e+02
-6.864000000000000000e+03 8.440000000000000000e+02 1.265600000000000000e+04 -3.968000000000000000e+03 -5.200000000000000000e+01 -5.230000000000000000e+02
-6.772000000000000000e+03 8.240000000000000000e+02 1.258000000000000000e+04 -3.952000000000000000e+03 -4.600000000000000000e+01 -5.550000000000000000e+02
-6.896000000000000000e+03 9.680000000000000000e+02 1.278000000000000000e+04 -3.936000000000000000e+03 -2.000000000000000000e+01 -5.260000000000000000e+02
-6.788000000000000000e+03 9.440000000000000000e+02 1.286800000000000000e+04 -3.984000000000000000e+03 -2.000000000000000000e+01 -4.600000000000000000e+02
-6.848000000000000000e+03 1.012000000000000000e+03 1.306800000000000000e+04 -3.952000000000000000e+03 -3.500000000000000000e+01 -3.940000000000000000e+02
-6.780000000000000000e+03 9.600000000000000000e+02 1.290800000000000000e+04 -3.936000000000000000e+03 -2.200000000000000000e+01 -3.710000000000000000e+02
-6.916000000000000000e+03 1.052000000000000000e+03 1.265200000000000000e+04 -3.952000000000000000e+03 -1.300000000000000000e+01 -3.040000000000000000e+02
-6.788000000000000000e+03 9.720000000000000000e+02 1.278000000000000000e+04 -3.968000000000000000e+03 -6.600000000000000000e+01 -2.370000000000000000e+02
-6.692000000000000000e+03 1.028000000000000000e+03 1.287200000000000000e+04 -3.968000000000000000e+03 -7.300000000000000000e+01 -1.550000000000000000e+02
-6.556000000000000000e+03 1.044000000000000000e+03 1.289200000000000000e+04 -3.952000000000000000e+03 -8.600000000000000000e+01 -4.200000000000000000e+01
-6.580000000000000000e+03 1.012000000000000000e+03 1.302000000000000000e+04 -3.952000000000000000e+03 -1.000000000000000000e+02 7.800000000000000000e+01
-6.484000000000000000e+03 1.020000000000000000e+03 1.312800000000000000e+04 -3.984000000000000000e+03 -1.370000000000000000e+02 1.880000000000000000e+02
-6.440000000000000000e+03 1.184000000000000000e+03 1.306000000000000000e+04 -3.968000000000000000e+03 -1.660000000000000000e+02 3.120000000000000000e+02
-6.308000000000000000e+03 1.220000000000000000e+03 1.321600000000000000e+04 -3.984000000000000000e+03 -1.970000000000000000e+02 3.810000000000000000e+02
-6.364000000000000000e+03 1.080000000000000000e+03 1.302000000000000000e+04 -3.984000000000000000e+03 -2.250000000000000000e+02 4.510000000000000000e+02
-6.296000000000000000e+03 1.120000000000000000e+03 1.305200000000000000e+04 -3.952000000000000000e+03 -2.540000000000000000e+02 4.840000000000000000e+02
-6.364000000000000000e+03 1.112000000000000000e+03 1.308400000000000000e+04 -4.000000000000000000e+03 -3.140000000000000000e+02 4.890000000000000000e+02
