1.421600000000000000e+04 1.628000000000000000e+03 1.395600000000000000e+04 -4.160000000000000000e+03 -3.730000000000000000e+02 6.140000000000000000e+02
-2.880000000000000000e+03 1.456000000000000000e+03 1.400400000000000000e+04 -4.192000000000000000e+03 -3.520000000000000000e+02 5.220000000000000000e+02
-3.088000000000000000e+03 1.516000000000000000e+03 1.415200000000000000e+04 -4.192000000000000000e+03 -3.340000000000000000e+02 3.730000000000000000e+02
-3.204000000000000000e+03 1.560000000000000000e+03 1.431200000000000000e+04 -4.176000000000000000e+03 -3.360000000000000000e+02 1.120000000000000000e+02
-3.116000000000000000e+03 1.512000000000000000e+03 1.410000000000000000e+04 -4.208000000000000000e+03 -2.700000000000000000e+02 -5.700000000000000000e+01
-3.028000000000000000e+03 1.528000000000000000e+03 1.415200000000000000e+04 -4.176000000000000000e+03 -2.500000000000000000e+02 -1.160000000000000000e+02
-3.000000000000000000e+03 1.536000000000000000e+03 1.408800000000000000e+04 -4.208000000000000000e+03 -2.490000000000000000e+02 -2.120000000000000000e+02
-3.064000000000000000e+03 1.608000000000000000e+03 1.398400000000000000e+04 -4.192000000000000000e+03 -2.280000000000000000e+02 -2.040000000000000000e+02
-3.324000000000000000e+03 1.488000000000000000e+03 1.429200000000000000e+04 -4.192000000000000000e+03 -2.260000000000000000e+02 -1.390000000000000000e+02
-3.344000000000000000e+03 1.508000000000000000e+03 1.398800000000000000e+04 -4.192000000000000000e+03 -2.300000000000000000e+02 -2.000000000000000000e+00
-3.340000000000000000e+03 1.456000000000000000e+03 1.407600000000000000e+04 -4.192000000000000000e+03 -2.260000000000000000e+02 8.500000000000000000e+01
-3.280000000000000000e+03 1.468000000000000000e+03 1.407200000000000000e+04 -4.208000000000000000e+03 -2.310000000000000000e+02 2.270000000000000000e+02
-3.268000000000000000e+03 1.436000000000000000e+03 1.429200000000000000e+04 -4.208000000000000000e+03 -2.800000000000000000e+02 3.480000000000000000e+02
-3.352000000000000000e+03 1.508000000000000000e+03 1.407600000000000000e+04 -4.208000000000000000e+03 -2.780000000000000000e+02 4.290000000000000000e+02
-3.220000000000000000e+03 1.520000000000000000e+03 1.402000000000000000e+04 -4.192000000000000000e+03 -2.750000000000000000e+02 4.540000000000000000e+02
-3.176000000000000000e+03 1.636000000000000000e+03 1.412800000000000000e+04 -4.192000000000000000e+03 -2.870000000000000000e+02 4.210000000000000000e+02
-2.968000000000000000e+03 1.616000000000000000e+03 1.405600000000000000e+04 -4.192000000000000000e+03 -2.860000000000000000e+02 3.930000000000000000e+02
-3.276000000000000000e+03 1.552000000000000000e+03 1.399600000000000000e+04 -4.192000000000000000e+03 -2.970000000000000000e+02 3.120000000000000000e+02
-3.256000000000000000e+03 1.488000000000000000e+03 1.398400000000000000e+04 -4.208000000000000000e+03 -2.980000000000000000e+02 1.800000000000000000e+02
-3.272000000000000000e+03 1.508000000000000000e+03 1.418800000000000000e+04 -4.208000000000000000e+03 -2.830000000000000000e+02 1.250000000000000000e+02
-3.164000000000000000e+03 1.464000000000000000e+03 1.401600000000000000e+04 -4.176000000000000000e+03 -2.340000000000000000e+02 1.110000000000000000e+02
-3.120000000000000000e+03 1.428000000000000000e+03 1.420800000000000000e+04 -4.208000000000000000e+03 -2.650000000000000000e+02 7.500000000000000000e+01
-3.116000000000000000e+03 1.484000000000000000e+03 1.424400000000000000e+04 -4.176000000000000000e+03 -2.600000000000000000e+02 -1.300000000000000000e+01
-3.220000000000000000e+03 1.444000000000000000e+03 1.396800000000000000e+04 -4.192000000000000000e+03 -2.520000000000000000e+02 -5.100000000000000000e+01
-3.264000000000000000e+03 1.520000000000000000e+03 1.410800000000000000e+04 -4.192000000000000000e+03 -2.580000000000000000e+02 -3.100000000000000000e+01
-3.216000000000000000e+03 1.508000000000000000e+03 1.413200000000000000e+04 -4.208000000000000000e+03 -2.320000000000000000e+02 4.800000000000000000e+01
-3.176000000000000000e+03 1.508000000000000000e+03 1.429600000000000000e+04 -4.160000000000000000e+03 -2.530000000000000000e+02 9.300000000000000000e+01
-3.224000000000000000e+03 1.580000000000000000e+03 1.413600000000000000e+04 -4.224000000000000000e+03 -2.550000000000000000e+02 1.470000000000000000e+02
-3.172000000000000000e+03 1.636000000000000000e+03 1.404000000000000000e+04 -4.224000000000000000e+03 -2.740000000000000000e+02 2.070000000000000000e+02
-3.172000000000000000e+03 1.608000000000000000e+03 1.390400000000000000e+04 -4.192000000000000000e+03 -2.740000000000000000e+02 2.630000000000000000e+02
-3.024000000000000000e+03 1.488000000000000000e+03 1.410800000000000000e+04 -4.176000000000000000e+03 -2.590000000000000000e+02 2.390000000000000000e+02
-3.296000000000000000e+03 1.568000000000000000e+03 1.400000000000000000e+04 -4.208000000000000000e+03 -2.730000000000000000e+02 2.320000000000000000e+02
-3.208000000000000000e+03 1.592000000000000000e+03 1.421600000000000000e+04 -4.208000000000000000e+03 -2.540000000000000000e+02 1.930000000000000000e+02
-3.156000000000000000e+03 1.500000000000000000e+03 1.401200000000000000e+04 -4.240000000000000000e+03 -2.440000000000000000e+02 1.170000000000000000e+02
-3.148000000000000000e+03 1.468000000000000000e+03 1.410000000000000000e+04 -4.192000000000000000e+03 -2.590000000000000000e+02 6.200000000000000000e+01
-3.204000000000000000e+03 1.416000000000000000e+03 1.421600000000000000e+04 -4.192000000000000000e+03 -2.770000000000000000e+02 2.100000000000000000e+01
-3.036000000000000000e+03 1.572000000000000000e+03 1.416400000000000000e+04 -4.192000000000000000e+03 -2.590000000000000000e+02 2.300000000000000000e+01
-2.988000000000000000e+03 1.616000000000000000e+03 1.413600000000000000e+04 -4.192000000000000000e+03 -2.410000000000000000e+02 9.000000000000000000e+01
-3.100000000000000000e+03 1.664000000000000000e+03 1.401600000000000000e+04 -4.224000000000000000e+03 -2.740000000000000000e+02 1.680000000000000000e+02
-2.932000000000000000e+03 1.628000000000000000e+03 1.406400000000000000e+04 -4.176000000000000000e+03 -2.970000000000000000e+02 2.720000000000000000e+02
-3.140000000000000000e+03 1.588000000000000000e+03 1.430800000000000000e+04 -4.192000000000000000e+03 -3.100000000000000000e+02 3.710000000000000000e+02
-3.108000000000000000e+03 1.556000000000000000e+03 1.401200000000000000e+04 -4.208000000000000000e+03 -3.360000000000000000e+02 4.700000000000000000e+02
-3.100000000000000000e+03 1.536000000000000000e+03 1.401200000000000000e+04 -4.176000000000000000e+03 -3.230000000000000000e+02 5.540000000000000000e+02
-3.156000000000000000e+03 1.480000000000000000e+03 1.404800000000000000e+04 -4.176000000000000000e+03 -3.200000000000000000e+02 5.930000000000000000e+02
-3.132000000000000000e+03 1.580000000000000000e+03 1.428800000000000000e+04 -4.192000000000000000e+03 -3.320000000000000000e+02 5.660000000000000000e+02
-3.148000000000000000e+03 1.536000000000000000e+03 1.413200000000000000e+04 -4.224000000000000000e+03 -3.390000000000000000e+02 5.480000000000000000e+02
-3.052000000000000000e+03 1.432000000000000000e+03 1.405600000000000000e+04 -4.192000000000000000e+03 -3.210000000000000000e+02 4.610000000000000000e+02
-3.232000000000000000e+03 1.564000000000000000e+03 1.418000000000000000e+04 -4.176000000000000000e+03 -2.630000000000000000e+02 3.990000000000000000e+02
-3.080000000000000000e+03 1.500000000000000000e+03 1.402000000000000000e+04 -4.224000000000000000e+03 -3.040000000000000000e+02 3.910000000000000000e+02
-3.120000000000000000e+03 1.556000000000000000e+03 1.403200000000000000e+04 -4.176000000000000000e+03 -3.330000000000000000e+02 2.880000000000000000e+02
-3.248000000000000000e+03 1.548000000000000000e+03 1.392000000000000000e+04 -4.176000000000000000e+03 -3.010000000000000000e+02 1.770000000000000000e+02
-3.292000000000000000e+03 1.540000000000000000e+03 1.408000000000000000e+04 -4.208000000000000000e+03 -2.870000000000000000e+02 6.000000000000000000e+01
-3.200000000000000000e+03 1.528000000000000000e+03 1.412400000000000000e+04 -4.208000000000000000e+03 -2.640000000000000000e+02 1.100000000000000000e+02
-3.248000000000000000e+03 1.660000000000000000e+03 1.416400000000000000e+04 -4.176000000000000000e+03 -2.630000000000000000e+02 1.460000000000000000e+02
-3.088000000000000000e+03 1.500000000000000000e+03 1.396000000000000000e+04 -4.192000000000000000e+03 -2.870000000000000000e+02 1.710000000000000000e+02
-3.252000000000000000e+03 1.428000000000000000e+03 1.392000000000000000e+04 -4.176000000000000000e+03 -2.820000000000000000e+02 1.700000000000000000e+02
-3.396000000000000000e+03 1.536000000000000000e+03 1.392400000000000000e+04 -4.176000000000000000e+03 -3.080000000000000000e+02 1.450000000000000000e+02
-3.324000000000000000e+03 1.520000000000000000e+03 1.400400000000000000e+04 -4.176000000000000000e+03 -2.690000000000000000e+02 2.010000000000000000e+02
-3.472000000000000000e+03 1.508000000000000000e+03 1.417600000000000000e+04 -4.192000000000000000e+03 -2.810000000000000000e+02 2.620000000000000000e+02
-3.388000000000000000e+03 1.528000000000000000e+03 1.398800000000000000e+04 -4.192000000000000000e+03 -2.970000000000000000e+02 2.830000000000000000e+02
-3.336000000000000000e+03 1.480000000000000000e+03 1.394400000000000000e+04 -4.160000000000000000e+03 -2.870000000000000000e+02 3.510000000000000000e+02
-3.384000000000000000e+03 1.512000000000000000e+03 1.408800000000000000e+04 -4.192000000000000000e+03 -2.960000000000000000e+02 3.840000000000000000e+02
-3.424000000000000000e+03 1.544000000000000000e+03 1.404800000000000000e+04 -4.176000000000000000e+03 -2.940000000000000000e+02 3.870000000000000000e+02
-3.580000000000000000e+03 1.508000000000000000e+03 1.421600000000000000e+04 -4.224000000000000000e+03 -3.040000000000000000e+02 3.570000000000000000e+02
-3.436000000000000000e+03 1.624000000000000000e+03 1.409600000000000000e+04 -4.176000000000000000e+03 -2.990000000000000000e+02 3.160000000000000000e+02
-3.460000000000000000e+03 1.552000000000000000e+03 1.399200000000000000e+04 -4.208000000000000000e+03 -2.920000000000000000e+02 2.880000000000000000e+02
-3.460000000000000000e+03 1.384000000000000000e+03 1.391200000000000000e+04 -4.176000000000000000e+03 -2.710000000000000000e+02 2.240000000000000000e+02
-3.416000000000000000e+03 1.476000000000000000e+03 1.396000000000000000e+04 -4.176000000000000000e+03 -2.840000000000000000e+02 1.720000000000000000e+02
-3.472000000000000000e+03 1.464000000000000000e+03 1.405600000000000000e+04 -4.176000000000000000e+03 -2.490000000000000000e+02 1.250000000000000000e+02
-3.384000000000000000e+03 1.500000000000000000e+03 1.405600000000000000e+04 -4.208000000000000000e+03 -2.490000000000000000e+02 3.300000000000000000e+01
-3.452000000000000000e+03 1.556000000000000000e+03 1.388000000000000000e+04 -4.192000000000000000e+03 -2.180000000000000000e+02 -5.800000000000000000e+01
-3.312000000000000000e+03 1.576000000000000000e+03 1.407600000000000000e+04 -4.192000000000000000e+03 -2.130000000000000000e+02 -9.900000000000000000e+01
-3.384000000000000000e+03 1.456000000000000000e+03 1.405200000000000000e+04 -4.160000000000000000e+03 -2.260000000000000000e+02 -7.000000000000000000e+01
-3.460000000000000000e+03 1.488000000000000000e+03 1.396800000000000000e+04 -4.176000000000000000e+03 -2.390000000000000000e+02 -2.000000000000000000e+00
-3.496000000000000000e+03 1.448000000000000000e+03 1.411600000000000000e+04 -4.224000000000000000e+03 -2.380000000000000000e+02 7.100000000000000000e+01
-3.500000000000000000e+03 1.624000000000000000e+03 1.406400000000000000e+04 -4.192000000000000000e+03 -2.570000000000000000e+02 1.620000000000000000e+02
-3.556000000000000000e+03 1.440000000000000000e+03 1.412800000000000000e+04 -4.192000000000000000e+03 -2.320000000000000000e+02 2.410000000000000000e+02
-3.488000000000000000e+03 1.524000000000000000e+03 1.403600000000000000e+04 -4.224000000000000000e+03 -2.440000000000000000e+02 2.850000000000000000e+02
