7.440000000000000000e+02 1.952000000000000000e+03 1.459600000000000000e+04 -4.160000000000000000e+03 -2.900000000000000000e+02 1.550000000000000000e+02
6.360000000000000000e+02 1.896000000000000000e+03 1.454000000000000000e+04 -4.176000000000000000e+03 -2.720000000000000000e+02 8.900000000000000000e+01
8.640000000000000000e+02 2.020000000000000000e+03 1.440000000000000000e+04 -4.144000000000000000e+03 -2.800000000000000000e+02 9.300000000000000000e+01
6.920000000000000000e+02 1.912000000000000000e+03 1.428400000000000000e+04 -4.176000000000000000e+03 -2.790000000000000000e+02 5.900000000000000000e+01
1.084000000000000000e+03 1.992000000000000000e+03 1.439600000000000000e+04 -4.160000000000000000e+03 -2.570000000000000000e+02 6.700000000000000000e+01
9.520000000000000000e+02 2.024000000000000000e+03 1.461200000000000000e+04 -4.160000000000000000e+03 -2.690000000000000000e+02 7.500000000000000000e+01
1.108000000000000000e+03 1.924000000000000000e+03 1.451600000000000000e+04 -4.160000000000000000e+03 -2.750000000000000000e+02 8.400000000000000000e+01
8.800000000000000000e+02 2.016000000000000000e+03 1.454800000000000000e+04 -4.144000000000000000e+03 -2.860000000000000000e+02 1.240000000000000000e+02
9.320000000000000000e+02 1.944000000000000000e+03 1.453200000000000000e+04 -4.144000000000000000e+03 -2.470000000000000000e+02 1.460000000000000000e+02
9.880000000000000000e+02 2.040000000000000000e+03 1.435200000000000000e+04 -4.144000000000000000e+03 -2.650000000000000000e+02 1.810000000000000000e+02
9.680000000000000000e+02 2.020000000000000000e+03 1.435600000000000000e+04 -4.144000000000000000e+03 -2.680000000000000000e+02 2.120000000000000000e+02
8.240000000000000000e+02 1.892000000000000000e+03 1.443200000000000000e+04 -4.128000000000000000e+03 -2.740000000000000000e+02 2.410000000000000000e+02
8.040000000000000000e+02 1.916000000000000000e+03 1.441200000000000000e+04 -4.144000000000000000e+03 -2.660000000000000000e+02 2.470000000000000000e+02
8.120000000000000000e+02 2.004000000000000000e+03 1.439600000000000000e+04 -4.144000000000000000e+03 -2.680000000000000000e+02 2.470000000000000000e+02
7.480000000000000000e+02 1.972000000000000000e+03 1.440400000000000000e+04 -4.160000000000000000e+03 -2.690000000000000000e+02 2.240000000000000000e+02
7.720000000000000000e+02 2.036000000000000000e+03 1.446000000000000000e+04 -4.144000000000000000e+03 -2.820000000000000000e+02 1.910000000000000000e+02
7.880000000000000000e+02 1.976000000000000000e+03 1.456400000000000000e+04 -4.144000000000000000e+03 -2.970000000000000000e+02 1.850000000000000000e+02
8.400000000000000000e+02 2.036000000000000000e+03 1.443200000000000000e+04 -4.160000000000000000e+03 -2.790000000000000000e+02 1.530000000000000000e+02
6.440000000000000000e+02 1.964000000000000000e+03 1.458400000000000000e+04 -4.144000000000000000e+03 -3.040000000000000000e+02 1.810000000000000000e+02
9.120000000000000000e+02 1.940000000000000000e+03 1.444400000000000000e+04 -4.144000000000000000e+03 -2.840000000000000000e+02 1.620000000000000000e+02
7.440000000000000000e+02 1.940000000000000000e+03 1.447200000000000000e+04 -4.176000000000000000e+03 -2.760000000000000000e+02 1.670000000000000000e+02
8.720000000000000000e+02 2.056000000000000000e+03 1.440400000000000000e+04 -4.128000000000000000e+03 -2.660000000000000000e+02 1.720000000000000000e+02
8.480000000000000000e+02 2.048000000000000000e+03 1.434800000000000000e+04 -4.144000000000000000e+03 -2.850000000000000000e+02 1.700000000000000000e+02
8.320000000000000000e+02 1.940000000000000000e+03 1.449600000000000000e+04 -4.176000000000000000e+03 -2.870000000000000000e+02 1.940000000000000000e+02
9.800000000000000000e+02 1.924000000000000000e+03 1.451600000000000000e+04 -4.160000000000000000e+03 -2.680000000000000000e+02 1.640000000000000000e+02
8.840000000000000000e+02 1.956000000000000000e+03 1.452000000000000000e+04 -4.144000000000000000e+03 -2.770000000000000000e+02 1.790000000000000000e+02
9.880000000000000000e+02 1.992000000000000000e+03 1.442800000000000000e+04 -4.144000000000000000e+03 -2.670000000000000000e+02 1.410000000000000000e+02
7.960000000000000000e+02 1.980000000000000000e+03 1.447600000000000000e+04 -4.144000000000000000e+03 -2.750000000000000000e+02 1.650000000000000000e+02
1.020000000000000000e+03 1.988000000000000000e+03 1.440000000000000000e+04 -4.128000000000000000e+03 -2.770000000000000000e+02 1.430000000000000000e+02
8.120000000000000000e+02 2.000000000000000000e+03 1.452800000000000000e+04 -4.176000000000000000e+03 -2.920000000000000000e+02 1.450000000000000000e+02
1.000000000000000000e+03 2.020000000000000000e+03 1.456800000000000000e+04 -4.128000000000000000e+03 -2.710000000000000000e+02 1.640000000000000000e+02
7.160000000000000000e+02 1.884000000000000000e+03 1.448800000000000000e+04 -4.144000000000000000e+03 -2.780000000000000000e+02 1.500000000000000000e+02
8.440000000000000000e+02 2.024000000000000000e+03 1.444800000000000000e+04 -4.112000000000000000e+03 -2.850000000000000000e+02 1.620000000000000000e+02
7.280000000000000000e+02 2.020000000000000000e+03 1.452400000000000000e+04 -4.128000000000000000e+03 -2.830000000000000000e+02 1.610000000000000000e+02
8.280000000000000000e+02 1.884000000000000000e+03 1.449600000000000000e+04 -4.160000000000000000e+03 -2.580000000000000000e+02 1.890000000000000000e+02
9.240000000000000000e+02 1.988000000000000000e+03 1.446800000000000000e+04 -4.144000000000000000e+03 -2.690000000000000000e+02 2.130000000000000000e+02
8.000000000000000000e+02 1.948000000000000000e+03 1.452400000000000000e+04 -4.144000000000000000e+03 -2.630000000000000000e+02 2.360000000000000000e+02
1.008000000000000000e+03 2.020000000000000000e+03 1.456000000000000000e+04 -4.112000000000000000e+03 -2.910000000000000000e+02 2.960000000000000000e+02
7.720000000000000000e+02 1.988000000000000000e+03 1.439200000000000000e+04 -4.160000000000000000e+03 -2.640000000000000000e+02 2.830000000000000000e+02
7.880000000000000000e+02 1.880000000000000000e+03 1.443600000000000000e+04 -4.160000000000000000e+03 -2.930000000000000000e+02 2.370000000000000000e+02
7.280000000000000000e+02 1.900000000000000000e+03 1.446000000000000000e+04 -4.160000000000000000e+03 -2.870000000000000000e+02 1.950000000000000000e+02
7.720000000000000000e+02 1.992000000000000000e+03 1.459200000000000000e+04 -4.144000000000000000e+03 -2.630000000000000000e+02 1.660000000000000000e+02
6.640000000000000000e+02 1.936000000000000000e+03 1.447600000000000000e+04 -4.112000000000000000e+03 -3.040000000000000000e+02 1.350000000000000000e+02
6.920000000000000000e+02 1.948000000000000000e+03 1.441600000000000000e+04 -4.144000000000000000e+03 -2.810000000000000000e+02 1.530000000000000000e+02
6.960000000000000000e+02 1.964000000000000000e+03 1.446800000000000000e+04 -4.160000000000000000e+03 -2.990000000000000000e+02 1.360000000000000000e+02
8.240000000000000000e+02 1.972000000000000000e+03 1.449200000000000000e+04 -4.160000000000000000e+03 -2.870000000000000000e+02 1.350000000000000000e+02
8.360000000000000000e+02 1.892000000000000000e+03 1.448000000000000000e+04 -4.128000000000000000e+03 -2.720000000000000000e+02 1.220000000000000000e+02
7.520000000000000000e+02 1.952000000000000000e+03 1.444000000000000000e+04 -4.144000000000000000e+03 -2.810000000000000000e+02 1.440000000000000000e+02
9.080000000000000000e+02 2.004000000000000000e+03 1.456000000000000000e+04 -4.144000000000000000e+03 -2.710000000000000000e+02 1.190000000000000000e+02
8.840000000000000000e+02 1.968000000000000000e+03 1.460800000000000000e+04 -4.176000000000000000e+03 -2.610000000000000000e+02 1.110000000000000000e+02
9.080000000000000000e+02 2.004000000000000000e+03 1.456400000000000000e+04 -4.160000000000000000e+03 -2.780000000000000000e+02 1.110000000000000000e+02
9.400000000000000000e+02 1.944000000000000000e+03 1.450400000000000000e+04 -4.160000000000000000e+03 -2.680000000000000000e+02 1.330000000000000000e+02
9.400000000000000000e+02 1.948000000000000000e+03 1.442400000000000000e+04 -4.176000000000000000e+03 -2.720000000000000000e+02 1.310000000000000000e+02
9.400000000000000000e+02 1.980000000000000000e+03 1.448000000000000000e+04 -4.144000000000000000e+03 -2.710000000000000000e+02 1.340000000000000000e+02
8.040000000000000000e+02 1.964000000000000000e+03 1.440400000000000000e+04 -4.144000000000000000e+03 -2.780000000000000000e+02 1.240000000000000000e+02
7.880000000000000000e+02 1.996000000000000000e+03 1.443600000000000000e+04 -4.160000000000000000e+03 -2.890000000000000000e+02 1.060000000000000000e+02
8.560000000000000000e+02 1.932000000000000000e+03 1.450000000000000000e+04 -4.160000000000000000e+03 -2.630000000000000000e+02 7.300000000000000000e+01
7.760000000000000000e+02 1.948000000000000000e+03 1.462800000000000000e+04 -4.160000000000000000e+03 -2.720000000000000000e+02 1.400000000000000000e+02
7.360000000000000000e+02 1.932000000000000000e+03 1.430800000000000000e+04 -4.176000000000000000e+03 -2.580000000000000000e+02 1.760000000000000000e+02
7.480000000000000000e+02 2.008000000000000000e+03 1.444800000000000000e+04 -4.144000000000000000e+03 -2.540000000000000000e+02 1.830000000000000000e+02
7.320000000000000000e+02 2.028000000000000000e+03 1.460000000000000000e+04 -4.144000000000000000e+03 -2.590000000000000000e+02 2.070000000000000000e+02
8.120000000000000000e+02 1.980000000000000000e+03 1.469200000000000000e+04 -4.160000000000000000e+03 -2.760000000000000000e+02 2.540000000000000000e+02
7.080000000000000000e+02 1.868000000000000000e+03 1.454800000000000000e+04 -4.128000000000000000e+03 -2.730000000000000000e+02 3.030000000000000000e+02
9.640000000000000000e+02 1.988000000000000000e+03 1.439600000000000000e+04 -4.160000000000000000e+03 -2.600000000000000000e+02 3.820000000000000000e+02
7.720000000000000000e+02 1.960000000000000000e+03 1.454400000000000000e+04 -4.144000000000000000e+03 -2.880000000000000000e+02 2.700000000000000000e+02
6.560000000000000000e+02 2.020000000000000000e+03 1.462400000000000000e+04 -4.144000000000000000e+03 -2.880000000000000000e+02 7.900000000000000000e+01
