6.840000000000000000e+02 2.184000000000000000e+03 1.419200000000000000e+04 -4.176000000000000000e+03 -1.950000000000000000e+02 -1.980000000000000000e+02
6.840000000000000000e+02 1.976000000000000000e+03 1.434000000000000000e+04 -4.208000000000000000e+03 -1.630000000000000000e+02 -1.180000000000000000e+02
4.600000000000000000e+02 1.892000000000000000e+03 1.434000000000000000e+04 -4.144000000000000000e+03 -1.730000000000000000e+02 -3.800000000000000000e+01
4.200000000000000000e+02 1.888000000000000000e+03 1.456800000000000000e+04 -4.192000000000000000e+03 -1.360000000000000000e+02 -1.700000000000000000e+01
2.480000000000000000e+02 1.908000000000000000e+03 1.468800000000000000e+04 -4.176000000000000000e+03 -1.910000000000000000e+02 -3.300000000000000000e+01
4.800000000000000000e+02 2.064000000000000000e+03 1.444400000000000000e+04 -4.160000000000000000e+03 -2.010000000000000000e+02 -1.100000000000000000e+01
4.960000000000000000e+02 2.088000000000000000e+03 1.423200000000000000e+04 -4.192000000000000000e+03 -2.060000000000000000e+02 2.100000000000000000e+01
3.520000000000000000e+02 2.068000000000000000e+03 1.430000000000000000e+04 -4.160000000000000000e+03 -1.960000000000000000e+02 8.800000000000000000e+01
5.840000000000000000e+02 1.996000000000000000e+03 1.459600000000000000e+04 -4.192000000000000000e+03 -1.620000000000000000e+02 2.050000000000000000e+02
4.800000000000000000e+02 2.076000000000000000e+03 1.495200000000000000e+04 -4.208000000000000000e+03 -1.920000000000000000e+02 3.430000000000000000e+02
6.480000000000000000e+02 2.120000000000000000e+03 1.450800000000000000e+04 -4.176000000000000000e+03 -2.490000000000000000e+02 4.310000000000000000e+02
6.120000000000000000e+02 2.252000000000000000e+03 1.410800000000000000e+04 -4.160000000000000000e+03 -2.730000000000000000e+02 4.350000000000000000e+02
4.520000000000000000e+02 2.148000000000000000e+03 1.389200000000000000e+04 -4.192000000000000000e+03 -2.730000000000000000e+02 4.450000000000000000e+02
5.040000000000000000e+02 2.112000000000000000e+03 1.436800000000000000e+04 -4.176000000000000000e+03 -2.650000000000000000e+02 4.730000000000000000e+02
6.600000000000000000e+02 1.976000000000000000e+03 1.458400000000000000e+04 -4.176000000000000000e+03 -2.570000000000000000e+02 5.450000000000000000e+02
6.040000000000000000e+02 2.068000000000000000e+03 1.470000000000000000e+04 -4.208000000000000000e+03 -2.830000000000000000e+02 5.890000000000000000e+02
8.680000000000000000e+02 2.108000000000000000e+03 1.466000000000000000e+04 -4.176000000000000000e+03 -3.100000000000000000e+02 6.520000000000000000e+02
9.120000000000000000e+02 2.128000000000000000e+03 1.441200000000000000e+04 -4.176000000000000000e+03 -3.190000000000000000e+02 6.040000000000000000e+02
6.040000000000000000e+02 2.072000000000000000e+03 1.417200000000000000e+04 -4.192000000000000000e+03 -3.030000000000000000e+02 4.820000000000000000e+02
5.000000000000000000e+02 2.000000000000000000e+03 1.442400000000000000e+04 -4.192000000000000000e+03 -3.160000000000000000e+02 2.760000000000000000e+02
3.320000000000000000e+02 1.848000000000000000e+03 1.464800000000000000e+04 -4.192000000000000000e+03 -2.870000000000000000e+02 8.700000000000000000e+01
3.520000000000000000e+02 1.984000000000000000e+03 1.462400000000000000e+04 -4.176000000000000000e+03 -2.810000000000000000e+02 -7.600000000000000000e+01
5.040000000000000000e+02 2.100000000000000000e+03 1.485200000000000000e+04 -4.208000000000000000e+03 -2.770000000000000000e+02 -2.300000000000000000e+02
6.280000000000000000e+02 2.084000000000000000e+03 1.444800000000000000e+04 -4.176000000000000000e+03 -2.420000000000000000e+02 -3.480000000000000000e+02
5.000000000000000000e+02 2.168000000000000000e+03 1.442000000000000000e+04 -4.176000000000000000e+03 -2.240000000000000000e+02 -3.210000000000000000e+02
4.400000000000000000e+02 2.216000000000000000e+03 1.447200000000000000e+04 -4.176000000000000000e+03 -2.210000000000000000e+02 -1.750000000000000000e+02
4.600000000000000000e+02 2.164000000000000000e+03 1.455200000000000000e+04 -4.208000000000000000e+03 -2.650000000000000000e+02 6.000000000000000000e+00
3.600000000000000000e+02 2.168000000000000000e+03 1.449600000000000000e+04 -4.192000000000000000e+03 -3.060000000000000000e+02 1.540000000000000000e+02
3.600000000000000000e+02 2.040000000000000000e+03 1.468000000000000000e+04 -4.208000000000000000e+03 -2.950000000000000000e+02 2.770000000000000000e+02
4.280000000000000000e+02 2.004000000000000000e+03 1.445200000000000000e+04 -4.192000000000000000e+03 -3.430000000000000000e+02 3.830000000000000000e+02
2.640000000000000000e+02 1.992000000000000000e+03 1.455600000000000000e+04 -4.176000000000000000e+03 -3.290000000000000000e+02 4.950000000000000000e+02
4.640000000000000000e+02 1.984000000000000000e+03 1.447200000000000000e+04 -4.176000000000000000e+03 -3.310000000000000000e+02 5.380000000000000000e+02
4.560000000000000000e+02 1.920000000000000000e+03 1.453600000000000000e+04 -4.176000000000000000e+03 -3.050000000000000000e+02 5.390000000000000000e+02
4.760000000000000000e+02 2.200000000000000000e+03 1.439200000000000000e+04 -4.144000000000000000e+03 -3.090000000000000000e+02 4.500000000000000000e+02
5.360000000000000000e+02 2.164000000000000000e+03 1.425600000000000000e+04 -4.128000000000000000e+03 -3.760000000000000000e+02 3.400000000000000000e+02
5.040000000000000000e+02 2.048000000000000000e+03 1.434800000000000000e+04 -4.176000000000000000e+03 -3.710000000000000000e+02 1.890000000000000000e+02
4.760000000000000000e+02 1.964000000000000000e+03 1.420000000000000000e+04 -4.160000000000000000e+03 -3.690000000000000000e+02 7.600000000000000000e+01
2.840000000000000000e+02 2.088000000000000000e+03 1.446800000000000000e+04 -4.160000000000000000e+03 -3.110000000000000000e+02 -3.900000000000000000e+01
3.680000000000000000e+02 1.960000000000000000e+03 1.490400000000000000e+04 -4.176000000000000000e+03 -2.660000000000000000e+02 -1.370000000000000000e+02
3.440000000000000000e+02 2.076000000000000000e+03 1.490800000000000000e+04 -4.176000000000000000e+03 -2.530000000000000000e+02 -1.110000000000000000e+02
3.440000000000000000e+02 2.264000000000000000e+03 1.447600000000000000e+04 -4.160000000000000000e+03 -2.480000000000000000e+02 -9.100000000000000000e+01
4.960000000000000000e+02 2.224000000000000000e+03 1.428400000000000000e+04 -4.192000000000000000e+03 -2.350000000000000000e+02 -3.400000000000000000e+01
4.080000000000000000e+02 2.168000000000000000e+03 1.414400000000000000e+04 -4.176000000000000000e+03 -2.720000000000000000e+02 8.000000000000000000e+00
5.840000000000000000e+02 2.140000000000000000e+03 1.426800000000000000e+04 -4.160000000000000000e+03 -2.980000000000000000e+02 5.700000000000000000e+01
4.800000000000000000e+02 1.940000000000000000e+03 1.433200000000000000e+04 -4.160000000000000000e+03 -2.790000000000000000e+02 1.250000000000000000e+02
6.800000000000000000e+02 1.824000000000000000e+03 1.450400000000000000e+04 -4.160000000000000000e+03 -2.900000000000000000e+02 2.200000000000000000e+02
4.960000000000000000e+02 1.956000000000000000e+03 1.460000000000000000e+04 -4.208000000000000000e+03 -3.060000000000000000e+02 3.380000000000000000e+02
5.480000000000000000e+02 1.952000000000000000e+03 1.451600000000000000e+04 -4.176000000000000000e+03 -3.250000000000000000e+02 4.600000000000000000e+02
4.760000000000000000e+02 2.096000000000000000e+03 1.439600000000000000e+04 -4.192000000000000000e+03 -3.380000000000000000e+02 5.370000000000000000e+02
5.760000000000000000e+02 2.028000000000000000e+03 1.438800000000000000e+04 -4.160000000000000000e+03 -3.250000000000000000e+02 5.750000000000000000e+02
4.480000000000000000e+02 2.092000000000000000e+03 1.440000000000000000e+04 -4.176000000000000000e+03 -3.450000000000000000e+02 5.570000000000000000e+02
2.400000000000000000e+02 2.012000000000000000e+03 1.446800000000000000e+04 -4.176000000000000000e+03 -3.300000000000000000e+02 5.360000000000000000e+02
5.120000000000000000e+02 2.156000000000000000e+03 1.458400000000000000e+04 -4.176000000000000000e+03 -3.130000000000000000e+02 4.670000000000000000e+02
5.120000000000000000e+02 2.080000000000000000e+03 1.438800000000000000e+04 -4.160000000000000000e+03 -3.290000000000000000e+02 4.410000000000000000e+02
6.160000000000000000e+02 2.204000000000000000e+03 1.431600000000000000e+04 -4.160000000000000000e+03 -3.130000000000000000e+02 4.630000000000000000e+02
8.080000000000000000e+02 2.012000000000000000e+03 1.446800000000000000e+04 -4.160000000000000000e+03 -2.670000000000000000e+02 4.490000000000000000e+02
6.760000000000000000e+02 1.940000000000000000e+03 1.443200000000000000e+04 -4.176000000000000000e+03 -2.950000000000000000e+02 4.160000000000000000e+02
5.160000000000000000e+02 1.940000000000000000e+03 1.435200000000000000e+04 -4.176000000000000000e+03 -2.970000000000000000e+02 2.970000000000000000e+02
4.800000000000000000e+02 1.920000000000000000e+03 1.435600000000000000e+04 -4.176000000000000000e+03 -3.070000000000000000e+02 1.090000000000000000e+02
5.480000000000000000e+02 1.908000000000000000e+03 1.394800000000000000e+04 -4.176000000000000000e+03 -2.620000000000000000e+02 -8.300000000000000000e+01
3.800000000000000000e+02 1.924000000000000000e+03 1.464400000000000000e+04 -4.192000000000000000e+03 -2.570000000000000000e+02 -1.660000000000000000e+02
4.960000000000000000e+02 1.948000000000000000e+03 1.470000000000000000e+04 -4.176000000000000000e+03 -2.130000000000000000e+02 -2.330000000000000000e+02
4.240000000000000000e+02 2.092000000000000000e+03 1.459600000000000000e+04 -4.176000000000000000e+03 -2.490000000000000000e+02 -1.770000000000000000e+02
3.640000000000000000e+02 2.080000000000000000e+03 1.460000000000000000e+04 -4.192000000000000000e+03 -2.130000000000000000e+02 -8.200000000000000000e+01
3.080000000000000000e+02 2.160000000000000000e+03 1.451200000000000000e+04 -4.160000000000000000e+03 -2.630000000000000000e+02 -8.000000000000000000e+00
2.800000000000000000e+02 2.024000000000000000e+03 1.456400000000000000e+04 -4.224000000000000000e+03 -2.480000000000000000e+02 9.800000000000000000e+01
9.600000000000000000e+01 1.916000000000000000e+03 1.448000000000000000e+04 -4.176000000000000000e+03 -2.580000000000000000e+02 1.730000000000000000e+02
-2.400000000000000000e+01 1.984000000000000000e+03 1.446000000000000000e+04 -4.176000000000000000e+03 -2.830000000000000000e+02 1.830000000000000000e+02
2.400000000000000000e+01 1.944000000000000000e+03 1.438000000000000000e+04 -4.160000000000000000e+03 -3.010000000000000000e+02 1.730000000000000000e+02
4.000000000000000000e+01 1.948000000000000000e+03 1.437200000000000000e+04 -4.176000000000000000e+03 -2.920000000000000000e+02 2.120000000000000000e+02
9.600000000000000000e+01 2.068000000000000000e+03 1.495600000000000000e+04 -4.176000000000000000e+03 -3.120000000000000000e+02 2.270000000000000000e+02
5.080000000000000000e+02 1.960000000000000000e+03 1.458800000000000000e+04 -4.208000000000000000e+03 -2.890000000000000000e+02 3.340000000000000000e+02
6.240000000000000000e+02 2.096000000000000000e+03 1.453200000000000000e+04 -4.176000000000000000e+03 -3.280000000000000000e+02 4.290000000000000000e+02
5.520000000000000000e+02 2.052000000000000000e+03 1.432400000000000000e+04 -4.160000000000000000e+03 -3.240000000000000000e+02 5.450000000000000000e+02
6.440000000000000000e+02 1.968000000000000000e+03 1.441600000000000000e+04 -4.192000000000000000e+03 -3.730000000000000000e+02 5.760000000000000000e+02
3.840000000000000000e+02 1.964000000000000000e+03 1.428400000000000000e+04 -4.192000000000000000e+03 -3.540000000000000000e+02 6.200000000000000000e+02
