-5.944000000000000000e+03 1.392000000000000000e+03 1.272000000000000000e+04 -3.968000000000000000e+03 -1.600000000000000000e+02 -4.510000000000000000e+02
-6.088000000000000000e+03 1.452000000000000000e+03 1.266000000000000000e+04 -3.952000000000000000e+03 -1.430000000000000000e+02 -2.910000000000000000e+02
-5.952000000000000000e+03 1.568000000000000000e+03 1.290400000000000000e+04 -3.984000000000000000e+03 -1.550000000000000000e+02 -1.400000000000000000e+02
-5.892000000000000000e+03 1.408000000000000000e+03 1.318800000000000000e+04 -3.952000000000000000e+03 -1.430000000000000000e+02 -3.200000000000000000e+01
-5.964000000000000000e+03 1.428000000000000000e+03 1.302400000000000000e+04 -3.968000000000000000e+03 -1.670000000000000000e+02 6.000000000000000000e+01
-5.880000000000000000e+03 1.448000000000000000e+03 1.311600000000000000e+04 -3.936000000000000000e+03 -1.540000000000000000e+02 1.880000000000000000e+02
-5.936000000000000000e+03 1.476000000000000000e+03 1.318400000000000000e+04 -3.952000000000000000e+03 -1.920000000000000000e+02 3.490000000000000000e+02
-6.128000000000000000e+03 1.524000000000000000e+03 1.323600000000000000e+04 -3.952000000000000000e+03 -1.870000000000000000e+02 4.610000000000000000e+02
-6.112000000000000000e+03 1.368000000000000000e+03 1.324400000000000000e+04 -3.984000000000000000e+03 -2.290000000000000000e+02 5.070000000000000000e+02
-6.068000000000000000e+03 1.468000000000000000e+03 1.305600000000000000e+04 -3.952000000000000000e+03 -2.650000000000000000e+02 5.840000000000000000e+02
-6.136000000000000000e+03 1.436000000000000000e+03 1.302800000000000000e+04 -3.952000000000000000e+03 -2.720000000000000000e+02 5.650000000000000000e+02
-6.128000000000000000e+03 1.512000000000000000e+03 1.308000000000000000e+04 -3.984000000000000000e+03 -2.680000000000000000e+02 5.100000000000000000e+02
-6.060000000000000000e+03 1.584000000000000000e+03 1.312000000000000000e+04 -3.952000000000000000e+03 -2.690000000000000000e+02 4.960000000000000000e+02
-6.100000000000000000e+03 1.556000000000000000e+03 1.309200000000000000e+04 -3.952000000000000000e+03 -2.560000000000000000e+02 4.580000000000000000e+02
-6.260000000000000000e+03 1.420000000000000000e+03 1.312400000000000000e+04 -3.968000000000000000e+03 -2.890000000000000000e+02 5.010000000000000000e+02
-6.288000000000000000e+03 1.536000000000000000e+03 1.298400000000000000e+04 -3.968000000000000000e+03 -2.870000000000000000e+02 5.130000000000000000e+02
-6.372000000000000000e+03 1.548000000000000000e+03 1.320000000000000000e+04 -3.968000000000000000e+03 -3.460000000000000000e+02 5.430000000000000000e+02
-6.392000000000000000e+03 1.528000000000000000e+03 1.315200000000000000e+04 -3.936000000000000000e+03 -3.630000000000000000e+02 4.690000000000000000e+02
-6.424000000000000000e+03 1.444000000000000000e+03 1.321600000000000000e+04 -3.968000000000000000e+03 -4.030000000000000000e+02 3.300000000000000000e+02
-6.316000000000000000e+03 1.508000000000000000e+03 1.318000000000000000e+04 -3.936000000000000000e+03 -4.190000000000000000e+02 1.750000000000000000e+02
-6.364000000000000000e+03 1.416000000000000000e+03 1.307600000000000000e+04 -3.968000000000000000e+03 -4.250000000000000000e+02 0.000000000000000000e+00
-6.252000000000000000e+03 1.400000000000000000e+03 1.291200000000000000e+04 -3.952000000000000000e+03 -3.930000000000000000e+02 -1.470000000000000000e+02
-6.168000000000000000e+03 1.372000000000000000e+03 1.299200000000000000e+04 -3.968000000000000000e+03 -3.780000000000000000e+02 -2.400000000000000000e+02
-6.104000000000000000e+03 1.400000000000000000e+03 1.286400000000000000e+04 -4.000000000000000000e+03 -3.470000000000000000e+02 -2.890000000000000000e+02
-6.308000000000000000e+03 1.480000000000000000e+03 1.281200000000000000e+04 -3.984000000000000000e+03 -2.920000000000000000e+02 -2.440000000000000000e+02
-6.144000000000000000e+03 1.364000000000000000e+03 1.278000000000000000e+04 -3.984000000000000000e+03 -2.770000000000000000e+02 -1.380000000000000000e+02
-6.060000000000000000e+03 1.400000000000000000e+03 1.275600000000000000e+04 -3.968000000000000000e+03 -2.350000000000000000e+02 -3.900000000000000000e+01
-6.012000000000000000e+03 1.360000000000000000e+03 1.282000000000000000e+04 -3.984000000000000000e+03 -2.440000000000000000e+02 4.800000000000000000e+01
-5.940000000000000000e+03 1.260000000000000000e+03 1.283200000000000000e+04 -3.968000000000000000e+03 -1.710000000000000000e+02 1.700000000000000000e+02
-6.024000000000000000e+03 1.316000000000000000e+03 1.280400000000000000e+04 -3.952000000000000000e+03 -1.510000000000000000e+02 2.180000000000000000e+02
-6.112000000000000000e+03 1.336000000000000000e+03 1.300000000000000000e+04 -3.984000000000000000e+03 -1.300000000000000000e+02 2.510000000000000000e+02
-6.136000000000000000e+03 1.380000000000000000e+03 1.286000000000000000e+04 -3.952000000000000000e+03 -9.300000000000000000e+01 2.910000000000000000e+02
-5.976000000000000000e+03 1.400000000000000000e+03 1.303600000000000000e+04 -3.968000000000000000e+03 -1.140000000000000000e+02 3.020000000000000000e+02
-6.144000000000000000e+03 1.516000000000000000e+03 1.316000000000000000e+04 -3.968000000000000000e+03 -9.400000000000000000e+01 3.040000000000000000e+02
-6.176000000000000000e+03 1.540000000000000000e+03 1.298800000000000000e+04 -3.920000000000000000e+03 -1.000000000000000000e+02 3.360000000000000000e+02
-6.284000000000000000e+03 1.468000000000000000e+03 1.301600000000000000e+04 -3.952000000000000000e+03 -1.680000000000000000e+02 3.310000000000000000e+02
-6.308000000000000000e+03 1.412000000000000000e+03 1.326400000000000000e+04 -4.016000000000000000e+03 -1.730000000000000000e+02 3.070000000000000000e+02
-6.380000000000000000e+03 1.504000000000000000e+03 1.335200000000000000e+04 -3.952000000000000000e+03 -2.250000000000000000e+02 2.650000000000000000e+02
-6.252000000000000000e+03 1.416000000000000000e+03 1.320800000000000000e+04 -3.984000000000000000e+03 -2.320000000000000000e+02 2.320000000000000000e+02
-6.276000000000000000e+03 1.408000000000000000e+03 1.303200000000000000e+04 -3.984000000000000000e+03 -2.450000000000000000e+02 1.210000000000000000e+02
-6.308000000000000000e+03 1.388000000000000000e+03 1.291200000000000000e+04 -3.984000000000000000e+03 -2.540000000000000000e+02 9.500000000000000000e+01
-6.420000000000000000e+03 1.460000000000000000e+03 1.307600000000000000e+04 -3.968000000000000000e+03 -2.510000000000000000e+02 3.300000000000000000e+01
-6.200000000000000000e+03 1.532000000000000000e+03 1.312000000000000000e+04 -3.984000000000000000e+03 -2.450000000000000000e+02 -2.900000000000000000e+01
-6.092000000000000000e+03 1.444000000000000000e+03 1.310000000000000000e+04 -4.000000000000000000e+03 -2.520000000000000000e+02 -1.360000000000000000e+02
-6.108000000000000000e+03 1.556000000000000000e+03 1.290800000000000000e+04 -3.968000000000000000e+03 -2.410000000000000000e+02 -1.860000000000000000e+02
-6.044000000000000000e+03 1.528000000000000000e+03 1.307200000000000000e+04 -3.968000000000000000e+03 -2.230000000000000000e+02 -2.190000000000000000e+02
-5.944000000000000000e+03 1.436000000000000000e+03 1.301200000000000000e+04 -3.952000000000000000e+03 -2.270000000000000000e+02 -2.010000000000000000e+02
-5.840000000000000000e+03 1.404000000000000000e+03 1.304800000000000000e+04 -3.952000000000000000e+03 -2.090000000000000000e+02 -1.520000000000000000e+02
-6.072000000000000000e+03 1.524000000000000000e+03 1.324000000000000000e+04 -3.952000000000000000e+03 -2.560000000000000000e+02 -4.400000000000000000e+01
-5.868000000000000000e+03 1.440000000000000000e+03 1.307200000000000000e+04 -3.968000000000000000e+03 -2.480000000000000000e+02 3.100000000000000000e+01
-6.048000000000000000e+03 1.296000000000000000e+03 1.303200000000000000e+04 -3.952000000000000000e+03 -2.750000000000000000e+02 1.820000000000000000e+02
-5.908000000000000000e+03 1.528000000000000000e+03 1.314000000000000000e+04 -3.952000000000000000e+03 -2.950000000000000000e+02 3.380000000000000000e+02
-5.960000000000000000e+03 1.468000000000000000e+03 1.315600000000000000e+04 -3.952000000000000000e+03 -3.200000000000000000e+02 4.910000000000000000e+02
-5.972000000000000000e+03 1.588000000000000000e+03 1.297600000000000000e+04 -3.952000000000000000e+03 -3.460000000000000000e+02 5.450000000000000000e+02
-5.864000000000000000e+03 1.604000000000000000e+03 1.298800000000000000e+04 -3.952000000000000000e+03 -3.380000000000000000e+02 5.640000000000000000e+02
-5.852000000000000000e+03 1.480000000000000000e+03 1.287200000000000000e+04 -3.952000000000000000e+03 -3.040000000000000000e+02 5.720000000000000000e+02
-6.224000000000000000e+03 1.416000000000000000e+03 1.280400000000000000e+04 -3.968000000000000000e+03 -2.700000000000000000e+02 5.590000000000000000e+02
-6.184000000000000000e+03 1.472000000000000000e+03 1.282800000000000000e+04 -3.968000000000000000e+03 -2.640000000000000000e+02 5.240000000000000000e+02
-6.180000000000000000e+03 1.444000000000000000e+03 1.292400000000000000e+04 -3.968000000000000000e+03 -2.200000000000000000e+02 4.560000000000000000e+02
-6.184000000000000000e+03 1.488000000000000000e+03 1.302800000000000000e+04 -3.968000000000000000e+03 -2.350000000000000000e+02 4.040000000000000000e+02
-6.256000000000000000e+03 1.476000000000000000e+03 1.286800000000000000e+04 -3.968000000000000000e+03 -1.960000000000000000e+02 3.520000000000000000e+02
-6.252000000000000000e+03 1.452000000000000000e+03 1.311600000000000000e+04 -3.968000000000000000e+03 -1.970000000000000000e+02 2.790000000000000000e+02
-6.396000000000000000e+03 1.464000000000000000e+03 1.325600000000000000e+04 -3.968000000000000000e+03 -2.460000000000000000e+02 2.540000000000000000e+02
-6.364000000000000000e+03 1.504000000000000000e+03 1.304800000000000000e+04 -3.968000000000000000e+03 -2.440000000000000000e+02 1.460000000000000000e+02
-6.340000000000000000e+03 1.572000000000000000e+03 1.334000000000000000e+04 -3.968000000000000000e+03 -2.840000000000000000e+02 2.900000000000000000e+01
-6.340000000000000000e+03 1.508000000000000000e+03 1.296400000000000000e+04 -3.968000000000000000e+03 -3.100000000000000000e+02 -8.700000000000000000e+01
-6.296000000000000000e+03 1.412000000000000000e+03 1.298800000000000000e+04 -3.936000000000000000e+03 -3.040000000000000000e+02 -1.920000000000000000e+02
-6.356000000000000000e+03 1.580000000000000000e+03 1.331600000000000000e+04 -3.968000000000000000e+03 -3.320000000000000000e+02 -2.900000000000000000e+02
-6.316000000000000000e+03 1.516000000000000000e+03 1.316000000000000000e+04 -3.968000000000000000e+03 -3.470000000000000000e+02 -4.000000000000000000e+02
-6.040000000000000000e+03 1.396000000000000000e+03 1.303600000000000000e+04 -3.984000000000000000e+03 -3.650000000000000000e+02 -3.510000000000000000e+02
-6.012000000000000000e+03 1.384000000000000000e+03 1.294000000000000000e+04 -3.952000000000000000e+03 -3.700000000000000000e+02 -2.410000000000000000e+02
-6.108000000000000000e+03 1.320000000000000000e+03 1.293600000000000000e+04 -3.968000000000000000e+03 -3.650000000000000000e+02 -2.600000000000000000e+01
-5.768000000000000000e+03 1.448000000000000000e+03 1.304800000000000000e+04 -3.968000000000000000e+03 -3.650000000000000000e+02 2.290000000000000000e+02
-5.908000000000000000e+03 1.264000000000000000e+03 1.307200000000000000e+04 -3.968000000000000000e+03 -3.720000000000000000e+02 4.860000000000000000e+02
-5.880000000000000000e+03 1.312000000000000000e+03 1.302800000000000000e+04 -3.968000000000000000e+03 -4.050000000000000000e+02 7.180000000000000000e+02
-6.024000000000000000e+03 1.272000000000000000e+03 1.292000000000000000e+04 -3.968000000000000000e+03 -4.330000000000000000e+02 9.220000000000000000e+02
-5.920000000000000000e+03 1.568000000000000000e+03 1.304800000000000000e+04 -3.968000000000000000e+03 -4.670000000000000000e+02 9.530000000000000000e+02
-6.352000000000000000e+03 1.284000000000000000e+03 1.296000000000000000e+04 -3.968000000000000000e+03 -4.580000000000000000e+02 9.000000000000000000e+02
-6.428000000000000000e+03 1.328000000000000000e+03 1.320000000000000000e+04 -3.952000000000000000e+03 -4.590000000000000000e+02 6.930000000000000000e+02
-6.416000000000000000e+03 1.340000000000000000e+03 1.314000000000000000e+04 -3.952000000000000000e+03 -4.460000000000000000e+02 4.860000000000000000e+02
-6.384000000000000000e+03 1.444000000000000000e+03 1.306000000000000000e+04 -3.984000000000000000e+03 -4.240000000000000000e+02 2.570000000000000000e+02
-6.492000000000000000e+03 1.224000000000000000e+03 1.310000000000000000e+04 -3.920000000000000000e+03 -4.030000000000000000e+02 1.000000000000000000e+01
-6.400000000000000000e+03 1.256000000000000000e+03 1.300000000000000000e+04 -3.952000000000000000e+03 -3.860000000000000000e+02 -1.550000000000000000e+02
-6.308000000000000000e+03 1.248000000000000000e+03 1.291200000000000000e+04 -3.968000000000000000e+03 -3.670000000000000000e+02 -2.770000000000000000e+02
