2.000000000000000000e+00 1.940000000000000000e+03 1.443600000000000000e+04 -4.160000000000000000e+03 -2.540000000000000000e+02 6.600000000000000000e+01
8.720000000000000000e+02 1.996000000000000000e+03 1.446400000000000000e+04 -4.144000000000000000e+03 -2.780000000000000000e+02 1.180000000000000000e+02
1.008000000000000000e+03 1.900000000000000000e+03 1.463200000000000000e+04 -4.112000000000000000e+03 -2.820000000000000000e+02 2.300000000000000000e+02
9.480000000000000000e+02 1.940000000000000000e+03 1.452400000000000000e+04 -4.144000000000000000e+03 -2.700000000000000000e+02 3.340000000000000000e+02
8.920000000000000000e+02 1.952000000000000000e+03 1.452800000000000000e+04 -4.096000000000000000e+03 -2.650000000000000000e+02 3.590000000000000000e+02
8.560000000000000000e+02 1.968000000000000000e+03 1.459200000000000000e+04 -4.112000000000000000e+03 -2.790000000000000000e+02 4.010000000000000000e+02
8.400000000000000000e+02 1.896000000000000000e+03 1.444000000000000000e+04 -4.128000000000000000e+03 -2.560000000000000000e+02 3.600000000000000000e+02
7.080000000000000000e+02 1.868000000000000000e+03 1.440400000000000000e+04 -4.128000000000000000e+03 -2.730000000000000000e+02 3.310000000000000000e+02
7.360000000000000000e+02 1.936000000000000000e+03 1.439600000000000000e+04 -4.128000000000000000e+03 -2.670000000000000000e+02 2.500000000000000000e+02
7.400000000000000000e+02 1.944000000000000000e+03 1.460800000000000000e+04 -4.144000000000000000e+03 -2.830000000000000000e+02 1.740000000000000000e+02
8.120000000000000000e+02 1.928000000000000000e+03 1.456800000000000000e+04 -4.144000000000000000e+03 -2.970000000000000000e+02 1.200000000000000000e+02
7.560000000000000000e+02 1.924000000000000000e+03 1.444800000000000000e+04 -4.144000000000000000e+03 -2.910000000000000000e+02 4.800000000000000000e+01
9.000000000000000000e+02 2.020000000000000000e+03 1.458800000000000000e+04 -4.144000000000000000e+03 -2.880000000000000000e+02 -2.500000000000000000e+01
7.400000000000000000e+02 1.976000000000000000e+03 1.453200000000000000e+04 -4.128000000000000000e+03 -2.760000000000000000e+02 -5.400000000000000000e+01
9.120000000000000000e+02 2.024000000000000000e+03 1.455200000000000000e+04 -4.160000000000000000e+03 -3.030000000000000000e+02 -4.800000000000000000e+01
8.040000000000000000e+02 1.940000000000000000e+03 1.442800000000000000e+04 -4.128000000000000000e+03 -2.960000000000000000e+02 -1.700000000000000000e+01
9.640000000000000000e+02 1.920000000000000000e+03 1.444800000000000000e+04 -4.160000000000000000e+03 -2.740000000000000000e+02 2.700000000000000000e+01
8.280000000000000000e+02 1.980000000000000000e+03 1.463600000000000000e+04 -4.112000000000000000e+03 -2.700000000000000000e+02 1.250000000000000000e+02
8.520000000000000000e+02 1.944000000000000000e+03 1.442800000000000000e+04 -4.144000000000000000e+03 -2.570000000000000000e+02 2.260000000000000000e+02
8.040000000000000000e+02 1.988000000000000000e+03 1.450800000000000000e+04 -4.176000000000000000e+03 -2.710000000000000000e+02 3.250000000000000000e+02
7.920000000000000000e+02 1.956000000000000000e+03 1.454400000000000000e+04 -4.160000000000000000e+03 -2.640000000000000000e+02 3.620000000000000000e+02
8.280000000000000000e+02 1.900000000000000000e+03 1.457200000000000000e+04 -4.160000000000000000e+03 -2.470000000000000000e+02 3.720000000000000000e+02
9.280000000000000000e+02 1.944000000000000000e+03 1.444000000000000000e+04 -4.128000000000000000e+03 -2.460000000000000000e+02 3.290000000000000000e+02
8.320000000000000000e+02 1.852000000000000000e+03 1.453600000000000000e+04 -4.112000000000000000e+03 -2.550000000000000000e+02 2.760000000000000000e+02
7.280000000000000000e+02 1.936000000000000000e+03 1.443600000000000000e+04 -4.160000000000000000e+03 -2.590000000000000000e+02 2.520000000000000000e+02
7.760000000000000000e+02 1.964000000000000000e+03 1.446000000000000000e+04 -4.128000000000000000e+03 -2.850000000000000000e+02 2.010000000000000000e+02
9.000000000000000000e+02 2.032000000000000000e+03 1.448400000000000000e+04 -4.144000000000000000e+03 -2.860000000000000000e+02 1.640000000000000000e+02
8.000000000000000000e+02 1.844000000000000000e+03 1.450000000000000000e+04 -4.112000000000000000e+03 -2.970000000000000000e+02 7.800000000000000000e+01
1.016000000000000000e+03 1.904000000000000000e+03 1.448800000000000000e+04 -4.176000000000000000e+03 -2.880000000000000000e+02 8.600000000000000000e+01
1.028000000000000000e+03 1.972000000000000000e+03 1.444400000000000000e+04 -4.160000000000000000e+03 -2.960000000000000000e+02 8.700000000000000000e+01
9.480000000000000000e+02 1.996000000000000000e+03 1.450400000000000000e+04 -4.144000000000000000e+03 -3.020000000000000000e+02 1.040000000000000000e+02
8.880000000000000000e+02 2.024000000000000000e+03 1.457200000000000000e+04 -4.144000000000000000e+03 -2.910000000000000000e+02 1.180000000000000000e+02
1.132000000000000000e+03 1.960000000000000000e+03 1.440400000000000000e+04 -4.144000000000000000e+03 -2.870000000000000000e+02 1.390000000000000000e+02
8.800000000000000000e+02 2.000000000000000000e+03 1.473600000000000000e+04 -4.144000000000000000e+03 -2.790000000000000000e+02 1.510000000000000000e+02
6.920000000000000000e+02 2.016000000000000000e+03 1.446400000000000000e+04 -4.144000000000000000e+03 -2.540000000000000000e+02 1.720000000000000000e+02
7.760000000000000000e+02 1.840000000000000000e+03 1.459200000000000000e+04 -4.176000000000000000e+03 -2.880000000000000000e+02 2.010000000000000000e+02
5.720000000000000000e+02 1.796000000000000000e+03 1.448400000000000000e+04 -4.096000000000000000e+03 -2.410000000000000000e+02 1.770000000000000000e+02
6.160000000000000000e+02 1.916000000000000000e+03 1.444000000000000000e+04 -4.160000000000000000e+03 -2.570000000000000000e+02 1.700000000000000000e+02
6.760000000000000000e+02 1.936000000000000000e+03 1.440000000000000000e+04 -4.128000000000000000e+03 -2.780000000000000000e+02 1.620000000000000000e+02
6.320000000000000000e+02 1.988000000000000000e+03 1.457200000000000000e+04 -4.160000000000000000e+03 -2.660000000000000000e+02 1.360000000000000000e+02
8.240000000000000000e+02 1.992000000000000000e+03 1.454400000000000000e+04 -4.128000000000000000e+03 -2.650000000000000000e+02 1.650000000000000000e+02
7.480000000000000000e+02 2.020000000000000000e+03 1.439200000000000000e+04 -4.160000000000000000e+03 -2.620000000000000000e+02 1.620000000000000000e+02
8.720000000000000000e+02 1.916000000000000000e+03 1.441600000000000000e+04 -4.112000000000000000e+03 -2.850000000000000000e+02 1.550000000000000000e+02
7.640000000000000000e+02 1.936000000000000000e+03 1.452800000000000000e+04 -4.112000000000000000e+03 -2.780000000000000000e+02 1.570000000000000000e+02
9.280000000000000000e+02 1.920000000000000000e+03 1.443200000000000000e+04 -4.144000000000000000e+03 -2.890000000000000000e+02 1.530000000000000000e+02
1.004000000000000000e+03 1.924000000000000000e+03 1.456000000000000000e+04 -4.128000000000000000e+03 -2.530000000000000000e+02 1.440000000000000000e+02
9.840000000000000000e+02 2.044000000000000000e+03 1.454000000000000000e+04 -4.176000000000000000e+03 -2.620000000000000000e+02 1.550000000000000000e+02
1.036000000000000000e+03 1.896000000000000000e+03 1.458800000000000000e+04 -4.112000000000000000e+03 -2.720000000000000000e+02 1.640000000000000000e+02
8.360000000000000000e+02 1.908000000000000000e+03 1.447200000000000000e+04 -4.128000000000000000e+03 -2.680000000000000000e+02 1.810000000000000000e+02
7.680000000000000000e+02 1.864000000000000000e+03 1.442800000000000000e+04 -4.128000000000000000e+03 -2.670000000000000000e+02 1.910000000000000000e+02
8.880000000000000000e+02 1.848000000000000000e+03 1.467600000000000000e+04 -4.112000000000000000e+03 -2.860000000000000000e+02 1.950000000000000000e+02
6.960000000000000000e+02 1.892000000000000000e+03 1.442000000000000000e+04 -4.176000000000000000e+03 -2.600000000000000000e+02 1.950000000000000000e+02
7.760000000000000000e+02 1.976000000000000000e+03 1.446800000000000000e+04 -4.144000000000000000e+03 -2.660000000000000000e+02 1.730000000000000000e+02
