-2.080000000000000000e+02 1.780000000000000000e+03 1.439200000000000000e+04 -4.144000000000000000e+03 -2.680000000000000000e+02 1.480000000000000000e+02
-3.240000000000000000e+02 1.876000000000000000e+03 1.456800000000000000e+04 -4.112000000000000000e+03 -2.860000000000000000e+02 1.080000000000000000e+02
-1.760000000000000000e+02 1.768000000000000000e+03 1.442400000000000000e+04 -4.144000000000000000e+03 -2.900000000000000000e+02 3.200000000000000000e+01
-1.280000000000000000e+02 1.920000000000000000e+03 1.445600000000000000e+04 -4.176000000000000000e+03 -2.870000000000000000e+02 -4.000000000000000000e+00
-1.960000000000000000e+02 1.888000000000000000e+03 1.465600000000000000e+04 -4.112000000000000000e+03 -2.620000000000000000e+02 -2.300000000000000000e+01
0.000000000000000000e+00 1.824000000000000000e+03 1.449200000000000000e+04 -4.128000000000000000e+03 -2.750000000000000000e+02 -7.100000000000000000e+01
9.600000000000000000e+01 1.916000000000000000e+03 1.441600000000000000e+04 -4.144000000000000000e+03 -2.830000000000000000e+02 -6.700000000000000000e+01
1.040000000000000000e+02 1.952000000000000000e+03 1.440000000000000000e+04 -4.144000000000000000e+03 -2.710000000000000000e+02 -7.700000000000000000e+01
1.800000000000000000e+02 1.856000000000000000e+03 1.444800000000000000e+04 -4.144000000000000000e+03 -2.610000000000000000e+02 -9.200000000000000000e+01
1.680000000000000000e+02 1.896000000000000000e+03 1.454800000000000000e+04 -4.144000000000000000e+03 -2.480000000000000000e+02 -7.900000000000000000e+01
1.400000000000000000e+02 1.896000000000000000e+03 1.444400000000000000e+04 -4.160000000000000000e+03 -2.530000000000000000e+02 -9.000000000000000000e+00
1.640000000000000000e+02 1.748000000000000000e+03 1.442800000000000000e+04 -4.144000000000000000e+03 -2.530000000000000000e+02 -1.100000000000000000e+01
-4.000000000000000000e+00 1.980000000000000000e+03 1.456400000000000000e+04 -4.112000000000000000e+03 -2.640000000000000000e+02 7.000000000000000000e+01
-1.240000000000000000e+02 1.764000000000000000e+03 1.445600000000000000e+04 -4.144000000000000000e+03 -2.280000000000000000e+02 1.500000000000000000e+02
3.600000000000000000e+01 1.940000000000000000e+03 1.446800000000000000e+04 -4.160000000000000000e+03 -2.520000000000000000e+02 2.210000000000000000e+02
-1.200000000000000000e+01 1.916000000000000000e+03 1.448400000000000000e+04 -4.160000000000000000e+03 -2.490000000000000000e+02 2.830000000000000000e+02
4.000000000000000000e+00 1.880000000000000000e+03 1.435200000000000000e+04 -4.144000000000000000e+03 -2.440000000000000000e+02 3.030000000000000000e+02
6.400000000000000000e+01 1.828000000000000000e+03 1.444800000000000000e+04 -4.144000000000000000e+03 -2.600000000000000000e+02 3.020000000000000000e+02
8.800000000000000000e+01 1.840000000000000000e+03 1.462400000000000000e+04 -4.144000000000000000e+03 -2.800000000000000000e+02 2.720000000000000000e+02
-1.440000000000000000e+02 1.808000000000000000e+03 1.440800000000000000e+04 -4.144000000000000000e+03 -2.720000000000000000e+02 2.680000000000000000e+02
4.400000000000000000e+01 1.936000000000000000e+03 1.446800000000000000e+04 -4.144000000000000000e+03 -2.840000000000000000e+02 2.540000000000000000e+02
-8.400000000000000000e+01 1.816000000000000000e+03 1.450400000000000000e+04 -4.112000000000000000e+03 -2.890000000000000000e+02 2.630000000000000000e+02
-4.000000000000000000e+00 1.868000000000000000e+03 1.450400000000000000e+04 -4.128000000000000000e+03 -2.990000000000000000e+02 1.930000000000000000e+02
-1.400000000000000000e+02 1.884000000000000000e+03 1.435600000000000000e+04 -4.144000000000000000e+03 -2.670000000000000000e+02 1.310000000000000000e+02
-1.640000000000000000e+02 1.816000000000000000e+03 1.462000000000000000e+04 -4.144000000000000000e+03 -3.160000000000000000e+02 6.600000000000000000e+01
-2.000000000000000000e+01 1.816000000000000000e+03 1.437200000000000000e+04 -4.160000000000000000e+03 -2.810000000000000000e+02 -5.300000000000000000e+01
-3.200000000000000000e+01 1.900000000000000000e+03 1.451200000000000000e+04 -4.128000000000000000e+03 -2.810000000000000000e+02 -2.280000000000000000e+02
-9.200000000000000000e+01 2.068000000000000000e+03 1.449600000000000000e+04 -4.144000000000000000e+03 -2.900000000000000000e+02 -3.780000000000000000e+02
1.320000000000000000e+02 1.852000000000000000e+03 1.463200000000000000e+04 -4.144000000000000000e+03 -3.050000000000000000e+02 -4.740000000000000000e+02
1.200000000000000000e+01 1.912000000000000000e+03 1.441600000000000000e+04 -4.144000000000000000e+03 -2.430000000000000000e+02 -5.690000000000000000e+02
1.920000000000000000e+02 1.936000000000000000e+03 1.440000000000000000e+04 -4.128000000000000000e+03 -2.230000000000000000e+02 -6.010000000000000000e+02
2.240000000000000000e+02 1.776000000000000000e+03 1.438000000000000000e+04 -4.128000000000000000e+03 -2.070000000000000000e+02 -6.100000000000000000e+02
2.920000000000000000e+02 1.920000000000000000e+03 1.445600000000000000e+04 -4.112000000000000000e+03 -2.370000000000000000e+02 -5.650000000000000000e+02
3.760000000000000000e+02 2.004000000000000000e+03 1.442000000000000000e+04 -4.144000000000000000e+03 -1.880000000000000000e+02 -5.190000000000000000e+02
2.200000000000000000e+02 1.832000000000000000e+03 1.445200000000000000e+04 -4.112000000000000000e+03 -1.990000000000000000e+02 -4.130000000000000000e+02
2.880000000000000000e+02 1.964000000000000000e+03 1.444800000000000000e+04 -4.112000000000000000e+03 -1.960000000000000000e+02 -2.720000000000000000e+02
1.880000000000000000e+02 1.932000000000000000e+03 1.438800000000000000e+04 -4.128000000000000000e+03 -1.860000000000000000e+02 -9.000000000000000000e+01
1.840000000000000000e+02 2.020000000000000000e+03 1.441200000000000000e+04 -4.128000000000000000e+03 -2.170000000000000000e+02 9.000000000000000000e+01
1.040000000000000000e+02 1.828000000000000000e+03 1.456000000000000000e+04 -4.112000000000000000e+03 -1.980000000000000000e+02 2.770000000000000000e+02
1.720000000000000000e+02 1.844000000000000000e+03 1.437600000000000000e+04 -4.128000000000000000e+03 -2.220000000000000000e+02 4.450000000000000000e+02
3.600000000000000000e+01 1.952000000000000000e+03 1.445600000000000000e+04 -4.144000000000000000e+03 -2.290000000000000000e+02 5.110000000000000000e+02
4.800000000000000000e+01 1.944000000000000000e+03 1.458400000000000000e+04 -4.128000000000000000e+03 -2.620000000000000000e+02 5.400000000000000000e+02
1.080000000000000000e+02 1.844000000000000000e+03 1.452400000000000000e+04 -4.176000000000000000e+03 -2.660000000000000000e+02 5.050000000000000000e+02
5.600000000000000000e+01 1.820000000000000000e+03 1.457600000000000000e+04 -4.128000000000000000e+03 -2.780000000000000000e+02 4.530000000000000000e+02
7.200000000000000000e+01 1.804000000000000000e+03 1.445600000000000000e+04 -4.144000000000000000e+03 -2.910000000000000000e+02 3.950000000000000000e+02
-1.240000000000000000e+02 1.812000000000000000e+03 1.442400000000000000e+04 -4.128000000000000000e+03 -2.990000000000000000e+02 2.920000000000000000e+02
-1.720000000000000000e+02 1.944000000000000000e+03 1.454000000000000000e+04 -4.144000000000000000e+03 -3.000000000000000000e+02 1.820000000000000000e+02
-1.560000000000000000e+02 1.964000000000000000e+03 1.458800000000000000e+04 -4.096000000000000000e+03 -3.020000000000000000e+02 1.130000000000000000e+02
-8.000000000000000000e+01 1.964000000000000000e+03 1.442000000000000000e+04 -4.144000000000000000e+03 -3.110000000000000000e+02 3.200000000000000000e+01
1.440000000000000000e+02 1.968000000000000000e+03 1.451600000000000000e+04 -4.144000000000000000e+03 -3.070000000000000000e+02 -2.800000000000000000e+01
1.280000000000000000e+02 1.800000000000000000e+03 1.445200000000000000e+04 -4.160000000000000000e+03 -2.890000000000000000e+02 -9.400000000000000000e+01
3.920000000000000000e+02 1.828000000000000000e+03 1.435600000000000000e+04 -4.144000000000000000e+03 -2.840000000000000000e+02 -1.290000000000000000e+02
5.760000000000000000e+02 1.936000000000000000e+03 1.445600000000000000e+04 -4.176000000000000000e+03 -2.570000000000000000e+02 -1.270000000000000000e+02
6.920000000000000000e+02 1.912000000000000000e+03 1.454000000000000000e+04 -4.128000000000000000e+03 -2.520000000000000000e+02 -9.400000000000000000e+01
6.360000000000000000e+02 1.992000000000000000e+03 1.436000000000000000e+04 -4.128000000000000000e+03 -2.590000000000000000e+02 4.500000000000000000e+01
7.960000000000000000e+02 1.968000000000000000e+03 1.444000000000000000e+04 -4.144000000000000000e+03 -2.630000000000000000e+02 1.490000000000000000e+02
9.560000000000000000e+02 1.868000000000000000e+03 1.461200000000000000e+04 -4.176000000000000000e+03 -2.780000000000000000e+02 2.850000000000000000e+02
1.012000000000000000e+03 1.940000000000000000e+03 1.456800000000000000e+04 -4.112000000000000000e+03 -2.710000000000000000e+02 4.120000000000000000e+02
1.020000000000000000e+03 1.896000000000000000e+03 1.452800000000000000e+04 -4.144000000000000000e+03 -2.560000000000000000e+02 4.320000000000000000e+02
1.008000000000000000e+03 1.948000000000000000e+03 1.452400000000000000e+04 -4.128000000000000000e+03 -2.600000000000000000e+02 4.820000000000000000e+02
8.640000000000000000e+02 2.016000000000000000e+03 1.457200000000000000e+04 -4.128000000000000000e+03 -2.840000000000000000e+02 4.900000000000000000e+02
