-5.844000000000000000e+03 8.880000000000000000e+02 1.330800000000000000e+04 -4.000000000000000000e+03 -1.100000000000000000e+02 1.540000000000000000e+02
-6.108000000000000000e+03 8.840000000000000000e+02 1.369600000000000000e+04 -3.984000000000000000e+03 -1.490000000000000000e+02 3.800000000000000000e+01
-6.200000000000000000e+03 7.400000000000000000e+02 1.357200000000000000e+04 -4.048000000000000000e+03 -1.790000000000000000e+02 -4.800000000000000000e+01
-5.824000000000000000e+03 8.720000000000000000e+02 1.330000000000000000e+04 -4.048000000000000000e+03 -1.950000000000000000e+02 -1.560000000000000000e+02
-5.884000000000000000e+03 8.760000000000000000e+02 1.338800000000000000e+04 -4.000000000000000000e+03 -2.080000000000000000e+02 -2.060000000000000000e+02
-5.980000000000000000e+03 9.520000000000000000e+02 1.325200000000000000e+04 -4.048000000000000000e+03 -2.280000000000000000e+02 -2.140000000000000000e+02
-5.904000000000000000e+03 9.040000000000000000e+02 1.335600000000000000e+04 -4.016000000000000000e+03 -2.330000000000000000e+02 -2.790000000000000000e+02
-5.968000000000000000e+03 9.000000000000000000e+02 1.334000000000000000e+04 -4.032000000000000000e+03 -2.810000000000000000e+02 -3.150000000000000000e+02
-6.032000000000000000e+03 1.000000000000000000e+03 1.332000000000000000e+04 -4.000000000000000000e+03 -3.130000000000000000e+02 -3.070000000000000000e+02
-5.924000000000000000e+03 9.520000000000000000e+02 1.333600000000000000e+04 -4.000000000000000000e+03 -3.420000000000000000e+02 -2.870000000000000000e+02
-5.808000000000000000e+03 9.600000000000000000e+02 1.346400000000000000e+04 -4.000000000000000000e+03 -3.230000000000000000e+02 -2.250000000000000000e+02
-5.892000000000000000e+03 9.560000000000000000e+02 1.343200000000000000e+04 -3.984000000000000000e+03 -3.790000000000000000e+02 -1.310000000000000000e+02
-5.840000000000000000e+03 9.600000000000000000e+02 1.352400000000000000e+04 -4.016000000000000000e+03 -4.090000000000000000e+02 1.500000000000000000e+01
-5.620000000000000000e+03 9.520000000000000000e+02 1.303200000000000000e+04 -4.000000000000000000e+03 -4.130000000000000000e+02 1.440000000000000000e+02
-5.484000000000000000e+03 9.400000000000000000e+02 1.303600000000000000e+04 -4.000000000000000000e+03 -4.100000000000000000e+02 2.800000000000000000e+02
-5.576000000000000000e+03 8.320000000000000000e+02 1.326000000000000000e+04 -4.016000000000000000e+03 -4.370000000000000000e+02 3.650000000000000000e+02
-5.544000000000000000e+03 8.840000000000000000e+02 1.338000000000000000e+04 -4.000000000000000000e+03 -4.420000000000000000e+02 4.740000000000000000e+02
-5.664000000000000000e+03 7.720000000000000000e+02 1.330400000000000000e+04 -4.016000000000000000e+03 -4.390000000000000000e+02 5.420000000000000000e+02
-5.744000000000000000e+03 8.800000000000000000e+02 1.341200000000000000e+04 -3.984000000000000000e+03 -4.120000000000000000e+02 6.390000000000000000e+02
-5.724000000000000000e+03 8.800000000000000000e+02 1.315600000000000000e+04 -4.000000000000000000e+03 -4.220000000000000000e+02 7.280000000000000000e+02
-5.620000000000000000e+03 7.920000000000000000e+02 1.305600000000000000e+04 -4.016000000000000000e+03 -3.520000000000000000e+02 8.310000000000000000e+02
-5.732000000000000000e+03 7.080000000000000000e+02 1.304400000000000000e+04 -4.032000000000000000e+03 -3.210000000000000000e+02 9.230000000000000000e+02
-5.916000000000000000e+03 7.520000000000000000e+02 1.317600000000000000e+04 -4.016000000000000000e+03 -3.210000000000000000e+02 1.007000000000000000e+03
-6.116000000000000000e+03 7.800000000000000000e+02 1.315200000000000000e+04 -3.984000000000000000e+03 -3.160000000000000000e+02 1.033000000000000000e+03
-5.948000000000000000e+03 9.040000000000000000e+02 1.305600000000000000e+04 -4.000000000000000000e+03 -3.090000000000000000e+02 1.056000000000000000e+03
-6.220000000000000000e+03 6.520000000000000000e+02 1.298400000000000000e+04 -4.048000000000000000e+03 -3.390000000000000000e+02 1.040000000000000000e+03
-6.240000000000000000e+03 6.160000000000000000e+02 1.293200000000000000e+04 -3.984000000000000000e+03 -3.370000000000000000e+02 9.470000000000000000e+02
-6.120000000000000000e+03 6.160000000000000000e+02 1.305200000000000000e+04 -4.016000000000000000e+03 -3.090000000000000000e+02 7.890000000000000000e+02
-6.280000000000000000e+03 6.120000000000000000e+02 1.321600000000000000e+04 -4.000000000000000000e+03 -3.360000000000000000e+02 6.640000000000000000e+02
-6.400000000000000000e+03 6.680000000000000000e+02 1.309200000000000000e+04 -4.016000000000000000e+03 -3.360000000000000000e+02 5.160000000000000000e+02
-6.464000000000000000e+03 5.880000000000000000e+02 1.323600000000000000e+04 -4.032000000000000000e+03 -3.340000000000000000e+02 4.030000000000000000e+02
-6.652000000000000000e+03 6.720000000000000000e+02 1.310000000000000000e+04 -4.016000000000000000e+03 -3.530000000000000000e+02 2.430000000000000000e+02
-6.372000000000000000e+03 6.600000000000000000e+02 1.310400000000000000e+04 -4.000000000000000000e+03 -3.090000000000000000e+02 1.230000000000000000e+02
-6.512000000000000000e+03 7.160000000000000000e+02 1.296800000000000000e+04 -3.984000000000000000e+03 -3.220000000000000000e+02 5.400000000000000000e+01
-6.520000000000000000e+03 6.640000000000000000e+02 1.302800000000000000e+04 -4.000000000000000000e+03 -3.040000000000000000e+02 -1.300000000000000000e+01
-6.392000000000000000e+03 7.120000000000000000e+02 1.281200000000000000e+04 -4.000000000000000000e+03 -3.060000000000000000e+02 -1.010000000000000000e+02
-6.444000000000000000e+03 6.280000000000000000e+02 1.293200000000000000e+04 -3.968000000000000000e+03 -2.890000000000000000e+02 -1.360000000000000000e+02
-6.296000000000000000e+03 7.360000000000000000e+02 1.291600000000000000e+04 -4.000000000000000000e+03 -2.530000000000000000e+02 -1.450000000000000000e+02
-6.164000000000000000e+03 7.760000000000000000e+02 1.310400000000000000e+04 -3.984000000000000000e+03 -2.390000000000000000e+02 -1.740000000000000000e+02
-6.324000000000000000e+03 7.080000000000000000e+02 1.292800000000000000e+04 -4.016000000000000000e+03 -2.560000000000000000e+02 -1.520000000000000000e+02
-6.064000000000000000e+03 7.400000000000000000e+02 1.292000000000000000e+04 -4.000000000000000000e+03 -2.120000000000000000e+02 -8.700000000000000000e+01
-6.224000000000000000e+03 6.880000000000000000e+02 1.282000000000000000e+04 -4.032000000000000000e+03 -1.830000000000000000e+02 -1.300000000000000000e+01
-6.120000000000000000e+03 6.960000000000000000e+02 1.288400000000000000e+04 -3.984000000000000000e+03 -1.760000000000000000e+02 5.700000000000000000e+01
-5.996000000000000000e+03 7.480000000000000000e+02 1.300800000000000000e+04 -3.984000000000000000e+03 -1.810000000000000000e+02 1.780000000000000000e+02
-6.156000000000000000e+03 6.920000000000000000e+02 1.303200000000000000e+04 -4.016000000000000000e+03 -1.880000000000000000e+02 2.830000000000000000e+02
-6.184000000000000000e+03 6.840000000000000000e+02 1.301600000000000000e+04 -4.000000000000000000e+03 -1.860000000000000000e+02 3.960000000000000000e+02
-6.244000000000000000e+03 6.720000000000000000e+02 1.302000000000000000e+04 -3.984000000000000000e+03 -2.120000000000000000e+02 4.810000000000000000e+02
-5.992000000000000000e+03 8.000000000000000000e+02 1.309600000000000000e+04 -4.000000000000000000e+03 -1.870000000000000000e+02 5.440000000000000000e+02
-6.288000000000000000e+03 8.000000000000000000e+02 1.310800000000000000e+04 -4.016000000000000000e+03 -2.220000000000000000e+02 5.730000000000000000e+02
-6.348000000000000000e+03 7.320000000000000000e+02 1.297600000000000000e+04 -4.000000000000000000e+03 -2.260000000000000000e+02 5.830000000000000000e+02
-6.136000000000000000e+03 7.320000000000000000e+02 1.303600000000000000e+04 -3.984000000000000000e+03 -2.180000000000000000e+02 5.710000000000000000e+02
-6.308000000000000000e+03 8.520000000000000000e+02 1.295200000000000000e+04 -4.000000000000000000e+03 -2.220000000000000000e+02 5.270000000000000000e+02
-6.440000000000000000e+03 8.400000000000000000e+02 1.313200000000000000e+04 -4.016000000000000000e+03 -2.250000000000000000e+02 5.200000000000000000e+02
-6.284000000000000000e+03 9.240000000000000000e+02 1.295200000000000000e+04 -4.000000000000000000e+03 -2.250000000000000000e+02 4.770000000000000000e+02
-6.304000000000000000e+03 7.800000000000000000e+02 1.301600000000000000e+04 -4.016000000000000000e+03 -2.090000000000000000e+02 4.610000000000000000e+02
-6.468000000000000000e+03 7.520000000000000000e+02 1.281600000000000000e+04 -4.000000000000000000e+03 -1.980000000000000000e+02 4.060000000000000000e+02
-6.448000000000000000e+03 6.480000000000000000e+02 1.301200000000000000e+04 -4.016000000000000000e+03 -1.960000000000000000e+02 2.960000000000000000e+02
-6.744000000000000000e+03 6.600000000000000000e+02 1.300800000000000000e+04 -4.016000000000000000e+03 -1.980000000000000000e+02 1.600000000000000000e+02
-6.636000000000000000e+03 6.760000000000000000e+02 1.322400000000000000e+04 -3.984000000000000000e+03 -1.950000000000000000e+02 2.800000000000000000e+01
-6.592000000000000000e+03 6.880000000000000000e+02 1.329600000000000000e+04 -4.000000000000000000e+03 -1.800000000000000000e+02 -9.600000000000000000e+01
-6.580000000000000000e+03 6.480000000000000000e+02 1.314800000000000000e+04 -4.016000000000000000e+03 -2.090000000000000000e+02 -1.530000000000000000e+02
-6.664000000000000000e+03 7.360000000000000000e+02 1.298000000000000000e+04 -4.000000000000000000e+03 -1.820000000000000000e+02 -2.170000000000000000e+02
-6.520000000000000000e+03 7.280000000000000000e+02 1.298000000000000000e+04 -3.968000000000000000e+03 -1.900000000000000000e+02 -2.270000000000000000e+02
-6.336000000000000000e+03 9.080000000000000000e+02 1.279600000000000000e+04 -4.016000000000000000e+03 -1.760000000000000000e+02 -2.370000000000000000e+02
-6.288000000000000000e+03 8.480000000000000000e+02 1.279200000000000000e+04 -3.984000000000000000e+03 -1.770000000000000000e+02 -2.770000000000000000e+02
-6.336000000000000000e+03 9.080000000000000000e+02 1.302000000000000000e+04 -3.984000000000000000e+03 -1.560000000000000000e+02 -2.410000000000000000e+02
-6.348000000000000000e+03 8.200000000000000000e+02 1.310400000000000000e+04 -4.000000000000000000e+03 -1.670000000000000000e+02 -2.560000000000000000e+02
-6.444000000000000000e+03 7.960000000000000000e+02 1.308800000000000000e+04 -4.032000000000000000e+03 -1.850000000000000000e+02 -2.550000000000000000e+02
-6.304000000000000000e+03 8.000000000000000000e+02 1.316800000000000000e+04 -3.984000000000000000e+03 -1.920000000000000000e+02 -2.810000000000000000e+02
-6.276000000000000000e+03 7.680000000000000000e+02 1.312400000000000000e+04 -4.016000000000000000e+03 -2.210000000000000000e+02 -2.250000000000000000e+02
-6.172000000000000000e+03 9.040000000000000000e+02 1.307200000000000000e+04 -3.984000000000000000e+03 -2.110000000000000000e+02 -1.840000000000000000e+02
-6.224000000000000000e+03 8.960000000000000000e+02 1.324000000000000000e+04 -4.032000000000000000e+03 -2.210000000000000000e+02 -1.030000000000000000e+02
-6.124000000000000000e+03 8.920000000000000000e+02 1.312400000000000000e+04 -4.032000000000000000e+03 -2.340000000000000000e+02 -2.500000000000000000e+01
-6.112000000000000000e+03 7.760000000000000000e+02 1.306800000000000000e+04 -3.984000000000000000e+03 -2.520000000000000000e+02 7.400000000000000000e+01
-6.104000000000000000e+03 9.000000000000000000e+02 1.318800000000000000e+04 -4.000000000000000000e+03 -2.720000000000000000e+02 1.830000000000000000e+02
-6.108000000000000000e+03 8.920000000000000000e+02 1.315600000000000000e+04 -3.968000000000000000e+03 -2.760000000000000000e+02 2.990000000000000000e+02
-5.956000000000000000e+03 9.240000000000000000e+02 1.289600000000000000e+04 -4.016000000000000000e+03 -3.040000000000000000e+02 3.740000000000000000e+02
-6.216000000000000000e+03 8.520000000000000000e+02 1.315200000000000000e+04 -4.032000000000000000e+03 -3.100000000000000000e+02 4.240000000000000000e+02
-6.192000000000000000e+03 9.200000000000000000e+02 1.317200000000000000e+04 -4.016000000000000000e+03 -3.450000000000000000e+02 4.390000000000000000e+02
-6.312000000000000000e+03 9.120000000000000000e+02 1.315200000000000000e+04 -4.000000000000000000e+03 -3.600000000000000000e+02 4.440000000000000000e+02
-6.176000000000000000e+03 7.840000000000000000e+02 1.321600000000000000e+04 -3.984000000000000000e+03 -4.030000000000000000e+02 4.190000000000000000e+02
-6.276000000000000000e+03 7.680000000000000000e+02 1.309600000000000000e+04 -4.000000000000000000e+03 -4.160000000000000000e+02 4.160000000000000000e+02
-6.172000000000000000e+03 8.920000000000000000e+02 1.305200000000000000e+04 -3.984000000000000000e+03 -4.130000000000000000e+02 3.930000000000000000e+02
-6.352000000000000000e+03 7.840000000000000000e+02 1.312800000000000000e+04 -4.000000000000000000e+03 -4.180000000000000000e+02 3.790000000000000000e+02
