-7.040000000000000000e+03 1.016000000000000000e+03 1.267600000000000000e+04 -4.000000000000000000e+03 -3.950000000000000000e+02 2.810000000000000000e+02
-6.964000000000000000e+03 1.100000000000000000e+03 1.269600000000000000e+04 -3.984000000000000000e+03 -3.900000000000000000e+02 1.050000000000000000e+02
-7.008000000000000000e+03 9.680000000000000000e+02 1.280000000000000000e+04 -3.984000000000000000e+03 -4.010000000000000000e+02 -2.000000000000000000e+01
-7.140000000000000000e+03 1.160000000000000000e+03 1.278800000000000000e+04 -4.000000000000000000e+03 -4.150000000000000000e+02 -1.380000000000000000e+02
-6.976000000000000000e+03 9.920000000000000000e+02 1.274400000000000000e+04 -3.984000000000000000e+03 -4.140000000000000000e+02 -2.460000000000000000e+02
-6.968000000000000000e+03 9.480000000000000000e+02 1.254800000000000000e+04 -4.016000000000000000e+03 -3.830000000000000000e+02 -2.470000000000000000e+02
-7.164000000000000000e+03 1.000000000000000000e+03 1.256400000000000000e+04 -4.016000000000000000e+03 -3.840000000000000000e+02 -1.230000000000000000e+02
-7.236000000000000000e+03 1.096000000000000000e+03 1.269600000000000000e+04 -3.984000000000000000e+03 -3.680000000000000000e+02 -8.600000000000000000e+01
-7.344000000000000000e+03 1.092000000000000000e+03 1.258000000000000000e+04 -3.968000000000000000e+03 -3.690000000000000000e+02 -1.000000000000000000e+00
-7.472000000000000000e+03 1.056000000000000000e+03 1.270400000000000000e+04 -3.984000000000000000e+03 -3.500000000000000000e+02 1.040000000000000000e+02
-7.396000000000000000e+03 1.000000000000000000e+03 1.257600000000000000e+04 -3.984000000000000000e+03 -3.720000000000000000e+02 1.820000000000000000e+02
-7.372000000000000000e+03 9.880000000000000000e+02 1.269600000000000000e+04 -3.984000000000000000e+03 -3.680000000000000000e+02 3.290000000000000000e+02
-7.184000000000000000e+03 9.680000000000000000e+02 1.271600000000000000e+04 -4.000000000000000000e+03 -4.010000000000000000e+02 5.080000000000000000e+02
-7.532000000000000000e+03 1.012000000000000000e+03 1.260400000000000000e+04 -3.936000000000000000e+03 -3.970000000000000000e+02 6.580000000000000000e+02
-7.480000000000000000e+03 1.004000000000000000e+03 1.259200000000000000e+04 -3.952000000000000000e+03 -4.160000000000000000e+02 7.740000000000000000e+02
-7.504000000000000000e+03 9.320000000000000000e+02 1.232400000000000000e+04 -4.000000000000000000e+03 -4.340000000000000000e+02 8.460000000000000000e+02
-7.508000000000000000e+03 1.032000000000000000e+03 1.235600000000000000e+04 -3.984000000000000000e+03 -4.210000000000000000e+02 8.810000000000000000e+02
-7.492000000000000000e+03 1.120000000000000000e+03 1.241600000000000000e+04 -3.984000000000000000e+03 -4.390000000000000000e+02 8.640000000000000000e+02
-7.416000000000000000e+03 1.044000000000000000e+03 1.249200000000000000e+04 -4.032000000000000000e+03 -4.090000000000000000e+02 7.990000000000000000e+02
-7.340000000000000000e+03 9.040000000000000000e+02 1.274000000000000000e+04 -4.016000000000000000e+03 -4.340000000000000000e+02 7.820000000000000000e+02
-6.992000000000000000e+03 9.000000000000000000e+02 1.244000000000000000e+04 -3.984000000000000000e+03 -4.520000000000000000e+02 7.190000000000000000e+02
-7.316000000000000000e+03 8.160000000000000000e+02 1.245200000000000000e+04 -4.000000000000000000e+03 -4.230000000000000000e+02 6.980000000000000000e+02
-7.348000000000000000e+03 9.960000000000000000e+02 1.226800000000000000e+04 -3.984000000000000000e+03 -4.320000000000000000e+02 6.740000000000000000e+02
-7.264000000000000000e+03 9.120000000000000000e+02 1.232800000000000000e+04 -3.968000000000000000e+03 -3.980000000000000000e+02 5.980000000000000000e+02
-7.272000000000000000e+03 7.240000000000000000e+02 1.256800000000000000e+04 -3.968000000000000000e+03 -3.960000000000000000e+02 4.560000000000000000e+02
-7.232000000000000000e+03 7.720000000000000000e+02 1.245600000000000000e+04 -3.984000000000000000e+03 -3.640000000000000000e+02 2.680000000000000000e+02
-7.248000000000000000e+03 7.680000000000000000e+02 1.229600000000000000e+04 -4.000000000000000000e+03 -3.500000000000000000e+02 1.070000000000000000e+02
-7.324000000000000000e+03 7.840000000000000000e+02 1.232000000000000000e+04 -3.984000000000000000e+03 -3.480000000000000000e+02 -4.400000000000000000e+01
-7.280000000000000000e+03 5.880000000000000000e+02 1.231200000000000000e+04 -4.016000000000000000e+03 -3.090000000000000000e+02 -1.780000000000000000e+02
-7.300000000000000000e+03 5.840000000000000000e+02 1.218800000000000000e+04 -3.984000000000000000e+03 -2.710000000000000000e+02 -4.000000000000000000e+02
-7.528000000000000000e+03 6.280000000000000000e+02 1.217600000000000000e+04 -4.000000000000000000e+03 -2.580000000000000000e+02 -6.130000000000000000e+02
-7.664000000000000000e+03 7.480000000000000000e+02 1.224800000000000000e+04 -3.984000000000000000e+03 -2.470000000000000000e+02 -8.230000000000000000e+02
-7.612000000000000000e+03 5.360000000000000000e+02 1.210800000000000000e+04 -4.000000000000000000e+03 -2.210000000000000000e+02 -9.480000000000000000e+02
-7.648000000000000000e+03 5.360000000000000000e+02 1.207200000000000000e+04 -4.000000000000000000e+03 -1.820000000000000000e+02 -1.013000000000000000e+03
-7.712000000000000000e+03 6.600000000000000000e+02 1.224400000000000000e+04 -4.016000000000000000e+03 -1.680000000000000000e+02 -9.360000000000000000e+02
-7.748000000000000000e+03 6.080000000000000000e+02 1.225600000000000000e+04 -3.984000000000000000e+03 -1.090000000000000000e+02 -8.270000000000000000e+02
-7.784000000000000000e+03 6.280000000000000000e+02 1.212000000000000000e+04 -3.984000000000000000e+03 -9.300000000000000000e+01 -7.470000000000000000e+02
-7.744000000000000000e+03 5.920000000000000000e+02 1.220400000000000000e+04 -3.968000000000000000e+03 -9.700000000000000000e+01 -6.770000000000000000e+02
-7.844000000000000000e+03 5.520000000000000000e+02 1.224800000000000000e+04 -3.968000000000000000e+03 -6.500000000000000000e+01 -5.860000000000000000e+02
-7.972000000000000000e+03 5.600000000000000000e+02 1.213200000000000000e+04 -3.984000000000000000e+03 -9.900000000000000000e+01 -4.720000000000000000e+02
-7.988000000000000000e+03 5.040000000000000000e+02 1.230000000000000000e+04 -3.984000000000000000e+03 -9.900000000000000000e+01 -3.380000000000000000e+02
-8.152000000000000000e+03 5.560000000000000000e+02 1.257200000000000000e+04 -4.016000000000000000e+03 -1.270000000000000000e+02 -2.660000000000000000e+02
-8.116000000000000000e+03 5.680000000000000000e+02 1.231600000000000000e+04 -4.000000000000000000e+03 -1.300000000000000000e+02 -2.160000000000000000e+02
-7.804000000000000000e+03 6.520000000000000000e+02 1.233200000000000000e+04 -4.000000000000000000e+03 -1.440000000000000000e+02 -1.360000000000000000e+02
-7.728000000000000000e+03 6.120000000000000000e+02 1.239200000000000000e+04 -3.984000000000000000e+03 -1.630000000000000000e+02 -4.900000000000000000e+01
-7.584000000000000000e+03 6.480000000000000000e+02 1.242400000000000000e+04 -4.016000000000000000e+03 -1.660000000000000000e+02 -3.000000000000000000e+00
-7.640000000000000000e+03 7.360000000000000000e+02 1.249600000000000000e+04 -3.984000000000000000e+03 -1.970000000000000000e+02 1.600000000000000000e+01
-7.696000000000000000e+03 7.280000000000000000e+02 1.250400000000000000e+04 -3.984000000000000000e+03 -1.830000000000000000e+02 5.800000000000000000e+01
-7.580000000000000000e+03 6.800000000000000000e+02 1.248000000000000000e+04 -4.000000000000000000e+03 -1.970000000000000000e+02 8.800000000000000000e+01
-7.524000000000000000e+03 7.080000000000000000e+02 1.250000000000000000e+04 -4.000000000000000000e+03 -2.060000000000000000e+02 1.290000000000000000e+02
-7.632000000000000000e+03 7.600000000000000000e+02 1.275600000000000000e+04 -4.000000000000000000e+03 -2.370000000000000000e+02 1.590000000000000000e+02
-7.520000000000000000e+03 7.480000000000000000e+02 1.274400000000000000e+04 -4.016000000000000000e+03 -2.240000000000000000e+02 1.810000000000000000e+02
-7.236000000000000000e+03 7.640000000000000000e+02 1.257600000000000000e+04 -3.984000000000000000e+03 -2.570000000000000000e+02 1.620000000000000000e+02
-7.196000000000000000e+03 7.920000000000000000e+02 1.270000000000000000e+04 -4.000000000000000000e+03 -2.710000000000000000e+02 1.930000000000000000e+02
-7.040000000000000000e+03 8.800000000000000000e+02 1.266800000000000000e+04 -3.984000000000000000e+03 -2.530000000000000000e+02 1.730000000000000000e+02
-6.988000000000000000e+03 7.720000000000000000e+02 1.282800000000000000e+04 -3.984000000000000000e+03 -2.920000000000000000e+02 1.920000000000000000e+02
-6.984000000000000000e+03 7.680000000000000000e+02 1.272800000000000000e+04 -3.984000000000000000e+03 -2.860000000000000000e+02 1.990000000000000000e+02
-6.932000000000000000e+03 8.200000000000000000e+02 1.281600000000000000e+04 -4.016000000000000000e+03 -3.070000000000000000e+02 1.950000000000000000e+02
-7.004000000000000000e+03 8.720000000000000000e+02 1.278800000000000000e+04 -4.016000000000000000e+03 -2.970000000000000000e+02 2.000000000000000000e+02
-6.860000000000000000e+03 7.600000000000000000e+02 1.266400000000000000e+04 -4.000000000000000000e+03 -2.990000000000000000e+02 2.220000000000000000e+02
-6.844000000000000000e+03 8.880000000000000000e+02 1.275200000000000000e+04 -4.016000000000000000e+03 -3.180000000000000000e+02 2.220000000000000000e+02
-7.040000000000000000e+03 8.960000000000000000e+02 1.280800000000000000e+04 -4.000000000000000000e+03 -3.240000000000000000e+02 2.430000000000000000e+02
-6.952000000000000000e+03 8.080000000000000000e+02 1.279600000000000000e+04 -3.984000000000000000e+03 -3.000000000000000000e+02 2.260000000000000000e+02
-6.952000000000000000e+03 8.520000000000000000e+02 1.281200000000000000e+04 -4.000000000000000000e+03 -3.230000000000000000e+02 1.990000000000000000e+02
-6.768000000000000000e+03 8.640000000000000000e+02 1.284000000000000000e+04 -3.984000000000000000e+03 -2.710000000000000000e+02 1.460000000000000000e+02
-6.884000000000000000e+03 9.000000000000000000e+02 1.264000000000000000e+04 -3.984000000000000000e+03 -2.880000000000000000e+02 1.640000000000000000e+02
-6.864000000000000000e+03 9.520000000000000000e+02 1.274000000000000000e+04 -3.984000000000000000e+03 -2.960000000000000000e+02 1.620000000000000000e+02
-6.872000000000000000e+03 8.640000000000000000e+02 1.267200000000000000e+04 -4.000000000000000000e+03 -2.790000000000000000e+02 2.470000000000000000e+02
-6.780000000000000000e+03 8.760000000000000000e+02 1.273600000000000000e+04 -3.984000000000000000e+03 -2.790000000000000000e+02 2.950000000000000000e+02
-6.900000000000000000e+03 9.400000000000000000e+02 1.274000000000000000e+04 -3.968000000000000000e+03 -2.900000000000000000e+02 3.810000000000000000e+02
