7.336000000000000000e+03 2.364000000000000000e+03 1.290400000000000000e+04 -3.872000000000000000e+03 -1.070000000000000000e+02 -1.276000000000000000e+03
7.656000000000000000e+03 2.348000000000000000e+03 1.334400000000000000e+04 -3.904000000000000000e+03 -7.300000000000000000e+01 -1.307000000000000000e+03
7.024000000000000000e+03 2.432000000000000000e+03 1.314400000000000000e+04 -3.904000000000000000e+03 -8.800000000000000000e+01 -1.553000000000000000e+03
7.096000000000000000e+03 2.524000000000000000e+03 1.284800000000000000e+04 -3.888000000000000000e+03 -2.500000000000000000e+01 -1.698000000000000000e+03
6.844000000000000000e+03 2.672000000000000000e+03 1.299200000000000000e+04 -3.888000000000000000e+03 -7.200000000000000000e+01 -1.692000000000000000e+03
6.912000000000000000e+03 2.452000000000000000e+03 1.385600000000000000e+04 -3.888000000000000000e+03 -1.150000000000000000e+02 -1.634000000000000000e+03
6.820000000000000000e+03 2.324000000000000000e+03 1.400400000000000000e+04 -3.888000000000000000e+03 -1.090000000000000000e+02 -1.555000000000000000e+03
6.780000000000000000e+03 2.228000000000000000e+03 1.325200000000000000e+04 -3.904000000000000000e+03 2.600000000000000000e+01 -1.425000000000000000e+03
6.556000000000000000e+03 2.264000000000000000e+03 1.275200000000000000e+04 -3.904000000000000000e+03 6.800000000000000000e+01 -1.317000000000000000e+03
5.648000000000000000e+03 2.236000000000000000e+03 1.280800000000000000e+04 -3.888000000000000000e+03 9.000000000000000000e+01 -1.087000000000000000e+03
5.824000000000000000e+03 2.160000000000000000e+03 1.350000000000000000e+04 -3.856000000000000000e+03 9.700000000000000000e+01 -8.880000000000000000e+02
6.740000000000000000e+03 2.104000000000000000e+03 1.365600000000000000e+04 -3.856000000000000000e+03 1.270000000000000000e+02 -7.270000000000000000e+02
7.036000000000000000e+03 2.240000000000000000e+03 1.403600000000000000e+04 -3.872000000000000000e+03 2.160000000000000000e+02 -5.830000000000000000e+02
7.104000000000000000e+03 2.512000000000000000e+03 1.373200000000000000e+04 -3.872000000000000000e+03 2.950000000000000000e+02 -4.040000000000000000e+02
6.800000000000000000e+03 2.760000000000000000e+03 1.297200000000000000e+04 -3.904000000000000000e+03 2.890000000000000000e+02 -1.280000000000000000e+02
7.200000000000000000e+03 2.768000000000000000e+03 1.330000000000000000e+04 -3.872000000000000000e+03 3.080000000000000000e+02 1.820000000000000000e+02
7.964000000000000000e+03 2.796000000000000000e+03 1.280000000000000000e+04 -3.888000000000000000e+03 2.680000000000000000e+02 5.320000000000000000e+02
7.948000000000000000e+03 2.684000000000000000e+03 1.305200000000000000e+04 -3.904000000000000000e+03 2.330000000000000000e+02 8.700000000000000000e+02
7.584000000000000000e+03 2.636000000000000000e+03 1.350400000000000000e+04 -3.920000000000000000e+03 1.420000000000000000e+02 1.133000000000000000e+03
7.356000000000000000e+03 2.236000000000000000e+03 1.344800000000000000e+04 -3.888000000000000000e+03 3.200000000000000000e+01 1.336000000000000000e+03
7.440000000000000000e+03 1.968000000000000000e+03 1.394400000000000000e+04 -3.872000000000000000e+03 -1.040000000000000000e+02 1.521000000000000000e+03
7.732000000000000000e+03 2.092000000000000000e+03 1.430400000000000000e+04 -3.904000000000000000e+03 -2.470000000000000000e+02 1.594000000000000000e+03
6.716000000000000000e+03 2.172000000000000000e+03 1.409600000000000000e+04 -3.904000000000000000e+03 -3.110000000000000000e+02 1.519000000000000000e+03
5.952000000000000000e+03 2.000000000000000000e+03 1.302000000000000000e+04 -3.872000000000000000e+03 -3.370000000000000000e+02 1.291000000000000000e+03
5.408000000000000000e+03 1.936000000000000000e+03 1.254400000000000000e+04 -3.888000000000000000e+03 -3.540000000000000000e+02 1.043000000000000000e+03
5.652000000000000000e+03 2.020000000000000000e+03 1.255200000000000000e+04 -3.856000000000000000e+03 -3.420000000000000000e+02 7.530000000000000000e+02
5.312000000000000000e+03 1.836000000000000000e+03 1.304000000000000000e+04 -3.872000000000000000e+03 -3.030000000000000000e+02 4.900000000000000000e+02
5.680000000000000000e+03 2.180000000000000000e+03 1.304800000000000000e+04 -3.872000000000000000e+03 -2.940000000000000000e+02 1.930000000000000000e+02
5.760000000000000000e+03 1.692000000000000000e+03 1.269600000000000000e+04 -3.888000000000000000e+03 -2.540000000000000000e+02 -2.800000000000000000e+01
5.376000000000000000e+03 1.820000000000000000e+03 1.230400000000000000e+04 -3.904000000000000000e+03 -2.780000000000000000e+02 -2.180000000000000000e+02
6.100000000000000000e+03 1.836000000000000000e+03 1.244800000000000000e+04 -3.888000000000000000e+03 -3.140000000000000000e+02 -2.400000000000000000e+02
5.532000000000000000e+03 1.844000000000000000e+03 1.255600000000000000e+04 -3.872000000000000000e+03 -3.290000000000000000e+02 -1.710000000000000000e+02
5.928000000000000000e+03 1.968000000000000000e+03 1.269600000000000000e+04 -3.888000000000000000e+03 -3.830000000000000000e+02 -8.200000000000000000e+01
6.664000000000000000e+03 2.124000000000000000e+03 1.262800000000000000e+04 -3.904000000000000000e+03 -3.730000000000000000e+02 -3.000000000000000000e+01
6.264000000000000000e+03 2.164000000000000000e+03 1.270000000000000000e+04 -3.856000000000000000e+03 -3.780000000000000000e+02 -4.800000000000000000e+01
5.892000000000000000e+03 1.964000000000000000e+03 1.284000000000000000e+04 -3.888000000000000000e+03 -4.170000000000000000e+02 -3.600000000000000000e+01
6.192000000000000000e+03 1.892000000000000000e+03 1.295600000000000000e+04 -3.856000000000000000e+03 -4.560000000000000000e+02 6.000000000000000000e+00
6.476000000000000000e+03 1.936000000000000000e+03 1.311200000000000000e+04 -3.888000000000000000e+03 -4.580000000000000000e+02 1.410000000000000000e+02
6.836000000000000000e+03 2.140000000000000000e+03 1.291200000000000000e+04 -3.904000000000000000e+03 -4.530000000000000000e+02 2.390000000000000000e+02
6.912000000000000000e+03 2.032000000000000000e+03 1.277600000000000000e+04 -3.904000000000000000e+03 -4.710000000000000000e+02 3.100000000000000000e+02
7.092000000000000000e+03 1.960000000000000000e+03 1.255600000000000000e+04 -3.904000000000000000e+03 -4.870000000000000000e+02 2.660000000000000000e+02
7.172000000000000000e+03 2.036000000000000000e+03 1.264800000000000000e+04 -3.920000000000000000e+03 -5.030000000000000000e+02 1.890000000000000000e+02
7.120000000000000000e+03 2.208000000000000000e+03 1.273200000000000000e+04 -3.856000000000000000e+03 -4.720000000000000000e+02 2.140000000000000000e+02
7.060000000000000000e+03 2.324000000000000000e+03 1.282800000000000000e+04 -3.872000000000000000e+03 -3.990000000000000000e+02 2.690000000000000000e+02
7.252000000000000000e+03 2.500000000000000000e+03 1.281600000000000000e+04 -3.888000000000000000e+03 -3.280000000000000000e+02 3.010000000000000000e+02
7.248000000000000000e+03 2.560000000000000000e+03 1.308000000000000000e+04 -3.888000000000000000e+03 -2.570000000000000000e+02 2.890000000000000000e+02
