-3.224000000000000000e+03 1.616000000000000000e+03 1.416400000000000000e+04 -4.208000000000000000e+03 -3.630000000000000000e+02 2.260000000000000000e+02
-2.876000000000000000e+03 1.636000000000000000e+03 1.434800000000000000e+04 -4.176000000000000000e+03 -3.120000000000000000e+02 4.500000000000000000e+01
-2.812000000000000000e+03 1.560000000000000000e+03 1.422000000000000000e+04 -4.208000000000000000e+03 -2.830000000000000000e+02 -5.200000000000000000e+01
-3.156000000000000000e+03 1.636000000000000000e+03 1.402800000000000000e+04 -4.160000000000000000e+03 -2.810000000000000000e+02 -6.600000000000000000e+01
-2.964000000000000000e+03 1.500000000000000000e+03 1.412800000000000000e+04 -4.176000000000000000e+03 -3.070000000000000000e+02 -1.000000000000000000e+00
-2.948000000000000000e+03 1.580000000000000000e+03 1.414000000000000000e+04 -4.176000000000000000e+03 -3.360000000000000000e+02 4.300000000000000000e+01
-2.980000000000000000e+03 1.596000000000000000e+03 1.405200000000000000e+04 -4.192000000000000000e+03 -3.420000000000000000e+02 8.500000000000000000e+01
-3.028000000000000000e+03 1.552000000000000000e+03 1.430800000000000000e+04 -4.176000000000000000e+03 -3.350000000000000000e+02 1.530000000000000000e+02
-3.148000000000000000e+03 1.616000000000000000e+03 1.434000000000000000e+04 -4.224000000000000000e+03 -2.820000000000000000e+02 2.870000000000000000e+02
-3.128000000000000000e+03 1.576000000000000000e+03 1.404400000000000000e+04 -4.208000000000000000e+03 -2.540000000000000000e+02 4.530000000000000000e+02
-3.168000000000000000e+03 1.544000000000000000e+03 1.389600000000000000e+04 -4.224000000000000000e+03 -2.310000000000000000e+02 5.530000000000000000e+02
-3.104000000000000000e+03 1.464000000000000000e+03 1.383200000000000000e+04 -4.192000000000000000e+03 -2.320000000000000000e+02 5.780000000000000000e+02
-3.200000000000000000e+03 1.312000000000000000e+03 1.379200000000000000e+04 -4.192000000000000000e+03 -1.920000000000000000e+02 5.940000000000000000e+02
-3.068000000000000000e+03 1.376000000000000000e+03 1.375600000000000000e+04 -4.192000000000000000e+03 -1.540000000000000000e+02 5.140000000000000000e+02
-2.824000000000000000e+03 1.408000000000000000e+03 1.429200000000000000e+04 -4.192000000000000000e+03 -1.660000000000000000e+02 3.500000000000000000e+02
-2.856000000000000000e+03 1.496000000000000000e+03 1.404400000000000000e+04 -4.176000000000000000e+03 -1.050000000000000000e+02 1.360000000000000000e+02
-2.848000000000000000e+03 1.464000000000000000e+03 1.400800000000000000e+04 -4.208000000000000000e+03 -9.300000000000000000e+01 -1.110000000000000000e+02
-3.128000000000000000e+03 1.468000000000000000e+03 1.412000000000000000e+04 -4.208000000000000000e+03 -7.800000000000000000e+01 -3.290000000000000000e+02
-3.304000000000000000e+03 1.536000000000000000e+03 1.413200000000000000e+04 -4.192000000000000000e+03 -3.900000000000000000e+01 -3.910000000000000000e+02
-3.372000000000000000e+03 1.620000000000000000e+03 1.419600000000000000e+04 -4.176000000000000000e+03 -3.300000000000000000e+01 -4.210000000000000000e+02
-3.464000000000000000e+03 1.568000000000000000e+03 1.412000000000000000e+04 -4.208000000000000000e+03 3.000000000000000000e+00 -3.240000000000000000e+02
-3.476000000000000000e+03 1.564000000000000000e+03 1.387600000000000000e+04 -4.192000000000000000e+03 -3.400000000000000000e+01 -1.920000000000000000e+02
-3.404000000000000000e+03 1.400000000000000000e+03 1.407200000000000000e+04 -4.192000000000000000e+03 -4.400000000000000000e+01 -3.100000000000000000e+01
-3.240000000000000000e+03 1.512000000000000000e+03 1.407200000000000000e+04 -4.192000000000000000e+03 -7.300000000000000000e+01 1.320000000000000000e+02
-3.096000000000000000e+03 1.416000000000000000e+03 1.438000000000000000e+04 -4.208000000000000000e+03 -9.800000000000000000e+01 2.610000000000000000e+02
-3.276000000000000000e+03 1.644000000000000000e+03 1.424800000000000000e+04 -4.208000000000000000e+03 -1.590000000000000000e+02 3.970000000000000000e+02
-2.968000000000000000e+03 1.604000000000000000e+03 1.406400000000000000e+04 -4.160000000000000000e+03 -1.970000000000000000e+02 4.880000000000000000e+02
-3.056000000000000000e+03 1.784000000000000000e+03 1.400000000000000000e+04 -4.224000000000000000e+03 -2.170000000000000000e+02 5.340000000000000000e+02
-2.972000000000000000e+03 1.836000000000000000e+03 1.411200000000000000e+04 -4.192000000000000000e+03 -2.770000000000000000e+02 5.150000000000000000e+02
-3.124000000000000000e+03 1.800000000000000000e+03 1.416000000000000000e+04 -4.224000000000000000e+03 -2.860000000000000000e+02 4.000000000000000000e+02
-2.980000000000000000e+03 1.824000000000000000e+03 1.435200000000000000e+04 -4.192000000000000000e+03 -3.320000000000000000e+02 2.380000000000000000e+02
-2.996000000000000000e+03 1.748000000000000000e+03 1.417600000000000000e+04 -4.160000000000000000e+03 -3.300000000000000000e+02 5.300000000000000000e+01
-2.952000000000000000e+03 1.724000000000000000e+03 1.454000000000000000e+04 -4.192000000000000000e+03 -2.980000000000000000e+02 -1.870000000000000000e+02
-3.104000000000000000e+03 1.772000000000000000e+03 1.422800000000000000e+04 -4.208000000000000000e+03 -2.790000000000000000e+02 -3.100000000000000000e+02
-3.136000000000000000e+03 1.552000000000000000e+03 1.406000000000000000e+04 -4.192000000000000000e+03 -3.000000000000000000e+02 -4.220000000000000000e+02
-3.332000000000000000e+03 1.648000000000000000e+03 1.429200000000000000e+04 -4.176000000000000000e+03 -2.840000000000000000e+02 -4.650000000000000000e+02
-3.296000000000000000e+03 1.612000000000000000e+03 1.400000000000000000e+04 -4.208000000000000000e+03 -2.990000000000000000e+02 -3.990000000000000000e+02
-3.396000000000000000e+03 1.548000000000000000e+03 1.436000000000000000e+04 -4.160000000000000000e+03 -3.030000000000000000e+02 -2.430000000000000000e+02
-3.360000000000000000e+03 1.632000000000000000e+03 1.407600000000000000e+04 -4.192000000000000000e+03 -3.260000000000000000e+02 5.300000000000000000e+01
-3.192000000000000000e+03 1.568000000000000000e+03 1.412800000000000000e+04 -4.208000000000000000e+03 -3.910000000000000000e+02 3.330000000000000000e+02
-3.116000000000000000e+03 1.612000000000000000e+03 1.407600000000000000e+04 -4.208000000000000000e+03 -4.170000000000000000e+02 5.830000000000000000e+02
-3.092000000000000000e+03 1.676000000000000000e+03 1.404800000000000000e+04 -4.224000000000000000e+03 -4.460000000000000000e+02 7.170000000000000000e+02
-2.952000000000000000e+03 1.696000000000000000e+03 1.403600000000000000e+04 -4.192000000000000000e+03 -5.070000000000000000e+02 7.600000000000000000e+02
-2.752000000000000000e+03 1.680000000000000000e+03 1.414400000000000000e+04 -4.192000000000000000e+03 -5.010000000000000000e+02 7.290000000000000000e+02
-2.648000000000000000e+03 1.672000000000000000e+03 1.411200000000000000e+04 -4.192000000000000000e+03 -5.390000000000000000e+02 6.190000000000000000e+02
-2.620000000000000000e+03 1.740000000000000000e+03 1.406400000000000000e+04 -4.224000000000000000e+03 -5.160000000000000000e+02 5.100000000000000000e+02
-2.660000000000000000e+03 1.692000000000000000e+03 1.424000000000000000e+04 -4.176000000000000000e+03 -4.620000000000000000e+02 4.330000000000000000e+02
-2.912000000000000000e+03 1.684000000000000000e+03 1.421600000000000000e+04 -4.176000000000000000e+03 -4.270000000000000000e+02 3.630000000000000000e+02
-2.952000000000000000e+03 1.564000000000000000e+03 1.402800000000000000e+04 -4.176000000000000000e+03 -3.930000000000000000e+02 3.110000000000000000e+02
-3.096000000000000000e+03 1.448000000000000000e+03 1.391600000000000000e+04 -4.208000000000000000e+03 -3.650000000000000000e+02 1.580000000000000000e+02
-3.104000000000000000e+03 1.272000000000000000e+03 1.399600000000000000e+04 -4.176000000000000000e+03 -3.400000000000000000e+02 -2.000000000000000000e+00
-3.140000000000000000e+03 1.284000000000000000e+03 1.420000000000000000e+04 -4.208000000000000000e+03 -2.780000000000000000e+02 -5.900000000000000000e+01
-3.104000000000000000e+03 1.496000000000000000e+03 1.435200000000000000e+04 -4.160000000000000000e+03 -2.820000000000000000e+02 -7.000000000000000000e+01
-3.012000000000000000e+03 1.480000000000000000e+03 1.390400000000000000e+04 -4.176000000000000000e+03 -2.750000000000000000e+02 -1.300000000000000000e+01
-3.124000000000000000e+03 1.440000000000000000e+03 1.385600000000000000e+04 -4.192000000000000000e+03 -2.760000000000000000e+02 8.200000000000000000e+01
-3.360000000000000000e+03 1.528000000000000000e+03 1.414400000000000000e+04 -4.224000000000000000e+03 -2.960000000000000000e+02 1.780000000000000000e+02
-3.496000000000000000e+03 1.588000000000000000e+03 1.391200000000000000e+04 -4.176000000000000000e+03 -2.910000000000000000e+02 2.390000000000000000e+02
-3.408000000000000000e+03 1.508000000000000000e+03 1.421200000000000000e+04 -4.192000000000000000e+03 -2.880000000000000000e+02 3.320000000000000000e+02
-3.252000000000000000e+03 1.600000000000000000e+03 1.413200000000000000e+04 -4.160000000000000000e+03 -2.960000000000000000e+02 3.770000000000000000e+02
-3.024000000000000000e+03 1.552000000000000000e+03 1.410400000000000000e+04 -4.192000000000000000e+03 -2.810000000000000000e+02 3.710000000000000000e+02
-2.908000000000000000e+03 1.480000000000000000e+03 1.398400000000000000e+04 -4.192000000000000000e+03 -2.550000000000000000e+02 3.660000000000000000e+02
-3.000000000000000000e+03 1.504000000000000000e+03 1.418000000000000000e+04 -4.176000000000000000e+03 -2.540000000000000000e+02 3.070000000000000000e+02
-2.980000000000000000e+03 1.424000000000000000e+03 1.412800000000000000e+04 -4.176000000000000000e+03 -2.480000000000000000e+02 2.820000000000000000e+02
-2.952000000000000000e+03 1.260000000000000000e+03 1.408000000000000000e+04 -4.176000000000000000e+03 -2.250000000000000000e+02 2.780000000000000000e+02
-3.200000000000000000e+03 1.416000000000000000e+03 1.408400000000000000e+04 -4.208000000000000000e+03 -2.200000000000000000e+02 3.580000000000000000e+02
-3.076000000000000000e+03 1.396000000000000000e+03 1.388400000000000000e+04 -4.208000000000000000e+03 -2.690000000000000000e+02 4.360000000000000000e+02
-3.348000000000000000e+03 1.576000000000000000e+03 1.397600000000000000e+04 -4.176000000000000000e+03 -2.860000000000000000e+02 5.040000000000000000e+02
-3.224000000000000000e+03 1.608000000000000000e+03 1.387200000000000000e+04 -4.192000000000000000e+03 -3.090000000000000000e+02 4.640000000000000000e+02
-3.420000000000000000e+03 1.608000000000000000e+03 1.425600000000000000e+04 -4.192000000000000000e+03 -2.620000000000000000e+02 2.710000000000000000e+02
-3.392000000000000000e+03 1.632000000000000000e+03 1.422000000000000000e+04 -4.192000000000000000e+03 -2.390000000000000000e+02 3.500000000000000000e+01
-3.224000000000000000e+03 1.592000000000000000e+03 1.412400000000000000e+04 -4.224000000000000000e+03 -2.050000000000000000e+02 -2.030000000000000000e+02
-3.132000000000000000e+03 1.508000000000000000e+03 1.430800000000000000e+04 -4.224000000000000000e+03 -1.700000000000000000e+02 -3.790000000000000000e+02
-3.064000000000000000e+03 1.468000000000000000e+03 1.410400000000000000e+04 -4.192000000000000000e+03 -1.590000000000000000e+02 -4.910000000000000000e+02
-3.140000000000000000e+03 1.316000000000000000e+03 1.384400000000000000e+04 -4.208000000000000000e+03 -1.840000000000000000e+02 -5.330000000000000000e+02
-3.340000000000000000e+03 1.472000000000000000e+03 1.366800000000000000e+04 -4.208000000000000000e+03 -1.880000000000000000e+02 -5.320000000000000000e+02
-3.228000000000000000e+03 1.532000000000000000e+03 1.409600000000000000e+04 -4.192000000000000000e+03 -2.100000000000000000e+02 -5.260000000000000000e+02
-3.196000000000000000e+03 1.532000000000000000e+03 1.435600000000000000e+04 -4.192000000000000000e+03 -1.840000000000000000e+02 -3.930000000000000000e+02
-3.264000000000000000e+03 1.824000000000000000e+03 1.432400000000000000e+04 -4.208000000000000000e+03 -2.070000000000000000e+02 -1.620000000000000000e+02
-3.076000000000000000e+03 1.704000000000000000e+03 1.430000000000000000e+04 -4.176000000000000000e+03 -2.230000000000000000e+02 6.200000000000000000e+01
