-3.516000000000000000e+03 1.704000000000000000e+03 1.418000000000000000e+04 -3.904000000000000000e+03 -4.010000000000000000e+02 1.900000000000000000e+02
-3.544000000000000000e+03 1.672000000000000000e+03 -2.830000000000000000e+02 -3.936000000000000000e+03 -3.920000000000000000e+02 1.390000000000000000e+02
-3.592000000000000000e+03 1.636000000000000000e+03 1.412800000000000000e+04 -3.920000000000000000e+03 -3.950000000000000000e+02 1.160000000000000000e+02
-3.684000000000000000e+03 1.728000000000000000e+03 1.394800000000000000e+04 -3.920000000000000000e+03 -3.800000000000000000e+02 1.390000000000000000e+02
-3.556000000000000000e+03 -3.936000000000000000e+03 1.415200000000000000e+04 -3.920000000000000000e+03 -4.200000000000000000e+02 1.240000000000000000e+02
2.400000000000000000e+01 1.624000000000000000e+03 1.405600000000000000e+04 -3.920000000000000000e+03 -3.730000000000000000e+02 1.110000000000000000e+02
-3.812000000000000000e+03 1.692000000000000000e+03 1.381600000000000000e+04 -3.920000000000000000e+03 -3.760000000000000000e+02 1.340000000000000000e+02
-3.764000000000000000e+03 1.700000000000000000e+03 1.388400000000000000e+04 -3.920000000000000000e+03 -3.820000000000000000e+02 1.360000000000000000e+02
-3.840000000000000000e+03 1.552000000000000000e+03 1.397600000000000000e+04 -3.920000000000000000e+03 -3.700000000000000000e+02 1.690000000000000000e+02
-3.796000000000000000e+03 1.660000000000000000e+03 1.398400000000000000e+04 -3.920000000000000000e+03 -3.550000000000000000e+02 2.310000000000000000e+02
-3.668000000000000000e+03 1.588000000000000000e+03 1.399600000000000000e+04 -3.920000000000000000e+03 -3.270000000000000000e+02 3.320000000000000000e+02
-3.768000000000000000e+03 1.472000000000000000e+03 1.387200000000000000e+04 -3.920000000000000000e+03 -3.250000000000000000e+02 4.230000000000000000e+02
-3.848000000000000000e+03 1.536000000000000000e+03 1.364800000000000000e+04 -3.920000000000000000e+03 -3.260000000000000000e+02 5.200000000000000000e+02
-3.764000000000000000e+03 1.592000000000000000e+03 1.372800000000000000e+04 -3.920000000000000000e+03 -2.820000000000000000e+02 5.690000000000000000e+02
-3.824000000000000000e+03 1.496000000000000000e+03 1.374800000000000000e+04 -3.920000000000000000e+03 -3.090000000000000000e+02 6.370000000000000000e+02
-3.904000000000000000e+03 1.464000000000000000e+03 1.384400000000000000e+04 -3.952000000000000000e+03 -3.030000000000000000e+02 6.250000000000000000e+02
-3.856000000000000000e+03 1.532000000000000000e+03 1.384400000000000000e+04 -3.904000000000000000e+03 -2.930000000000000000e+02 5.800000000000000000e+02
-3.960000000000000000e+03 1.616000000000000000e+03 1.381600000000000000e+04 -3.904000000000000000e+03 -3.190000000000000000e+02 4.460000000000000000e+02
-3.748000000000000000e+03 1.564000000000000000e+03 1.374400000000000000e+04 -3.936000000000000000e+03 -2.640000000000000000e+02 2.680000000000000000e+02
-3.836000000000000000e+03 1.560000000000000000e+03 1.374400000000000000e+04 -3.936000000000000000e+03 -2.780000000000000000e+02 1.290000000000000000e+02
-3.640000000000000000e+03 1.532000000000000000e+03 1.379600000000000000e+04 -3.904000000000000000e+03 -2.690000000000000000e+02 -5.300000000000000000e+01
-3.760000000000000000e+03 1.540000000000000000e+03 1.379200000000000000e+04 -3.936000000000000000e+03 -2.590000000000000000e+02 -2.350000000000000000e+02
-3.872000000000000000e+03 1.516000000000000000e+03 1.395600000000000000e+04 -3.904000000000000000e+03 -2.760000000000000000e+02 -3.980000000000000000e+02
-3.916000000000000000e+03 1.572000000000000000e+03 1.382000000000000000e+04 -3.888000000000000000e+03 -2.820000000000000000e+02 -4.770000000000000000e+02
-3.856000000000000000e+03 1.656000000000000000e+03 1.371600000000000000e+04 -3.904000000000000000e+03 -2.660000000000000000e+02 -4.630000000000000000e+02
-3.784000000000000000e+03 1.592000000000000000e+03 1.380000000000000000e+04 -3.920000000000000000e+03 -2.970000000000000000e+02 -3.930000000000000000e+02
-3.892000000000000000e+03 1.584000000000000000e+03 1.384800000000000000e+04 -3.904000000000000000e+03 -2.960000000000000000e+02 -2.640000000000000000e+02
-4.040000000000000000e+03 1.580000000000000000e+03 1.394000000000000000e+04 -3.872000000000000000e+03 -2.810000000000000000e+02 -1.100000000000000000e+02
-4.132000000000000000e+03 1.592000000000000000e+03 1.404000000000000000e+04 -3.920000000000000000e+03 -3.070000000000000000e+02 1.220000000000000000e+02
-4.184000000000000000e+03 1.636000000000000000e+03 1.401600000000000000e+04 -3.920000000000000000e+03 -3.150000000000000000e+02 3.730000000000000000e+02
-4.136000000000000000e+03 1.632000000000000000e+03 1.399200000000000000e+04 -3.968000000000000000e+03 -3.450000000000000000e+02 6.000000000000000000e+02
-4.180000000000000000e+03 1.528000000000000000e+03 1.380800000000000000e+04 -3.904000000000000000e+03 -3.570000000000000000e+02 7.600000000000000000e+02
-4.224000000000000000e+03 1.616000000000000000e+03 1.390800000000000000e+04 -3.888000000000000000e+03 -3.470000000000000000e+02 8.340000000000000000e+02
-3.976000000000000000e+03 1.652000000000000000e+03 1.394800000000000000e+04 -3.920000000000000000e+03 -3.320000000000000000e+02 8.030000000000000000e+02
-3.988000000000000000e+03 1.600000000000000000e+03 1.400400000000000000e+04 -3.920000000000000000e+03 -3.010000000000000000e+02 7.750000000000000000e+02
-3.844000000000000000e+03 1.656000000000000000e+03 1.377600000000000000e+04 -3.920000000000000000e+03 -2.880000000000000000e+02 6.850000000000000000e+02
-3.708000000000000000e+03 1.592000000000000000e+03 1.381600000000000000e+04 -3.920000000000000000e+03 -2.870000000000000000e+02 5.230000000000000000e+02
-3.784000000000000000e+03 1.640000000000000000e+03 1.370800000000000000e+04 -3.920000000000000000e+03 -2.630000000000000000e+02 3.500000000000000000e+02
-3.704000000000000000e+03 1.596000000000000000e+03 1.379200000000000000e+04 -3.888000000000000000e+03 -2.710000000000000000e+02 1.560000000000000000e+02
-3.840000000000000000e+03 1.396000000000000000e+03 1.372000000000000000e+04 -3.888000000000000000e+03 -2.550000000000000000e+02 8.000000000000000000e+00
-3.640000000000000000e+03 1.468000000000000000e+03 1.378000000000000000e+04 -3.888000000000000000e+03 -2.170000000000000000e+02 -9.600000000000000000e+01
-3.684000000000000000e+03 1.412000000000000000e+03 1.372000000000000000e+04 -3.952000000000000000e+03 -2.240000000000000000e+02 -1.730000000000000000e+02
-3.712000000000000000e+03 1.508000000000000000e+03 1.383200000000000000e+04 -3.936000000000000000e+03 -2.250000000000000000e+02 -2.100000000000000000e+02
-3.824000000000000000e+03 1.392000000000000000e+03 1.376400000000000000e+04 -3.936000000000000000e+03 -1.950000000000000000e+02 -1.510000000000000000e+02
-3.800000000000000000e+03 1.512000000000000000e+03 1.395600000000000000e+04 -3.888000000000000000e+03 -1.990000000000000000e+02 -9.100000000000000000e+01
-3.840000000000000000e+03 1.488000000000000000e+03 1.404800000000000000e+04 -3.936000000000000000e+03 -1.980000000000000000e+02 2.500000000000000000e+01
-3.964000000000000000e+03 1.480000000000000000e+03 1.385200000000000000e+04 -3.920000000000000000e+03 -2.180000000000000000e+02 1.540000000000000000e+02
-4.052000000000000000e+03 1.500000000000000000e+03 1.393200000000000000e+04 -3.920000000000000000e+03 -2.210000000000000000e+02 3.070000000000000000e+02
-3.988000000000000000e+03 1.496000000000000000e+03 1.392000000000000000e+04 -3.904000000000000000e+03 -2.390000000000000000e+02 4.270000000000000000e+02
-4.008000000000000000e+03 1.500000000000000000e+03 1.362400000000000000e+04 -3.952000000000000000e+03 -2.360000000000000000e+02 5.720000000000000000e+02
-4.012000000000000000e+03 1.400000000000000000e+03 1.381600000000000000e+04 -3.904000000000000000e+03 -2.820000000000000000e+02 6.420000000000000000e+02
-4.128000000000000000e+03 1.480000000000000000e+03 1.400800000000000000e+04 -3.904000000000000000e+03 -2.690000000000000000e+02 6.530000000000000000e+02
-4.180000000000000000e+03 1.416000000000000000e+03 1.390400000000000000e+04 -3.904000000000000000e+03 -2.680000000000000000e+02 6.510000000000000000e+02
-4.012000000000000000e+03 1.544000000000000000e+03 1.375600000000000000e+04 -3.904000000000000000e+03 -2.560000000000000000e+02 5.760000000000000000e+02
-3.904000000000000000e+03 1.376000000000000000e+03 1.367200000000000000e+04 -3.936000000000000000e+03 -2.650000000000000000e+02 4.880000000000000000e+02
-3.760000000000000000e+03 1.484000000000000000e+03 1.377600000000000000e+04 -3.936000000000000000e+03 -2.580000000000000000e+02 3.990000000000000000e+02
-4.004000000000000000e+03 1.380000000000000000e+03 1.382800000000000000e+04 -3.904000000000000000e+03 -2.470000000000000000e+02 2.510000000000000000e+02
-3.936000000000000000e+03 1.556000000000000000e+03 1.380800000000000000e+04 -3.936000000000000000e+03 -2.260000000000000000e+02 1.390000000000000000e+02
-3.796000000000000000e+03 1.484000000000000000e+03 1.369600000000000000e+04 -3.904000000000000000e+03 -2.370000000000000000e+02 5.600000000000000000e+01
-3.604000000000000000e+03 1.488000000000000000e+03 1.382000000000000000e+04 -3.936000000000000000e+03 -2.300000000000000000e+02 8.000000000000000000e+00
-3.972000000000000000e+03 1.504000000000000000e+03 1.399200000000000000e+04 -3.904000000000000000e+03 -2.540000000000000000e+02 -7.000000000000000000e+01
-4.000000000000000000e+03 1.636000000000000000e+03 1.377200000000000000e+04 -3.888000000000000000e+03 -2.620000000000000000e+02 -1.230000000000000000e+02
-3.928000000000000000e+03 1.504000000000000000e+03 1.380400000000000000e+04 -3.904000000000000000e+03 -2.760000000000000000e+02 -2.000000000000000000e+02
-4.020000000000000000e+03 1.528000000000000000e+03 1.382800000000000000e+04 -3.888000000000000000e+03 -2.850000000000000000e+02 -2.210000000000000000e+02
-3.996000000000000000e+03 1.496000000000000000e+03 1.386000000000000000e+04 -3.920000000000000000e+03 -2.650000000000000000e+02 -2.530000000000000000e+02
-4.164000000000000000e+03 1.480000000000000000e+03 1.382800000000000000e+04 -3.888000000000000000e+03 -2.850000000000000000e+02 -1.980000000000000000e+02
-4.220000000000000000e+03 1.496000000000000000e+03 1.400400000000000000e+04 -3.920000000000000000e+03 -3.000000000000000000e+02 -1.750000000000000000e+02
-4.296000000000000000e+03 1.520000000000000000e+03 1.379600000000000000e+04 -3.904000000000000000e+03 -3.080000000000000000e+02 -1.210000000000000000e+02
-4.188000000000000000e+03 1.528000000000000000e+03 1.385200000000000000e+04 -3.904000000000000000e+03 -2.940000000000000000e+02 -8.700000000000000000e+01
-4.308000000000000000e+03 1.620000000000000000e+03 1.392000000000000000e+04 -3.920000000000000000e+03 -2.980000000000000000e+02 -8.500000000000000000e+01
-4.264000000000000000e+03 1.632000000000000000e+03 1.370800000000000000e+04 -3.888000000000000000e+03 -2.720000000000000000e+02 -7.700000000000000000e+01
-4.256000000000000000e+03 1.552000000000000000e+03 1.406400000000000000e+04 -3.904000000000000000e+03 -2.750000000000000000e+02 -8.000000000000000000e+00
-4.256000000000000000e+03 1.688000000000000000e+03 1.406800000000000000e+04 -3.920000000000000000e+03 -2.400000000000000000e+02 1.070000000000000000e+02
