1.804000000000000000e+03 2.076000000000000000e+03 -4.176000000000000000e+03 -2.700000000000000000e+02 -2.590000000000000000e+02 1.740000000000000000e+02
2.032000000000000000e+03 1.438000000000000000e+04 1.436800000000000000e+04 -4.192000000000000000e+03 -3.020000000000000000e+02 1.620000000000000000e+02
1.684000000000000000e+03 2.112000000000000000e+03 1.434400000000000000e+04 -4.192000000000000000e+03 -2.810000000000000000e+02 1.730000000000000000e+02
1.568000000000000000e+03 1.992000000000000000e+03 1.442000000000000000e+04 -4.176000000000000000e+03 -2.850000000000000000e+02 1.290000000000000000e+02
1.688000000000000000e+03 2.016000000000000000e+03 1.436800000000000000e+04 -4.160000000000000000e+03 -2.730000000000000000e+02 1.700000000000000000e+02
1.812000000000000000e+03 2.108000000000000000e+03 1.446800000000000000e+04 -4.176000000000000000e+03 -2.790000000000000000e+02 1.830000000000000000e+02
1.776000000000000000e+03 2.128000000000000000e+03 1.433200000000000000e+04 -4.192000000000000000e+03 -2.910000000000000000e+02 1.720000000000000000e+02
1.624000000000000000e+03 2.028000000000000000e+03 1.450400000000000000e+04 -4.160000000000000000e+03 -2.810000000000000000e+02 1.690000000000000000e+02
1.740000000000000000e+03 2.028000000000000000e+03 1.437200000000000000e+04 -4.176000000000000000e+03 -2.650000000000000000e+02 1.510000000000000000e+02
1.692000000000000000e+03 2.044000000000000000e+03 1.447600000000000000e+04 -4.192000000000000000e+03 -2.670000000000000000e+02 1.620000000000000000e+02
1.768000000000000000e+03 2.092000000000000000e+03 1.443600000000000000e+04 -4.208000000000000000e+03 -2.900000000000000000e+02 1.330000000000000000e+02
1.672000000000000000e+03 1.924000000000000000e+03 1.450400000000000000e+04 -4.224000000000000000e+03 -2.790000000000000000e+02 1.700000000000000000e+02
1.780000000000000000e+03 2.116000000000000000e+03 1.438800000000000000e+04 -4.176000000000000000e+03 -2.790000000000000000e+02 1.570000000000000000e+02
1.636000000000000000e+03 2.132000000000000000e+03 1.452400000000000000e+04 -4.208000000000000000e+03 -2.750000000000000000e+02 1.770000000000000000e+02
1.816000000000000000e+03 2.092000000000000000e+03 1.446800000000000000e+04 -4.192000000000000000e+03 -2.730000000000000000e+02 1.760000000000000000e+02
1.636000000000000000e+03 2.036000000000000000e+03 1.438800000000000000e+04 -4.208000000000000000e+03 -2.550000000000000000e+02 1.530000000000000000e+02
1.724000000000000000e+03 2.128000000000000000e+03 1.439600000000000000e+04 -4.192000000000000000e+03 -2.820000000000000000e+02 1.990000000000000000e+02
1.864000000000000000e+03 2.160000000000000000e+03 1.447200000000000000e+04 -4.176000000000000000e+03 -2.650000000000000000e+02 1.420000000000000000e+02
1.652000000000000000e+03 2.000000000000000000e+03 1.439600000000000000e+04 -4.208000000000000000e+03 -2.780000000000000000e+02 1.390000000000000000e+02
1.824000000000000000e+03 2.056000000000000000e+03 1.442000000000000000e+04 -4.192000000000000000e+03 -2.770000000000000000e+02 1.730000000000000000e+02
1.704000000000000000e+03 2.048000000000000000e+03 1.446800000000000000e+04 -4.176000000000000000e+03 -2.580000000000000000e+02 1.860000000000000000e+02
1.632000000000000000e+03 2.072000000000000000e+03 1.443600000000000000e+04 -4.160000000000000000e+03 -2.670000000000000000e+02 1.670000000000000000e+02
1.704000000000000000e+03 2.116000000000000000e+03 1.448800000000000000e+04 -4.176000000000000000e+03 -3.000000000000000000e+02 1.680000000000000000e+02
1.724000000000000000e+03 2.180000000000000000e+03 1.440400000000000000e+04 -4.144000000000000000e+03 -2.740000000000000000e+02 1.750000000000000000e+02
1.860000000000000000e+03 1.988000000000000000e+03 1.456000000000000000e+04 -4.192000000000000000e+03 -2.530000000000000000e+02 1.570000000000000000e+02
1.648000000000000000e+03 2.056000000000000000e+03 1.428000000000000000e+04 -4.144000000000000000e+03 -2.690000000000000000e+02 1.620000000000000000e+02
1.816000000000000000e+03 2.132000000000000000e+03 1.455200000000000000e+04 -4.224000000000000000e+03 -2.520000000000000000e+02 1.800000000000000000e+02
1.684000000000000000e+03 2.068000000000000000e+03 1.448400000000000000e+04 -4.160000000000000000e+03 -2.750000000000000000e+02 1.730000000000000000e+02
1.752000000000000000e+03 2.056000000000000000e+03 1.442000000000000000e+04 -4.176000000000000000e+03 -2.750000000000000000e+02 1.780000000000000000e+02
1.764000000000000000e+03 2.064000000000000000e+03 1.443600000000000000e+04 -4.160000000000000000e+03 -2.750000000000000000e+02 1.600000000000000000e+02
1.804000000000000000e+03 2.040000000000000000e+03 1.436400000000000000e+04 -4.208000000000000000e+03 -2.670000000000000000e+02 1.780000000000000000e+02
1.684000000000000000e+03 2.060000000000000000e+03 1.448000000000000000e+04 -4.160000000000000000e+03 -2.820000000000000000e+02 1.460000000000000000e+02
1.696000000000000000e+03 2.084000000000000000e+03 1.450000000000000000e+04 -4.176000000000000000e+03 -2.900000000000000000e+02 1.630000000000000000e+02
1.648000000000000000e+03 2.004000000000000000e+03 1.438000000000000000e+04 -4.176000000000000000e+03 -2.480000000000000000e+02 1.580000000000000000e+02
1.908000000000000000e+03 2.036000000000000000e+03 1.442400000000000000e+04 -4.192000000000000000e+03 -2.660000000000000000e+02 1.720000000000000000e+02
1.688000000000000000e+03 2.028000000000000000e+03 1.444800000000000000e+04 -4.176000000000000000e+03 -3.020000000000000000e+02 1.700000000000000000e+02
1.824000000000000000e+03 2.016000000000000000e+03 1.448400000000000000e+04 -4.192000000000000000e+03 -2.730000000000000000e+02 1.550000000000000000e+02
1.644000000000000000e+03 2.032000000000000000e+03 1.435200000000000000e+04 -4.176000000000000000e+03 -2.800000000000000000e+02 1.580000000000000000e+02
1.700000000000000000e+03 2.144000000000000000e+03 1.444000000000000000e+04 -4.176000000000000000e+03 -2.770000000000000000e+02 1.520000000000000000e+02
1.644000000000000000e+03 2.116000000000000000e+03 1.431600000000000000e+04 -4.160000000000000000e+03 -2.840000000000000000e+02 1.580000000000000000e+02
1.736000000000000000e+03 2.112000000000000000e+03 1.445200000000000000e+04 -4.176000000000000000e+03 -2.660000000000000000e+02 1.910000000000000000e+02
1.776000000000000000e+03 2.068000000000000000e+03 1.440000000000000000e+04 -4.192000000000000000e+03 -2.780000000000000000e+02 1.750000000000000000e+02
1.696000000000000000e+03 2.016000000000000000e+03 1.448800000000000000e+04 -4.176000000000000000e+03 -2.620000000000000000e+02 1.790000000000000000e+02
1.876000000000000000e+03 1.992000000000000000e+03 1.436000000000000000e+04 -4.176000000000000000e+03 -2.750000000000000000e+02 1.640000000000000000e+02
1.612000000000000000e+03 1.988000000000000000e+03 1.436400000000000000e+04 -4.160000000000000000e+03 -2.940000000000000000e+02 1.630000000000000000e+02
1.660000000000000000e+03 2.144000000000000000e+03 1.430800000000000000e+04 -4.176000000000000000e+03 -2.810000000000000000e+02 1.760000000000000000e+02
1.668000000000000000e+03 2.036000000000000000e+03 1.442400000000000000e+04 -4.160000000000000000e+03 -2.750000000000000000e+02 1.650000000000000000e+02
1.796000000000000000e+03 1.984000000000000000e+03 1.440400000000000000e+04 -4.208000000000000000e+03 -2.880000000000000000e+02 1.760000000000000000e+02
1.824000000000000000e+03 2.084000000000000000e+03 1.444000000000000000e+04 -4.192000000000000000e+03 -2.950000000000000000e+02 1.740000000000000000e+02
1.748000000000000000e+03 1.992000000000000000e+03 1.451600000000000000e+04 -4.192000000000000000e+03 -2.590000000000000000e+02 1.690000000000000000e+02
1.780000000000000000e+03 2.056000000000000000e+03 1.436400000000000000e+04 -4.176000000000000000e+03 -2.760000000000000000e+02 1.570000000000000000e+02
1.648000000000000000e+03 2.092000000000000000e+03 1.446400000000000000e+04 -4.160000000000000000e+03 -2.830000000000000000e+02 1.480000000000000000e+02
1.608000000000000000e+03 1.988000000000000000e+03 1.439200000000000000e+04 -4.176000000000000000e+03 -2.800000000000000000e+02 1.750000000000000000e+02
1.732000000000000000e+03 2.072000000000000000e+03 1.453600000000000000e+04 -4.144000000000000000e+03 -2.860000000000000000e+02 1.510000000000000000e+02
1.784000000000000000e+03 2.044000000000000000e+03 1.431600000000000000e+04 -4.192000000000000000e+03 -2.700000000000000000e+02 1.660000000000000000e+02
1.644000000000000000e+03 2.004000000000000000e+03 1.446400000000000000e+04 -4.176000000000000000e+03 -2.680000000000000000e+02 1.740000000000000000e+02
1.732000000000000000e+03 2.088000000000000000e+03 1.448000000000000000e+04 -4.192000000000000000e+03 -2.680000000000000000e+02 1.450000000000000000e+02
1.744000000000000000e+03 2.092000000000000000e+03 1.437600000000000000e+04 -4.160000000000000000e+03 -2.830000000000000000e+02 1.720000000000000000e+02
1.828000000000000000e+03 2.144000000000000000e+03 1.439200000000000000e+04 -4.176000000000000000e+03 -2.720000000000000000e+02 1.690000000000000000e+02
1.848000000000000000e+03 2.036000000000000000e+03 1.443200000000000000e+04 -4.192000000000000000e+03 -2.600000000000000000e+02 1.440000000000000000e+02
1.688000000000000000e+03 2.112000000000000000e+03 1.443200000000000000e+04 -4.144000000000000000e+03 -2.890000000000000000e+02 1.820000000000000000e+02
1.832000000000000000e+03 2.144000000000000000e+03 1.442400000000000000e+04 -4.160000000000000000e+03 -2.790000000000000000e+02 1.710000000000000000e+02
1.668000000000000000e+03 2.036000000000000000e+03 1.433200000000000000e+04 -4.160000000000000000e+03 -2.760000000000000000e+02 1.720000000000000000e+02
1.612000000000000000e+03 2.052000000000000000e+03 1.444400000000000000e+04 -4.176000000000000000e+03 -2.940000000000000000e+02 1.700000000000000000e+02
1.792000000000000000e+03 2.112000000000000000e+03 1.447600000000000000e+04 -4.192000000000000000e+03 -2.610000000000000000e+02 1.370000000000000000e+02
1.752000000000000000e+03 1.948000000000000000e+03 1.437600000000000000e+04 -4.176000000000000000e+03 -2.700000000000000000e+02 1.580000000000000000e+02
1.672000000000000000e+03 2.088000000000000000e+03 1.433600000000000000e+04 -4.160000000000000000e+03 -2.970000000000000000e+02 1.440000000000000000e+02
1.820000000000000000e+03 2.136000000000000000e+03 1.444800000000000000e+04 -4.176000000000000000e+03 -2.780000000000000000e+02 1.710000000000000000e+02
1.608000000000000000e+03 2.032000000000000000e+03 1.447600000000000000e+04 -4.160000000000000000e+03 -2.780000000000000000e+02 1.630000000000000000e+02
1.604000000000000000e+03 2.084000000000000000e+03 1.446800000000000000e+04 -4.192000000000000000e+03 -2.670000000000000000e+02 1.650000000000000000e+02
1.648000000000000000e+03 2.088000000000000000e+03 1.429200000000000000e+04 -4.176000000000000000e+03 -2.790000000000000000e+02 1.670000000000000000e+02
1.720000000000000000e+03 2.072000000000000000e+03 1.434000000000000000e+04 -4.192000000000000000e+03 -2.730000000000000000e+02 1.680000000000000000e+02
1.760000000000000000e+03 2.044000000000000000e+03 1.429200000000000000e+04 -4.208000000000000000e+03 -2.700000000000000000e+02 1.680000000000000000e+02
1.600000000000000000e+03 2.060000000000000000e+03 1.458400000000000000e+04 -4.160000000000000000e+03 -2.750000000000000000e+02 1.600000000000000000e+02
1.500000000000000000e+03 2.028000000000000000e+03 1.443200000000000000e+04 -4.176000000000000000e+03 -2.790000000000000000e+02 1.790000000000000000e+02
1.680000000000000000e+03 2.076000000000000000e+03 1.424000000000000000e+04 -4.192000000000000000e+03 -2.850000000000000000e+02 1.610000000000000000e+02
1.768000000000000000e+03 2.052000000000000000e+03 1.431200000000000000e+04 -4.208000000000000000e+03 -2.750000000000000000e+02 1.490000000000000000e+02
1.884000000000000000e+03 2.072000000000000000e+03 1.449200000000000000e+04 -4.176000000000000000e+03 -2.790000000000000000e+02 1.590000000000000000e+02
1.832000000000000000e+03 2.064000000000000000e+03 1.441200000000000000e+04 -4.160000000000000000e+03 -2.760000000000000000e+02 1.730000000000000000e+02
1.796000000000000000e+03 1.952000000000000000e+03 1.440400000000000000e+04 -4.176000000000000000e+03 -2.770000000000000000e+02 1.690000000000000000e+02
1.860000000000000000e+03 2.104000000000000000e+03 1.448400000000000000e+04 -4.160000000000000000e+03 -2.740000000000000000e+02 1.550000000000000000e+02
1.896000000000000000e+03 2.056000000000000000e+03 1.443200000000000000e+04 -4.176000000000000000e+03 -2.750000000000000000e+02 1.730000000000000000e+02
