-1.006400000000000000e+04 1.680000000000000000e+02 1.201600000000000000e+04 -3.968000000000000000e+03 -3.200000000000000000e+01 -6.060000000000000000e+02
-1.040400000000000000e+04 1.160000000000000000e+02 1.205200000000000000e+04 -3.968000000000000000e+03 -5.300000000000000000e+01 -5.260000000000000000e+02
-1.088400000000000000e+04 -6.000000000000000000e+01 1.115200000000000000e+04 -3.968000000000000000e+03 -8.000000000000000000e+00 -4.920000000000000000e+02
-1.114800000000000000e+04 -1.890000000000000000e+02 9.904000000000000000e+03 -4.000000000000000000e+03 1.700000000000000000e+01 -5.110000000000000000e+02
-1.034000000000000000e+04 2.400000000000000000e+01 9.300000000000000000e+03 -3.984000000000000000e+03 7.400000000000000000e+01 -6.140000000000000000e+02
-9.392000000000000000e+03 1.600000000000000000e+02 9.428000000000000000e+03 -3.920000000000000000e+03 8.700000000000000000e+01 -7.950000000000000000e+02
3.000000000000000000e+00 1.960000000000000000e+02 1.048400000000000000e+04 -3.936000000000000000e+03 1.190000000000000000e+02 -9.840000000000000000e+02
-9.624000000000000000e+03 2.960000000000000000e+02 1.144800000000000000e+04 -3.952000000000000000e+03 1.280000000000000000e+02 -1.098000000000000000e+03
-1.011600000000000000e+04 2.360000000000000000e+02 1.199600000000000000e+04 -3.952000000000000000e+03 1.060000000000000000e+02 -1.220000000000000000e+03
-1.081600000000000000e+04 -1.600000000000000000e+01 1.156000000000000000e+04 -3.968000000000000000e+03 1.140000000000000000e+02 -1.239000000000000000e+03
-1.064000000000000000e+04 -5.200000000000000000e+01 1.062400000000000000e+04 -3.968000000000000000e+03 6.900000000000000000e+01 -1.354000000000000000e+03
-1.010800000000000000e+04 -7.200000000000000000e+01 1.029600000000000000e+04 -3.936000000000000000e+03 4.800000000000000000e+01 -1.549000000000000000e+03
-9.388000000000000000e+03 1.920000000000000000e+02 1.031200000000000000e+04 -3.968000000000000000e+03 2.300000000000000000e+01 -1.727000000000000000e+03
-9.072000000000000000e+03 1.560000000000000000e+02 1.077200000000000000e+04 -3.952000000000000000e+03 1.900000000000000000e+01 -1.882000000000000000e+03
-9.312000000000000000e+03 3.080000000000000000e+02 1.098800000000000000e+04 -3.968000000000000000e+03 -9.000000000000000000e+00 -1.981000000000000000e+03
-9.604000000000000000e+03 1.520000000000000000e+02 1.156800000000000000e+04 -3.952000000000000000e+03 -4.000000000000000000e+01 -1.984000000000000000e+03
-1.026400000000000000e+04 9.200000000000000000e+01 1.142400000000000000e+04 -4.000000000000000000e+03 -9.700000000000000000e+01 -1.942000000000000000e+03
-1.018400000000000000e+04 1.520000000000000000e+02 1.130800000000000000e+04 -3.984000000000000000e+03 -1.410000000000000000e+02 -1.852000000000000000e+03
-1.023600000000000000e+04 1.000000000000000000e+02 1.109600000000000000e+04 -3.952000000000000000e+03 -1.710000000000000000e+02 -1.671000000000000000e+03
-9.552000000000000000e+03 2.400000000000000000e+02 1.099600000000000000e+04 -3.984000000000000000e+03 -1.910000000000000000e+02 -1.432000000000000000e+03
-9.300000000000000000e+03 3.320000000000000000e+02 1.068400000000000000e+04 -3.968000000000000000e+03 -2.020000000000000000e+02 -1.099000000000000000e+03
-9.292000000000000000e+03 2.960000000000000000e+02 1.104000000000000000e+04 -3.952000000000000000e+03 -2.100000000000000000e+02 -6.840000000000000000e+02
-9.336000000000000000e+03 2.680000000000000000e+02 1.151600000000000000e+04 -3.968000000000000000e+03 -2.030000000000000000e+02 -2.350000000000000000e+02
-9.680000000000000000e+03 2.040000000000000000e+02 1.169600000000000000e+04 -3.952000000000000000e+03 -1.980000000000000000e+02 2.590000000000000000e+02
-9.752000000000000000e+03 7.200000000000000000e+01 1.180400000000000000e+04 -3.968000000000000000e+03 -1.530000000000000000e+02 7.260000000000000000e+02
-9.656000000000000000e+03 2.000000000000000000e+02 1.179600000000000000e+04 -3.952000000000000000e+03 -1.310000000000000000e+02 1.147000000000000000e+03
-9.532000000000000000e+03 2.440000000000000000e+02 1.153200000000000000e+04 -3.936000000000000000e+03 -1.390000000000000000e+02 1.484000000000000000e+03
-9.496000000000000000e+03 3.280000000000000000e+02 1.161600000000000000e+04 -3.968000000000000000e+03 -1.360000000000000000e+02 1.609000000000000000e+03
-9.436000000000000000e+03 5.560000000000000000e+02 1.164400000000000000e+04 -3.936000000000000000e+03 -1.070000000000000000e+02 1.563000000000000000e+03
-9.280000000000000000e+03 6.360000000000000000e+02 1.165600000000000000e+04 -3.984000000000000000e+03 -1.200000000000000000e+02 1.467000000000000000e+03
-9.300000000000000000e+03 4.960000000000000000e+02 1.181200000000000000e+04 -3.952000000000000000e+03 -1.240000000000000000e+02 1.373000000000000000e+03
-9.240000000000000000e+03 3.960000000000000000e+02 1.198800000000000000e+04 -4.000000000000000000e+03 -1.350000000000000000e+02 1.340000000000000000e+03
-9.296000000000000000e+03 3.280000000000000000e+02 1.198800000000000000e+04 -3.968000000000000000e+03 -1.760000000000000000e+02 1.374000000000000000e+03
-9.768000000000000000e+03 3.560000000000000000e+02 1.196800000000000000e+04 -3.984000000000000000e+03 -2.180000000000000000e+02 1.479000000000000000e+03
-9.596000000000000000e+03 5.400000000000000000e+02 1.185600000000000000e+04 -3.952000000000000000e+03 -2.570000000000000000e+02 1.565000000000000000e+03
-9.292000000000000000e+03 6.560000000000000000e+02 1.200400000000000000e+04 -3.936000000000000000e+03 -2.480000000000000000e+02 1.484000000000000000e+03
-9.128000000000000000e+03 6.320000000000000000e+02 1.228800000000000000e+04 -3.952000000000000000e+03 -3.200000000000000000e+02 1.318000000000000000e+03
-8.872000000000000000e+03 6.960000000000000000e+02 1.208400000000000000e+04 -3.952000000000000000e+03 -3.350000000000000000e+02 1.105000000000000000e+03
-8.684000000000000000e+03 6.680000000000000000e+02 1.241600000000000000e+04 -3.952000000000000000e+03 -3.420000000000000000e+02 9.320000000000000000e+02
-8.760000000000000000e+03 8.320000000000000000e+02 1.232000000000000000e+04 -3.952000000000000000e+03 -3.350000000000000000e+02 7.930000000000000000e+02
-8.292000000000000000e+03 6.840000000000000000e+02 1.244800000000000000e+04 -3.952000000000000000e+03 -3.480000000000000000e+02 6.230000000000000000e+02
-8.476000000000000000e+03 7.480000000000000000e+02 1.248400000000000000e+04 -3.968000000000000000e+03 -3.400000000000000000e+02 5.290000000000000000e+02
-8.008000000000000000e+03 5.520000000000000000e+02 1.227200000000000000e+04 -3.952000000000000000e+03 -3.630000000000000000e+02 3.870000000000000000e+02
-7.864000000000000000e+03 5.400000000000000000e+02 1.211200000000000000e+04 -3.952000000000000000e+03 -3.530000000000000000e+02 2.320000000000000000e+02
-7.736000000000000000e+03 6.360000000000000000e+02 1.202000000000000000e+04 -3.952000000000000000e+03 -3.980000000000000000e+02 5.600000000000000000e+01
-7.600000000000000000e+03 7.120000000000000000e+02 1.214000000000000000e+04 -3.952000000000000000e+03 -4.110000000000000000e+02 -4.700000000000000000e+01
-7.444000000000000000e+03 6.800000000000000000e+02 1.239600000000000000e+04 -3.952000000000000000e+03 -4.500000000000000000e+02 -1.080000000000000000e+02
-7.404000000000000000e+03 6.880000000000000000e+02 1.242800000000000000e+04 -3.968000000000000000e+03 -4.110000000000000000e+02 -9.300000000000000000e+01
-6.932000000000000000e+03 7.440000000000000000e+02 1.257600000000000000e+04 -3.936000000000000000e+03 -3.730000000000000000e+02 -1.020000000000000000e+02
-6.760000000000000000e+03 6.360000000000000000e+02 1.242800000000000000e+04 -3.936000000000000000e+03 -4.070000000000000000e+02 -7.100000000000000000e+01
-6.872000000000000000e+03 7.200000000000000000e+02 1.232000000000000000e+04 -3.936000000000000000e+03 -3.740000000000000000e+02 4.000000000000000000e+00
-7.168000000000000000e+03 5.280000000000000000e+02 1.224400000000000000e+04 -3.936000000000000000e+03 -3.480000000000000000e+02 9.600000000000000000e+01
-7.168000000000000000e+03 5.480000000000000000e+02 1.222800000000000000e+04 -3.936000000000000000e+03 -3.610000000000000000e+02 2.490000000000000000e+02
-7.140000000000000000e+03 5.040000000000000000e+02 1.216000000000000000e+04 -3.968000000000000000e+03 -3.590000000000000000e+02 3.850000000000000000e+02
-7.332000000000000000e+03 6.720000000000000000e+02 1.186000000000000000e+04 -3.936000000000000000e+03 -3.310000000000000000e+02 5.290000000000000000e+02
-7.596000000000000000e+03 5.960000000000000000e+02 1.159200000000000000e+04 -3.952000000000000000e+03 -3.730000000000000000e+02 6.680000000000000000e+02
