1.184000000000000000e+03 1.620000000000000000e+03 1.004000000000000000e+03 -4.080000000000000000e+03 -2.350000000000000000e+02 1.430000000000000000e+02
1.272000000000000000e+03 1.532000000000000000e+03 1.464400000000000000e+04 -4.080000000000000000e+03 -2.690000000000000000e+02 2.110000000000000000e+02
9.720000000000000000e+02 1.504000000000000000e+03 1.443600000000000000e+04 -4.048000000000000000e+03 -3.210000000000000000e+02 2.280000000000000000e+02
4.064000000000000000e+03 -6.400000000000000000e+01 1.463200000000000000e+04 -4.080000000000000000e+03 -3.760000000000000000e+02 2.500000000000000000e+02
8.200000000000000000e+02 1.816000000000000000e+03 1.454800000000000000e+04 -4.080000000000000000e+03 -4.570000000000000000e+02 2.570000000000000000e+02
8.400000000000000000e+02 2.032000000000000000e+03 1.484800000000000000e+04 -4.080000000000000000e+03 -4.420000000000000000e+02 3.040000000000000000e+02
8.880000000000000000e+02 2.248000000000000000e+03 1.486400000000000000e+04 -4.080000000000000000e+03 -4.740000000000000000e+02 3.170000000000000000e+02
7.760000000000000000e+02 2.668000000000000000e+03 1.488400000000000000e+04 -4.064000000000000000e+03 -4.760000000000000000e+02 2.890000000000000000e+02
8.920000000000000000e+02 2.824000000000000000e+03 1.434800000000000000e+04 -4.064000000000000000e+03 -4.580000000000000000e+02 2.840000000000000000e+02
8.120000000000000000e+02 2.888000000000000000e+03 1.440000000000000000e+04 -4.096000000000000000e+03 -4.640000000000000000e+02 2.770000000000000000e+02
1.196000000000000000e+03 3.148000000000000000e+03 1.434000000000000000e+04 -4.048000000000000000e+03 -4.700000000000000000e+02 2.210000000000000000e+02
1.536000000000000000e+03 3.124000000000000000e+03 1.453200000000000000e+04 -4.048000000000000000e+03 -4.630000000000000000e+02 1.820000000000000000e+02
1.464000000000000000e+03 3.056000000000000000e+03 1.449600000000000000e+04 -4.080000000000000000e+03 -4.160000000000000000e+02 9.000000000000000000e+01
1.056000000000000000e+03 3.044000000000000000e+03 1.421600000000000000e+04 -4.064000000000000000e+03 -3.510000000000000000e+02 -4.600000000000000000e+01
1.184000000000000000e+03 3.096000000000000000e+03 1.422000000000000000e+04 -4.080000000000000000e+03 -3.170000000000000000e+02 -1.790000000000000000e+02
1.268000000000000000e+03 3.120000000000000000e+03 1.426800000000000000e+04 -4.064000000000000000e+03 -3.060000000000000000e+02 -2.740000000000000000e+02
1.456000000000000000e+03 3.200000000000000000e+03 1.447200000000000000e+04 -4.048000000000000000e+03 -2.660000000000000000e+02 -2.920000000000000000e+02
1.296000000000000000e+03 3.136000000000000000e+03 1.421200000000000000e+04 -4.080000000000000000e+03 -2.330000000000000000e+02 -2.190000000000000000e+02
1.288000000000000000e+03 3.148000000000000000e+03 1.427600000000000000e+04 -4.064000000000000000e+03 -1.870000000000000000e+02 -9.300000000000000000e+01
1.156000000000000000e+03 3.012000000000000000e+03 1.428400000000000000e+04 -4.064000000000000000e+03 -1.660000000000000000e+02 2.200000000000000000e+01
1.168000000000000000e+03 2.904000000000000000e+03 1.404800000000000000e+04 -4.048000000000000000e+03 -2.360000000000000000e+02 4.700000000000000000e+01
1.284000000000000000e+03 2.808000000000000000e+03 1.417200000000000000e+04 -4.032000000000000000e+03 -2.410000000000000000e+02 -4.500000000000000000e+01
1.268000000000000000e+03 2.652000000000000000e+03 1.442800000000000000e+04 -4.048000000000000000e+03 -2.550000000000000000e+02 -1.150000000000000000e+02
1.320000000000000000e+03 2.680000000000000000e+03 1.444000000000000000e+04 -4.048000000000000000e+03 -2.810000000000000000e+02 -1.890000000000000000e+02
1.452000000000000000e+03 2.604000000000000000e+03 1.404000000000000000e+04 -4.048000000000000000e+03 -1.450000000000000000e+02 -1.910000000000000000e+02
1.380000000000000000e+03 2.540000000000000000e+03 1.406000000000000000e+04 -4.048000000000000000e+03 -3.050000000000000000e+02 -2.010000000000000000e+02
1.572000000000000000e+03 2.592000000000000000e+03 1.428400000000000000e+04 -4.048000000000000000e+03 -3.290000000000000000e+02 -2.160000000000000000e+02
1.744000000000000000e+03 2.488000000000000000e+03 1.496400000000000000e+04 -4.080000000000000000e+03 -3.010000000000000000e+02 -2.140000000000000000e+02
1.832000000000000000e+03 2.556000000000000000e+03 1.500400000000000000e+04 -4.048000000000000000e+03 -3.150000000000000000e+02 -1.830000000000000000e+02
1.672000000000000000e+03 2.576000000000000000e+03 1.464800000000000000e+04 -4.080000000000000000e+03 -3.790000000000000000e+02 -1.150000000000000000e+02
1.140000000000000000e+03 2.452000000000000000e+03 1.414400000000000000e+04 -4.048000000000000000e+03 -3.250000000000000000e+02 -5.800000000000000000e+01
7.640000000000000000e+02 2.032000000000000000e+03 1.329600000000000000e+04 -4.048000000000000000e+03 -3.480000000000000000e+02 -2.300000000000000000e+01
1.224000000000000000e+03 2.016000000000000000e+03 1.486800000000000000e+04 -4.064000000000000000e+03 -3.700000000000000000e+02 5.100000000000000000e+01
1.412000000000000000e+03 1.848000000000000000e+03 1.497600000000000000e+04 -4.048000000000000000e+03 -3.270000000000000000e+02 1.030000000000000000e+02
1.640000000000000000e+03 1.624000000000000000e+03 1.459200000000000000e+04 -4.048000000000000000e+03 -3.430000000000000000e+02 1.710000000000000000e+02
2.100000000000000000e+03 2.164000000000000000e+03 1.429200000000000000e+04 -4.016000000000000000e+03 -3.070000000000000000e+02 2.460000000000000000e+02
2.340000000000000000e+03 2.316000000000000000e+03 1.424000000000000000e+04 -4.064000000000000000e+03 -3.120000000000000000e+02 3.170000000000000000e+02
1.900000000000000000e+03 2.364000000000000000e+03 1.440800000000000000e+04 -4.064000000000000000e+03 -3.040000000000000000e+02 3.690000000000000000e+02
1.688000000000000000e+03 2.536000000000000000e+03 1.428000000000000000e+04 -4.064000000000000000e+03 -2.850000000000000000e+02 4.580000000000000000e+02
1.420000000000000000e+03 2.784000000000000000e+03 1.466800000000000000e+04 -4.064000000000000000e+03 -3.070000000000000000e+02 4.650000000000000000e+02
1.860000000000000000e+03 2.828000000000000000e+03 1.458000000000000000e+04 -4.064000000000000000e+03 -3.770000000000000000e+02 4.140000000000000000e+02
1.896000000000000000e+03 2.844000000000000000e+03 1.443600000000000000e+04 -4.064000000000000000e+03 -3.560000000000000000e+02 2.950000000000000000e+02
1.852000000000000000e+03 2.724000000000000000e+03 1.443200000000000000e+04 -4.048000000000000000e+03 -4.290000000000000000e+02 9.700000000000000000e+01
1.636000000000000000e+03 2.540000000000000000e+03 1.448000000000000000e+04 -4.064000000000000000e+03 -4.280000000000000000e+02 -9.000000000000000000e+01
1.616000000000000000e+03 2.316000000000000000e+03 1.444000000000000000e+04 -4.064000000000000000e+03 -4.020000000000000000e+02 -2.850000000000000000e+02
1.772000000000000000e+03 2.116000000000000000e+03 1.429600000000000000e+04 -4.048000000000000000e+03 -3.540000000000000000e+02 -4.250000000000000000e+02
1.828000000000000000e+03 2.116000000000000000e+03 1.449200000000000000e+04 -4.096000000000000000e+03 -3.400000000000000000e+02 -5.530000000000000000e+02
1.736000000000000000e+03 2.136000000000000000e+03 1.466000000000000000e+04 -4.064000000000000000e+03 -2.720000000000000000e+02 -5.310000000000000000e+02
1.684000000000000000e+03 2.104000000000000000e+03 1.450800000000000000e+04 -4.112000000000000000e+03 -2.250000000000000000e+02 -3.920000000000000000e+02
1.720000000000000000e+03 2.368000000000000000e+03 1.442400000000000000e+04 -4.064000000000000000e+03 -1.640000000000000000e+02 -2.350000000000000000e+02
1.944000000000000000e+03 2.480000000000000000e+03 1.426000000000000000e+04 -4.080000000000000000e+03 -1.520000000000000000e+02 -1.090000000000000000e+02
1.736000000000000000e+03 2.476000000000000000e+03 1.413200000000000000e+04 -4.064000000000000000e+03 -1.530000000000000000e+02 3.100000000000000000e+01
1.944000000000000000e+03 2.704000000000000000e+03 1.409600000000000000e+04 -4.064000000000000000e+03 -1.700000000000000000e+02 9.500000000000000000e+01
2.028000000000000000e+03 2.628000000000000000e+03 1.441200000000000000e+04 -4.080000000000000000e+03 -1.800000000000000000e+02 1.400000000000000000e+02
2.032000000000000000e+03 2.440000000000000000e+03 1.422000000000000000e+04 -4.080000000000000000e+03 -2.110000000000000000e+02 1.470000000000000000e+02
1.684000000000000000e+03 2.204000000000000000e+03 1.416400000000000000e+04 -4.064000000000000000e+03 -2.000000000000000000e+02 1.650000000000000000e+02
1.600000000000000000e+03 2.112000000000000000e+03 1.414800000000000000e+04 -4.096000000000000000e+03 -1.780000000000000000e+02 1.790000000000000000e+02
1.612000000000000000e+03 2.060000000000000000e+03 1.440800000000000000e+04 -4.080000000000000000e+03 -2.140000000000000000e+02 2.220000000000000000e+02
1.620000000000000000e+03 2.056000000000000000e+03 1.433200000000000000e+04 -4.048000000000000000e+03 -2.690000000000000000e+02 3.270000000000000000e+02
1.500000000000000000e+03 2.004000000000000000e+03 1.463600000000000000e+04 -4.048000000000000000e+03 -2.470000000000000000e+02 4.000000000000000000e+02
1.728000000000000000e+03 2.236000000000000000e+03 1.458000000000000000e+04 -4.048000000000000000e+03 -2.370000000000000000e+02 4.550000000000000000e+02
1.804000000000000000e+03 2.244000000000000000e+03 1.450800000000000000e+04 -4.080000000000000000e+03 -2.090000000000000000e+02 4.770000000000000000e+02
1.788000000000000000e+03 2.392000000000000000e+03 1.418800000000000000e+04 -4.048000000000000000e+03 -2.530000000000000000e+02 4.960000000000000000e+02
1.700000000000000000e+03 2.532000000000000000e+03 1.414000000000000000e+04 -4.080000000000000000e+03 -2.320000000000000000e+02 5.890000000000000000e+02
