-6.468000000000000000e+03 9.200000000000000000e+02 1.320000000000000000e+04 -3.952000000000000000e+03 -3.690000000000000000e+02 7.940000000000000000e+02
-6.576000000000000000e+03 9.040000000000000000e+02 1.304800000000000000e+04 -3.952000000000000000e+03 -3.460000000000000000e+02 5.440000000000000000e+02
-6.664000000000000000e+03 8.720000000000000000e+02 1.300800000000000000e+04 -3.952000000000000000e+03 -3.270000000000000000e+02 2.990000000000000000e+02
-6.904000000000000000e+03 8.200000000000000000e+02 1.281600000000000000e+04 -3.952000000000000000e+03 -3.160000000000000000e+02 1.400000000000000000e+01
-6.824000000000000000e+03 9.280000000000000000e+02 1.276400000000000000e+04 -3.984000000000000000e+03 -2.860000000000000000e+02 -2.760000000000000000e+02
-6.984000000000000000e+03 9.800000000000000000e+02 1.276400000000000000e+04 -4.000000000000000000e+03 -2.400000000000000000e+02 -5.600000000000000000e+02
-7.008000000000000000e+03 8.280000000000000000e+02 1.284000000000000000e+04 -3.952000000000000000e+03 -2.170000000000000000e+02 -7.620000000000000000e+02
-6.912000000000000000e+03 1.040000000000000000e+03 1.286400000000000000e+04 -3.984000000000000000e+03 -1.910000000000000000e+02 -8.900000000000000000e+02
-6.988000000000000000e+03 1.160000000000000000e+03 1.284000000000000000e+04 -3.968000000000000000e+03 -1.640000000000000000e+02 -9.110000000000000000e+02
-7.008000000000000000e+03 1.140000000000000000e+03 1.284400000000000000e+04 -3.968000000000000000e+03 -1.560000000000000000e+02 -8.520000000000000000e+02
-6.816000000000000000e+03 1.148000000000000000e+03 1.270000000000000000e+04 -3.984000000000000000e+03 -1.770000000000000000e+02 -8.050000000000000000e+02
-6.880000000000000000e+03 1.024000000000000000e+03 1.300800000000000000e+04 -3.952000000000000000e+03 -1.710000000000000000e+02 -7.030000000000000000e+02
-6.764000000000000000e+03 1.084000000000000000e+03 1.297200000000000000e+04 -4.000000000000000000e+03 -2.110000000000000000e+02 -6.010000000000000000e+02
-6.452000000000000000e+03 1.072000000000000000e+03 1.302000000000000000e+04 -3.968000000000000000e+03 -2.640000000000000000e+02 -3.930000000000000000e+02
-6.540000000000000000e+03 9.600000000000000000e+02 1.315600000000000000e+04 -4.000000000000000000e+03 -2.860000000000000000e+02 -1.940000000000000000e+02
-6.356000000000000000e+03 1.080000000000000000e+03 1.320800000000000000e+04 -3.968000000000000000e+03 -3.400000000000000000e+02 1.320000000000000000e+02
-6.264000000000000000e+03 1.168000000000000000e+03 1.306400000000000000e+04 -3.984000000000000000e+03 -3.390000000000000000e+02 3.650000000000000000e+02
-6.204000000000000000e+03 1.092000000000000000e+03 1.302800000000000000e+04 -3.952000000000000000e+03 -3.970000000000000000e+02 6.250000000000000000e+02
-5.944000000000000000e+03 1.136000000000000000e+03 1.313600000000000000e+04 -3.968000000000000000e+03 -4.320000000000000000e+02 8.530000000000000000e+02
-6.040000000000000000e+03 1.048000000000000000e+03 1.311200000000000000e+04 -4.000000000000000000e+03 -4.330000000000000000e+02 1.005000000000000000e+03
-6.060000000000000000e+03 1.228000000000000000e+03 1.309600000000000000e+04 -3.968000000000000000e+03 -4.860000000000000000e+02 1.105000000000000000e+03
-5.932000000000000000e+03 1.180000000000000000e+03 1.326000000000000000e+04 -4.000000000000000000e+03 -5.290000000000000000e+02 1.227000000000000000e+03
-6.212000000000000000e+03 1.088000000000000000e+03 1.309600000000000000e+04 -3.968000000000000000e+03 -5.350000000000000000e+02 1.225000000000000000e+03
-6.128000000000000000e+03 1.040000000000000000e+03 1.289600000000000000e+04 -3.984000000000000000e+03 -5.450000000000000000e+02 1.138000000000000000e+03
-6.172000000000000000e+03 1.040000000000000000e+03 1.297600000000000000e+04 -3.952000000000000000e+03 -5.650000000000000000e+02 1.048000000000000000e+03
-6.212000000000000000e+03 9.200000000000000000e+02 1.292400000000000000e+04 -3.984000000000000000e+03 -5.600000000000000000e+02 9.100000000000000000e+02
-6.348000000000000000e+03 9.200000000000000000e+02 1.271600000000000000e+04 -3.968000000000000000e+03 -5.460000000000000000e+02 7.710000000000000000e+02
-6.384000000000000000e+03 7.600000000000000000e+02 1.289600000000000000e+04 -4.000000000000000000e+03 -5.400000000000000000e+02 6.370000000000000000e+02
-6.504000000000000000e+03 6.680000000000000000e+02 1.304400000000000000e+04 -3.936000000000000000e+03 -5.180000000000000000e+02 5.250000000000000000e+02
-6.776000000000000000e+03 8.040000000000000000e+02 1.303600000000000000e+04 -4.000000000000000000e+03 -4.990000000000000000e+02 3.870000000000000000e+02
-6.744000000000000000e+03 7.680000000000000000e+02 1.300000000000000000e+04 -3.984000000000000000e+03 -4.570000000000000000e+02 2.660000000000000000e+02
-6.820000000000000000e+03 7.760000000000000000e+02 1.282800000000000000e+04 -3.968000000000000000e+03 -4.520000000000000000e+02 1.150000000000000000e+02
-6.972000000000000000e+03 7.040000000000000000e+02 1.288800000000000000e+04 -3.936000000000000000e+03 -4.570000000000000000e+02 -1.600000000000000000e+01
-6.964000000000000000e+03 7.440000000000000000e+02 1.278800000000000000e+04 -3.952000000000000000e+03 -4.300000000000000000e+02 -1.690000000000000000e+02
-7.012000000000000000e+03 6.680000000000000000e+02 1.248800000000000000e+04 -3.984000000000000000e+03 -3.650000000000000000e+02 -2.910000000000000000e+02
-6.868000000000000000e+03 6.640000000000000000e+02 1.237600000000000000e+04 -3.952000000000000000e+03 -3.390000000000000000e+02 -3.350000000000000000e+02
-6.876000000000000000e+03 6.320000000000000000e+02 1.274800000000000000e+04 -4.000000000000000000e+03 -3.490000000000000000e+02 -3.480000000000000000e+02
-7.064000000000000000e+03 7.360000000000000000e+02 1.284400000000000000e+04 -4.000000000000000000e+03 -3.300000000000000000e+02 -3.820000000000000000e+02
-7.044000000000000000e+03 5.520000000000000000e+02 1.284400000000000000e+04 -4.000000000000000000e+03 -3.120000000000000000e+02 -3.830000000000000000e+02
-6.988000000000000000e+03 5.680000000000000000e+02 1.292800000000000000e+04 -3.984000000000000000e+03 -3.180000000000000000e+02 -3.200000000000000000e+02
-7.040000000000000000e+03 5.200000000000000000e+02 1.276400000000000000e+04 -3.984000000000000000e+03 -2.920000000000000000e+02 -2.550000000000000000e+02
-6.972000000000000000e+03 4.960000000000000000e+02 1.264800000000000000e+04 -3.984000000000000000e+03 -2.940000000000000000e+02 -1.980000000000000000e+02
-6.856000000000000000e+03 5.880000000000000000e+02 1.276800000000000000e+04 -3.952000000000000000e+03 -2.690000000000000000e+02 -9.900000000000000000e+01
-6.788000000000000000e+03 6.360000000000000000e+02 1.277200000000000000e+04 -3.968000000000000000e+03 -2.540000000000000000e+02 3.300000000000000000e+01
-6.752000000000000000e+03 6.640000000000000000e+02 1.298000000000000000e+04 -3.936000000000000000e+03 -2.460000000000000000e+02 1.550000000000000000e+02
-6.604000000000000000e+03 6.640000000000000000e+02 1.280400000000000000e+04 -3.984000000000000000e+03 -2.400000000000000000e+02 3.500000000000000000e+02
-6.552000000000000000e+03 7.360000000000000000e+02 1.272400000000000000e+04 -3.984000000000000000e+03 -2.390000000000000000e+02 5.220000000000000000e+02
-6.428000000000000000e+03 8.320000000000000000e+02 1.271600000000000000e+04 -3.968000000000000000e+03 -2.560000000000000000e+02 6.450000000000000000e+02
-6.428000000000000000e+03 7.240000000000000000e+02 1.282800000000000000e+04 -3.968000000000000000e+03 -2.710000000000000000e+02 7.430000000000000000e+02
-6.296000000000000000e+03 7.520000000000000000e+02 1.251600000000000000e+04 -3.952000000000000000e+03 -2.650000000000000000e+02 8.120000000000000000e+02
-6.424000000000000000e+03 6.160000000000000000e+02 1.296800000000000000e+04 -3.968000000000000000e+03 -2.940000000000000000e+02 8.190000000000000000e+02
-6.452000000000000000e+03 7.040000000000000000e+02 1.316000000000000000e+04 -3.984000000000000000e+03 -3.160000000000000000e+02 8.640000000000000000e+02
-6.492000000000000000e+03 7.320000000000000000e+02 1.289600000000000000e+04 -3.968000000000000000e+03 -2.970000000000000000e+02 9.000000000000000000e+02
-6.540000000000000000e+03 6.640000000000000000e+02 1.286000000000000000e+04 -3.952000000000000000e+03 -3.100000000000000000e+02 9.360000000000000000e+02
-6.516000000000000000e+03 7.080000000000000000e+02 1.290000000000000000e+04 -3.984000000000000000e+03 -3.080000000000000000e+02 9.800000000000000000e+02
-6.728000000000000000e+03 5.840000000000000000e+02 1.272400000000000000e+04 -3.984000000000000000e+03 -2.640000000000000000e+02 1.011000000000000000e+03
-6.580000000000000000e+03 6.120000000000000000e+02 1.269200000000000000e+04 -3.968000000000000000e+03 -2.560000000000000000e+02 1.071000000000000000e+03
-6.608000000000000000e+03 5.440000000000000000e+02 1.271200000000000000e+04 -3.952000000000000000e+03 -2.570000000000000000e+02 1.139000000000000000e+03
-6.652000000000000000e+03 6.960000000000000000e+02 1.277200000000000000e+04 -3.968000000000000000e+03 -2.220000000000000000e+02 1.162000000000000000e+03
-6.800000000000000000e+03 7.000000000000000000e+02 1.264800000000000000e+04 -3.952000000000000000e+03 -2.520000000000000000e+02 1.165000000000000000e+03
-6.864000000000000000e+03 7.480000000000000000e+02 1.280400000000000000e+04 -3.968000000000000000e+03 -2.530000000000000000e+02 1.094000000000000000e+03
-7.124000000000000000e+03 7.080000000000000000e+02 1.237600000000000000e+04 -4.000000000000000000e+03 -2.620000000000000000e+02 9.710000000000000000e+02
-7.156000000000000000e+03 6.000000000000000000e+02 1.257200000000000000e+04 -4.000000000000000000e+03 -2.710000000000000000e+02 7.850000000000000000e+02
-7.112000000000000000e+03 5.200000000000000000e+02 1.258800000000000000e+04 -4.000000000000000000e+03 -2.710000000000000000e+02 5.330000000000000000e+02
-7.588000000000000000e+03 5.640000000000000000e+02 1.254800000000000000e+04 -3.968000000000000000e+03 -2.920000000000000000e+02 2.830000000000000000e+02
-7.932000000000000000e+03 4.160000000000000000e+02 1.240400000000000000e+04 -3.968000000000000000e+03 -2.450000000000000000e+02 0.000000000000000000e+00
-7.972000000000000000e+03 3.960000000000000000e+02 1.251600000000000000e+04 -3.984000000000000000e+03 -2.140000000000000000e+02 -2.900000000000000000e+02
-7.716000000000000000e+03 5.440000000000000000e+02 1.252400000000000000e+04 -3.968000000000000000e+03 -1.950000000000000000e+02 -5.760000000000000000e+02
-7.632000000000000000e+03 6.000000000000000000e+02 1.232400000000000000e+04 -3.984000000000000000e+03 -1.640000000000000000e+02 -8.680000000000000000e+02
-7.624000000000000000e+03 5.280000000000000000e+02 1.256800000000000000e+04 -4.000000000000000000e+03 -1.200000000000000000e+02 -1.098000000000000000e+03
-7.756000000000000000e+03 5.040000000000000000e+02 1.238800000000000000e+04 -3.984000000000000000e+03 -9.900000000000000000e+01 -1.269000000000000000e+03
-7.496000000000000000e+03 6.480000000000000000e+02 1.251200000000000000e+04 -3.984000000000000000e+03 -4.200000000000000000e+01 -1.363000000000000000e+03
-7.404000000000000000e+03 7.720000000000000000e+02 1.226000000000000000e+04 -4.000000000000000000e+03 1.500000000000000000e+01 -1.344000000000000000e+03
-7.244000000000000000e+03 9.160000000000000000e+02 1.244400000000000000e+04 -4.000000000000000000e+03 -1.000000000000000000e+00 -1.236000000000000000e+03
-7.168000000000000000e+03 8.560000000000000000e+02 1.257200000000000000e+04 -3.984000000000000000e+03 3.000000000000000000e+01 -1.065000000000000000e+03
-7.144000000000000000e+03 8.840000000000000000e+02 1.257600000000000000e+04 -3.968000000000000000e+03 3.000000000000000000e+01 -8.460000000000000000e+02
-7.076000000000000000e+03 8.600000000000000000e+02 1.268000000000000000e+04 -3.984000000000000000e+03 1.200000000000000000e+01 -5.460000000000000000e+02
-6.780000000000000000e+03 9.000000000000000000e+02 1.302000000000000000e+04 -3.952000000000000000e+03 -4.000000000000000000e+01 -2.440000000000000000e+02
-6.856000000000000000e+03 8.040000000000000000e+02 1.254000000000000000e+04 -3.984000000000000000e+03 -2.900000000000000000e+01 6.500000000000000000e+01
-6.836000000000000000e+03 7.680000000000000000e+02 1.280800000000000000e+04 -3.968000000000000000e+03 -8.200000000000000000e+01 3.430000000000000000e+02
