1.116000000000000000e+03 2.040000000000000000e+03 1.449600000000000000e+04 -4.176000000000000000e+03 -2.670000000000000000e+02 1.080000000000000000e+02
1.280000000000000000e+03 2.044000000000000000e+03 1.449200000000000000e+04 -4.160000000000000000e+03 -2.670000000000000000e+02 1.430000000000000000e+02
3.120000000000000000e+02 2.004000000000000000e+03 1.439200000000000000e+04 -4.176000000000000000e+03 -2.770000000000000000e+02 1.260000000000000000e+02
1.376000000000000000e+03 1.972000000000000000e+03 1.443600000000000000e+04 -4.144000000000000000e+03 -2.480000000000000000e+02 1.250000000000000000e+02
1.156000000000000000e+03 1.992000000000000000e+03 1.440800000000000000e+04 -4.128000000000000000e+03 -2.560000000000000000e+02 1.020000000000000000e+02
1.016000000000000000e+03 2.044000000000000000e+03 1.438000000000000000e+04 -4.160000000000000000e+03 -2.730000000000000000e+02 9.700000000000000000e+01
1.148000000000000000e+03 2.016000000000000000e+03 1.455600000000000000e+04 -4.160000000000000000e+03 -2.690000000000000000e+02 1.050000000000000000e+02
1.184000000000000000e+03 1.948000000000000000e+03 1.446400000000000000e+04 -4.128000000000000000e+03 -2.820000000000000000e+02 1.220000000000000000e+02
1.268000000000000000e+03 1.952000000000000000e+03 1.445200000000000000e+04 -4.176000000000000000e+03 -2.590000000000000000e+02 1.230000000000000000e+02
1.076000000000000000e+03 1.992000000000000000e+03 1.451200000000000000e+04 -4.128000000000000000e+03 -2.770000000000000000e+02 1.250000000000000000e+02
1.208000000000000000e+03 1.940000000000000000e+03 1.437600000000000000e+04 -4.144000000000000000e+03 -2.770000000000000000e+02 1.250000000000000000e+02
1.064000000000000000e+03 1.984000000000000000e+03 1.462000000000000000e+04 -4.160000000000000000e+03 -2.830000000000000000e+02 1.010000000000000000e+02
1.248000000000000000e+03 1.988000000000000000e+03 1.440400000000000000e+04 -4.176000000000000000e+03 -2.590000000000000000e+02 1.090000000000000000e+02
1.244000000000000000e+03 2.008000000000000000e+03 1.452400000000000000e+04 -4.160000000000000000e+03 -2.670000000000000000e+02 1.770000000000000000e+02
1.300000000000000000e+03 2.008000000000000000e+03 1.450400000000000000e+04 -4.176000000000000000e+03 -2.700000000000000000e+02 2.120000000000000000e+02
1.300000000000000000e+03 2.016000000000000000e+03 1.437600000000000000e+04 -4.128000000000000000e+03 -2.920000000000000000e+02 2.270000000000000000e+02
1.224000000000000000e+03 1.976000000000000000e+03 1.453200000000000000e+04 -4.144000000000000000e+03 -2.530000000000000000e+02 2.180000000000000000e+02
1.200000000000000000e+03 1.940000000000000000e+03 1.454400000000000000e+04 -4.160000000000000000e+03 -2.800000000000000000e+02 1.930000000000000000e+02
1.148000000000000000e+03 1.948000000000000000e+03 1.443200000000000000e+04 -4.144000000000000000e+03 -2.690000000000000000e+02 2.300000000000000000e+02
1.472000000000000000e+03 2.048000000000000000e+03 1.465200000000000000e+04 -4.128000000000000000e+03 -2.920000000000000000e+02 1.960000000000000000e+02
1.292000000000000000e+03 2.076000000000000000e+03 1.442800000000000000e+04 -4.144000000000000000e+03 -2.630000000000000000e+02 1.250000000000000000e+02
1.296000000000000000e+03 1.976000000000000000e+03 1.445600000000000000e+04 -4.144000000000000000e+03 -2.830000000000000000e+02 1.280000000000000000e+02
1.336000000000000000e+03 1.988000000000000000e+03 1.434400000000000000e+04 -4.128000000000000000e+03 -2.730000000000000000e+02 1.080000000000000000e+02
1.180000000000000000e+03 2.056000000000000000e+03 1.421600000000000000e+04 -4.176000000000000000e+03 -2.640000000000000000e+02 2.090000000000000000e+02
1.376000000000000000e+03 1.964000000000000000e+03 1.443600000000000000e+04 -4.128000000000000000e+03 -2.800000000000000000e+02 2.780000000000000000e+02
1.440000000000000000e+03 1.948000000000000000e+03 1.453600000000000000e+04 -4.144000000000000000e+03 -2.690000000000000000e+02 2.860000000000000000e+02
1.372000000000000000e+03 1.912000000000000000e+03 1.450800000000000000e+04 -4.160000000000000000e+03 -2.770000000000000000e+02 2.430000000000000000e+02
1.120000000000000000e+03 1.988000000000000000e+03 1.443600000000000000e+04 -4.144000000000000000e+03 -2.750000000000000000e+02 2.170000000000000000e+02
1.336000000000000000e+03 2.020000000000000000e+03 1.434400000000000000e+04 -4.144000000000000000e+03 -2.910000000000000000e+02 1.700000000000000000e+02
1.296000000000000000e+03 1.984000000000000000e+03 1.449600000000000000e+04 -4.176000000000000000e+03 -3.000000000000000000e+02 1.180000000000000000e+02
1.300000000000000000e+03 2.080000000000000000e+03 1.443600000000000000e+04 -4.144000000000000000e+03 -2.790000000000000000e+02 1.060000000000000000e+02
1.236000000000000000e+03 1.952000000000000000e+03 1.442000000000000000e+04 -4.128000000000000000e+03 -2.610000000000000000e+02 1.120000000000000000e+02
1.156000000000000000e+03 1.988000000000000000e+03 1.454000000000000000e+04 -4.112000000000000000e+03 -2.810000000000000000e+02 9.600000000000000000e+01
1.120000000000000000e+03 1.988000000000000000e+03 1.444400000000000000e+04 -4.160000000000000000e+03 -2.690000000000000000e+02 1.690000000000000000e+02
1.256000000000000000e+03 2.052000000000000000e+03 1.452000000000000000e+04 -4.112000000000000000e+03 -2.860000000000000000e+02 1.990000000000000000e+02
1.300000000000000000e+03 1.940000000000000000e+03 1.442800000000000000e+04 -4.144000000000000000e+03 -2.790000000000000000e+02 2.100000000000000000e+02
1.468000000000000000e+03 1.896000000000000000e+03 1.449600000000000000e+04 -4.128000000000000000e+03 -2.700000000000000000e+02 2.250000000000000000e+02
1.176000000000000000e+03 1.980000000000000000e+03 1.436400000000000000e+04 -4.144000000000000000e+03 -3.020000000000000000e+02 2.600000000000000000e+02
1.152000000000000000e+03 1.952000000000000000e+03 1.445600000000000000e+04 -4.160000000000000000e+03 -2.850000000000000000e+02 2.470000000000000000e+02
1.252000000000000000e+03 2.064000000000000000e+03 1.442400000000000000e+04 -4.144000000000000000e+03 -2.790000000000000000e+02 1.810000000000000000e+02
1.124000000000000000e+03 2.008000000000000000e+03 1.440400000000000000e+04 -4.144000000000000000e+03 -2.800000000000000000e+02 1.320000000000000000e+02
1.168000000000000000e+03 2.076000000000000000e+03 1.447200000000000000e+04 -4.144000000000000000e+03 -2.670000000000000000e+02 1.160000000000000000e+02
1.124000000000000000e+03 1.912000000000000000e+03 1.446000000000000000e+04 -4.160000000000000000e+03 -2.850000000000000000e+02 1.390000000000000000e+02
1.196000000000000000e+03 1.944000000000000000e+03 1.442000000000000000e+04 -4.144000000000000000e+03 -2.830000000000000000e+02 1.340000000000000000e+02
1.156000000000000000e+03 1.988000000000000000e+03 1.429600000000000000e+04 -4.144000000000000000e+03 -2.890000000000000000e+02 1.620000000000000000e+02
1.192000000000000000e+03 2.088000000000000000e+03 1.458400000000000000e+04 -4.128000000000000000e+03 -2.830000000000000000e+02 1.940000000000000000e+02
1.428000000000000000e+03 2.016000000000000000e+03 1.451600000000000000e+04 -4.144000000000000000e+03 -2.800000000000000000e+02 1.510000000000000000e+02
1.268000000000000000e+03 1.968000000000000000e+03 1.450400000000000000e+04 -4.128000000000000000e+03 -2.640000000000000000e+02 1.850000000000000000e+02
1.136000000000000000e+03 1.968000000000000000e+03 1.451600000000000000e+04 -4.128000000000000000e+03 -2.680000000000000000e+02 1.450000000000000000e+02
1.256000000000000000e+03 1.936000000000000000e+03 1.451600000000000000e+04 -4.144000000000000000e+03 -2.780000000000000000e+02 1.820000000000000000e+02
1.152000000000000000e+03 2.004000000000000000e+03 1.457600000000000000e+04 -4.128000000000000000e+03 -2.800000000000000000e+02 1.660000000000000000e+02
1.132000000000000000e+03 1.976000000000000000e+03 1.457200000000000000e+04 -4.144000000000000000e+03 -2.790000000000000000e+02 1.680000000000000000e+02
1.184000000000000000e+03 1.976000000000000000e+03 1.440400000000000000e+04 -4.128000000000000000e+03 -2.800000000000000000e+02 1.520000000000000000e+02
1.192000000000000000e+03 2.016000000000000000e+03 1.443200000000000000e+04 -4.160000000000000000e+03 -2.660000000000000000e+02 1.750000000000000000e+02
1.184000000000000000e+03 1.952000000000000000e+03 1.453200000000000000e+04 -4.112000000000000000e+03 -2.810000000000000000e+02 1.370000000000000000e+02
1.192000000000000000e+03 2.032000000000000000e+03 1.440000000000000000e+04 -4.160000000000000000e+03 -2.680000000000000000e+02 1.790000000000000000e+02
1.320000000000000000e+03 2.044000000000000000e+03 1.445600000000000000e+04 -4.144000000000000000e+03 -2.900000000000000000e+02 1.650000000000000000e+02
1.112000000000000000e+03 2.088000000000000000e+03 1.443600000000000000e+04 -4.128000000000000000e+03 -2.770000000000000000e+02 1.780000000000000000e+02
1.224000000000000000e+03 1.904000000000000000e+03 1.434000000000000000e+04 -4.144000000000000000e+03 -2.890000000000000000e+02 1.700000000000000000e+02
1.264000000000000000e+03 1.856000000000000000e+03 1.449600000000000000e+04 -4.176000000000000000e+03 -2.770000000000000000e+02 1.680000000000000000e+02
1.228000000000000000e+03 2.016000000000000000e+03 1.448000000000000000e+04 -4.128000000000000000e+03 -2.520000000000000000e+02 1.780000000000000000e+02
1.136000000000000000e+03 2.028000000000000000e+03 1.446800000000000000e+04 -4.144000000000000000e+03 -2.800000000000000000e+02 1.820000000000000000e+02
1.220000000000000000e+03 2.052000000000000000e+03 1.435600000000000000e+04 -4.160000000000000000e+03 -2.750000000000000000e+02 1.560000000000000000e+02
1.228000000000000000e+03 1.952000000000000000e+03 1.437200000000000000e+04 -4.144000000000000000e+03 -2.700000000000000000e+02 1.200000000000000000e+02
1.316000000000000000e+03 2.024000000000000000e+03 1.442400000000000000e+04 -4.176000000000000000e+03 -2.760000000000000000e+02 1.000000000000000000e+02
1.132000000000000000e+03 1.960000000000000000e+03 1.442400000000000000e+04 -4.128000000000000000e+03 -2.960000000000000000e+02 1.060000000000000000e+02
1.188000000000000000e+03 1.972000000000000000e+03 1.458000000000000000e+04 -4.144000000000000000e+03 -2.650000000000000000e+02 1.170000000000000000e+02
1.132000000000000000e+03 1.996000000000000000e+03 1.439600000000000000e+04 -4.128000000000000000e+03 -2.480000000000000000e+02 1.750000000000000000e+02
1.200000000000000000e+03 1.888000000000000000e+03 1.450000000000000000e+04 -4.160000000000000000e+03 -2.600000000000000000e+02 1.760000000000000000e+02
1.192000000000000000e+03 1.996000000000000000e+03 1.438400000000000000e+04 -4.176000000000000000e+03 -2.490000000000000000e+02 1.760000000000000000e+02
