-6.428000000000000000e+03 1.040000000000000000e+03 1.310400000000000000e+04 -3.936000000000000000e+03 -2.220000000000000000e+02 5.500000000000000000e+01
-6.604000000000000000e+03 9.760000000000000000e+02 1.299600000000000000e+04 -3.968000000000000000e+03 -2.300000000000000000e+02 -5.300000000000000000e+01
-6.700000000000000000e+03 1.012000000000000000e+03 1.284800000000000000e+04 -3.936000000000000000e+03 -2.550000000000000000e+02 -2.190000000000000000e+02
-6.636000000000000000e+03 9.600000000000000000e+02 1.300400000000000000e+04 -3.936000000000000000e+03 -2.410000000000000000e+02 -3.880000000000000000e+02
-6.824000000000000000e+03 1.080000000000000000e+03 1.290400000000000000e+04 -3.936000000000000000e+03 -2.200000000000000000e+02 -5.260000000000000000e+02
-6.804000000000000000e+03 1.056000000000000000e+03 1.280000000000000000e+04 -3.952000000000000000e+03 -2.020000000000000000e+02 -6.040000000000000000e+02
-6.712000000000000000e+03 1.220000000000000000e+03 1.296400000000000000e+04 -3.920000000000000000e+03 -2.060000000000000000e+02 -6.310000000000000000e+02
-6.660000000000000000e+03 1.160000000000000000e+03 1.302400000000000000e+04 -3.920000000000000000e+03 -1.970000000000000000e+02 -6.080000000000000000e+02
-6.652000000000000000e+03 1.192000000000000000e+03 1.283600000000000000e+04 -3.936000000000000000e+03 -1.950000000000000000e+02 -5.210000000000000000e+02
-6.640000000000000000e+03 1.172000000000000000e+03 1.303200000000000000e+04 -3.952000000000000000e+03 -2.160000000000000000e+02 -4.380000000000000000e+02
-6.612000000000000000e+03 1.132000000000000000e+03 1.312800000000000000e+04 -3.920000000000000000e+03 -2.330000000000000000e+02 -3.570000000000000000e+02
-6.548000000000000000e+03 1.096000000000000000e+03 1.296000000000000000e+04 -3.968000000000000000e+03 -2.360000000000000000e+02 -2.840000000000000000e+02
-6.380000000000000000e+03 1.028000000000000000e+03 1.281200000000000000e+04 -3.904000000000000000e+03 -2.240000000000000000e+02 -1.470000000000000000e+02
-6.352000000000000000e+03 1.056000000000000000e+03 1.289200000000000000e+04 -3.952000000000000000e+03 -2.030000000000000000e+02 -4.900000000000000000e+01
-6.228000000000000000e+03 1.196000000000000000e+03 1.284400000000000000e+04 -3.920000000000000000e+03 -1.960000000000000000e+02 6.600000000000000000e+01
-6.192000000000000000e+03 1.196000000000000000e+03 1.289600000000000000e+04 -3.920000000000000000e+03 -1.740000000000000000e+02 1.530000000000000000e+02
-6.140000000000000000e+03 1.180000000000000000e+03 1.296000000000000000e+04 -3.936000000000000000e+03 -1.930000000000000000e+02 1.250000000000000000e+02
-6.368000000000000000e+03 1.204000000000000000e+03 1.297600000000000000e+04 -3.936000000000000000e+03 -1.430000000000000000e+02 1.080000000000000000e+02
-6.268000000000000000e+03 1.216000000000000000e+03 1.311200000000000000e+04 -3.936000000000000000e+03 -1.690000000000000000e+02 -2.400000000000000000e+01
-6.104000000000000000e+03 1.088000000000000000e+03 1.318400000000000000e+04 -3.952000000000000000e+03 -1.700000000000000000e+02 -1.350000000000000000e+02
-6.164000000000000000e+03 1.148000000000000000e+03 1.314000000000000000e+04 -3.952000000000000000e+03 -1.590000000000000000e+02 -2.640000000000000000e+02
-6.256000000000000000e+03 1.188000000000000000e+03 1.326000000000000000e+04 -3.952000000000000000e+03 -1.870000000000000000e+02 -3.620000000000000000e+02
-6.232000000000000000e+03 1.288000000000000000e+03 1.343200000000000000e+04 -3.936000000000000000e+03 -2.080000000000000000e+02 -3.950000000000000000e+02
-5.984000000000000000e+03 1.236000000000000000e+03 1.324400000000000000e+04 -3.904000000000000000e+03 -2.320000000000000000e+02 -3.440000000000000000e+02
-5.984000000000000000e+03 1.032000000000000000e+03 1.346800000000000000e+04 -3.952000000000000000e+03 -2.860000000000000000e+02 -2.090000000000000000e+02
-5.928000000000000000e+03 1.168000000000000000e+03 1.330000000000000000e+04 -3.936000000000000000e+03 -3.190000000000000000e+02 -8.200000000000000000e+01
-5.996000000000000000e+03 1.124000000000000000e+03 1.322800000000000000e+04 -3.936000000000000000e+03 -3.760000000000000000e+02 4.700000000000000000e+01
-5.912000000000000000e+03 1.200000000000000000e+03 1.319200000000000000e+04 -3.968000000000000000e+03 -3.950000000000000000e+02 1.760000000000000000e+02
-5.908000000000000000e+03 1.168000000000000000e+03 1.320400000000000000e+04 -3.920000000000000000e+03 -4.200000000000000000e+02 3.090000000000000000e+02
-5.952000000000000000e+03 1.168000000000000000e+03 1.304400000000000000e+04 -3.920000000000000000e+03 -4.360000000000000000e+02 3.660000000000000000e+02
-5.732000000000000000e+03 1.168000000000000000e+03 1.320400000000000000e+04 -3.888000000000000000e+03 -4.390000000000000000e+02 3.660000000000000000e+02
-5.892000000000000000e+03 1.080000000000000000e+03 1.299200000000000000e+04 -3.920000000000000000e+03 -4.480000000000000000e+02 3.550000000000000000e+02
-5.796000000000000000e+03 1.072000000000000000e+03 1.311600000000000000e+04 -3.920000000000000000e+03 -4.000000000000000000e+02 3.060000000000000000e+02
-5.820000000000000000e+03 1.160000000000000000e+03 1.306000000000000000e+04 -3.920000000000000000e+03 -3.540000000000000000e+02 2.790000000000000000e+02
-5.776000000000000000e+03 1.104000000000000000e+03 1.304800000000000000e+04 -3.920000000000000000e+03 -3.570000000000000000e+02 2.170000000000000000e+02
-5.860000000000000000e+03 1.104000000000000000e+03 1.304000000000000000e+04 -3.920000000000000000e+03 -2.940000000000000000e+02 1.240000000000000000e+02
-5.680000000000000000e+03 1.144000000000000000e+03 1.298000000000000000e+04 -3.952000000000000000e+03 -2.760000000000000000e+02 9.000000000000000000e+00
-5.972000000000000000e+03 1.012000000000000000e+03 1.306800000000000000e+04 -3.952000000000000000e+03 -2.430000000000000000e+02 -4.700000000000000000e+01
-5.912000000000000000e+03 1.140000000000000000e+03 1.299200000000000000e+04 -3.952000000000000000e+03 -2.060000000000000000e+02 -9.300000000000000000e+01
-5.952000000000000000e+03 1.052000000000000000e+03 1.307600000000000000e+04 -3.936000000000000000e+03 -1.870000000000000000e+02 -8.300000000000000000e+01
-5.756000000000000000e+03 1.108000000000000000e+03 1.327600000000000000e+04 -3.936000000000000000e+03 -1.590000000000000000e+02 -9.200000000000000000e+01
-5.932000000000000000e+03 1.072000000000000000e+03 1.339600000000000000e+04 -3.952000000000000000e+03 -1.670000000000000000e+02 -3.200000000000000000e+01
-6.040000000000000000e+03 1.136000000000000000e+03 1.311600000000000000e+04 -3.920000000000000000e+03 -1.850000000000000000e+02 2.300000000000000000e+01
-5.988000000000000000e+03 1.116000000000000000e+03 1.318800000000000000e+04 -3.952000000000000000e+03 -1.900000000000000000e+02 1.040000000000000000e+02
-5.748000000000000000e+03 1.124000000000000000e+03 1.322000000000000000e+04 -3.936000000000000000e+03 -2.000000000000000000e+02 1.580000000000000000e+02
-5.836000000000000000e+03 1.136000000000000000e+03 1.318800000000000000e+04 -3.936000000000000000e+03 -2.280000000000000000e+02 1.880000000000000000e+02
-5.752000000000000000e+03 1.204000000000000000e+03 1.343600000000000000e+04 -3.936000000000000000e+03 -2.260000000000000000e+02 2.600000000000000000e+02
-5.812000000000000000e+03 1.176000000000000000e+03 1.314400000000000000e+04 -3.920000000000000000e+03 -2.310000000000000000e+02 3.380000000000000000e+02
-5.716000000000000000e+03 1.060000000000000000e+03 1.320000000000000000e+04 -3.952000000000000000e+03 -2.330000000000000000e+02 3.890000000000000000e+02
-5.580000000000000000e+03 1.064000000000000000e+03 1.305600000000000000e+04 -3.952000000000000000e+03 -2.470000000000000000e+02 4.670000000000000000e+02
-5.788000000000000000e+03 1.024000000000000000e+03 1.294000000000000000e+04 -3.952000000000000000e+03 -2.270000000000000000e+02 5.520000000000000000e+02
-5.668000000000000000e+03 1.012000000000000000e+03 1.302400000000000000e+04 -3.936000000000000000e+03 -2.010000000000000000e+02 6.060000000000000000e+02
-5.736000000000000000e+03 9.880000000000000000e+02 1.302000000000000000e+04 -3.936000000000000000e+03 -2.060000000000000000e+02 6.900000000000000000e+02
-5.836000000000000000e+03 1.096000000000000000e+03 1.315200000000000000e+04 -3.968000000000000000e+03 -2.010000000000000000e+02 7.110000000000000000e+02
-5.772000000000000000e+03 1.172000000000000000e+03 1.303600000000000000e+04 -3.904000000000000000e+03 -2.270000000000000000e+02 7.230000000000000000e+02
-5.896000000000000000e+03 1.212000000000000000e+03 1.301200000000000000e+04 -3.936000000000000000e+03 -2.300000000000000000e+02 6.450000000000000000e+02
-5.908000000000000000e+03 1.172000000000000000e+03 1.315600000000000000e+04 -3.936000000000000000e+03 -2.570000000000000000e+02 4.880000000000000000e+02
-5.992000000000000000e+03 1.148000000000000000e+03 1.336800000000000000e+04 -3.936000000000000000e+03 -2.840000000000000000e+02 2.970000000000000000e+02
-6.176000000000000000e+03 1.064000000000000000e+03 1.348000000000000000e+04 -3.952000000000000000e+03 -2.890000000000000000e+02 1.070000000000000000e+02
-6.176000000000000000e+03 1.116000000000000000e+03 1.336400000000000000e+04 -3.936000000000000000e+03 -2.470000000000000000e+02 -7.700000000000000000e+01
-6.132000000000000000e+03 1.132000000000000000e+03 1.272800000000000000e+04 -3.952000000000000000e+03 -1.600000000000000000e+02 -2.060000000000000000e+02
-6.308000000000000000e+03 1.080000000000000000e+03 1.308000000000000000e+04 -3.920000000000000000e+03 -1.590000000000000000e+02 -3.460000000000000000e+02
-5.968000000000000000e+03 1.192000000000000000e+03 1.322800000000000000e+04 -3.920000000000000000e+03 -1.400000000000000000e+02 -4.080000000000000000e+02
-6.140000000000000000e+03 1.076000000000000000e+03 1.300000000000000000e+04 -3.936000000000000000e+03 -1.040000000000000000e+02 -4.750000000000000000e+02
-6.132000000000000000e+03 1.004000000000000000e+03 1.292000000000000000e+04 -3.920000000000000000e+03 -1.270000000000000000e+02 -4.280000000000000000e+02
-6.096000000000000000e+03 1.132000000000000000e+03 1.313600000000000000e+04 -3.952000000000000000e+03 -1.540000000000000000e+02 -3.340000000000000000e+02
-5.960000000000000000e+03 1.196000000000000000e+03 1.337200000000000000e+04 -3.936000000000000000e+03 -2.220000000000000000e+02 -2.770000000000000000e+02
-5.904000000000000000e+03 1.164000000000000000e+03 1.341600000000000000e+04 -3.936000000000000000e+03 -2.700000000000000000e+02 -2.760000000000000000e+02
-6.036000000000000000e+03 1.288000000000000000e+03 1.324400000000000000e+04 -3.952000000000000000e+03 -3.190000000000000000e+02 -3.530000000000000000e+02
-6.004000000000000000e+03 1.388000000000000000e+03 1.314400000000000000e+04 -3.888000000000000000e+03 -3.460000000000000000e+02 -4.270000000000000000e+02
-5.940000000000000000e+03 1.300000000000000000e+03 1.332000000000000000e+04 -3.936000000000000000e+03 -3.620000000000000000e+02 -4.370000000000000000e+02
-5.952000000000000000e+03 1.416000000000000000e+03 1.372000000000000000e+04 -3.968000000000000000e+03 -4.090000000000000000e+02 -3.350000000000000000e+02
-5.708000000000000000e+03 1.504000000000000000e+03 1.365200000000000000e+04 -3.952000000000000000e+03 -4.290000000000000000e+02 -2.560000000000000000e+02
-5.640000000000000000e+03 1.428000000000000000e+03 1.350000000000000000e+04 -3.920000000000000000e+03 -4.240000000000000000e+02 -1.990000000000000000e+02
-5.664000000000000000e+03 1.144000000000000000e+03 1.338400000000000000e+04 -3.936000000000000000e+03 -4.200000000000000000e+02 -1.980000000000000000e+02
-5.464000000000000000e+03 1.028000000000000000e+03 1.334800000000000000e+04 -3.936000000000000000e+03 -4.620000000000000000e+02 -1.630000000000000000e+02
-5.672000000000000000e+03 1.168000000000000000e+03 1.318400000000000000e+04 -3.920000000000000000e+03 -4.390000000000000000e+02 -1.170000000000000000e+02
-5.756000000000000000e+03 1.276000000000000000e+03 1.323600000000000000e+04 -3.952000000000000000e+03 -4.250000000000000000e+02 -1.100000000000000000e+01
-5.416000000000000000e+03 1.244000000000000000e+03 1.317600000000000000e+04 -3.920000000000000000e+03 -4.410000000000000000e+02 1.520000000000000000e+02
-5.396000000000000000e+03 1.264000000000000000e+03 1.316400000000000000e+04 -3.920000000000000000e+03 -4.270000000000000000e+02 2.740000000000000000e+02
-5.236000000000000000e+03 1.264000000000000000e+03 1.330000000000000000e+04 -3.920000000000000000e+03 -4.230000000000000000e+02 3.820000000000000000e+02
