1.128000000000000000e+03 2.360000000000000000e+03 1.454400000000000000e+04 -4.080000000000000000e+03 -2.680000000000000000e+02 2.190000000000000000e+02
8.840000000000000000e+02 2.264000000000000000e+03 1.450000000000000000e+04 -4.112000000000000000e+03 -2.360000000000000000e+02 3.380000000000000000e+02
1.008000000000000000e+03 2.348000000000000000e+03 1.446800000000000000e+04 -4.128000000000000000e+03 -2.490000000000000000e+02 4.660000000000000000e+02
1.100000000000000000e+03 2.380000000000000000e+03 1.450000000000000000e+04 -4.096000000000000000e+03 -2.510000000000000000e+02 5.380000000000000000e+02
1.008000000000000000e+03 2.436000000000000000e+03 1.450400000000000000e+04 -4.096000000000000000e+03 -2.800000000000000000e+02 6.450000000000000000e+02
8.160000000000000000e+02 2.452000000000000000e+03 1.427600000000000000e+04 -4.096000000000000000e+03 -3.020000000000000000e+02 7.450000000000000000e+02
8.400000000000000000e+02 2.472000000000000000e+03 1.431600000000000000e+04 -4.112000000000000000e+03 -3.380000000000000000e+02 7.690000000000000000e+02
9.880000000000000000e+02 2.536000000000000000e+03 1.440400000000000000e+04 -4.064000000000000000e+03 -3.190000000000000000e+02 7.120000000000000000e+02
9.360000000000000000e+02 2.516000000000000000e+03 1.431200000000000000e+04 -4.112000000000000000e+03 -3.740000000000000000e+02 6.160000000000000000e+02
1.168000000000000000e+03 2.480000000000000000e+03 1.453200000000000000e+04 -4.096000000000000000e+03 -4.220000000000000000e+02 4.810000000000000000e+02
1.212000000000000000e+03 2.532000000000000000e+03 1.444800000000000000e+04 -4.128000000000000000e+03 -4.300000000000000000e+02 4.060000000000000000e+02
1.220000000000000000e+03 2.512000000000000000e+03 1.438400000000000000e+04 -4.128000000000000000e+03 -4.240000000000000000e+02 2.750000000000000000e+02
1.184000000000000000e+03 2.476000000000000000e+03 1.445600000000000000e+04 -4.096000000000000000e+03 -4.020000000000000000e+02 1.450000000000000000e+02
1.084000000000000000e+03 2.492000000000000000e+03 1.448000000000000000e+04 -4.096000000000000000e+03 -4.050000000000000000e+02 2.600000000000000000e+01
9.920000000000000000e+02 2.448000000000000000e+03 1.464000000000000000e+04 -4.080000000000000000e+03 -3.910000000000000000e+02 -7.800000000000000000e+01
9.560000000000000000e+02 2.520000000000000000e+03 1.484400000000000000e+04 -4.112000000000000000e+03 -3.750000000000000000e+02 -1.620000000000000000e+02
9.560000000000000000e+02 2.576000000000000000e+03 1.483200000000000000e+04 -4.128000000000000000e+03 -3.590000000000000000e+02 -2.560000000000000000e+02
1.200000000000000000e+03 2.624000000000000000e+03 1.451200000000000000e+04 -4.112000000000000000e+03 -3.570000000000000000e+02 -2.620000000000000000e+02
1.036000000000000000e+03 2.536000000000000000e+03 1.426400000000000000e+04 -4.080000000000000000e+03 -3.480000000000000000e+02 -8.500000000000000000e+01
1.152000000000000000e+03 2.548000000000000000e+03 1.372800000000000000e+04 -4.064000000000000000e+03 -3.290000000000000000e+02 1.300000000000000000e+02
1.036000000000000000e+03 2.584000000000000000e+03 1.378400000000000000e+04 -4.080000000000000000e+03 -2.980000000000000000e+02 3.070000000000000000e+02
1.216000000000000000e+03 2.496000000000000000e+03 1.434400000000000000e+04 -4.096000000000000000e+03 -2.850000000000000000e+02 3.150000000000000000e+02
1.240000000000000000e+03 2.588000000000000000e+03 1.476400000000000000e+04 -4.080000000000000000e+03 -2.450000000000000000e+02 3.760000000000000000e+02
1.196000000000000000e+03 2.576000000000000000e+03 1.490800000000000000e+04 -4.080000000000000000e+03 -2.290000000000000000e+02 3.450000000000000000e+02
1.124000000000000000e+03 2.504000000000000000e+03 1.468000000000000000e+04 -4.064000000000000000e+03 -2.260000000000000000e+02 2.690000000000000000e+02
1.324000000000000000e+03 2.668000000000000000e+03 1.444000000000000000e+04 -4.096000000000000000e+03 -2.490000000000000000e+02 1.420000000000000000e+02
1.276000000000000000e+03 2.728000000000000000e+03 1.422400000000000000e+04 -4.080000000000000000e+03 -2.700000000000000000e+02 3.100000000000000000e+01
1.200000000000000000e+03 2.752000000000000000e+03 1.435600000000000000e+04 -4.096000000000000000e+03 -2.800000000000000000e+02 -7.600000000000000000e+01
1.052000000000000000e+03 2.336000000000000000e+03 1.407200000000000000e+04 -4.112000000000000000e+03 -2.700000000000000000e+02 -2.210000000000000000e+02
1.180000000000000000e+03 2.352000000000000000e+03 1.415200000000000000e+04 -4.080000000000000000e+03 -2.830000000000000000e+02 -2.620000000000000000e+02
1.000000000000000000e+03 2.288000000000000000e+03 1.458000000000000000e+04 -4.128000000000000000e+03 -3.060000000000000000e+02 -2.090000000000000000e+02
1.064000000000000000e+03 2.484000000000000000e+03 1.466000000000000000e+04 -4.080000000000000000e+03 -3.120000000000000000e+02 -1.190000000000000000e+02
7.920000000000000000e+02 2.420000000000000000e+03 1.452400000000000000e+04 -4.096000000000000000e+03 -2.930000000000000000e+02 5.900000000000000000e+01
7.560000000000000000e+02 2.480000000000000000e+03 1.429600000000000000e+04 -4.064000000000000000e+03 -3.170000000000000000e+02 2.530000000000000000e+02
9.520000000000000000e+02 2.676000000000000000e+03 1.422800000000000000e+04 -4.112000000000000000e+03 -3.170000000000000000e+02 3.340000000000000000e+02
9.760000000000000000e+02 2.596000000000000000e+03 1.425600000000000000e+04 -4.080000000000000000e+03 -2.780000000000000000e+02 3.600000000000000000e+02
1.020000000000000000e+03 2.572000000000000000e+03 1.441200000000000000e+04 -4.096000000000000000e+03 -2.630000000000000000e+02 3.190000000000000000e+02
7.840000000000000000e+02 2.352000000000000000e+03 1.462000000000000000e+04 -4.080000000000000000e+03 -2.570000000000000000e+02 3.270000000000000000e+02
7.240000000000000000e+02 2.384000000000000000e+03 1.457200000000000000e+04 -4.096000000000000000e+03 -2.470000000000000000e+02 3.060000000000000000e+02
9.160000000000000000e+02 2.396000000000000000e+03 1.427600000000000000e+04 -4.064000000000000000e+03 -2.610000000000000000e+02 2.910000000000000000e+02
7.720000000000000000e+02 2.304000000000000000e+03 1.449600000000000000e+04 -4.080000000000000000e+03 -2.520000000000000000e+02 2.310000000000000000e+02
9.560000000000000000e+02 2.468000000000000000e+03 1.415600000000000000e+04 -4.080000000000000000e+03 -2.560000000000000000e+02 2.070000000000000000e+02
8.200000000000000000e+02 2.380000000000000000e+03 1.414000000000000000e+04 -4.112000000000000000e+03 -2.790000000000000000e+02 1.060000000000000000e+02
8.400000000000000000e+02 2.444000000000000000e+03 1.437200000000000000e+04 -4.064000000000000000e+03 -2.760000000000000000e+02 4.700000000000000000e+01
1.020000000000000000e+03 2.496000000000000000e+03 1.457200000000000000e+04 -4.112000000000000000e+03 -3.450000000000000000e+02 -2.200000000000000000e+01
8.440000000000000000e+02 2.420000000000000000e+03 1.437200000000000000e+04 -4.096000000000000000e+03 -3.580000000000000000e+02 -6.200000000000000000e+01
9.240000000000000000e+02 2.516000000000000000e+03 1.446000000000000000e+04 -4.096000000000000000e+03 -3.140000000000000000e+02 -1.050000000000000000e+02
1.352000000000000000e+03 2.616000000000000000e+03 1.450000000000000000e+04 -4.080000000000000000e+03 -2.800000000000000000e+02 -9.700000000000000000e+01
1.368000000000000000e+03 2.668000000000000000e+03 1.454000000000000000e+04 -4.128000000000000000e+03 -2.790000000000000000e+02 -1.600000000000000000e+01
8.520000000000000000e+02 2.636000000000000000e+03 1.448800000000000000e+04 -4.048000000000000000e+03 -2.270000000000000000e+02 7.800000000000000000e+01
1.020000000000000000e+03 2.396000000000000000e+03 1.482800000000000000e+04 -4.096000000000000000e+03 -2.510000000000000000e+02 1.920000000000000000e+02
7.040000000000000000e+02 2.360000000000000000e+03 1.489200000000000000e+04 -4.112000000000000000e+03 -2.710000000000000000e+02 2.820000000000000000e+02
5.920000000000000000e+02 2.408000000000000000e+03 1.457200000000000000e+04 -4.080000000000000000e+03 -2.420000000000000000e+02 3.060000000000000000e+02
5.960000000000000000e+02 2.268000000000000000e+03 1.408800000000000000e+04 -4.080000000000000000e+03 -2.150000000000000000e+02 2.820000000000000000e+02
8.720000000000000000e+02 2.356000000000000000e+03 1.378800000000000000e+04 -4.080000000000000000e+03 -2.350000000000000000e+02 5.400000000000000000e+01
1.184000000000000000e+03 2.464000000000000000e+03 1.399200000000000000e+04 -4.112000000000000000e+03 -2.470000000000000000e+02 -2.010000000000000000e+02
