4.960000000000000000e+02 1.848000000000000000e+03 1.437600000000000000e+04 -4.160000000000000000e+03 -2.700000000000000000e+02 1.740000000000000000e+02
6.160000000000000000e+02 1.980000000000000000e+03 1.449200000000000000e+04 -4.160000000000000000e+03 -2.560000000000000000e+02 1.620000000000000000e+02
6.880000000000000000e+02 2.020000000000000000e+03 1.459200000000000000e+04 -4.160000000000000000e+03 -2.810000000000000000e+02 1.620000000000000000e+02
7.400000000000000000e+02 1.936000000000000000e+03 1.448800000000000000e+04 -4.128000000000000000e+03 -2.900000000000000000e+02 1.580000000000000000e+02
6.800000000000000000e+02 2.040000000000000000e+03 1.453600000000000000e+04 -4.144000000000000000e+03 -2.620000000000000000e+02 1.730000000000000000e+02
8.560000000000000000e+02 1.956000000000000000e+03 1.454400000000000000e+04 -4.144000000000000000e+03 -2.800000000000000000e+02 1.540000000000000000e+02
5.720000000000000000e+02 1.876000000000000000e+03 1.454000000000000000e+04 -4.176000000000000000e+03 -2.760000000000000000e+02 1.660000000000000000e+02
6.840000000000000000e+02 2.004000000000000000e+03 1.438000000000000000e+04 -4.160000000000000000e+03 -2.760000000000000000e+02 1.720000000000000000e+02
6.360000000000000000e+02 1.944000000000000000e+03 1.459600000000000000e+04 -4.160000000000000000e+03 -2.710000000000000000e+02 1.610000000000000000e+02
7.440000000000000000e+02 1.980000000000000000e+03 1.449600000000000000e+04 -4.128000000000000000e+03 -2.810000000000000000e+02 1.880000000000000000e+02
6.720000000000000000e+02 1.980000000000000000e+03 1.446000000000000000e+04 -4.160000000000000000e+03 -2.670000000000000000e+02 1.700000000000000000e+02
6.200000000000000000e+02 1.900000000000000000e+03 1.444400000000000000e+04 -4.144000000000000000e+03 -2.830000000000000000e+02 1.600000000000000000e+02
5.520000000000000000e+02 1.932000000000000000e+03 1.449600000000000000e+04 -4.144000000000000000e+03 -2.610000000000000000e+02 1.780000000000000000e+02
7.480000000000000000e+02 2.016000000000000000e+03 1.443600000000000000e+04 -4.176000000000000000e+03 -2.770000000000000000e+02 2.810000000000000000e+02
7.240000000000000000e+02 2.056000000000000000e+03 1.461200000000000000e+04 -4.208000000000000000e+03 -2.770000000000000000e+02 5.700000000000000000e+02
7.240000000000000000e+02 2.012000000000000000e+03 1.444000000000000000e+04 -4.192000000000000000e+03 -2.650000000000000000e+02 6.700000000000000000e+02
8.080000000000000000e+02 1.964000000000000000e+03 1.436800000000000000e+04 -4.144000000000000000e+03 -2.700000000000000000e+02 4.490000000000000000e+02
6.120000000000000000e+02 1.916000000000000000e+03 1.444400000000000000e+04 -4.128000000000000000e+03 -2.560000000000000000e+02 3.200000000000000000e+02
7.040000000000000000e+02 1.956000000000000000e+03 1.447600000000000000e+04 -4.160000000000000000e+03 -2.660000000000000000e+02 3.410000000000000000e+02
7.880000000000000000e+02 1.940000000000000000e+03 1.455600000000000000e+04 -4.176000000000000000e+03 -2.570000000000000000e+02 3.000000000000000000e+02
8.280000000000000000e+02 1.960000000000000000e+03 1.442000000000000000e+04 -4.112000000000000000e+03 -4.790000000000000000e+02 1.100000000000000000e+02
6.680000000000000000e+02 1.936000000000000000e+03 1.455200000000000000e+04 -4.144000000000000000e+03 -3.110000000000000000e+02 -3.400000000000000000e+01
6.160000000000000000e+02 2.060000000000000000e+03 1.449600000000000000e+04 -4.144000000000000000e+03 -2.540000000000000000e+02 -1.640000000000000000e+02
7.400000000000000000e+02 1.924000000000000000e+03 1.449600000000000000e+04 -4.176000000000000000e+03 -2.980000000000000000e+02 -1.570000000000000000e+02
7.840000000000000000e+02 1.988000000000000000e+03 1.453200000000000000e+04 -4.144000000000000000e+03 -3.670000000000000000e+02 -1.110000000000000000e+02
5.320000000000000000e+02 2.004000000000000000e+03 1.288400000000000000e+04 -4.176000000000000000e+03 -2.970000000000000000e+02 -4.600000000000000000e+01
6.080000000000000000e+02 1.972000000000000000e+03 1.320000000000000000e+04 -4.128000000000000000e+03 -1.910000000000000000e+02 1.600000000000000000e+01
5.480000000000000000e+02 1.228000000000000000e+03 1.479200000000000000e+04 -4.160000000000000000e+03 -2.270000000000000000e+02 4.500000000000000000e+01
6.080000000000000000e+02 1.556000000000000000e+03 1.563600000000000000e+04 -4.144000000000000000e+03 -2.640000000000000000e+02 1.350000000000000000e+02
1.484000000000000000e+03 1.820000000000000000e+03 1.461200000000000000e+04 -4.144000000000000000e+03 -2.720000000000000000e+02 2.730000000000000000e+02
5.600000000000000000e+02 2.304000000000000000e+03 1.384400000000000000e+04 -4.176000000000000000e+03 -2.290000000000000000e+02 3.920000000000000000e+02
8.400000000000000000e+01 2.024000000000000000e+03 1.445200000000000000e+04 -4.144000000000000000e+03 -2.540000000000000000e+02 4.320000000000000000e+02
3.800000000000000000e+02 1.700000000000000000e+03 1.493200000000000000e+04 -4.144000000000000000e+03 -2.980000000000000000e+02 5.040000000000000000e+02
7.920000000000000000e+02 1.768000000000000000e+03 1.470800000000000000e+04 -4.160000000000000000e+03 -2.910000000000000000e+02 4.000000000000000000e+02
5.200000000000000000e+02 2.016000000000000000e+03 1.425600000000000000e+04 -4.144000000000000000e+03 -2.790000000000000000e+02 2.720000000000000000e+02
1.680000000000000000e+02 1.940000000000000000e+03 1.420400000000000000e+04 -4.160000000000000000e+03 -2.920000000000000000e+02 1.030000000000000000e+02
2.280000000000000000e+02 1.892000000000000000e+03 1.456000000000000000e+04 -4.160000000000000000e+03 -3.120000000000000000e+02 -2.900000000000000000e+01
4.120000000000000000e+02 1.880000000000000000e+03 1.464800000000000000e+04 -4.144000000000000000e+03 -3.200000000000000000e+02 -1.410000000000000000e+02
6.280000000000000000e+02 1.928000000000000000e+03 1.440400000000000000e+04 -4.128000000000000000e+03 -2.990000000000000000e+02 -2.390000000000000000e+02
6.800000000000000000e+02 2.000000000000000000e+03 1.444400000000000000e+04 -4.144000000000000000e+03 -2.760000000000000000e+02 -3.830000000000000000e+02
6.600000000000000000e+02 1.876000000000000000e+03 1.452400000000000000e+04 -4.128000000000000000e+03 -2.660000000000000000e+02 -4.210000000000000000e+02
6.880000000000000000e+02 1.800000000000000000e+03 1.454000000000000000e+04 -4.160000000000000000e+03 -2.590000000000000000e+02 -3.960000000000000000e+02
7.840000000000000000e+02 2.016000000000000000e+03 1.446000000000000000e+04 -4.128000000000000000e+03 -2.210000000000000000e+02 -3.350000000000000000e+02
6.360000000000000000e+02 2.028000000000000000e+03 1.418000000000000000e+04 -4.176000000000000000e+03 -2.230000000000000000e+02 -2.280000000000000000e+02
1.028000000000000000e+03 1.900000000000000000e+03 1.432000000000000000e+04 -4.144000000000000000e+03 -2.340000000000000000e+02 -1.590000000000000000e+02
8.760000000000000000e+02 1.828000000000000000e+03 1.442400000000000000e+04 -4.144000000000000000e+03 -2.050000000000000000e+02 -6.800000000000000000e+01
6.480000000000000000e+02 1.844000000000000000e+03 1.459600000000000000e+04 -4.160000000000000000e+03 -2.080000000000000000e+02 -4.500000000000000000e+01
6.040000000000000000e+02 1.868000000000000000e+03 1.456000000000000000e+04 -4.160000000000000000e+03 -2.340000000000000000e+02 4.500000000000000000e+01
4.720000000000000000e+02 1.896000000000000000e+03 1.456000000000000000e+04 -4.160000000000000000e+03 -2.350000000000000000e+02 1.320000000000000000e+02
2.600000000000000000e+02 1.932000000000000000e+03 1.464000000000000000e+04 -4.144000000000000000e+03 -2.560000000000000000e+02 2.180000000000000000e+02
2.360000000000000000e+02 1.980000000000000000e+03 1.450800000000000000e+04 -4.192000000000000000e+03 -2.500000000000000000e+02 2.690000000000000000e+02
3.640000000000000000e+02 1.984000000000000000e+03 1.457200000000000000e+04 -4.144000000000000000e+03 -2.400000000000000000e+02 2.820000000000000000e+02
4.720000000000000000e+02 1.920000000000000000e+03 1.463200000000000000e+04 -4.160000000000000000e+03 -2.620000000000000000e+02 3.240000000000000000e+02
4.400000000000000000e+02 1.952000000000000000e+03 1.456000000000000000e+04 -4.176000000000000000e+03 -2.660000000000000000e+02 3.400000000000000000e+02
2.640000000000000000e+02 1.908000000000000000e+03 1.446400000000000000e+04 -4.160000000000000000e+03 -2.840000000000000000e+02 3.130000000000000000e+02
5.320000000000000000e+02 1.964000000000000000e+03 1.442400000000000000e+04 -4.160000000000000000e+03 -2.920000000000000000e+02 2.840000000000000000e+02
6.720000000000000000e+02 1.972000000000000000e+03 1.428000000000000000e+04 -4.144000000000000000e+03 -2.920000000000000000e+02 2.430000000000000000e+02
8.120000000000000000e+02 1.936000000000000000e+03 1.448800000000000000e+04 -4.160000000000000000e+03 -2.740000000000000000e+02 2.030000000000000000e+02
8.720000000000000000e+02 1.888000000000000000e+03 1.448000000000000000e+04 -4.144000000000000000e+03 -2.870000000000000000e+02 2.180000000000000000e+02
1.064000000000000000e+03 1.936000000000000000e+03 1.440000000000000000e+04 -4.144000000000000000e+03 -2.860000000000000000e+02 1.770000000000000000e+02
1.108000000000000000e+03 1.988000000000000000e+03 1.450800000000000000e+04 -4.176000000000000000e+03 -3.010000000000000000e+02 1.670000000000000000e+02
1.024000000000000000e+03 1.956000000000000000e+03 1.436400000000000000e+04 -4.176000000000000000e+03 -2.970000000000000000e+02 1.330000000000000000e+02
1.016000000000000000e+03 1.996000000000000000e+03 1.439200000000000000e+04 -4.144000000000000000e+03 -2.750000000000000000e+02 1.340000000000000000e+02
9.960000000000000000e+02 1.936000000000000000e+03 1.436800000000000000e+04 -4.160000000000000000e+03 -2.860000000000000000e+02 1.420000000000000000e+02
1.324000000000000000e+03 2.024000000000000000e+03 1.450800000000000000e+04 -4.160000000000000000e+03 -2.970000000000000000e+02 1.000000000000000000e+02
9.960000000000000000e+02 1.980000000000000000e+03 1.445600000000000000e+04 -4.176000000000000000e+03 -2.690000000000000000e+02 8.400000000000000000e+01
9.120000000000000000e+02 1.940000000000000000e+03 1.454400000000000000e+04 -4.144000000000000000e+03 -2.620000000000000000e+02 1.140000000000000000e+02
