-3.104000000000000000e+03 1.816000000000000000e+03 1.390800000000000000e+04 -3.888000000000000000e+03 -1.790000000000000000e+02 3.260000000000000000e+02
-3.048000000000000000e+03 1.636000000000000000e+03 1.403600000000000000e+04 -3.888000000000000000e+03 -1.850000000000000000e+02 2.380000000000000000e+02
-2.864000000000000000e+03 1.760000000000000000e+03 1.395200000000000000e+04 -3.920000000000000000e+03 -1.700000000000000000e+02 1.820000000000000000e+02
-2.516000000000000000e+03 1.756000000000000000e+03 1.404400000000000000e+04 -3.888000000000000000e+03 -1.480000000000000000e+02 1.700000000000000000e+02
-2.688000000000000000e+03 1.812000000000000000e+03 1.422000000000000000e+04 -3.888000000000000000e+03 -1.580000000000000000e+02 1.530000000000000000e+02
-2.840000000000000000e+03 1.744000000000000000e+03 1.389600000000000000e+04 -3.888000000000000000e+03 -1.320000000000000000e+02 1.670000000000000000e+02
-2.808000000000000000e+03 -1.390000000000000000e+02 1.410400000000000000e+04 -3.920000000000000000e+03 -1.540000000000000000e+02 1.480000000000000000e+02
-2.656000000000000000e+03 1.648000000000000000e+03 1.421200000000000000e+04 -3.888000000000000000e+03 -1.700000000000000000e+02 1.710000000000000000e+02
-2.630000000000000000e+02 1.708000000000000000e+03 1.410000000000000000e+04 -3.920000000000000000e+03 -1.810000000000000000e+02 1.510000000000000000e+02
-2.648000000000000000e+03 1.760000000000000000e+03 1.421200000000000000e+04 -3.888000000000000000e+03 -2.220000000000000000e+02 1.740000000000000000e+02
-2.612000000000000000e+03 1.756000000000000000e+03 1.414400000000000000e+04 -3.856000000000000000e+03 -2.350000000000000000e+02 1.700000000000000000e+02
-2.576000000000000000e+03 1.768000000000000000e+03 1.413200000000000000e+04 -3.856000000000000000e+03 -2.580000000000000000e+02 1.900000000000000000e+02
-2.740000000000000000e+03 1.644000000000000000e+03 1.414800000000000000e+04 -3.888000000000000000e+03 -2.760000000000000000e+02 2.340000000000000000e+02
-2.688000000000000000e+03 1.864000000000000000e+03 1.419600000000000000e+04 -3.888000000000000000e+03 -3.040000000000000000e+02 2.520000000000000000e+02
-2.652000000000000000e+03 1.776000000000000000e+03 1.418000000000000000e+04 -3.888000000000000000e+03 -3.410000000000000000e+02 3.000000000000000000e+02
-2.548000000000000000e+03 1.856000000000000000e+03 1.431200000000000000e+04 -3.888000000000000000e+03 -3.510000000000000000e+02 3.580000000000000000e+02
-2.820000000000000000e+03 1.704000000000000000e+03 1.395600000000000000e+04 -3.888000000000000000e+03 -3.800000000000000000e+02 4.080000000000000000e+02
-2.744000000000000000e+03 1.828000000000000000e+03 1.426400000000000000e+04 -3.888000000000000000e+03 -4.020000000000000000e+02 4.720000000000000000e+02
-2.880000000000000000e+03 1.784000000000000000e+03 1.408000000000000000e+04 -3.920000000000000000e+03 -4.000000000000000000e+02 5.190000000000000000e+02
-2.940000000000000000e+03 1.836000000000000000e+03 1.404000000000000000e+04 -3.920000000000000000e+03 -4.370000000000000000e+02 5.660000000000000000e+02
-2.848000000000000000e+03 1.728000000000000000e+03 1.417600000000000000e+04 -3.888000000000000000e+03 -4.500000000000000000e+02 5.750000000000000000e+02
-2.944000000000000000e+03 1.884000000000000000e+03 1.427200000000000000e+04 -3.920000000000000000e+03 -4.460000000000000000e+02 6.030000000000000000e+02
-2.896000000000000000e+03 1.808000000000000000e+03 1.421200000000000000e+04 -3.888000000000000000e+03 -4.250000000000000000e+02 6.430000000000000000e+02
-2.804000000000000000e+03 1.888000000000000000e+03 1.434800000000000000e+04 -3.888000000000000000e+03 -4.520000000000000000e+02 6.080000000000000000e+02
-2.792000000000000000e+03 1.940000000000000000e+03 1.434800000000000000e+04 -3.920000000000000000e+03 -4.480000000000000000e+02 6.020000000000000000e+02
-2.884000000000000000e+03 1.916000000000000000e+03 1.404400000000000000e+04 -3.888000000000000000e+03 -4.750000000000000000e+02 5.650000000000000000e+02
-2.952000000000000000e+03 2.048000000000000000e+03 1.410000000000000000e+04 -3.920000000000000000e+03 -4.600000000000000000e+02 5.250000000000000000e+02
-2.940000000000000000e+03 1.940000000000000000e+03 1.418800000000000000e+04 -3.888000000000000000e+03 -4.630000000000000000e+02 4.140000000000000000e+02
-2.868000000000000000e+03 1.944000000000000000e+03 1.410400000000000000e+04 -3.888000000000000000e+03 -4.350000000000000000e+02 3.350000000000000000e+02
-2.976000000000000000e+03 1.836000000000000000e+03 1.396400000000000000e+04 -3.920000000000000000e+03 -4.290000000000000000e+02 2.100000000000000000e+02
-2.952000000000000000e+03 1.924000000000000000e+03 1.408800000000000000e+04 -3.888000000000000000e+03 -3.910000000000000000e+02 1.000000000000000000e+02
-2.892000000000000000e+03 1.912000000000000000e+03 1.398800000000000000e+04 -3.856000000000000000e+03 -3.810000000000000000e+02 -2.400000000000000000e+01
-2.844000000000000000e+03 1.892000000000000000e+03 1.399600000000000000e+04 -3.888000000000000000e+03 -3.260000000000000000e+02 -1.180000000000000000e+02
-2.844000000000000000e+03 1.868000000000000000e+03 1.396400000000000000e+04 -3.888000000000000000e+03 -3.100000000000000000e+02 -1.810000000000000000e+02
-2.808000000000000000e+03 1.884000000000000000e+03 1.393200000000000000e+04 -3.888000000000000000e+03 -2.930000000000000000e+02 -2.040000000000000000e+02
-2.852000000000000000e+03 1.936000000000000000e+03 1.422800000000000000e+04 -3.888000000000000000e+03 -2.650000000000000000e+02 -2.440000000000000000e+02
-2.896000000000000000e+03 1.992000000000000000e+03 1.380400000000000000e+04 -3.888000000000000000e+03 -2.940000000000000000e+02 -2.200000000000000000e+02
-2.984000000000000000e+03 1.804000000000000000e+03 1.413200000000000000e+04 -3.920000000000000000e+03 -2.900000000000000000e+02 -1.800000000000000000e+02
-2.924000000000000000e+03 1.796000000000000000e+03 1.398400000000000000e+04 -3.856000000000000000e+03 -2.800000000000000000e+02 -1.080000000000000000e+02
-3.064000000000000000e+03 1.696000000000000000e+03 1.388400000000000000e+04 -3.856000000000000000e+03 -3.060000000000000000e+02 -6.000000000000000000e+01
-3.012000000000000000e+03 1.716000000000000000e+03 1.384400000000000000e+04 -3.888000000000000000e+03 -2.660000000000000000e+02 4.000000000000000000e+01
-3.192000000000000000e+03 1.612000000000000000e+03 1.402400000000000000e+04 -3.904000000000000000e+03 -2.890000000000000000e+02 1.390000000000000000e+02
-3.076000000000000000e+03 1.620000000000000000e+03 1.406000000000000000e+04 -3.888000000000000000e+03 -2.550000000000000000e+02 2.130000000000000000e+02
-3.148000000000000000e+03 1.624000000000000000e+03 1.404000000000000000e+04 -3.888000000000000000e+03 -2.720000000000000000e+02 3.080000000000000000e+02
-3.168000000000000000e+03 1.700000000000000000e+03 1.419600000000000000e+04 -3.904000000000000000e+03 -2.690000000000000000e+02 4.060000000000000000e+02
-3.360000000000000000e+03 1.720000000000000000e+03 1.412000000000000000e+04 -3.904000000000000000e+03 -2.850000000000000000e+02 4.690000000000000000e+02
-3.328000000000000000e+03 1.844000000000000000e+03 1.392800000000000000e+04 -3.888000000000000000e+03 -2.950000000000000000e+02 5.410000000000000000e+02
-3.328000000000000000e+03 1.608000000000000000e+03 1.418000000000000000e+04 -3.888000000000000000e+03 -3.190000000000000000e+02 6.040000000000000000e+02
-3.316000000000000000e+03 1.724000000000000000e+03 1.391200000000000000e+04 -3.872000000000000000e+03 -3.160000000000000000e+02 6.390000000000000000e+02
-3.392000000000000000e+03 1.624000000000000000e+03 1.389600000000000000e+04 -3.888000000000000000e+03 -3.340000000000000000e+02 6.480000000000000000e+02
-3.304000000000000000e+03 1.680000000000000000e+03 1.388800000000000000e+04 -3.904000000000000000e+03 -3.280000000000000000e+02 5.890000000000000000e+02
-3.176000000000000000e+03 1.576000000000000000e+03 1.392000000000000000e+04 -3.888000000000000000e+03 -3.350000000000000000e+02 4.860000000000000000e+02
-3.348000000000000000e+03 1.600000000000000000e+03 1.406000000000000000e+04 -3.888000000000000000e+03 -3.460000000000000000e+02 4.200000000000000000e+02
-3.248000000000000000e+03 1.532000000000000000e+03 1.398400000000000000e+04 -3.920000000000000000e+03 -3.270000000000000000e+02 2.600000000000000000e+02
-3.076000000000000000e+03 1.664000000000000000e+03 1.405200000000000000e+04 -3.888000000000000000e+03 -3.070000000000000000e+02 1.020000000000000000e+02
-3.252000000000000000e+03 1.592000000000000000e+03 1.401200000000000000e+04 -3.920000000000000000e+03 -2.980000000000000000e+02 -4.300000000000000000e+01
-3.152000000000000000e+03 1.680000000000000000e+03 1.412800000000000000e+04 -3.920000000000000000e+03 -2.900000000000000000e+02 -1.660000000000000000e+02
-3.020000000000000000e+03 1.640000000000000000e+03 1.397600000000000000e+04 -3.888000000000000000e+03 -3.040000000000000000e+02 -2.000000000000000000e+02
-3.000000000000000000e+03 1.688000000000000000e+03 1.408400000000000000e+04 -3.888000000000000000e+03 -2.700000000000000000e+02 -2.000000000000000000e+02
-3.020000000000000000e+03 1.624000000000000000e+03 1.399600000000000000e+04 -3.888000000000000000e+03 -2.800000000000000000e+02 -2.020000000000000000e+02
-3.104000000000000000e+03 1.676000000000000000e+03 1.396400000000000000e+04 -3.888000000000000000e+03 -2.590000000000000000e+02 -2.220000000000000000e+02
-2.940000000000000000e+03 1.644000000000000000e+03 1.389600000000000000e+04 -3.920000000000000000e+03 -2.600000000000000000e+02 -2.680000000000000000e+02
-2.976000000000000000e+03 1.612000000000000000e+03 1.397200000000000000e+04 -3.904000000000000000e+03 -2.200000000000000000e+02 -2.670000000000000000e+02
-3.028000000000000000e+03 1.604000000000000000e+03 1.412800000000000000e+04 -3.888000000000000000e+03 -2.080000000000000000e+02 -2.790000000000000000e+02
-3.012000000000000000e+03 1.608000000000000000e+03 1.406800000000000000e+04 -3.872000000000000000e+03 -1.630000000000000000e+02 -2.560000000000000000e+02
-3.160000000000000000e+03 1.700000000000000000e+03 1.402800000000000000e+04 -3.888000000000000000e+03 -1.310000000000000000e+02 -1.770000000000000000e+02
