-6.336000000000000000e+03 9.120000000000000000e+02 1.254800000000000000e+04 -3.984000000000000000e+03 -3.960000000000000000e+02 1.001000000000000000e+03
-6.820000000000000000e+03 7.760000000000000000e+02 1.250000000000000000e+04 -4.000000000000000000e+03 -4.110000000000000000e+02 9.870000000000000000e+02
-6.964000000000000000e+03 7.680000000000000000e+02 1.271200000000000000e+04 -4.000000000000000000e+03 -3.840000000000000000e+02 8.850000000000000000e+02
-7.208000000000000000e+03 6.840000000000000000e+02 1.286800000000000000e+04 -3.952000000000000000e+03 -3.820000000000000000e+02 7.020000000000000000e+02
-7.072000000000000000e+03 7.640000000000000000e+02 1.264800000000000000e+04 -4.000000000000000000e+03 -3.510000000000000000e+02 6.080000000000000000e+02
-7.244000000000000000e+03 6.920000000000000000e+02 1.259200000000000000e+04 -3.984000000000000000e+03 -3.320000000000000000e+02 5.310000000000000000e+02
-7.112000000000000000e+03 6.200000000000000000e+02 1.260800000000000000e+04 -4.000000000000000000e+03 -2.970000000000000000e+02 4.490000000000000000e+02
-7.080000000000000000e+03 6.960000000000000000e+02 1.249200000000000000e+04 -3.984000000000000000e+03 -2.550000000000000000e+02 3.010000000000000000e+02
-7.228000000000000000e+03 6.240000000000000000e+02 1.233200000000000000e+04 -4.000000000000000000e+03 -2.630000000000000000e+02 2.000000000000000000e+02
-7.084000000000000000e+03 6.080000000000000000e+02 1.252400000000000000e+04 -4.016000000000000000e+03 -1.820000000000000000e+02 9.000000000000000000e+01
-7.260000000000000000e+03 5.880000000000000000e+02 1.256800000000000000e+04 -3.968000000000000000e+03 -1.710000000000000000e+02 1.500000000000000000e+01
-7.116000000000000000e+03 7.520000000000000000e+02 1.256000000000000000e+04 -4.000000000000000000e+03 -1.530000000000000000e+02 -4.800000000000000000e+01
-7.160000000000000000e+03 6.120000000000000000e+02 1.250000000000000000e+04 -4.000000000000000000e+03 -1.170000000000000000e+02 -8.100000000000000000e+01
-7.236000000000000000e+03 5.480000000000000000e+02 1.258800000000000000e+04 -3.984000000000000000e+03 -7.900000000000000000e+01 -1.150000000000000000e+02
-7.064000000000000000e+03 6.680000000000000000e+02 1.268800000000000000e+04 -4.016000000000000000e+03 -8.700000000000000000e+01 -8.000000000000000000e+01
-7.072000000000000000e+03 6.160000000000000000e+02 1.276800000000000000e+04 -3.984000000000000000e+03 -8.000000000000000000e+01 -1.200000000000000000e+02
-6.900000000000000000e+03 7.320000000000000000e+02 1.251200000000000000e+04 -4.016000000000000000e+03 -7.100000000000000000e+01 -6.700000000000000000e+01
-7.112000000000000000e+03 6.240000000000000000e+02 1.267200000000000000e+04 -4.000000000000000000e+03 -5.400000000000000000e+01 -2.300000000000000000e+01
-6.956000000000000000e+03 6.840000000000000000e+02 1.284800000000000000e+04 -3.984000000000000000e+03 -7.800000000000000000e+01 6.000000000000000000e+00
-7.132000000000000000e+03 7.800000000000000000e+02 1.295200000000000000e+04 -3.984000000000000000e+03 -1.090000000000000000e+02 1.060000000000000000e+02
-7.100000000000000000e+03 7.320000000000000000e+02 1.266400000000000000e+04 -4.000000000000000000e+03 -8.600000000000000000e+01 1.690000000000000000e+02
-6.856000000000000000e+03 6.840000000000000000e+02 1.288000000000000000e+04 -4.000000000000000000e+03 -1.350000000000000000e+02 2.800000000000000000e+02
-6.920000000000000000e+03 6.240000000000000000e+02 1.265600000000000000e+04 -4.016000000000000000e+03 -1.450000000000000000e+02 3.820000000000000000e+02
-7.108000000000000000e+03 7.240000000000000000e+02 1.283600000000000000e+04 -4.000000000000000000e+03 -1.770000000000000000e+02 5.070000000000000000e+02
-7.040000000000000000e+03 8.320000000000000000e+02 1.276400000000000000e+04 -3.984000000000000000e+03 -2.240000000000000000e+02 5.600000000000000000e+02
-6.804000000000000000e+03 7.680000000000000000e+02 1.271200000000000000e+04 -3.968000000000000000e+03 -2.120000000000000000e+02 6.890000000000000000e+02
-7.048000000000000000e+03 7.960000000000000000e+02 1.272000000000000000e+04 -4.016000000000000000e+03 -2.400000000000000000e+02 7.880000000000000000e+02
-7.108000000000000000e+03 7.960000000000000000e+02 1.280000000000000000e+04 -4.000000000000000000e+03 -2.950000000000000000e+02 9.080000000000000000e+02
-7.020000000000000000e+03 7.600000000000000000e+02 1.279600000000000000e+04 -3.984000000000000000e+03 -3.200000000000000000e+02 1.022000000000000000e+03
-7.236000000000000000e+03 7.680000000000000000e+02 1.271200000000000000e+04 -4.032000000000000000e+03 -3.600000000000000000e+02 1.133000000000000000e+03
-7.216000000000000000e+03 7.720000000000000000e+02 1.239200000000000000e+04 -4.000000000000000000e+03 -3.720000000000000000e+02 1.215000000000000000e+03
-7.260000000000000000e+03 7.920000000000000000e+02 1.247200000000000000e+04 -4.000000000000000000e+03 -3.990000000000000000e+02 1.265000000000000000e+03
-7.392000000000000000e+03 8.160000000000000000e+02 1.236000000000000000e+04 -3.968000000000000000e+03 -3.730000000000000000e+02 1.276000000000000000e+03
-7.600000000000000000e+03 7.400000000000000000e+02 1.256000000000000000e+04 -3.984000000000000000e+03 -4.110000000000000000e+02 1.234000000000000000e+03
-7.764000000000000000e+03 7.400000000000000000e+02 1.248800000000000000e+04 -3.984000000000000000e+03 -4.430000000000000000e+02 1.152000000000000000e+03
-7.852000000000000000e+03 6.560000000000000000e+02 1.241600000000000000e+04 -3.984000000000000000e+03 -4.380000000000000000e+02 1.051000000000000000e+03
-7.792000000000000000e+03 7.080000000000000000e+02 1.224000000000000000e+04 -4.016000000000000000e+03 -4.490000000000000000e+02 9.030000000000000000e+02
-7.772000000000000000e+03 5.680000000000000000e+02 1.208000000000000000e+04 -3.984000000000000000e+03 -4.200000000000000000e+02 7.280000000000000000e+02
-7.820000000000000000e+03 7.040000000000000000e+02 1.226000000000000000e+04 -4.000000000000000000e+03 -4.120000000000000000e+02 4.680000000000000000e+02
-7.980000000000000000e+03 6.640000000000000000e+02 1.228400000000000000e+04 -3.984000000000000000e+03 -3.550000000000000000e+02 2.200000000000000000e+02
-8.076000000000000000e+03 5.840000000000000000e+02 1.259600000000000000e+04 -4.000000000000000000e+03 -3.210000000000000000e+02 -3.200000000000000000e+01
-8.184000000000000000e+03 7.320000000000000000e+02 1.237200000000000000e+04 -4.016000000000000000e+03 -3.290000000000000000e+02 -2.640000000000000000e+02
-8.008000000000000000e+03 5.280000000000000000e+02 1.248400000000000000e+04 -3.968000000000000000e+03 -3.160000000000000000e+02 -3.840000000000000000e+02
-7.992000000000000000e+03 3.120000000000000000e+02 1.202000000000000000e+04 -4.000000000000000000e+03 -3.200000000000000000e+02 -3.760000000000000000e+02
-7.756000000000000000e+03 4.040000000000000000e+02 1.176800000000000000e+04 -3.984000000000000000e+03 -3.030000000000000000e+02 -4.330000000000000000e+02
-7.692000000000000000e+03 5.440000000000000000e+02 1.198400000000000000e+04 -3.984000000000000000e+03 -3.120000000000000000e+02 -4.610000000000000000e+02
-7.740000000000000000e+03 5.760000000000000000e+02 1.215200000000000000e+04 -3.984000000000000000e+03 -2.920000000000000000e+02 -4.780000000000000000e+02
-7.676000000000000000e+03 5.200000000000000000e+02 1.244400000000000000e+04 -3.968000000000000000e+03 -2.860000000000000000e+02 -4.460000000000000000e+02
-7.752000000000000000e+03 5.520000000000000000e+02 1.244800000000000000e+04 -3.968000000000000000e+03 -3.170000000000000000e+02 -4.830000000000000000e+02
-7.660000000000000000e+03 5.400000000000000000e+02 1.243600000000000000e+04 -4.000000000000000000e+03 -3.040000000000000000e+02 -4.410000000000000000e+02
-7.624000000000000000e+03 5.960000000000000000e+02 1.234800000000000000e+04 -3.984000000000000000e+03 -3.310000000000000000e+02 -3.810000000000000000e+02
-7.540000000000000000e+03 5.920000000000000000e+02 1.231600000000000000e+04 -4.016000000000000000e+03 -3.110000000000000000e+02 -3.270000000000000000e+02
-7.348000000000000000e+03 6.200000000000000000e+02 1.223600000000000000e+04 -4.016000000000000000e+03 -3.070000000000000000e+02 -3.020000000000000000e+02
-7.144000000000000000e+03 5.200000000000000000e+02 1.238800000000000000e+04 -4.000000000000000000e+03 -2.840000000000000000e+02 -2.650000000000000000e+02
-7.160000000000000000e+03 5.760000000000000000e+02 1.270400000000000000e+04 -4.000000000000000000e+03 -3.230000000000000000e+02 -2.500000000000000000e+02
-7.292000000000000000e+03 5.440000000000000000e+02 1.257200000000000000e+04 -3.984000000000000000e+03 -3.410000000000000000e+02 -2.310000000000000000e+02
-7.272000000000000000e+03 4.760000000000000000e+02 1.238000000000000000e+04 -4.000000000000000000e+03 -3.130000000000000000e+02 -2.250000000000000000e+02
-7.140000000000000000e+03 4.800000000000000000e+02 1.251200000000000000e+04 -3.984000000000000000e+03 -2.890000000000000000e+02 -2.490000000000000000e+02
-7.236000000000000000e+03 4.840000000000000000e+02 1.234800000000000000e+04 -4.016000000000000000e+03 -2.570000000000000000e+02 -4.120000000000000000e+02
-7.468000000000000000e+03 4.320000000000000000e+02 1.249200000000000000e+04 -4.016000000000000000e+03 -2.430000000000000000e+02 -5.920000000000000000e+02
-7.256000000000000000e+03 5.640000000000000000e+02 1.286000000000000000e+04 -4.000000000000000000e+03 -2.270000000000000000e+02 -7.880000000000000000e+02
-7.276000000000000000e+03 5.840000000000000000e+02 1.280800000000000000e+04 -4.000000000000000000e+03 -1.930000000000000000e+02 -9.770000000000000000e+02
-7.108000000000000000e+03 6.440000000000000000e+02 1.294000000000000000e+04 -4.016000000000000000e+03 -1.970000000000000000e+02 -1.158000000000000000e+03
-6.936000000000000000e+03 6.000000000000000000e+02 1.270000000000000000e+04 -4.016000000000000000e+03 -1.770000000000000000e+02 -1.288000000000000000e+03
-6.876000000000000000e+03 5.040000000000000000e+02 1.273200000000000000e+04 -3.984000000000000000e+03 -1.240000000000000000e+02 -1.430000000000000000e+03
-6.688000000000000000e+03 6.320000000000000000e+02 1.298000000000000000e+04 -3.968000000000000000e+03 -1.120000000000000000e+02 -1.523000000000000000e+03
-6.660000000000000000e+03 7.520000000000000000e+02 1.298000000000000000e+04 -4.000000000000000000e+03 -1.250000000000000000e+02 -1.609000000000000000e+03
-6.700000000000000000e+03 6.520000000000000000e+02 1.316400000000000000e+04 -3.984000000000000000e+03 -1.330000000000000000e+02 -1.740000000000000000e+03
-6.428000000000000000e+03 6.400000000000000000e+02 1.313600000000000000e+04 -3.984000000000000000e+03 -7.500000000000000000e+01 -1.854000000000000000e+03
-6.136000000000000000e+03 8.200000000000000000e+02 1.305600000000000000e+04 -4.016000000000000000e+03 -8.000000000000000000e+01 -1.927000000000000000e+03
-6.000000000000000000e+03 7.880000000000000000e+02 1.328800000000000000e+04 -4.000000000000000000e+03 -8.700000000000000000e+01 -2.003000000000000000e+03
-5.944000000000000000e+03 8.720000000000000000e+02 1.348800000000000000e+04 -4.000000000000000000e+03 -9.700000000000000000e+01 -2.027000000000000000e+03
-5.868000000000000000e+03 8.560000000000000000e+02 1.343200000000000000e+04 -4.000000000000000000e+03 -9.300000000000000000e+01 -2.047000000000000000e+03
-5.556000000000000000e+03 8.200000000000000000e+02 1.352400000000000000e+04 -3.984000000000000000e+03 -8.600000000000000000e+01 -2.087000000000000000e+03
-5.200000000000000000e+03 8.960000000000000000e+02 1.368000000000000000e+04 -4.016000000000000000e+03 -8.600000000000000000e+01 -2.067000000000000000e+03
-5.072000000000000000e+03 8.520000000000000000e+02 1.369200000000000000e+04 -4.000000000000000000e+03 -1.070000000000000000e+02 -1.933000000000000000e+03
-4.856000000000000000e+03 9.840000000000000000e+02 1.364400000000000000e+04 -3.984000000000000000e+03 -1.300000000000000000e+02 -1.841000000000000000e+03
-4.988000000000000000e+03 9.040000000000000000e+02 1.370000000000000000e+04 -3.984000000000000000e+03 -1.600000000000000000e+02 -1.738000000000000000e+03
-4.756000000000000000e+03 1.076000000000000000e+03 1.389200000000000000e+04 -3.984000000000000000e+03 -1.900000000000000000e+02 -1.580000000000000000e+03
-4.320000000000000000e+03 1.076000000000000000e+03 1.402800000000000000e+04 -4.000000000000000000e+03 -2.040000000000000000e+02 -1.482000000000000000e+03
-4.280000000000000000e+03 1.192000000000000000e+03 1.451200000000000000e+04 -3.968000000000000000e+03 -2.500000000000000000e+02 -1.295000000000000000e+03
-4.284000000000000000e+03 1.092000000000000000e+03 1.435600000000000000e+04 -3.984000000000000000e+03 -3.060000000000000000e+02 -1.080000000000000000e+03
-4.024000000000000000e+03 1.056000000000000000e+03 1.388400000000000000e+04 -3.984000000000000000e+03 -3.840000000000000000e+02 -7.950000000000000000e+02
