5.440000000000000000e+02 1.884000000000000000e+03 1.454400000000000000e+04 -4.144000000000000000e+03 -2.850000000000000000e+02 2.090000000000000000e+02
5.000000000000000000e+02 1.908000000000000000e+03 1.450400000000000000e+04 -4.144000000000000000e+03 -2.700000000000000000e+02 2.260000000000000000e+02
4.360000000000000000e+02 1.960000000000000000e+03 1.434400000000000000e+04 -4.176000000000000000e+03 -2.710000000000000000e+02 2.300000000000000000e+02
6.120000000000000000e+02 1.920000000000000000e+03 1.426000000000000000e+04 -4.144000000000000000e+03 -2.870000000000000000e+02 2.080000000000000000e+02
5.040000000000000000e+02 1.904000000000000000e+03 1.456800000000000000e+04 -4.160000000000000000e+03 -2.710000000000000000e+02 1.840000000000000000e+02
3.960000000000000000e+02 1.904000000000000000e+03 1.457600000000000000e+04 -4.144000000000000000e+03 -2.750000000000000000e+02 1.850000000000000000e+02
4.600000000000000000e+02 1.904000000000000000e+03 1.469200000000000000e+04 -4.160000000000000000e+03 -2.870000000000000000e+02 1.690000000000000000e+02
5.720000000000000000e+02 1.804000000000000000e+03 1.446000000000000000e+04 -4.128000000000000000e+03 -2.870000000000000000e+02 1.270000000000000000e+02
5.280000000000000000e+02 1.876000000000000000e+03 1.450400000000000000e+04 -4.160000000000000000e+03 -2.790000000000000000e+02 1.170000000000000000e+02
3.160000000000000000e+02 1.932000000000000000e+03 1.450400000000000000e+04 -4.160000000000000000e+03 -2.480000000000000000e+02 9.900000000000000000e+01
5.040000000000000000e+02 1.896000000000000000e+03 1.452800000000000000e+04 -4.160000000000000000e+03 -2.770000000000000000e+02 9.500000000000000000e+01
3.480000000000000000e+02 1.956000000000000000e+03 1.456000000000000000e+04 -4.144000000000000000e+03 -2.840000000000000000e+02 1.040000000000000000e+02
3.640000000000000000e+02 1.920000000000000000e+03 1.443600000000000000e+04 -4.128000000000000000e+03 -2.640000000000000000e+02 1.440000000000000000e+02
3.720000000000000000e+02 1.888000000000000000e+03 1.436800000000000000e+04 -4.144000000000000000e+03 -2.900000000000000000e+02 1.650000000000000000e+02
5.320000000000000000e+02 1.912000000000000000e+03 1.456800000000000000e+04 -4.176000000000000000e+03 -2.980000000000000000e+02 2.230000000000000000e+02
5.080000000000000000e+02 1.820000000000000000e+03 1.460400000000000000e+04 -4.128000000000000000e+03 -2.600000000000000000e+02 2.160000000000000000e+02
4.840000000000000000e+02 1.884000000000000000e+03 1.447600000000000000e+04 -4.160000000000000000e+03 -2.910000000000000000e+02 1.970000000000000000e+02
5.480000000000000000e+02 1.880000000000000000e+03 1.444000000000000000e+04 -4.144000000000000000e+03 -2.780000000000000000e+02 2.040000000000000000e+02
3.840000000000000000e+02 1.892000000000000000e+03 1.460000000000000000e+04 -4.160000000000000000e+03 -2.730000000000000000e+02 1.880000000000000000e+02
4.800000000000000000e+02 1.876000000000000000e+03 1.444800000000000000e+04 -4.160000000000000000e+03 -2.780000000000000000e+02 1.560000000000000000e+02
4.680000000000000000e+02 1.956000000000000000e+03 1.445600000000000000e+04 -4.128000000000000000e+03 -3.070000000000000000e+02 1.600000000000000000e+02
5.840000000000000000e+02 1.980000000000000000e+03 1.442000000000000000e+04 -4.144000000000000000e+03 -2.730000000000000000e+02 1.600000000000000000e+02
5.520000000000000000e+02 1.864000000000000000e+03 1.466800000000000000e+04 -4.176000000000000000e+03 -2.790000000000000000e+02 1.550000000000000000e+02
5.520000000000000000e+02 1.824000000000000000e+03 1.442000000000000000e+04 -4.144000000000000000e+03 -2.750000000000000000e+02 1.530000000000000000e+02
3.560000000000000000e+02 2.000000000000000000e+03 1.462000000000000000e+04 -4.144000000000000000e+03 -2.570000000000000000e+02 1.420000000000000000e+02
3.360000000000000000e+02 1.904000000000000000e+03 1.457600000000000000e+04 -4.160000000000000000e+03 -2.970000000000000000e+02 1.650000000000000000e+02
4.280000000000000000e+02 1.956000000000000000e+03 1.433600000000000000e+04 -4.128000000000000000e+03 -2.770000000000000000e+02 1.790000000000000000e+02
5.600000000000000000e+02 1.928000000000000000e+03 1.451600000000000000e+04 -4.160000000000000000e+03 -2.720000000000000000e+02 2.150000000000000000e+02
4.440000000000000000e+02 1.884000000000000000e+03 1.443200000000000000e+04 -4.128000000000000000e+03 -2.790000000000000000e+02 1.740000000000000000e+02
5.720000000000000000e+02 1.868000000000000000e+03 1.457200000000000000e+04 -4.144000000000000000e+03 -2.700000000000000000e+02 1.730000000000000000e+02
4.760000000000000000e+02 1.892000000000000000e+03 1.447200000000000000e+04 -4.144000000000000000e+03 -2.790000000000000000e+02 1.520000000000000000e+02
5.360000000000000000e+02 1.920000000000000000e+03 1.449200000000000000e+04 -4.176000000000000000e+03 -2.800000000000000000e+02 1.740000000000000000e+02
4.840000000000000000e+02 1.956000000000000000e+03 1.451600000000000000e+04 -4.160000000000000000e+03 -2.960000000000000000e+02 1.770000000000000000e+02
5.160000000000000000e+02 2.052000000000000000e+03 1.449200000000000000e+04 -4.128000000000000000e+03 -2.880000000000000000e+02 1.840000000000000000e+02
6.160000000000000000e+02 1.908000000000000000e+03 1.442400000000000000e+04 -4.160000000000000000e+03 -2.820000000000000000e+02 1.630000000000000000e+02
4.480000000000000000e+02 1.816000000000000000e+03 1.460000000000000000e+04 -4.160000000000000000e+03 -2.760000000000000000e+02 1.620000000000000000e+02
4.840000000000000000e+02 1.844000000000000000e+03 1.445200000000000000e+04 -4.144000000000000000e+03 -2.780000000000000000e+02 1.700000000000000000e+02
3.640000000000000000e+02 1.816000000000000000e+03 1.441200000000000000e+04 -4.144000000000000000e+03 -2.610000000000000000e+02 1.680000000000000000e+02
2.960000000000000000e+02 1.940000000000000000e+03 1.460800000000000000e+04 -4.176000000000000000e+03 -2.660000000000000000e+02 1.500000000000000000e+02
5.200000000000000000e+02 1.952000000000000000e+03 1.450000000000000000e+04 -4.128000000000000000e+03 -2.900000000000000000e+02 1.560000000000000000e+02
5.400000000000000000e+02 1.956000000000000000e+03 1.462800000000000000e+04 -4.160000000000000000e+03 -2.740000000000000000e+02 1.370000000000000000e+02
5.920000000000000000e+02 2.008000000000000000e+03 1.442000000000000000e+04 -4.128000000000000000e+03 -2.640000000000000000e+02 1.590000000000000000e+02
4.560000000000000000e+02 1.972000000000000000e+03 1.449200000000000000e+04 -4.176000000000000000e+03 -2.700000000000000000e+02 1.970000000000000000e+02
4.160000000000000000e+02 1.864000000000000000e+03 1.446000000000000000e+04 -4.144000000000000000e+03 -2.890000000000000000e+02 1.870000000000000000e+02
4.640000000000000000e+02 1.900000000000000000e+03 1.442400000000000000e+04 -4.112000000000000000e+03 -2.890000000000000000e+02 2.030000000000000000e+02
6.440000000000000000e+02 1.928000000000000000e+03 1.449600000000000000e+04 -4.144000000000000000e+03 -2.790000000000000000e+02 2.060000000000000000e+02
5.120000000000000000e+02 1.908000000000000000e+03 1.452400000000000000e+04 -4.160000000000000000e+03 -2.990000000000000000e+02 1.960000000000000000e+02
5.120000000000000000e+02 1.832000000000000000e+03 1.444800000000000000e+04 -4.192000000000000000e+03 -3.070000000000000000e+02 1.790000000000000000e+02
4.240000000000000000e+02 1.968000000000000000e+03 1.462400000000000000e+04 -4.192000000000000000e+03 -2.740000000000000000e+02 1.750000000000000000e+02
4.960000000000000000e+02 1.880000000000000000e+03 1.445600000000000000e+04 -4.176000000000000000e+03 -2.660000000000000000e+02 1.810000000000000000e+02
3.720000000000000000e+02 1.960000000000000000e+03 1.435600000000000000e+04 -4.144000000000000000e+03 -2.810000000000000000e+02 1.250000000000000000e+02
4.120000000000000000e+02 1.916000000000000000e+03 1.436800000000000000e+04 -4.144000000000000000e+03 -2.820000000000000000e+02 1.260000000000000000e+02
3.760000000000000000e+02 1.984000000000000000e+03 1.436400000000000000e+04 -4.144000000000000000e+03 -2.650000000000000000e+02 1.140000000000000000e+02
4.200000000000000000e+02 1.908000000000000000e+03 1.444800000000000000e+04 -4.128000000000000000e+03 -2.580000000000000000e+02 1.010000000000000000e+02
4.480000000000000000e+02 2.032000000000000000e+03 1.448400000000000000e+04 -4.160000000000000000e+03 -2.750000000000000000e+02 1.010000000000000000e+02
4.280000000000000000e+02 1.980000000000000000e+03 1.458800000000000000e+04 -4.176000000000000000e+03 -2.570000000000000000e+02 1.030000000000000000e+02
3.800000000000000000e+02 1.996000000000000000e+03 1.440400000000000000e+04 -4.144000000000000000e+03 -2.740000000000000000e+02 1.210000000000000000e+02
4.080000000000000000e+02 1.924000000000000000e+03 1.452800000000000000e+04 -4.144000000000000000e+03 -2.800000000000000000e+02 1.340000000000000000e+02
4.080000000000000000e+02 1.876000000000000000e+03 1.446400000000000000e+04 -4.144000000000000000e+03 -2.860000000000000000e+02 1.610000000000000000e+02
4.640000000000000000e+02 1.908000000000000000e+03 1.454000000000000000e+04 -4.208000000000000000e+03 -2.770000000000000000e+02 1.800000000000000000e+02
5.080000000000000000e+02 1.880000000000000000e+03 1.437600000000000000e+04 -4.160000000000000000e+03 -2.800000000000000000e+02 2.060000000000000000e+02
3.960000000000000000e+02 1.876000000000000000e+03 1.444400000000000000e+04 -4.160000000000000000e+03 -2.820000000000000000e+02 1.900000000000000000e+02
6.320000000000000000e+02 1.860000000000000000e+03 1.450400000000000000e+04 -4.160000000000000000e+03 -2.610000000000000000e+02 2.040000000000000000e+02
4.280000000000000000e+02 1.880000000000000000e+03 1.433600000000000000e+04 -4.144000000000000000e+03 -2.750000000000000000e+02 2.200000000000000000e+02
4.200000000000000000e+02 1.956000000000000000e+03 1.444000000000000000e+04 -4.176000000000000000e+03 -2.950000000000000000e+02 1.830000000000000000e+02
5.040000000000000000e+02 1.880000000000000000e+03 1.459600000000000000e+04 -4.144000000000000000e+03 -2.890000000000000000e+02 1.880000000000000000e+02
3.320000000000000000e+02 1.924000000000000000e+03 1.460000000000000000e+04 -4.144000000000000000e+03 -2.640000000000000000e+02 1.960000000000000000e+02
5.320000000000000000e+02 1.872000000000000000e+03 1.442000000000000000e+04 -4.160000000000000000e+03 -2.870000000000000000e+02 1.490000000000000000e+02
2.880000000000000000e+02 1.864000000000000000e+03 1.454000000000000000e+04 -4.160000000000000000e+03 -2.730000000000000000e+02 1.330000000000000000e+02
4.360000000000000000e+02 1.948000000000000000e+03 1.448000000000000000e+04 -4.192000000000000000e+03 -2.550000000000000000e+02 7.200000000000000000e+01
5.120000000000000000e+02 1.848000000000000000e+03 1.455200000000000000e+04 -4.128000000000000000e+03 -2.610000000000000000e+02 7.800000000000000000e+01
3.600000000000000000e+02 1.932000000000000000e+03 1.434400000000000000e+04 -4.176000000000000000e+03 -2.670000000000000000e+02 5.300000000000000000e+01
5.360000000000000000e+02 1.968000000000000000e+03 1.445200000000000000e+04 -4.160000000000000000e+03 -2.770000000000000000e+02 6.900000000000000000e+01
4.080000000000000000e+02 1.932000000000000000e+03 1.436000000000000000e+04 -4.144000000000000000e+03 -2.690000000000000000e+02 9.600000000000000000e+01
5.040000000000000000e+02 1.836000000000000000e+03 1.459600000000000000e+04 -4.144000000000000000e+03 -2.700000000000000000e+02 9.800000000000000000e+01
3.440000000000000000e+02 1.860000000000000000e+03 1.456400000000000000e+04 -4.160000000000000000e+03 -2.700000000000000000e+02 1.220000000000000000e+02
5.040000000000000000e+02 1.980000000000000000e+03 1.452800000000000000e+04 -4.112000000000000000e+03 -2.730000000000000000e+02 1.580000000000000000e+02
5.280000000000000000e+02 1.836000000000000000e+03 1.454800000000000000e+04 -4.144000000000000000e+03 -3.010000000000000000e+02 1.830000000000000000e+02
6.160000000000000000e+02 1.920000000000000000e+03 1.457200000000000000e+04 -4.144000000000000000e+03 -2.920000000000000000e+02 2.090000000000000000e+02
