2.028000000000000000e+03 2.448000000000000000e+03 1.412000000000000000e+04 -4.096000000000000000e+03 -2.760000000000000000e+02 6.100000000000000000e+02
1.844000000000000000e+03 2.520000000000000000e+03 1.453600000000000000e+04 -4.064000000000000000e+03 -2.920000000000000000e+02 5.060000000000000000e+02
1.584000000000000000e+03 2.340000000000000000e+03 1.458000000000000000e+04 -4.032000000000000000e+03 -3.040000000000000000e+02 4.310000000000000000e+02
1.440000000000000000e+03 2.260000000000000000e+03 1.466000000000000000e+04 -4.032000000000000000e+03 -2.570000000000000000e+02 4.350000000000000000e+02
1.480000000000000000e+03 2.340000000000000000e+03 1.450400000000000000e+04 -4.064000000000000000e+03 -2.940000000000000000e+02 5.150000000000000000e+02
1.792000000000000000e+03 2.328000000000000000e+03 1.440000000000000000e+04 -4.080000000000000000e+03 -3.370000000000000000e+02 6.810000000000000000e+02
2.020000000000000000e+03 2.488000000000000000e+03 1.405200000000000000e+04 -4.080000000000000000e+03 -3.260000000000000000e+02 8.700000000000000000e+02
2.020000000000000000e+03 2.312000000000000000e+03 1.447200000000000000e+04 -4.064000000000000000e+03 -3.590000000000000000e+02 1.017000000000000000e+03
1.868000000000000000e+03 2.328000000000000000e+03 1.478400000000000000e+04 -4.064000000000000000e+03 -3.660000000000000000e+02 1.078000000000000000e+03
1.700000000000000000e+03 2.308000000000000000e+03 1.448800000000000000e+04 -4.080000000000000000e+03 -3.430000000000000000e+02 1.108000000000000000e+03
2.092000000000000000e+03 2.440000000000000000e+03 1.397600000000000000e+04 -4.032000000000000000e+03 -3.290000000000000000e+02 9.760000000000000000e+02
2.212000000000000000e+03 2.528000000000000000e+03 1.375600000000000000e+04 -4.080000000000000000e+03 -3.630000000000000000e+02 8.420000000000000000e+02
2.328000000000000000e+03 2.564000000000000000e+03 1.392800000000000000e+04 -4.048000000000000000e+03 -3.870000000000000000e+02 6.760000000000000000e+02
2.056000000000000000e+03 2.420000000000000000e+03 1.440800000000000000e+04 -4.064000000000000000e+03 -4.370000000000000000e+02 4.620000000000000000e+02
2.020000000000000000e+03 2.380000000000000000e+03 1.484000000000000000e+04 -4.048000000000000000e+03 -4.000000000000000000e+02 2.420000000000000000e+02
1.876000000000000000e+03 2.388000000000000000e+03 1.476000000000000000e+04 -4.016000000000000000e+03 -4.100000000000000000e+02 5.100000000000000000e+01
2.012000000000000000e+03 2.460000000000000000e+03 1.456800000000000000e+04 -4.080000000000000000e+03 -3.930000000000000000e+02 -4.000000000000000000e+01
2.032000000000000000e+03 2.676000000000000000e+03 1.454400000000000000e+04 -4.048000000000000000e+03 -3.840000000000000000e+02 -1.290000000000000000e+02
1.948000000000000000e+03 2.628000000000000000e+03 1.432800000000000000e+04 -4.064000000000000000e+03 -3.220000000000000000e+02 -1.550000000000000000e+02
1.764000000000000000e+03 2.476000000000000000e+03 1.451600000000000000e+04 -4.064000000000000000e+03 -2.940000000000000000e+02 -1.230000000000000000e+02
1.716000000000000000e+03 2.416000000000000000e+03 1.476400000000000000e+04 -4.064000000000000000e+03 -2.370000000000000000e+02 -8.400000000000000000e+01
1.752000000000000000e+03 2.376000000000000000e+03 1.486800000000000000e+04 -4.096000000000000000e+03 -2.040000000000000000e+02 -5.200000000000000000e+01
1.988000000000000000e+03 2.368000000000000000e+03 1.404000000000000000e+04 -4.032000000000000000e+03 -1.670000000000000000e+02 2.900000000000000000e+01
2.176000000000000000e+03 2.428000000000000000e+03 1.386800000000000000e+04 -4.064000000000000000e+03 -1.400000000000000000e+02 1.100000000000000000e+02
2.208000000000000000e+03 2.484000000000000000e+03 1.419600000000000000e+04 -4.048000000000000000e+03 -1.660000000000000000e+02 1.800000000000000000e+02
1.524000000000000000e+03 2.292000000000000000e+03 1.425600000000000000e+04 -4.032000000000000000e+03 -1.400000000000000000e+02 2.360000000000000000e+02
1.444000000000000000e+03 2.420000000000000000e+03 1.454400000000000000e+04 -4.080000000000000000e+03 -1.670000000000000000e+02 2.180000000000000000e+02
1.332000000000000000e+03 2.492000000000000000e+03 1.451200000000000000e+04 -4.064000000000000000e+03 -1.200000000000000000e+02 2.110000000000000000e+02
1.404000000000000000e+03 2.560000000000000000e+03 1.441200000000000000e+04 -4.064000000000000000e+03 -2.070000000000000000e+02 1.180000000000000000e+02
1.380000000000000000e+03 2.400000000000000000e+03 1.432000000000000000e+04 -4.080000000000000000e+03 -2.340000000000000000e+02 -6.100000000000000000e+01
1.056000000000000000e+03 2.364000000000000000e+03 1.450400000000000000e+04 -4.080000000000000000e+03 -2.420000000000000000e+02 -2.320000000000000000e+02
1.004000000000000000e+03 2.224000000000000000e+03 1.449200000000000000e+04 -4.112000000000000000e+03 -2.380000000000000000e+02 -3.070000000000000000e+02
9.680000000000000000e+02 2.132000000000000000e+03 1.445600000000000000e+04 -4.080000000000000000e+03 -2.220000000000000000e+02 -2.230000000000000000e+02
1.032000000000000000e+03 2.168000000000000000e+03 1.434000000000000000e+04 -4.064000000000000000e+03 -2.220000000000000000e+02 -7.100000000000000000e+01
1.104000000000000000e+03 2.160000000000000000e+03 1.449200000000000000e+04 -4.048000000000000000e+03 -2.540000000000000000e+02 1.540000000000000000e+02
1.244000000000000000e+03 2.344000000000000000e+03 1.442800000000000000e+04 -4.048000000000000000e+03 -2.180000000000000000e+02 3.840000000000000000e+02
1.288000000000000000e+03 2.324000000000000000e+03 1.488800000000000000e+04 -4.096000000000000000e+03 -2.290000000000000000e+02 5.710000000000000000e+02
1.244000000000000000e+03 2.396000000000000000e+03 1.484800000000000000e+04 -4.064000000000000000e+03 -1.960000000000000000e+02 7.220000000000000000e+02
1.156000000000000000e+03 2.348000000000000000e+03 1.454000000000000000e+04 -4.080000000000000000e+03 -2.160000000000000000e+02 8.300000000000000000e+02
1.620000000000000000e+03 2.608000000000000000e+03 1.402000000000000000e+04 -4.096000000000000000e+03 -2.530000000000000000e+02 9.610000000000000000e+02
1.576000000000000000e+03 2.472000000000000000e+03 1.388400000000000000e+04 -4.080000000000000000e+03 -2.780000000000000000e+02 1.029000000000000000e+03
1.504000000000000000e+03 2.532000000000000000e+03 1.432400000000000000e+04 -4.048000000000000000e+03 -3.180000000000000000e+02 1.024000000000000000e+03
1.312000000000000000e+03 2.372000000000000000e+03 1.438000000000000000e+04 -4.064000000000000000e+03 -3.750000000000000000e+02 9.410000000000000000e+02
1.252000000000000000e+03 2.380000000000000000e+03 1.464800000000000000e+04 -4.096000000000000000e+03 -3.980000000000000000e+02 9.020000000000000000e+02
1.244000000000000000e+03 2.380000000000000000e+03 1.457600000000000000e+04 -4.112000000000000000e+03 -4.540000000000000000e+02 8.830000000000000000e+02
1.196000000000000000e+03 2.396000000000000000e+03 1.466800000000000000e+04 -4.080000000000000000e+03 -4.460000000000000000e+02 8.950000000000000000e+02
1.432000000000000000e+03 2.544000000000000000e+03 1.444000000000000000e+04 -4.096000000000000000e+03 -5.080000000000000000e+02 9.090000000000000000e+02
1.284000000000000000e+03 2.456000000000000000e+03 1.447200000000000000e+04 -4.080000000000000000e+03 -5.090000000000000000e+02 9.110000000000000000e+02
1.188000000000000000e+03 2.492000000000000000e+03 1.469600000000000000e+04 -4.048000000000000000e+03 -5.190000000000000000e+02 8.860000000000000000e+02
1.244000000000000000e+03 2.456000000000000000e+03 1.439600000000000000e+04 -4.064000000000000000e+03 -4.500000000000000000e+02 8.190000000000000000e+02
1.304000000000000000e+03 2.548000000000000000e+03 1.440000000000000000e+04 -4.080000000000000000e+03 -4.110000000000000000e+02 8.110000000000000000e+02
1.564000000000000000e+03 2.544000000000000000e+03 1.442800000000000000e+04 -4.080000000000000000e+03 -4.370000000000000000e+02 7.070000000000000000e+02
1.740000000000000000e+03 2.560000000000000000e+03 1.459200000000000000e+04 -4.064000000000000000e+03 -4.030000000000000000e+02 6.710000000000000000e+02
1.760000000000000000e+03 2.516000000000000000e+03 1.442400000000000000e+04 -4.096000000000000000e+03 -4.270000000000000000e+02 5.700000000000000000e+02
1.528000000000000000e+03 2.408000000000000000e+03 1.459200000000000000e+04 -4.080000000000000000e+03 -3.780000000000000000e+02 4.660000000000000000e+02
1.464000000000000000e+03 2.472000000000000000e+03 1.477600000000000000e+04 -4.064000000000000000e+03 -4.020000000000000000e+02 2.920000000000000000e+02
1.196000000000000000e+03 2.380000000000000000e+03 1.478000000000000000e+04 -4.064000000000000000e+03 -4.390000000000000000e+02 1.890000000000000000e+02
1.312000000000000000e+03 2.520000000000000000e+03 1.450000000000000000e+04 -4.064000000000000000e+03 -3.440000000000000000e+02 1.800000000000000000e+01
1.408000000000000000e+03 2.424000000000000000e+03 1.392000000000000000e+04 -4.080000000000000000e+03 -4.120000000000000000e+02 -1.280000000000000000e+02
1.244000000000000000e+03 2.344000000000000000e+03 1.414400000000000000e+04 -4.080000000000000000e+03 -3.360000000000000000e+02 -2.940000000000000000e+02
9.720000000000000000e+02 2.236000000000000000e+03 1.407200000000000000e+04 -4.112000000000000000e+03 -3.010000000000000000e+02 -4.330000000000000000e+02
7.680000000000000000e+02 2.204000000000000000e+03 1.407600000000000000e+04 -4.048000000000000000e+03 -2.860000000000000000e+02 -5.760000000000000000e+02
7.440000000000000000e+02 2.304000000000000000e+03 1.403200000000000000e+04 -4.064000000000000000e+03 -2.940000000000000000e+02 -6.710000000000000000e+02
