1.704000000000000000e+03 2.652000000000000000e+03 1.431600000000000000e+04 -4.080000000000000000e+03 -3.230000000000000000e+02 1.090000000000000000e+02
2.724000000000000000e+03 1.435600000000000000e+04 -4.064000000000000000e+03 -4.064000000000000000e+03 -3.020000000000000000e+02 3.700000000000000000e+01
1.732000000000000000e+03 2.612000000000000000e+03 1.438800000000000000e+04 -4.048000000000000000e+03 -2.860000000000000000e+02 1.900000000000000000e+01
1.784000000000000000e+03 2.580000000000000000e+03 1.431200000000000000e+04 -4.016000000000000000e+03 -2.990000000000000000e+02 -2.100000000000000000e+01
1.664000000000000000e+03 2.548000000000000000e+03 1.432800000000000000e+04 -4.032000000000000000e+03 -2.790000000000000000e+02 -2.600000000000000000e+01
1.716000000000000000e+03 2.600000000000000000e+03 1.437600000000000000e+04 -4.048000000000000000e+03 -2.550000000000000000e+02 -2.700000000000000000e+01
1.848000000000000000e+03 2.600000000000000000e+03 1.432400000000000000e+04 -4.064000000000000000e+03 -2.420000000000000000e+02 5.000000000000000000e+00
1.736000000000000000e+03 2.556000000000000000e+03 1.439600000000000000e+04 -4.064000000000000000e+03 -2.500000000000000000e+02 2.100000000000000000e+01
1.736000000000000000e+03 2.604000000000000000e+03 1.416000000000000000e+04 -4.080000000000000000e+03 -2.290000000000000000e+02 5.300000000000000000e+01
1.768000000000000000e+03 2.672000000000000000e+03 1.436000000000000000e+04 -4.032000000000000000e+03 -2.350000000000000000e+02 9.800000000000000000e+01
1.756000000000000000e+03 2.552000000000000000e+03 1.443600000000000000e+04 -4.048000000000000000e+03 -2.330000000000000000e+02 9.900000000000000000e+01
1.912000000000000000e+03 2.648000000000000000e+03 1.424000000000000000e+04 -4.032000000000000000e+03 -2.180000000000000000e+02 8.500000000000000000e+01
1.608000000000000000e+03 2.736000000000000000e+03 1.429600000000000000e+04 -4.048000000000000000e+03 -2.280000000000000000e+02 1.140000000000000000e+02
1.876000000000000000e+03 2.652000000000000000e+03 1.418000000000000000e+04 -4.080000000000000000e+03 -2.580000000000000000e+02 1.520000000000000000e+02
1.756000000000000000e+03 2.692000000000000000e+03 1.426400000000000000e+04 -4.080000000000000000e+03 -2.510000000000000000e+02 2.400000000000000000e+02
1.868000000000000000e+03 2.772000000000000000e+03 1.454400000000000000e+04 -4.032000000000000000e+03 -2.450000000000000000e+02 3.390000000000000000e+02
1.760000000000000000e+03 2.664000000000000000e+03 1.436400000000000000e+04 -4.064000000000000000e+03 -2.540000000000000000e+02 5.050000000000000000e+02
1.756000000000000000e+03 2.656000000000000000e+03 1.419600000000000000e+04 -4.080000000000000000e+03 -2.670000000000000000e+02 6.160000000000000000e+02
1.576000000000000000e+03 2.612000000000000000e+03 1.436400000000000000e+04 -4.048000000000000000e+03 -2.970000000000000000e+02 6.990000000000000000e+02
1.564000000000000000e+03 2.644000000000000000e+03 1.436800000000000000e+04 -4.064000000000000000e+03 -2.930000000000000000e+02 6.890000000000000000e+02
1.680000000000000000e+03 2.744000000000000000e+03 1.444400000000000000e+04 -4.048000000000000000e+03 -3.160000000000000000e+02 5.950000000000000000e+02
1.832000000000000000e+03 2.660000000000000000e+03 1.442400000000000000e+04 -4.080000000000000000e+03 -3.230000000000000000e+02 4.180000000000000000e+02
2.048000000000000000e+03 2.752000000000000000e+03 1.420400000000000000e+04 -4.064000000000000000e+03 -3.310000000000000000e+02 2.350000000000000000e+02
1.952000000000000000e+03 2.712000000000000000e+03 1.415600000000000000e+04 -4.048000000000000000e+03 -3.370000000000000000e+02 4.900000000000000000e+01
1.820000000000000000e+03 2.764000000000000000e+03 1.437600000000000000e+04 -4.016000000000000000e+03 -2.990000000000000000e+02 -9.500000000000000000e+01
1.780000000000000000e+03 2.748000000000000000e+03 1.436800000000000000e+04 -4.064000000000000000e+03 -2.810000000000000000e+02 -1.770000000000000000e+02
1.528000000000000000e+03 2.632000000000000000e+03 1.442400000000000000e+04 -4.048000000000000000e+03 -2.650000000000000000e+02 -1.990000000000000000e+02
1.464000000000000000e+03 2.624000000000000000e+03 1.438800000000000000e+04 -4.064000000000000000e+03 -2.540000000000000000e+02 -1.410000000000000000e+02
1.480000000000000000e+03 2.636000000000000000e+03 1.450400000000000000e+04 -4.080000000000000000e+03 -2.540000000000000000e+02 -1.050000000000000000e+02
1.296000000000000000e+03 2.652000000000000000e+03 1.447600000000000000e+04 -4.032000000000000000e+03 -2.450000000000000000e+02 -7.000000000000000000e+01
1.416000000000000000e+03 2.764000000000000000e+03 1.441600000000000000e+04 -4.064000000000000000e+03 -2.260000000000000000e+02 -2.100000000000000000e+01
1.504000000000000000e+03 2.600000000000000000e+03 1.430400000000000000e+04 -4.032000000000000000e+03 -2.510000000000000000e+02 6.200000000000000000e+01
1.832000000000000000e+03 2.680000000000000000e+03 1.439200000000000000e+04 -4.032000000000000000e+03 -2.270000000000000000e+02 1.290000000000000000e+02
1.620000000000000000e+03 2.712000000000000000e+03 1.434400000000000000e+04 -4.032000000000000000e+03 -2.550000000000000000e+02 1.810000000000000000e+02
1.744000000000000000e+03 2.644000000000000000e+03 1.439200000000000000e+04 -4.064000000000000000e+03 -2.710000000000000000e+02 2.180000000000000000e+02
1.728000000000000000e+03 2.748000000000000000e+03 1.436400000000000000e+04 -4.048000000000000000e+03 -2.600000000000000000e+02 2.360000000000000000e+02
1.736000000000000000e+03 2.688000000000000000e+03 1.414400000000000000e+04 -4.064000000000000000e+03 -2.880000000000000000e+02 2.820000000000000000e+02
1.780000000000000000e+03 2.576000000000000000e+03 1.440800000000000000e+04 -4.048000000000000000e+03 -2.960000000000000000e+02 2.850000000000000000e+02
1.852000000000000000e+03 2.756000000000000000e+03 1.450400000000000000e+04 -4.064000000000000000e+03 -2.940000000000000000e+02 2.450000000000000000e+02
1.780000000000000000e+03 2.732000000000000000e+03 1.441600000000000000e+04 -4.080000000000000000e+03 -2.940000000000000000e+02 2.300000000000000000e+02
1.456000000000000000e+03 2.696000000000000000e+03 1.413200000000000000e+04 -4.080000000000000000e+03 -2.940000000000000000e+02 2.150000000000000000e+02
1.648000000000000000e+03 2.748000000000000000e+03 1.412000000000000000e+04 -4.064000000000000000e+03 -2.780000000000000000e+02 1.810000000000000000e+02
1.776000000000000000e+03 2.628000000000000000e+03 1.430000000000000000e+04 -4.064000000000000000e+03 -2.950000000000000000e+02 1.730000000000000000e+02
1.804000000000000000e+03 2.748000000000000000e+03 1.438400000000000000e+04 -4.048000000000000000e+03 -2.750000000000000000e+02 1.650000000000000000e+02
1.656000000000000000e+03 2.776000000000000000e+03 1.438400000000000000e+04 -4.032000000000000000e+03 -3.030000000000000000e+02 1.630000000000000000e+02
1.676000000000000000e+03 2.780000000000000000e+03 1.446800000000000000e+04 -4.080000000000000000e+03 -3.100000000000000000e+02 1.280000000000000000e+02
1.592000000000000000e+03 2.648000000000000000e+03 1.430000000000000000e+04 -4.048000000000000000e+03 -2.820000000000000000e+02 1.150000000000000000e+02
1.648000000000000000e+03 2.668000000000000000e+03 1.426800000000000000e+04 -4.064000000000000000e+03 -2.940000000000000000e+02 1.060000000000000000e+02
1.768000000000000000e+03 2.700000000000000000e+03 1.434800000000000000e+04 -4.048000000000000000e+03 -2.580000000000000000e+02 1.210000000000000000e+02
1.876000000000000000e+03 2.684000000000000000e+03 1.440000000000000000e+04 -4.016000000000000000e+03 -2.790000000000000000e+02 1.230000000000000000e+02
1.680000000000000000e+03 2.644000000000000000e+03 1.416400000000000000e+04 -4.064000000000000000e+03 -2.780000000000000000e+02 8.800000000000000000e+01
1.588000000000000000e+03 2.572000000000000000e+03 1.420000000000000000e+04 -4.048000000000000000e+03 -2.770000000000000000e+02 1.050000000000000000e+02
1.616000000000000000e+03 2.700000000000000000e+03 1.438000000000000000e+04 -4.064000000000000000e+03 -2.630000000000000000e+02 5.200000000000000000e+01
1.780000000000000000e+03 2.664000000000000000e+03 1.441600000000000000e+04 -4.064000000000000000e+03 -2.510000000000000000e+02 1.100000000000000000e+01
1.668000000000000000e+03 2.572000000000000000e+03 1.434400000000000000e+04 -4.048000000000000000e+03 -2.240000000000000000e+02 -7.100000000000000000e+01
1.756000000000000000e+03 2.640000000000000000e+03 1.438400000000000000e+04 -4.080000000000000000e+03 -2.130000000000000000e+02 -1.710000000000000000e+02
1.708000000000000000e+03 2.684000000000000000e+03 1.430400000000000000e+04 -4.048000000000000000e+03 -2.160000000000000000e+02 -2.850000000000000000e+02
1.680000000000000000e+03 2.704000000000000000e+03 1.447200000000000000e+04 -4.048000000000000000e+03 -2.070000000000000000e+02 -3.400000000000000000e+02
1.644000000000000000e+03 2.672000000000000000e+03 1.436800000000000000e+04 -4.048000000000000000e+03 -1.900000000000000000e+02 -3.620000000000000000e+02
1.468000000000000000e+03 2.580000000000000000e+03 1.432800000000000000e+04 -4.064000000000000000e+03 -2.000000000000000000e+02 -3.140000000000000000e+02
1.552000000000000000e+03 2.628000000000000000e+03 1.423600000000000000e+04 -4.064000000000000000e+03 -1.930000000000000000e+02 -1.640000000000000000e+02
1.680000000000000000e+03 2.796000000000000000e+03 1.444400000000000000e+04 -4.032000000000000000e+03 -1.890000000000000000e+02 8.200000000000000000e+01
1.732000000000000000e+03 2.764000000000000000e+03 1.453200000000000000e+04 -4.064000000000000000e+03 -2.010000000000000000e+02 3.610000000000000000e+02
1.968000000000000000e+03 2.724000000000000000e+03 1.461600000000000000e+04 -4.064000000000000000e+03 -1.950000000000000000e+02 6.790000000000000000e+02
1.852000000000000000e+03 2.652000000000000000e+03 1.441600000000000000e+04 -4.048000000000000000e+03 -2.650000000000000000e+02 8.810000000000000000e+02
1.924000000000000000e+03 2.792000000000000000e+03 1.422400000000000000e+04 -4.112000000000000000e+03 -2.620000000000000000e+02 9.900000000000000000e+02
2.028000000000000000e+03 2.740000000000000000e+03 1.420400000000000000e+04 -4.080000000000000000e+03 -3.730000000000000000e+02 9.720000000000000000e+02
2.148000000000000000e+03 2.816000000000000000e+03 1.423200000000000000e+04 -4.080000000000000000e+03 -4.210000000000000000e+02 9.040000000000000000e+02
2.044000000000000000e+03 2.796000000000000000e+03 1.426000000000000000e+04 -4.032000000000000000e+03 -4.520000000000000000e+02 7.680000000000000000e+02
1.996000000000000000e+03 2.764000000000000000e+03 1.437600000000000000e+04 -4.064000000000000000e+03 -4.320000000000000000e+02 6.440000000000000000e+02
1.996000000000000000e+03 2.820000000000000000e+03 1.432400000000000000e+04 -4.080000000000000000e+03 -4.460000000000000000e+02 4.830000000000000000e+02
1.760000000000000000e+03 2.756000000000000000e+03 1.455600000000000000e+04 -4.064000000000000000e+03 -4.190000000000000000e+02 2.830000000000000000e+02
1.488000000000000000e+03 2.656000000000000000e+03 1.420400000000000000e+04 -4.080000000000000000e+03 -3.840000000000000000e+02 9.900000000000000000e+01
1.628000000000000000e+03 2.608000000000000000e+03 1.430800000000000000e+04 -4.064000000000000000e+03 -3.380000000000000000e+02 -4.500000000000000000e+01
1.580000000000000000e+03 2.572000000000000000e+03 1.417200000000000000e+04 -4.064000000000000000e+03 -3.230000000000000000e+02 -1.640000000000000000e+02
1.788000000000000000e+03 2.736000000000000000e+03 1.421600000000000000e+04 -4.048000000000000000e+03 -3.060000000000000000e+02 -2.520000000000000000e+02
1.532000000000000000e+03 2.532000000000000000e+03 1.436400000000000000e+04 -4.064000000000000000e+03 -2.870000000000000000e+02 -2.760000000000000000e+02
