6.000000000000000000e+02 1.976000000000000000e+03 1.448000000000000000e+04 -4.144000000000000000e+03 -2.600000000000000000e+02 2.150000000000000000e+02
6.240000000000000000e+02 1.964000000000000000e+03 1.448400000000000000e+04 -4.176000000000000000e+03 -2.930000000000000000e+02 1.940000000000000000e+02
4.840000000000000000e+02 1.904000000000000000e+03 1.440800000000000000e+04 -4.160000000000000000e+03 -2.700000000000000000e+02 1.810000000000000000e+02
5.720000000000000000e+02 1.880000000000000000e+03 1.441600000000000000e+04 -4.160000000000000000e+03 -2.690000000000000000e+02 1.760000000000000000e+02
4.360000000000000000e+02 1.864000000000000000e+03 1.454800000000000000e+04 -4.128000000000000000e+03 -2.900000000000000000e+02 1.560000000000000000e+02
5.520000000000000000e+02 1.856000000000000000e+03 1.456400000000000000e+04 -4.128000000000000000e+03 -2.700000000000000000e+02 1.600000000000000000e+02
4.120000000000000000e+02 1.900000000000000000e+03 1.454000000000000000e+04 -4.192000000000000000e+03 -2.790000000000000000e+02 1.550000000000000000e+02
4.080000000000000000e+02 1.900000000000000000e+03 1.444800000000000000e+04 -4.176000000000000000e+03 -2.850000000000000000e+02 1.950000000000000000e+02
5.000000000000000000e+02 1.944000000000000000e+03 1.454800000000000000e+04 -4.144000000000000000e+03 -2.760000000000000000e+02 1.890000000000000000e+02
4.400000000000000000e+02 1.880000000000000000e+03 1.452800000000000000e+04 -4.176000000000000000e+03 -2.770000000000000000e+02 2.360000000000000000e+02
4.440000000000000000e+02 1.880000000000000000e+03 1.444400000000000000e+04 -4.144000000000000000e+03 -2.870000000000000000e+02 2.510000000000000000e+02
5.000000000000000000e+02 1.960000000000000000e+03 1.446800000000000000e+04 -4.144000000000000000e+03 -2.800000000000000000e+02 2.270000000000000000e+02
5.800000000000000000e+02 1.980000000000000000e+03 1.459600000000000000e+04 -4.128000000000000000e+03 -2.850000000000000000e+02 2.120000000000000000e+02
5.200000000000000000e+02 1.960000000000000000e+03 1.456800000000000000e+04 -4.128000000000000000e+03 -2.720000000000000000e+02 2.150000000000000000e+02
3.400000000000000000e+02 1.888000000000000000e+03 1.455600000000000000e+04 -4.160000000000000000e+03 -3.060000000000000000e+02 1.960000000000000000e+02
6.040000000000000000e+02 1.772000000000000000e+03 1.446400000000000000e+04 -4.176000000000000000e+03 -2.740000000000000000e+02 1.800000000000000000e+02
4.760000000000000000e+02 1.964000000000000000e+03 1.435200000000000000e+04 -4.144000000000000000e+03 -2.790000000000000000e+02 1.690000000000000000e+02
5.320000000000000000e+02 1.892000000000000000e+03 1.453200000000000000e+04 -4.144000000000000000e+03 -2.860000000000000000e+02 1.660000000000000000e+02
2.880000000000000000e+02 1.840000000000000000e+03 1.439600000000000000e+04 -4.176000000000000000e+03 -2.620000000000000000e+02 1.600000000000000000e+02
3.160000000000000000e+02 1.876000000000000000e+03 1.440800000000000000e+04 -4.160000000000000000e+03 -2.600000000000000000e+02 1.130000000000000000e+02
5.920000000000000000e+02 1.980000000000000000e+03 1.452000000000000000e+04 -4.128000000000000000e+03 -2.760000000000000000e+02 9.600000000000000000e+01
4.080000000000000000e+02 1.908000000000000000e+03 1.444000000000000000e+04 -4.128000000000000000e+03 -2.740000000000000000e+02 6.600000000000000000e+01
3.640000000000000000e+02 1.864000000000000000e+03 1.456800000000000000e+04 -4.160000000000000000e+03 -2.520000000000000000e+02 1.410000000000000000e+02
3.960000000000000000e+02 1.964000000000000000e+03 1.445200000000000000e+04 -4.192000000000000000e+03 -2.610000000000000000e+02 1.380000000000000000e+02
6.520000000000000000e+02 1.956000000000000000e+03 1.456800000000000000e+04 -4.144000000000000000e+03 -2.790000000000000000e+02 1.110000000000000000e+02
4.600000000000000000e+02 1.904000000000000000e+03 1.460800000000000000e+04 -4.144000000000000000e+03 -2.680000000000000000e+02 1.360000000000000000e+02
6.080000000000000000e+02 1.964000000000000000e+03 1.448400000000000000e+04 -4.144000000000000000e+03 -2.720000000000000000e+02 1.430000000000000000e+02
3.320000000000000000e+02 1.856000000000000000e+03 1.443200000000000000e+04 -4.160000000000000000e+03 -2.610000000000000000e+02 1.710000000000000000e+02
5.480000000000000000e+02 1.932000000000000000e+03 1.445200000000000000e+04 -4.160000000000000000e+03 -2.760000000000000000e+02 2.100000000000000000e+02
5.760000000000000000e+02 1.940000000000000000e+03 1.451200000000000000e+04 -4.160000000000000000e+03 -2.740000000000000000e+02 2.060000000000000000e+02
6.080000000000000000e+02 1.948000000000000000e+03 1.435600000000000000e+04 -4.128000000000000000e+03 -2.750000000000000000e+02 2.100000000000000000e+02
5.840000000000000000e+02 1.988000000000000000e+03 1.457600000000000000e+04 -4.144000000000000000e+03 -2.910000000000000000e+02 2.140000000000000000e+02
3.440000000000000000e+02 1.980000000000000000e+03 1.450400000000000000e+04 -4.144000000000000000e+03 -2.880000000000000000e+02 1.970000000000000000e+02
6.160000000000000000e+02 2.020000000000000000e+03 1.448000000000000000e+04 -4.176000000000000000e+03 -2.760000000000000000e+02 1.770000000000000000e+02
4.600000000000000000e+02 1.996000000000000000e+03 1.441200000000000000e+04 -4.176000000000000000e+03 -2.950000000000000000e+02 1.730000000000000000e+02
4.480000000000000000e+02 1.944000000000000000e+03 1.449600000000000000e+04 -4.144000000000000000e+03 -2.610000000000000000e+02 1.630000000000000000e+02
3.640000000000000000e+02 1.852000000000000000e+03 1.452000000000000000e+04 -4.160000000000000000e+03 -2.630000000000000000e+02 1.410000000000000000e+02
4.080000000000000000e+02 1.868000000000000000e+03 1.455600000000000000e+04 -4.128000000000000000e+03 -2.650000000000000000e+02 1.260000000000000000e+02
4.480000000000000000e+02 1.968000000000000000e+03 1.463600000000000000e+04 -4.160000000000000000e+03 -2.740000000000000000e+02 1.280000000000000000e+02
2.920000000000000000e+02 1.796000000000000000e+03 1.455600000000000000e+04 -4.144000000000000000e+03 -2.960000000000000000e+02 1.230000000000000000e+02
4.400000000000000000e+02 1.904000000000000000e+03 1.450800000000000000e+04 -4.176000000000000000e+03 -2.820000000000000000e+02 1.250000000000000000e+02
4.760000000000000000e+02 1.924000000000000000e+03 1.450800000000000000e+04 -4.176000000000000000e+03 -2.730000000000000000e+02 1.220000000000000000e+02
3.880000000000000000e+02 1.916000000000000000e+03 1.448000000000000000e+04 -4.144000000000000000e+03 -2.720000000000000000e+02 1.360000000000000000e+02
5.880000000000000000e+02 2.004000000000000000e+03 1.451600000000000000e+04 -4.128000000000000000e+03 -2.700000000000000000e+02 1.890000000000000000e+02
5.320000000000000000e+02 2.012000000000000000e+03 1.441200000000000000e+04 -4.160000000000000000e+03 -2.620000000000000000e+02 1.860000000000000000e+02
5.520000000000000000e+02 1.912000000000000000e+03 1.436400000000000000e+04 -4.160000000000000000e+03 -2.880000000000000000e+02 1.790000000000000000e+02
6.040000000000000000e+02 1.980000000000000000e+03 1.440800000000000000e+04 -4.160000000000000000e+03 -2.610000000000000000e+02 1.520000000000000000e+02
6.680000000000000000e+02 1.988000000000000000e+03 1.448400000000000000e+04 -4.176000000000000000e+03 -2.700000000000000000e+02 1.040000000000000000e+02
4.600000000000000000e+02 1.872000000000000000e+03 1.449600000000000000e+04 -4.144000000000000000e+03 -2.620000000000000000e+02 8.500000000000000000e+01
3.560000000000000000e+02 1.772000000000000000e+03 1.442800000000000000e+04 -4.144000000000000000e+03 -2.510000000000000000e+02 5.500000000000000000e+01
5.480000000000000000e+02 1.920000000000000000e+03 1.449200000000000000e+04 -4.160000000000000000e+03 -2.500000000000000000e+02 6.900000000000000000e+01
4.400000000000000000e+02 2.048000000000000000e+03 1.449600000000000000e+04 -4.176000000000000000e+03 -2.660000000000000000e+02 1.060000000000000000e+02
3.760000000000000000e+02 1.960000000000000000e+03 1.440000000000000000e+04 -4.160000000000000000e+03 -2.530000000000000000e+02 1.190000000000000000e+02
4.640000000000000000e+02 1.964000000000000000e+03 1.453200000000000000e+04 -4.192000000000000000e+03 -2.730000000000000000e+02 1.210000000000000000e+02
4.600000000000000000e+02 1.932000000000000000e+03 1.453600000000000000e+04 -4.160000000000000000e+03 -2.710000000000000000e+02 1.530000000000000000e+02
5.440000000000000000e+02 1.992000000000000000e+03 1.452000000000000000e+04 -4.160000000000000000e+03 -2.600000000000000000e+02 1.720000000000000000e+02
5.560000000000000000e+02 2.024000000000000000e+03 1.459200000000000000e+04 -4.128000000000000000e+03 -2.750000000000000000e+02 2.130000000000000000e+02
6.280000000000000000e+02 1.912000000000000000e+03 1.449200000000000000e+04 -4.160000000000000000e+03 -2.910000000000000000e+02 2.490000000000000000e+02
6.000000000000000000e+02 1.852000000000000000e+03 1.439200000000000000e+04 -4.144000000000000000e+03 -2.790000000000000000e+02 3.150000000000000000e+02
5.960000000000000000e+02 1.904000000000000000e+03 1.454000000000000000e+04 -4.144000000000000000e+03 -2.750000000000000000e+02 3.520000000000000000e+02
6.560000000000000000e+02 1.908000000000000000e+03 1.455200000000000000e+04 -4.144000000000000000e+03 -3.080000000000000000e+02 3.800000000000000000e+02
5.920000000000000000e+02 1.872000000000000000e+03 1.441200000000000000e+04 -4.176000000000000000e+03 -2.950000000000000000e+02 3.690000000000000000e+02
7.040000000000000000e+02 1.920000000000000000e+03 1.448000000000000000e+04 -4.144000000000000000e+03 -3.100000000000000000e+02 3.270000000000000000e+02
5.120000000000000000e+02 2.028000000000000000e+03 1.446000000000000000e+04 -4.144000000000000000e+03 -2.790000000000000000e+02 2.830000000000000000e+02
5.400000000000000000e+02 1.880000000000000000e+03 1.443600000000000000e+04 -4.192000000000000000e+03 -2.990000000000000000e+02 2.490000000000000000e+02
3.400000000000000000e+02 1.896000000000000000e+03 1.447200000000000000e+04 -4.160000000000000000e+03 -2.890000000000000000e+02 2.360000000000000000e+02
4.480000000000000000e+02 1.988000000000000000e+03 1.438800000000000000e+04 -4.176000000000000000e+03 -2.970000000000000000e+02 2.310000000000000000e+02
4.280000000000000000e+02 1.908000000000000000e+03 1.432800000000000000e+04 -4.112000000000000000e+03 -2.910000000000000000e+02 2.020000000000000000e+02
4.760000000000000000e+02 1.864000000000000000e+03 1.454000000000000000e+04 -4.176000000000000000e+03 -2.710000000000000000e+02 1.980000000000000000e+02
4.280000000000000000e+02 1.920000000000000000e+03 1.444000000000000000e+04 -4.144000000000000000e+03 -2.630000000000000000e+02 1.630000000000000000e+02
3.000000000000000000e+02 1.896000000000000000e+03 1.443600000000000000e+04 -4.144000000000000000e+03 -2.620000000000000000e+02 1.600000000000000000e+02
3.800000000000000000e+02 2.016000000000000000e+03 1.452000000000000000e+04 -4.128000000000000000e+03 -2.520000000000000000e+02 1.450000000000000000e+02
4.320000000000000000e+02 1.988000000000000000e+03 1.452800000000000000e+04 -4.128000000000000000e+03 -2.720000000000000000e+02 1.100000000000000000e+02
4.080000000000000000e+02 1.964000000000000000e+03 1.450400000000000000e+04 -4.144000000000000000e+03 -2.690000000000000000e+02 1.050000000000000000e+02
4.200000000000000000e+02 1.888000000000000000e+03 1.451200000000000000e+04 -4.144000000000000000e+03 -2.790000000000000000e+02 9.700000000000000000e+01
5.080000000000000000e+02 1.908000000000000000e+03 1.453600000000000000e+04 -4.176000000000000000e+03 -2.720000000000000000e+02 7.800000000000000000e+01
3.880000000000000000e+02 1.952000000000000000e+03 1.444400000000000000e+04 -4.128000000000000000e+03 -2.560000000000000000e+02 8.300000000000000000e+01
4.600000000000000000e+02 1.928000000000000000e+03 1.458000000000000000e+04 -4.144000000000000000e+03 -2.740000000000000000e+02 9.200000000000000000e+01
3.680000000000000000e+02 1.940000000000000000e+03 1.447200000000000000e+04 -4.160000000000000000e+03 -2.620000000000000000e+02 8.000000000000000000e+01
3.520000000000000000e+02 1.776000000000000000e+03 1.433200000000000000e+04 -4.160000000000000000e+03 -2.710000000000000000e+02 9.100000000000000000e+01
