-7.128000000000000000e+03 8.800000000000000000e+02 -3.630000000000000000e+02 -3.984000000000000000e+03 -3.190000000000000000e+02 -5.490000000000000000e+02
-6.956000000000000000e+03 8.280000000000000000e+02 1.238400000000000000e+04 -3.984000000000000000e+03 -3.070000000000000000e+02 -5.460000000000000000e+02
-7.124000000000000000e+03 8.440000000000000000e+02 1.222400000000000000e+04 -4.016000000000000000e+03 -2.730000000000000000e+02 -5.190000000000000000e+02
-7.464000000000000000e+03 7.760000000000000000e+02 1.218000000000000000e+04 -4.016000000000000000e+03 -2.510000000000000000e+02 -5.610000000000000000e+02
-7.448000000000000000e+03 -4.016000000000000000e+03 1.245200000000000000e+04 -4.000000000000000000e+03 -2.150000000000000000e+02 -5.240000000000000000e+02
-7.336000000000000000e+03 6.760000000000000000e+02 1.267600000000000000e+04 -3.952000000000000000e+03 -2.100000000000000000e+02 -4.430000000000000000e+02
2.336000000000000000e+03 7.040000000000000000e+02 1.260400000000000000e+04 -3.968000000000000000e+03 -1.950000000000000000e+02 -3.410000000000000000e+02
-7.428000000000000000e+03 6.040000000000000000e+02 1.241600000000000000e+04 -3.952000000000000000e+03 -1.550000000000000000e+02 -2.590000000000000000e+02
-7.396000000000000000e+03 6.400000000000000000e+02 1.244800000000000000e+04 -3.984000000000000000e+03 -1.260000000000000000e+02 -1.980000000000000000e+02
-7.520000000000000000e+03 3.960000000000000000e+02 1.228000000000000000e+04 -4.000000000000000000e+03 -1.420000000000000000e+02 -1.440000000000000000e+02
-7.648000000000000000e+03 3.640000000000000000e+02 1.250400000000000000e+04 -3.968000000000000000e+03 -1.560000000000000000e+02 -1.090000000000000000e+02
-7.784000000000000000e+03 4.520000000000000000e+02 1.230800000000000000e+04 -3.952000000000000000e+03 -1.900000000000000000e+02 -6.900000000000000000e+01
-7.604000000000000000e+03 5.680000000000000000e+02 1.237200000000000000e+04 -3.984000000000000000e+03 -2.060000000000000000e+02 -4.000000000000000000e+01
-7.548000000000000000e+03 5.720000000000000000e+02 1.232000000000000000e+04 -4.016000000000000000e+03 -1.860000000000000000e+02 -2.300000000000000000e+01
-7.568000000000000000e+03 5.160000000000000000e+02 1.225200000000000000e+04 -3.984000000000000000e+03 -2.130000000000000000e+02 -2.000000000000000000e+01
-7.748000000000000000e+03 4.640000000000000000e+02 1.244400000000000000e+04 -3.968000000000000000e+03 -2.020000000000000000e+02 3.000000000000000000e+01
-7.596000000000000000e+03 6.400000000000000000e+02 1.252800000000000000e+04 -3.968000000000000000e+03 -1.830000000000000000e+02 4.800000000000000000e+01
-7.660000000000000000e+03 6.640000000000000000e+02 1.248800000000000000e+04 -4.000000000000000000e+03 -2.200000000000000000e+02 7.900000000000000000e+01
-7.312000000000000000e+03 5.400000000000000000e+02 1.249200000000000000e+04 -3.984000000000000000e+03 -2.190000000000000000e+02 1.020000000000000000e+02
-7.536000000000000000e+03 7.040000000000000000e+02 1.281200000000000000e+04 -4.016000000000000000e+03 -2.080000000000000000e+02 9.600000000000000000e+01
-7.324000000000000000e+03 6.320000000000000000e+02 1.272800000000000000e+04 -3.968000000000000000e+03 -2.020000000000000000e+02 2.600000000000000000e+01
-7.412000000000000000e+03 6.400000000000000000e+02 1.237600000000000000e+04 -3.968000000000000000e+03 -2.250000000000000000e+02 -6.400000000000000000e+01
-7.256000000000000000e+03 6.160000000000000000e+02 1.260000000000000000e+04 -3.984000000000000000e+03 -2.100000000000000000e+02 -1.000000000000000000e+02
-7.116000000000000000e+03 6.920000000000000000e+02 1.270800000000000000e+04 -4.000000000000000000e+03 -2.300000000000000000e+02 -1.430000000000000000e+02
-7.524000000000000000e+03 7.040000000000000000e+02 1.270400000000000000e+04 -3.984000000000000000e+03 -2.110000000000000000e+02 -1.120000000000000000e+02
-7.224000000000000000e+03 7.800000000000000000e+02 1.268800000000000000e+04 -4.016000000000000000e+03 -2.560000000000000000e+02 -1.090000000000000000e+02
-7.036000000000000000e+03 7.280000000000000000e+02 1.264800000000000000e+04 -3.968000000000000000e+03 -2.860000000000000000e+02 -1.180000000000000000e+02
-6.936000000000000000e+03 8.240000000000000000e+02 1.284800000000000000e+04 -4.000000000000000000e+03 -2.950000000000000000e+02 -9.200000000000000000e+01
-7.068000000000000000e+03 8.320000000000000000e+02 1.245200000000000000e+04 -3.968000000000000000e+03 -2.850000000000000000e+02 2.300000000000000000e+01
-7.000000000000000000e+03 8.520000000000000000e+02 1.254400000000000000e+04 -3.984000000000000000e+03 -2.810000000000000000e+02 7.100000000000000000e+01
-6.804000000000000000e+03 7.880000000000000000e+02 1.274800000000000000e+04 -3.968000000000000000e+03 -2.900000000000000000e+02 1.270000000000000000e+02
-6.876000000000000000e+03 8.760000000000000000e+02 1.284000000000000000e+04 -4.000000000000000000e+03 -2.930000000000000000e+02 1.930000000000000000e+02
-6.920000000000000000e+03 9.720000000000000000e+02 1.299200000000000000e+04 -3.984000000000000000e+03 -3.530000000000000000e+02 2.220000000000000000e+02
-6.928000000000000000e+03 9.280000000000000000e+02 1.274400000000000000e+04 -3.968000000000000000e+03 -3.610000000000000000e+02 2.140000000000000000e+02
-6.988000000000000000e+03 8.280000000000000000e+02 1.276800000000000000e+04 -3.968000000000000000e+03 -3.980000000000000000e+02 1.980000000000000000e+02
-6.980000000000000000e+03 7.480000000000000000e+02 1.263600000000000000e+04 -3.968000000000000000e+03 -4.110000000000000000e+02 1.350000000000000000e+02
-7.152000000000000000e+03 7.640000000000000000e+02 1.280000000000000000e+04 -3.984000000000000000e+03 -4.530000000000000000e+02 1.270000000000000000e+02
-7.240000000000000000e+03 8.200000000000000000e+02 1.284400000000000000e+04 -3.968000000000000000e+03 -4.930000000000000000e+02 4.100000000000000000e+01
-7.008000000000000000e+03 9.440000000000000000e+02 1.293600000000000000e+04 -3.984000000000000000e+03 -5.190000000000000000e+02 -2.200000000000000000e+01
-6.868000000000000000e+03 7.480000000000000000e+02 1.295600000000000000e+04 -3.968000000000000000e+03 -5.450000000000000000e+02 -5.300000000000000000e+01
-6.892000000000000000e+03 9.200000000000000000e+02 1.258000000000000000e+04 -3.968000000000000000e+03 -5.530000000000000000e+02 -1.170000000000000000e+02
-6.752000000000000000e+03 1.028000000000000000e+03 1.276800000000000000e+04 -3.968000000000000000e+03 -5.200000000000000000e+02 -1.590000000000000000e+02
-6.860000000000000000e+03 1.052000000000000000e+03 1.293600000000000000e+04 -4.016000000000000000e+03 -5.300000000000000000e+02 -1.890000000000000000e+02
-6.852000000000000000e+03 1.052000000000000000e+03 1.293200000000000000e+04 -3.968000000000000000e+03 -4.930000000000000000e+02 -1.710000000000000000e+02
-6.764000000000000000e+03 8.360000000000000000e+02 1.302000000000000000e+04 -4.016000000000000000e+03 -4.780000000000000000e+02 -1.580000000000000000e+02
-6.768000000000000000e+03 8.400000000000000000e+02 1.291600000000000000e+04 -3.968000000000000000e+03 -4.300000000000000000e+02 -1.470000000000000000e+02
-6.784000000000000000e+03 9.120000000000000000e+02 1.264400000000000000e+04 -3.968000000000000000e+03 -3.800000000000000000e+02 -1.340000000000000000e+02
-6.828000000000000000e+03 8.760000000000000000e+02 1.275200000000000000e+04 -4.016000000000000000e+03 -3.580000000000000000e+02 -1.020000000000000000e+02
-6.676000000000000000e+03 8.360000000000000000e+02 1.275600000000000000e+04 -4.000000000000000000e+03 -3.080000000000000000e+02 -5.500000000000000000e+01
-6.780000000000000000e+03 7.600000000000000000e+02 1.277600000000000000e+04 -4.000000000000000000e+03 -2.830000000000000000e+02 -6.000000000000000000e+00
-6.808000000000000000e+03 7.480000000000000000e+02 1.272400000000000000e+04 -3.984000000000000000e+03 -2.820000000000000000e+02 1.270000000000000000e+02
-6.728000000000000000e+03 7.800000000000000000e+02 1.275600000000000000e+04 -3.984000000000000000e+03 -2.680000000000000000e+02 1.970000000000000000e+02
-6.844000000000000000e+03 8.040000000000000000e+02 1.261200000000000000e+04 -3.984000000000000000e+03 -2.540000000000000000e+02 3.130000000000000000e+02
-6.648000000000000000e+03 8.040000000000000000e+02 1.259200000000000000e+04 -3.968000000000000000e+03 -2.410000000000000000e+02 4.140000000000000000e+02
-6.792000000000000000e+03 7.560000000000000000e+02 1.267600000000000000e+04 -3.968000000000000000e+03 -2.680000000000000000e+02 5.240000000000000000e+02
-6.804000000000000000e+03 7.520000000000000000e+02 1.270000000000000000e+04 -3.968000000000000000e+03 -2.690000000000000000e+02 5.720000000000000000e+02
-6.756000000000000000e+03 7.760000000000000000e+02 1.282800000000000000e+04 -3.952000000000000000e+03 -2.730000000000000000e+02 6.520000000000000000e+02
-6.776000000000000000e+03 8.320000000000000000e+02 1.293200000000000000e+04 -3.952000000000000000e+03 -3.280000000000000000e+02 7.160000000000000000e+02
-6.592000000000000000e+03 8.240000000000000000e+02 1.300800000000000000e+04 -3.952000000000000000e+03 -3.320000000000000000e+02 7.370000000000000000e+02
-6.648000000000000000e+03 9.800000000000000000e+02 1.290800000000000000e+04 -3.968000000000000000e+03 -3.770000000000000000e+02 6.970000000000000000e+02
-6.440000000000000000e+03 9.280000000000000000e+02 1.296400000000000000e+04 -3.984000000000000000e+03 -3.960000000000000000e+02 6.780000000000000000e+02
-6.560000000000000000e+03 8.800000000000000000e+02 1.284400000000000000e+04 -3.984000000000000000e+03 -4.300000000000000000e+02 6.050000000000000000e+02
-6.468000000000000000e+03 8.560000000000000000e+02 1.307200000000000000e+04 -4.000000000000000000e+03 -4.790000000000000000e+02 5.090000000000000000e+02
-6.316000000000000000e+03 8.880000000000000000e+02 1.304800000000000000e+04 -3.984000000000000000e+03 -5.200000000000000000e+02 4.480000000000000000e+02
-6.572000000000000000e+03 9.080000000000000000e+02 1.301600000000000000e+04 -3.968000000000000000e+03 -5.180000000000000000e+02 3.870000000000000000e+02
-6.448000000000000000e+03 9.280000000000000000e+02 1.307200000000000000e+04 -4.000000000000000000e+03 -5.480000000000000000e+02 3.240000000000000000e+02
-6.408000000000000000e+03 8.520000000000000000e+02 1.320800000000000000e+04 -3.984000000000000000e+03 -5.290000000000000000e+02 2.280000000000000000e+02
