-9.904000000000000000e+03 4.080000000000000000e+02 1.158800000000000000e+04 -3.968000000000000000e+03 -2.000000000000000000e+02 8.870000000000000000e+02
-9.716000000000000000e+03 3.560000000000000000e+02 1.142400000000000000e+04 -3.968000000000000000e+03 -2.290000000000000000e+02 1.081000000000000000e+03
-9.608000000000000000e+03 2.680000000000000000e+02 1.116400000000000000e+04 -4.000000000000000000e+03 -2.550000000000000000e+02 1.136000000000000000e+03
-9.648000000000000000e+03 2.760000000000000000e+02 1.132800000000000000e+04 -3.952000000000000000e+03 -2.540000000000000000e+02 1.078000000000000000e+03
-9.400000000000000000e+03 1.320000000000000000e+02 1.136400000000000000e+04 -3.984000000000000000e+03 -2.660000000000000000e+02 9.090000000000000000e+02
-9.648000000000000000e+03 3.440000000000000000e+02 1.084000000000000000e+04 -3.984000000000000000e+03 -3.030000000000000000e+02 7.900000000000000000e+02
-9.768000000000000000e+03 5.000000000000000000e+02 1.097600000000000000e+04 -4.016000000000000000e+03 -3.490000000000000000e+02 6.310000000000000000e+02
-9.720000000000000000e+03 4.920000000000000000e+02 1.138400000000000000e+04 -4.000000000000000000e+03 -3.430000000000000000e+02 5.220000000000000000e+02
-9.744000000000000000e+03 5.040000000000000000e+02 1.146400000000000000e+04 -3.968000000000000000e+03 -3.570000000000000000e+02 4.450000000000000000e+02
-9.424000000000000000e+03 5.760000000000000000e+02 1.164400000000000000e+04 -3.984000000000000000e+03 -3.580000000000000000e+02 3.910000000000000000e+02
-9.352000000000000000e+03 6.720000000000000000e+02 1.179600000000000000e+04 -3.952000000000000000e+03 -3.330000000000000000e+02 3.280000000000000000e+02
-9.148000000000000000e+03 6.000000000000000000e+02 1.156400000000000000e+04 -4.000000000000000000e+03 -2.850000000000000000e+02 2.450000000000000000e+02
-8.944000000000000000e+03 7.440000000000000000e+02 1.149200000000000000e+04 -3.952000000000000000e+03 -2.720000000000000000e+02 1.120000000000000000e+02
-8.960000000000000000e+03 5.760000000000000000e+02 1.118000000000000000e+04 -3.984000000000000000e+03 -2.620000000000000000e+02 -1.900000000000000000e+01
-9.032000000000000000e+03 5.280000000000000000e+02 1.100400000000000000e+04 -3.952000000000000000e+03 -2.220000000000000000e+02 -1.110000000000000000e+02
-8.872000000000000000e+03 4.760000000000000000e+02 1.104400000000000000e+04 -3.984000000000000000e+03 -1.990000000000000000e+02 -1.580000000000000000e+02
-8.984000000000000000e+03 4.480000000000000000e+02 1.116000000000000000e+04 -4.000000000000000000e+03 -1.830000000000000000e+02 -1.310000000000000000e+02
-9.076000000000000000e+03 4.080000000000000000e+02 1.130800000000000000e+04 -4.032000000000000000e+03 -1.540000000000000000e+02 -7.600000000000000000e+01
-9.032000000000000000e+03 3.240000000000000000e+02 1.145600000000000000e+04 -3.984000000000000000e+03 -1.670000000000000000e+02 -2.800000000000000000e+01
-8.752000000000000000e+03 3.040000000000000000e+02 1.147600000000000000e+04 -3.968000000000000000e+03 -1.920000000000000000e+02 1.700000000000000000e+01
-8.912000000000000000e+03 2.800000000000000000e+02 1.124000000000000000e+04 -3.952000000000000000e+03 -1.560000000000000000e+02 1.600000000000000000e+01
-8.984000000000000000e+03 2.760000000000000000e+02 1.089600000000000000e+04 -3.984000000000000000e+03 -1.750000000000000000e+02 -3.100000000000000000e+01
-8.908000000000000000e+03 3.800000000000000000e+02 1.082800000000000000e+04 -4.000000000000000000e+03 -1.850000000000000000e+02 -1.910000000000000000e+02
-8.960000000000000000e+03 3.680000000000000000e+02 1.097200000000000000e+04 -4.016000000000000000e+03 -1.850000000000000000e+02 -3.240000000000000000e+02
-9.348000000000000000e+03 3.680000000000000000e+02 1.117200000000000000e+04 -3.968000000000000000e+03 -1.920000000000000000e+02 -4.510000000000000000e+02
-9.376000000000000000e+03 4.920000000000000000e+02 1.133200000000000000e+04 -3.952000000000000000e+03 -1.960000000000000000e+02 -4.430000000000000000e+02
-9.368000000000000000e+03 4.840000000000000000e+02 1.130400000000000000e+04 -3.968000000000000000e+03 -2.330000000000000000e+02 -4.770000000000000000e+02
-9.396000000000000000e+03 5.440000000000000000e+02 1.141600000000000000e+04 -3.968000000000000000e+03 -2.390000000000000000e+02 -4.710000000000000000e+02
-9.276000000000000000e+03 4.720000000000000000e+02 1.111600000000000000e+04 -3.968000000000000000e+03 -2.920000000000000000e+02 -5.660000000000000000e+02
-9.356000000000000000e+03 4.080000000000000000e+02 1.113600000000000000e+04 -3.968000000000000000e+03 -3.190000000000000000e+02 -6.150000000000000000e+02
-9.388000000000000000e+03 3.920000000000000000e+02 1.111600000000000000e+04 -4.016000000000000000e+03 -3.600000000000000000e+02 -7.060000000000000000e+02
-9.580000000000000000e+03 3.480000000000000000e+02 1.094400000000000000e+04 -3.968000000000000000e+03 -3.870000000000000000e+02 -7.400000000000000000e+02
-9.588000000000000000e+03 4.640000000000000000e+02 1.126000000000000000e+04 -3.984000000000000000e+03 -3.950000000000000000e+02 -6.890000000000000000e+02
-9.572000000000000000e+03 6.480000000000000000e+02 1.118000000000000000e+04 -3.984000000000000000e+03 -4.080000000000000000e+02 -5.710000000000000000e+02
-9.476000000000000000e+03 5.520000000000000000e+02 1.139200000000000000e+04 -3.984000000000000000e+03 -3.960000000000000000e+02 -4.390000000000000000e+02
-9.516000000000000000e+03 5.680000000000000000e+02 1.168800000000000000e+04 -3.968000000000000000e+03 -4.070000000000000000e+02 -2.910000000000000000e+02
-9.208000000000000000e+03 4.960000000000000000e+02 1.186800000000000000e+04 -3.952000000000000000e+03 -3.750000000000000000e+02 -2.260000000000000000e+02
-9.080000000000000000e+03 5.400000000000000000e+02 1.162000000000000000e+04 -3.952000000000000000e+03 -4.150000000000000000e+02 -2.770000000000000000e+02
-9.040000000000000000e+03 5.880000000000000000e+02 1.146400000000000000e+04 -3.952000000000000000e+03 -3.810000000000000000e+02 -5.620000000000000000e+02
-9.512000000000000000e+03 3.360000000000000000e+02 1.106800000000000000e+04 -3.968000000000000000e+03 -4.080000000000000000e+02 -6.770000000000000000e+02
-9.380000000000000000e+03 4.120000000000000000e+02 1.141600000000000000e+04 -3.968000000000000000e+03 -4.500000000000000000e+02 -1.026000000000000000e+03
-9.420000000000000000e+03 3.880000000000000000e+02 1.126400000000000000e+04 -3.952000000000000000e+03 -4.140000000000000000e+02 -1.251000000000000000e+03
-9.780000000000000000e+03 3.440000000000000000e+02 1.154400000000000000e+04 -3.984000000000000000e+03 -4.860000000000000000e+02 -1.585000000000000000e+03
-9.456000000000000000e+03 4.040000000000000000e+02 1.203600000000000000e+04 -3.984000000000000000e+03 -4.260000000000000000e+02 -1.859000000000000000e+03
-9.460000000000000000e+03 6.720000000000000000e+02 1.213200000000000000e+04 -4.000000000000000000e+03 -4.940000000000000000e+02 -1.937000000000000000e+03
-9.600000000000000000e+03 6.440000000000000000e+02 1.187600000000000000e+04 -4.000000000000000000e+03 -4.150000000000000000e+02 -1.687000000000000000e+03
-9.084000000000000000e+03 5.680000000000000000e+02 1.143600000000000000e+04 -4.000000000000000000e+03 -3.850000000000000000e+02 -9.800000000000000000e+02
-9.208000000000000000e+03 6.160000000000000000e+02 1.186400000000000000e+04 -3.984000000000000000e+03 -3.140000000000000000e+02 -1.137000000000000000e+03
-9.012000000000000000e+03 7.120000000000000000e+02 1.194000000000000000e+04 -3.952000000000000000e+03 -2.580000000000000000e+02 -8.030000000000000000e+02
-9.512000000000000000e+03 5.800000000000000000e+02 1.214800000000000000e+04 -3.984000000000000000e+03 -1.830000000000000000e+02 -6.280000000000000000e+02
-9.436000000000000000e+03 6.440000000000000000e+02 1.181200000000000000e+04 -4.000000000000000000e+03 -3.300000000000000000e+01 -5.440000000000000000e+02
-9.108000000000000000e+03 5.240000000000000000e+02 1.203200000000000000e+04 -3.952000000000000000e+03 8.000000000000000000e+01 -5.110000000000000000e+02
-9.060000000000000000e+03 6.760000000000000000e+02 1.218800000000000000e+04 -3.952000000000000000e+03 -8.600000000000000000e+01 -3.620000000000000000e+02
-8.856000000000000000e+03 4.320000000000000000e+02 1.231200000000000000e+04 -3.984000000000000000e+03 -2.490000000000000000e+02 -6.980000000000000000e+02
-9.060000000000000000e+03 2.000000000000000000e+02 1.224800000000000000e+04 -3.968000000000000000e+03 -2.380000000000000000e+02 -7.540000000000000000e+02
-8.880000000000000000e+03 2.840000000000000000e+02 1.247200000000000000e+04 -3.968000000000000000e+03 -1.530000000000000000e+02 -7.280000000000000000e+02
-8.920000000000000000e+03 -1.080000000000000000e+02 1.282000000000000000e+04 -3.968000000000000000e+03 9.000000000000000000e+00 -9.420000000000000000e+02
-8.708000000000000000e+03 5.200000000000000000e+01 1.360000000000000000e+04 -3.984000000000000000e+03 1.060000000000000000e+02 -8.940000000000000000e+02
-8.904000000000000000e+03 2.360000000000000000e+02 1.364000000000000000e+04 -3.984000000000000000e+03 -4.800000000000000000e+01 -8.640000000000000000e+02
-9.120000000000000000e+03 2.280000000000000000e+02 1.152400000000000000e+04 -3.984000000000000000e+03 -2.150000000000000000e+02 -6.750000000000000000e+02
-8.852000000000000000e+03 2.680000000000000000e+02 8.272000000000000000e+03 -3.968000000000000000e+03 -2.520000000000000000e+02 -4.350000000000000000e+02
-8.424000000000000000e+03 5.600000000000000000e+02 6.992000000000000000e+03 -3.968000000000000000e+03 -2.990000000000000000e+02 7.000000000000000000e+00
-8.448000000000000000e+03 8.400000000000000000e+02 7.696000000000000000e+03 -4.000000000000000000e+03 -1.740000000000000000e+02 3.340000000000000000e+02
-8.828000000000000000e+03 7.880000000000000000e+02 1.084000000000000000e+04 -3.984000000000000000e+03 7.700000000000000000e+01 7.420000000000000000e+02
