1.600000000000000000e+03 1.600000000000000000e+02 1.444800000000000000e+04 -4.176000000000000000e+03 -2.800000000000000000e+02 1.500000000000000000e+02
8.800000000000000000e+01 2.072000000000000000e+03 1.431200000000000000e+04 -4.160000000000000000e+03 -2.990000000000000000e+02 1.600000000000000000e+02
1.728000000000000000e+03 2.032000000000000000e+03 1.433600000000000000e+04 -4.160000000000000000e+03 -2.750000000000000000e+02 1.560000000000000000e+02
1.900000000000000000e+03 2.160000000000000000e+03 1.443200000000000000e+04 -4.176000000000000000e+03 -2.710000000000000000e+02 1.690000000000000000e+02
1.824000000000000000e+03 2.092000000000000000e+03 1.445600000000000000e+04 -4.160000000000000000e+03 -2.990000000000000000e+02 1.720000000000000000e+02
1.888000000000000000e+03 2.064000000000000000e+03 1.435200000000000000e+04 -4.176000000000000000e+03 -2.690000000000000000e+02 1.620000000000000000e+02
1.816000000000000000e+03 2.084000000000000000e+03 1.438000000000000000e+04 -4.160000000000000000e+03 -2.650000000000000000e+02 1.360000000000000000e+02
1.688000000000000000e+03 2.036000000000000000e+03 1.442000000000000000e+04 -4.176000000000000000e+03 -2.690000000000000000e+02 1.710000000000000000e+02
1.832000000000000000e+03 2.052000000000000000e+03 1.446800000000000000e+04 -4.144000000000000000e+03 -2.620000000000000000e+02 1.750000000000000000e+02
1.788000000000000000e+03 2.048000000000000000e+03 1.446000000000000000e+04 -4.160000000000000000e+03 -2.660000000000000000e+02 1.620000000000000000e+02
1.680000000000000000e+03 2.104000000000000000e+03 1.435200000000000000e+04 -4.176000000000000000e+03 -2.720000000000000000e+02 1.730000000000000000e+02
1.704000000000000000e+03 2.048000000000000000e+03 1.424000000000000000e+04 -4.160000000000000000e+03 -2.670000000000000000e+02 1.640000000000000000e+02
1.704000000000000000e+03 2.140000000000000000e+03 1.436800000000000000e+04 -4.144000000000000000e+03 -2.740000000000000000e+02 1.650000000000000000e+02
1.832000000000000000e+03 1.952000000000000000e+03 1.430800000000000000e+04 -4.192000000000000000e+03 -2.670000000000000000e+02 1.660000000000000000e+02
1.840000000000000000e+03 2.184000000000000000e+03 1.438800000000000000e+04 -4.192000000000000000e+03 -2.470000000000000000e+02 1.610000000000000000e+02
1.764000000000000000e+03 2.076000000000000000e+03 1.450400000000000000e+04 -4.176000000000000000e+03 -2.870000000000000000e+02 1.690000000000000000e+02
1.772000000000000000e+03 2.160000000000000000e+03 1.446400000000000000e+04 -4.128000000000000000e+03 -2.800000000000000000e+02 1.680000000000000000e+02
1.724000000000000000e+03 2.060000000000000000e+03 1.436000000000000000e+04 -4.176000000000000000e+03 -2.700000000000000000e+02 1.640000000000000000e+02
1.864000000000000000e+03 2.040000000000000000e+03 1.444800000000000000e+04 -4.160000000000000000e+03 -2.590000000000000000e+02 1.770000000000000000e+02
1.792000000000000000e+03 2.116000000000000000e+03 1.437600000000000000e+04 -4.176000000000000000e+03 -2.550000000000000000e+02 1.610000000000000000e+02
1.772000000000000000e+03 2.096000000000000000e+03 1.442400000000000000e+04 -4.160000000000000000e+03 -2.770000000000000000e+02 1.650000000000000000e+02
1.800000000000000000e+03 2.076000000000000000e+03 1.449600000000000000e+04 -4.160000000000000000e+03 -2.740000000000000000e+02 1.790000000000000000e+02
1.596000000000000000e+03 2.012000000000000000e+03 1.444000000000000000e+04 -4.176000000000000000e+03 -2.660000000000000000e+02 1.520000000000000000e+02
1.860000000000000000e+03 2.024000000000000000e+03 1.433200000000000000e+04 -4.160000000000000000e+03 -2.880000000000000000e+02 1.660000000000000000e+02
1.744000000000000000e+03 2.084000000000000000e+03 1.431600000000000000e+04 -4.208000000000000000e+03 -2.580000000000000000e+02 1.790000000000000000e+02
1.652000000000000000e+03 2.036000000000000000e+03 1.448400000000000000e+04 -4.192000000000000000e+03 -2.480000000000000000e+02 1.660000000000000000e+02
1.764000000000000000e+03 2.048000000000000000e+03 1.435600000000000000e+04 -4.144000000000000000e+03 -2.660000000000000000e+02 1.710000000000000000e+02
1.880000000000000000e+03 2.060000000000000000e+03 1.445200000000000000e+04 -4.160000000000000000e+03 -2.780000000000000000e+02 1.420000000000000000e+02
1.680000000000000000e+03 2.088000000000000000e+03 1.433600000000000000e+04 -4.176000000000000000e+03 -2.800000000000000000e+02 1.590000000000000000e+02
1.900000000000000000e+03 2.028000000000000000e+03 1.449600000000000000e+04 -4.144000000000000000e+03 -2.830000000000000000e+02 1.580000000000000000e+02
1.692000000000000000e+03 2.076000000000000000e+03 1.430000000000000000e+04 -4.160000000000000000e+03 -2.710000000000000000e+02 1.550000000000000000e+02
1.620000000000000000e+03 2.056000000000000000e+03 1.443200000000000000e+04 -4.176000000000000000e+03 -2.840000000000000000e+02 1.430000000000000000e+02
1.724000000000000000e+03 1.988000000000000000e+03 1.446800000000000000e+04 -4.160000000000000000e+03 -2.800000000000000000e+02 1.890000000000000000e+02
1.664000000000000000e+03 1.924000000000000000e+03 1.446400000000000000e+04 -4.176000000000000000e+03 -2.500000000000000000e+02 1.650000000000000000e+02
1.764000000000000000e+03 2.092000000000000000e+03 1.452000000000000000e+04 -4.176000000000000000e+03 -2.820000000000000000e+02 1.760000000000000000e+02
1.820000000000000000e+03 1.980000000000000000e+03 1.452800000000000000e+04 -4.192000000000000000e+03 -2.910000000000000000e+02 1.540000000000000000e+02
1.812000000000000000e+03 2.076000000000000000e+03 1.434400000000000000e+04 -4.144000000000000000e+03 -2.570000000000000000e+02 1.720000000000000000e+02
1.744000000000000000e+03 2.136000000000000000e+03 1.434400000000000000e+04 -4.192000000000000000e+03 -2.670000000000000000e+02 1.780000000000000000e+02
1.820000000000000000e+03 2.176000000000000000e+03 1.455600000000000000e+04 -4.176000000000000000e+03 -2.810000000000000000e+02 1.630000000000000000e+02
1.860000000000000000e+03 2.048000000000000000e+03 1.436800000000000000e+04 -4.144000000000000000e+03 -2.870000000000000000e+02 1.440000000000000000e+02
1.688000000000000000e+03 2.032000000000000000e+03 1.462400000000000000e+04 -4.160000000000000000e+03 -2.730000000000000000e+02 1.660000000000000000e+02
1.816000000000000000e+03 2.084000000000000000e+03 1.448000000000000000e+04 -4.176000000000000000e+03 -2.820000000000000000e+02 1.650000000000000000e+02
1.824000000000000000e+03 2.112000000000000000e+03 1.435600000000000000e+04 -4.160000000000000000e+03 -2.710000000000000000e+02 1.630000000000000000e+02
1.836000000000000000e+03 1.996000000000000000e+03 1.434400000000000000e+04 -4.176000000000000000e+03 -2.760000000000000000e+02 1.730000000000000000e+02
1.668000000000000000e+03 2.128000000000000000e+03 1.444000000000000000e+04 -4.176000000000000000e+03 -2.750000000000000000e+02 1.950000000000000000e+02
1.836000000000000000e+03 2.016000000000000000e+03 1.456000000000000000e+04 -4.160000000000000000e+03 -2.870000000000000000e+02 1.480000000000000000e+02
1.696000000000000000e+03 2.040000000000000000e+03 1.455200000000000000e+04 -4.144000000000000000e+03 -2.840000000000000000e+02 1.640000000000000000e+02
1.692000000000000000e+03 2.060000000000000000e+03 1.442400000000000000e+04 -4.192000000000000000e+03 -2.780000000000000000e+02 1.580000000000000000e+02
1.796000000000000000e+03 2.080000000000000000e+03 1.444800000000000000e+04 -4.144000000000000000e+03 -2.810000000000000000e+02 1.750000000000000000e+02
1.668000000000000000e+03 2.120000000000000000e+03 1.458800000000000000e+04 -4.160000000000000000e+03 -2.690000000000000000e+02 1.600000000000000000e+02
1.908000000000000000e+03 2.024000000000000000e+03 1.447200000000000000e+04 -4.160000000000000000e+03 -2.710000000000000000e+02 1.710000000000000000e+02
1.748000000000000000e+03 2.072000000000000000e+03 1.448000000000000000e+04 -4.144000000000000000e+03 -2.790000000000000000e+02 1.640000000000000000e+02
1.884000000000000000e+03 2.160000000000000000e+03 1.454000000000000000e+04 -4.160000000000000000e+03 -2.600000000000000000e+02 1.690000000000000000e+02
1.924000000000000000e+03 2.012000000000000000e+03 1.425600000000000000e+04 -4.176000000000000000e+03 -2.900000000000000000e+02 1.560000000000000000e+02
1.752000000000000000e+03 2.040000000000000000e+03 1.446800000000000000e+04 -4.192000000000000000e+03 -2.720000000000000000e+02 1.530000000000000000e+02
1.788000000000000000e+03 2.160000000000000000e+03 1.448000000000000000e+04 -4.144000000000000000e+03 -2.660000000000000000e+02 1.580000000000000000e+02
1.708000000000000000e+03 2.032000000000000000e+03 1.439200000000000000e+04 -4.192000000000000000e+03 -2.710000000000000000e+02 1.740000000000000000e+02
1.728000000000000000e+03 2.028000000000000000e+03 1.437600000000000000e+04 -4.176000000000000000e+03 -2.760000000000000000e+02 1.860000000000000000e+02
1.692000000000000000e+03 2.016000000000000000e+03 1.441200000000000000e+04 -4.176000000000000000e+03 -2.690000000000000000e+02 1.680000000000000000e+02
1.776000000000000000e+03 2.128000000000000000e+03 1.435200000000000000e+04 -4.160000000000000000e+03 -2.760000000000000000e+02 1.490000000000000000e+02
1.704000000000000000e+03 2.056000000000000000e+03 1.445200000000000000e+04 -4.176000000000000000e+03 -2.800000000000000000e+02 1.660000000000000000e+02
1.708000000000000000e+03 2.000000000000000000e+03 1.443600000000000000e+04 -4.192000000000000000e+03 -2.590000000000000000e+02 1.560000000000000000e+02
1.728000000000000000e+03 2.088000000000000000e+03 1.454400000000000000e+04 -4.176000000000000000e+03 -2.700000000000000000e+02 1.640000000000000000e+02
1.788000000000000000e+03 2.056000000000000000e+03 1.437600000000000000e+04 -4.160000000000000000e+03 -2.700000000000000000e+02 1.760000000000000000e+02
1.796000000000000000e+03 2.036000000000000000e+03 1.447200000000000000e+04 -4.176000000000000000e+03 -2.880000000000000000e+02 1.450000000000000000e+02
1.812000000000000000e+03 2.076000000000000000e+03 1.447600000000000000e+04 -4.176000000000000000e+03 -2.890000000000000000e+02 1.670000000000000000e+02
1.728000000000000000e+03 2.048000000000000000e+03 1.444400000000000000e+04 -4.144000000000000000e+03 -2.820000000000000000e+02 1.620000000000000000e+02
1.824000000000000000e+03 1.968000000000000000e+03 1.452800000000000000e+04 -4.176000000000000000e+03 -2.760000000000000000e+02 1.540000000000000000e+02
1.688000000000000000e+03 2.044000000000000000e+03 1.433200000000000000e+04 -4.160000000000000000e+03 -2.810000000000000000e+02 1.720000000000000000e+02
1.716000000000000000e+03 2.060000000000000000e+03 1.437600000000000000e+04 -4.144000000000000000e+03 -2.740000000000000000e+02 1.450000000000000000e+02
1.760000000000000000e+03 2.028000000000000000e+03 1.448800000000000000e+04 -4.192000000000000000e+03 -2.580000000000000000e+02 1.650000000000000000e+02
1.956000000000000000e+03 2.020000000000000000e+03 1.440400000000000000e+04 -4.176000000000000000e+03 -2.710000000000000000e+02 1.730000000000000000e+02
1.712000000000000000e+03 2.004000000000000000e+03 1.440000000000000000e+04 -4.160000000000000000e+03 -2.830000000000000000e+02 1.900000000000000000e+02
1.664000000000000000e+03 2.108000000000000000e+03 1.421600000000000000e+04 -4.176000000000000000e+03 -2.880000000000000000e+02 1.570000000000000000e+02
1.772000000000000000e+03 2.092000000000000000e+03 1.447200000000000000e+04 -4.128000000000000000e+03 -2.700000000000000000e+02 1.540000000000000000e+02
1.768000000000000000e+03 2.076000000000000000e+03 1.434000000000000000e+04 -4.160000000000000000e+03 -2.620000000000000000e+02 1.310000000000000000e+02
1.780000000000000000e+03 2.072000000000000000e+03 1.434000000000000000e+04 -4.144000000000000000e+03 -2.680000000000000000e+02 1.530000000000000000e+02
1.816000000000000000e+03 2.024000000000000000e+03 1.433200000000000000e+04 -4.160000000000000000e+03 -2.900000000000000000e+02 1.740000000000000000e+02
1.776000000000000000e+03 2.072000000000000000e+03 1.430400000000000000e+04 -4.176000000000000000e+03 -2.950000000000000000e+02 1.570000000000000000e+02
1.748000000000000000e+03 2.104000000000000000e+03 1.441600000000000000e+04 -4.128000000000000000e+03 -2.750000000000000000e+02 1.620000000000000000e+02
