1.684000000000000000e+03 2.404000000000000000e+03 1.422800000000000000e+04 -4.048000000000000000e+03 -2.980000000000000000e+02 7.660000000000000000e+02
1.688000000000000000e+03 2.368000000000000000e+03 1.417200000000000000e+04 -4.048000000000000000e+03 -2.930000000000000000e+02 8.230000000000000000e+02
1.644000000000000000e+03 2.380000000000000000e+03 1.402000000000000000e+04 -4.064000000000000000e+03 -2.290000000000000000e+02 8.460000000000000000e+02
1.412000000000000000e+03 2.404000000000000000e+03 1.410800000000000000e+04 -4.032000000000000000e+03 -2.560000000000000000e+02 9.000000000000000000e+02
1.172000000000000000e+03 2.476000000000000000e+03 1.408800000000000000e+04 -4.080000000000000000e+03 -2.490000000000000000e+02 9.690000000000000000e+02
1.156000000000000000e+03 2.540000000000000000e+03 1.445600000000000000e+04 -4.032000000000000000e+03 -2.600000000000000000e+02 8.870000000000000000e+02
1.152000000000000000e+03 2.576000000000000000e+03 1.439200000000000000e+04 -4.064000000000000000e+03 -2.270000000000000000e+02 8.570000000000000000e+02
1.196000000000000000e+03 2.448000000000000000e+03 1.461600000000000000e+04 -4.048000000000000000e+03 -2.470000000000000000e+02 7.670000000000000000e+02
1.204000000000000000e+03 2.532000000000000000e+03 1.463600000000000000e+04 -4.080000000000000000e+03 -2.220000000000000000e+02 7.300000000000000000e+02
1.000000000000000000e+03 2.336000000000000000e+03 1.466400000000000000e+04 -4.032000000000000000e+03 -1.860000000000000000e+02 6.800000000000000000e+02
8.960000000000000000e+02 2.320000000000000000e+03 1.405600000000000000e+04 -4.032000000000000000e+03 -1.740000000000000000e+02 5.280000000000000000e+02
9.960000000000000000e+02 2.364000000000000000e+03 1.391600000000000000e+04 -4.080000000000000000e+03 -1.670000000000000000e+02 3.280000000000000000e+02
8.920000000000000000e+02 2.424000000000000000e+03 1.440800000000000000e+04 -4.080000000000000000e+03 -1.610000000000000000e+02 1.690000000000000000e+02
6.880000000000000000e+02 2.576000000000000000e+03 1.471200000000000000e+04 -4.048000000000000000e+03 -1.770000000000000000e+02 4.900000000000000000e+01
5.440000000000000000e+02 2.704000000000000000e+03 1.494000000000000000e+04 -4.032000000000000000e+03 -1.890000000000000000e+02 9.000000000000000000e+00
6.200000000000000000e+02 2.616000000000000000e+03 1.476000000000000000e+04 -4.080000000000000000e+03 -1.820000000000000000e+02 4.600000000000000000e+01
6.120000000000000000e+02 2.412000000000000000e+03 1.425200000000000000e+04 -4.064000000000000000e+03 -2.000000000000000000e+02 1.140000000000000000e+02
9.560000000000000000e+02 2.508000000000000000e+03 1.408800000000000000e+04 -4.048000000000000000e+03 -2.090000000000000000e+02 2.490000000000000000e+02
1.252000000000000000e+03 2.544000000000000000e+03 1.412400000000000000e+04 -4.048000000000000000e+03 -2.540000000000000000e+02 3.320000000000000000e+02
1.304000000000000000e+03 2.460000000000000000e+03 1.423200000000000000e+04 -4.016000000000000000e+03 -3.000000000000000000e+02 3.680000000000000000e+02
1.224000000000000000e+03 2.568000000000000000e+03 1.471600000000000000e+04 -4.032000000000000000e+03 -3.330000000000000000e+02 3.720000000000000000e+02
1.252000000000000000e+03 2.448000000000000000e+03 1.480000000000000000e+04 -4.048000000000000000e+03 -3.390000000000000000e+02 2.310000000000000000e+02
9.840000000000000000e+02 2.572000000000000000e+03 1.468800000000000000e+04 -4.064000000000000000e+03 -3.000000000000000000e+02 7.100000000000000000e+01
7.680000000000000000e+02 2.448000000000000000e+03 1.422000000000000000e+04 -4.064000000000000000e+03 -2.590000000000000000e+02 -1.400000000000000000e+02
7.800000000000000000e+02 2.400000000000000000e+03 1.414400000000000000e+04 -4.048000000000000000e+03 -2.680000000000000000e+02 -3.650000000000000000e+02
8.680000000000000000e+02 2.536000000000000000e+03 1.437600000000000000e+04 -4.032000000000000000e+03 -2.280000000000000000e+02 -5.060000000000000000e+02
9.440000000000000000e+02 2.636000000000000000e+03 1.456400000000000000e+04 -4.048000000000000000e+03 -2.340000000000000000e+02 -5.940000000000000000e+02
9.680000000000000000e+02 2.652000000000000000e+03 1.467200000000000000e+04 -4.064000000000000000e+03 -2.150000000000000000e+02 -5.880000000000000000e+02
1.120000000000000000e+03 2.560000000000000000e+03 1.460800000000000000e+04 -4.032000000000000000e+03 -2.150000000000000000e+02 -5.700000000000000000e+02
1.008000000000000000e+03 2.624000000000000000e+03 1.448800000000000000e+04 -4.064000000000000000e+03 -2.040000000000000000e+02 -4.640000000000000000e+02
1.188000000000000000e+03 2.420000000000000000e+03 1.407600000000000000e+04 -4.032000000000000000e+03 -1.990000000000000000e+02 -3.570000000000000000e+02
1.212000000000000000e+03 2.516000000000000000e+03 1.437600000000000000e+04 -4.064000000000000000e+03 -2.170000000000000000e+02 -2.360000000000000000e+02
1.284000000000000000e+03 2.496000000000000000e+03 1.454000000000000000e+04 -4.064000000000000000e+03 -2.270000000000000000e+02 -1.550000000000000000e+02
1.144000000000000000e+03 2.440000000000000000e+03 1.445200000000000000e+04 -4.032000000000000000e+03 -2.390000000000000000e+02 -2.000000000000000000e+01
1.340000000000000000e+03 2.520000000000000000e+03 1.440800000000000000e+04 -4.064000000000000000e+03 -2.530000000000000000e+02 1.580000000000000000e+02
1.260000000000000000e+03 2.464000000000000000e+03 1.441600000000000000e+04 -4.032000000000000000e+03 -2.550000000000000000e+02 3.150000000000000000e+02
1.412000000000000000e+03 2.380000000000000000e+03 1.430800000000000000e+04 -4.048000000000000000e+03 -2.630000000000000000e+02 4.600000000000000000e+02
1.428000000000000000e+03 2.540000000000000000e+03 1.423600000000000000e+04 -4.064000000000000000e+03 -3.020000000000000000e+02 5.430000000000000000e+02
1.264000000000000000e+03 2.520000000000000000e+03 1.439200000000000000e+04 -4.080000000000000000e+03 -3.000000000000000000e+02 5.950000000000000000e+02
1.352000000000000000e+03 2.588000000000000000e+03 1.447600000000000000e+04 -4.048000000000000000e+03 -3.360000000000000000e+02 6.490000000000000000e+02
1.240000000000000000e+03 2.544000000000000000e+03 1.447200000000000000e+04 -4.032000000000000000e+03 -2.860000000000000000e+02 6.480000000000000000e+02
1.216000000000000000e+03 2.444000000000000000e+03 1.418800000000000000e+04 -4.080000000000000000e+03 -2.830000000000000000e+02 5.630000000000000000e+02
1.204000000000000000e+03 2.540000000000000000e+03 1.421200000000000000e+04 -4.048000000000000000e+03 -2.820000000000000000e+02 4.910000000000000000e+02
1.384000000000000000e+03 2.576000000000000000e+03 1.450000000000000000e+04 -4.032000000000000000e+03 -2.540000000000000000e+02 4.030000000000000000e+02
1.036000000000000000e+03 2.476000000000000000e+03 1.462400000000000000e+04 -4.048000000000000000e+03 -2.410000000000000000e+02 3.310000000000000000e+02
1.020000000000000000e+03 2.532000000000000000e+03 1.454000000000000000e+04 -4.048000000000000000e+03 -2.470000000000000000e+02 2.740000000000000000e+02
8.440000000000000000e+02 2.552000000000000000e+03 1.448800000000000000e+04 -4.048000000000000000e+03 -2.160000000000000000e+02 2.110000000000000000e+02
1.060000000000000000e+03 2.512000000000000000e+03 1.440800000000000000e+04 -4.032000000000000000e+03 -2.340000000000000000e+02 1.650000000000000000e+02
1.220000000000000000e+03 2.512000000000000000e+03 1.420000000000000000e+04 -4.032000000000000000e+03 -1.910000000000000000e+02 9.800000000000000000e+01
1.356000000000000000e+03 2.616000000000000000e+03 1.432400000000000000e+04 -4.048000000000000000e+03 -2.010000000000000000e+02 5.600000000000000000e+01
1.208000000000000000e+03 2.584000000000000000e+03 1.433200000000000000e+04 -4.064000000000000000e+03 -2.010000000000000000e+02 -1.000000000000000000e+00
1.080000000000000000e+03 2.644000000000000000e+03 1.441600000000000000e+04 -4.048000000000000000e+03 -1.890000000000000000e+02 -2.500000000000000000e+01
1.020000000000000000e+03 2.572000000000000000e+03 1.441200000000000000e+04 -4.048000000000000000e+03 -2.040000000000000000e+02 -3.000000000000000000e+01
9.680000000000000000e+02 2.632000000000000000e+03 1.436800000000000000e+04 -4.032000000000000000e+03 -1.700000000000000000e+02 -3.000000000000000000e+00
9.800000000000000000e+02 2.572000000000000000e+03 1.434400000000000000e+04 -4.032000000000000000e+03 -1.760000000000000000e+02 -2.900000000000000000e+01
1.084000000000000000e+03 2.612000000000000000e+03 1.420000000000000000e+04 -4.080000000000000000e+03 -1.930000000000000000e+02 -2.300000000000000000e+01
1.168000000000000000e+03 2.516000000000000000e+03 1.458400000000000000e+04 -4.048000000000000000e+03 -1.840000000000000000e+02 -1.600000000000000000e+01
1.076000000000000000e+03 2.568000000000000000e+03 1.446000000000000000e+04 -4.032000000000000000e+03 -1.980000000000000000e+02 -1.400000000000000000e+01
1.088000000000000000e+03 2.616000000000000000e+03 1.425200000000000000e+04 -4.016000000000000000e+03 -2.070000000000000000e+02 -2.000000000000000000e+00
1.196000000000000000e+03 2.652000000000000000e+03 1.445600000000000000e+04 -4.032000000000000000e+03 -1.980000000000000000e+02 7.500000000000000000e+01
1.076000000000000000e+03 2.600000000000000000e+03 1.438400000000000000e+04 -4.048000000000000000e+03 -2.360000000000000000e+02 1.100000000000000000e+02
1.300000000000000000e+03 2.668000000000000000e+03 1.440000000000000000e+04 -4.064000000000000000e+03 -2.320000000000000000e+02 1.790000000000000000e+02
1.284000000000000000e+03 2.656000000000000000e+03 1.454400000000000000e+04 -4.064000000000000000e+03 -3.050000000000000000e+02 2.460000000000000000e+02
1.344000000000000000e+03 2.576000000000000000e+03 1.448400000000000000e+04 -4.016000000000000000e+03 -2.880000000000000000e+02 2.810000000000000000e+02
1.396000000000000000e+03 2.688000000000000000e+03 1.442800000000000000e+04 -4.048000000000000000e+03 -3.050000000000000000e+02 2.640000000000000000e+02
1.184000000000000000e+03 2.564000000000000000e+03 1.404400000000000000e+04 -4.032000000000000000e+03 -3.150000000000000000e+02 2.250000000000000000e+02
1.160000000000000000e+03 2.580000000000000000e+03 1.424000000000000000e+04 -4.048000000000000000e+03 -2.920000000000000000e+02 1.680000000000000000e+02
1.312000000000000000e+03 2.528000000000000000e+03 1.416800000000000000e+04 -4.048000000000000000e+03 -3.200000000000000000e+02 1.620000000000000000e+02
1.268000000000000000e+03 2.676000000000000000e+03 1.459600000000000000e+04 -4.032000000000000000e+03 -3.550000000000000000e+02 2.660000000000000000e+02
1.148000000000000000e+03 2.752000000000000000e+03 1.478800000000000000e+04 -4.048000000000000000e+03 -3.840000000000000000e+02 3.930000000000000000e+02
1.280000000000000000e+03 2.664000000000000000e+03 1.456800000000000000e+04 -4.048000000000000000e+03 -3.700000000000000000e+02 5.350000000000000000e+02
1.256000000000000000e+03 2.548000000000000000e+03 1.425200000000000000e+04 -4.064000000000000000e+03 -4.000000000000000000e+02 6.150000000000000000e+02
1.100000000000000000e+03 2.548000000000000000e+03 1.422000000000000000e+04 -4.048000000000000000e+03 -3.890000000000000000e+02 6.310000000000000000e+02
1.052000000000000000e+03 2.456000000000000000e+03 1.425200000000000000e+04 -4.032000000000000000e+03 -3.870000000000000000e+02 6.000000000000000000e+02
1.044000000000000000e+03 2.500000000000000000e+03 1.448000000000000000e+04 -4.048000000000000000e+03 -4.120000000000000000e+02 4.690000000000000000e+02
1.112000000000000000e+03 2.568000000000000000e+03 1.424000000000000000e+04 -4.048000000000000000e+03 -4.030000000000000000e+02 2.710000000000000000e+02
1.004000000000000000e+03 2.524000000000000000e+03 1.448000000000000000e+04 -4.032000000000000000e+03 -3.500000000000000000e+02 2.600000000000000000e+01
1.088000000000000000e+03 2.596000000000000000e+03 1.450800000000000000e+04 -4.048000000000000000e+03 -3.310000000000000000e+02 -2.020000000000000000e+02
9.040000000000000000e+02 2.560000000000000000e+03 1.445600000000000000e+04 -4.032000000000000000e+03 -3.050000000000000000e+02 -4.430000000000000000e+02
7.760000000000000000e+02 2.588000000000000000e+03 1.436000000000000000e+04 -4.048000000000000000e+03 -3.060000000000000000e+02 -5.330000000000000000e+02
