2.480000000000000000e+03 2.148000000000000000e+03 1.432800000000000000e+04 -4.208000000000000000e+03 -3.710000000000000000e+02 9.630000000000000000e+02
2.460000000000000000e+03 2.212000000000000000e+03 1.440400000000000000e+04 -4.160000000000000000e+03 -3.770000000000000000e+02 9.520000000000000000e+02
2.440000000000000000e+03 2.140000000000000000e+03 1.444000000000000000e+04 -4.176000000000000000e+03 -3.780000000000000000e+02 9.100000000000000000e+02
2.380000000000000000e+03 2.120000000000000000e+03 1.437200000000000000e+04 -4.224000000000000000e+03 -3.640000000000000000e+02 8.550000000000000000e+02
2.332000000000000000e+03 2.100000000000000000e+03 1.443600000000000000e+04 -4.176000000000000000e+03 -3.670000000000000000e+02 7.930000000000000000e+02
2.124000000000000000e+03 2.076000000000000000e+03 1.444400000000000000e+04 -4.176000000000000000e+03 -3.510000000000000000e+02 7.530000000000000000e+02
2.132000000000000000e+03 2.116000000000000000e+03 1.452800000000000000e+04 -4.192000000000000000e+03 -3.420000000000000000e+02 6.770000000000000000e+02
1.912000000000000000e+03 2.132000000000000000e+03 1.444800000000000000e+04 -4.144000000000000000e+03 -3.440000000000000000e+02 5.830000000000000000e+02
1.896000000000000000e+03 2.152000000000000000e+03 1.447200000000000000e+04 -4.224000000000000000e+03 -3.320000000000000000e+02 5.250000000000000000e+02
1.844000000000000000e+03 2.040000000000000000e+03 1.428800000000000000e+04 -4.240000000000000000e+03 -3.160000000000000000e+02 4.210000000000000000e+02
1.800000000000000000e+03 2.028000000000000000e+03 1.429200000000000000e+04 -4.176000000000000000e+03 -3.180000000000000000e+02 3.410000000000000000e+02
1.704000000000000000e+03 2.112000000000000000e+03 1.442000000000000000e+04 -4.192000000000000000e+03 -3.290000000000000000e+02 2.570000000000000000e+02
1.752000000000000000e+03 2.032000000000000000e+03 1.452000000000000000e+04 -4.176000000000000000e+03 -3.010000000000000000e+02 1.900000000000000000e+02
1.560000000000000000e+03 2.100000000000000000e+03 1.439600000000000000e+04 -4.176000000000000000e+03 -2.960000000000000000e+02 1.160000000000000000e+02
1.544000000000000000e+03 2.064000000000000000e+03 1.451200000000000000e+04 -4.208000000000000000e+03 -2.930000000000000000e+02 6.800000000000000000e+01
1.572000000000000000e+03 2.056000000000000000e+03 1.442400000000000000e+04 -4.176000000000000000e+03 -2.840000000000000000e+02 1.500000000000000000e+01
1.576000000000000000e+03 2.036000000000000000e+03 1.452000000000000000e+04 -4.160000000000000000e+03 -2.740000000000000000e+02 -3.400000000000000000e+01
1.532000000000000000e+03 2.028000000000000000e+03 1.446000000000000000e+04 -4.208000000000000000e+03 -2.930000000000000000e+02 -4.900000000000000000e+01
1.528000000000000000e+03 2.076000000000000000e+03 1.456400000000000000e+04 -4.192000000000000000e+03 -2.800000000000000000e+02 -6.400000000000000000e+01
1.680000000000000000e+03 2.028000000000000000e+03 1.459600000000000000e+04 -4.192000000000000000e+03 -3.020000000000000000e+02 -6.200000000000000000e+01
1.596000000000000000e+03 2.104000000000000000e+03 1.451600000000000000e+04 -4.176000000000000000e+03 -2.840000000000000000e+02 -4.400000000000000000e+01
1.660000000000000000e+03 2.124000000000000000e+03 1.443600000000000000e+04 -4.224000000000000000e+03 -2.680000000000000000e+02 -3.100000000000000000e+01
1.588000000000000000e+03 2.036000000000000000e+03 1.458800000000000000e+04 -4.224000000000000000e+03 -2.970000000000000000e+02 1.700000000000000000e+01
1.736000000000000000e+03 2.120000000000000000e+03 1.437200000000000000e+04 -4.176000000000000000e+03 -2.790000000000000000e+02 7.700000000000000000e+01
1.524000000000000000e+03 2.064000000000000000e+03 1.449600000000000000e+04 -4.192000000000000000e+03 -3.010000000000000000e+02 9.500000000000000000e+01
1.660000000000000000e+03 2.156000000000000000e+03 1.435200000000000000e+04 -4.176000000000000000e+03 -2.890000000000000000e+02 1.470000000000000000e+02
1.816000000000000000e+03 2.064000000000000000e+03 1.441200000000000000e+04 -4.208000000000000000e+03 -2.850000000000000000e+02 1.650000000000000000e+02
1.904000000000000000e+03 2.160000000000000000e+03 1.436800000000000000e+04 -4.192000000000000000e+03 -2.940000000000000000e+02 1.960000000000000000e+02
1.752000000000000000e+03 2.068000000000000000e+03 1.438000000000000000e+04 -4.192000000000000000e+03 -2.940000000000000000e+02 2.380000000000000000e+02
1.904000000000000000e+03 1.968000000000000000e+03 1.430800000000000000e+04 -4.176000000000000000e+03 -2.950000000000000000e+02 2.800000000000000000e+02
1.720000000000000000e+03 2.116000000000000000e+03 1.446000000000000000e+04 -4.176000000000000000e+03 -3.090000000000000000e+02 2.860000000000000000e+02
1.800000000000000000e+03 2.092000000000000000e+03 1.444000000000000000e+04 -4.208000000000000000e+03 -2.930000000000000000e+02 3.070000000000000000e+02
1.732000000000000000e+03 2.052000000000000000e+03 1.446800000000000000e+04 -4.176000000000000000e+03 -2.910000000000000000e+02 3.180000000000000000e+02
1.792000000000000000e+03 2.068000000000000000e+03 1.447200000000000000e+04 -4.192000000000000000e+03 -3.050000000000000000e+02 3.060000000000000000e+02
1.956000000000000000e+03 2.040000000000000000e+03 1.435200000000000000e+04 -4.192000000000000000e+03 -2.910000000000000000e+02 2.710000000000000000e+02
1.728000000000000000e+03 2.108000000000000000e+03 1.452800000000000000e+04 -4.176000000000000000e+03 -2.850000000000000000e+02 2.470000000000000000e+02
1.884000000000000000e+03 2.048000000000000000e+03 1.458400000000000000e+04 -4.192000000000000000e+03 -2.790000000000000000e+02 1.740000000000000000e+02
1.748000000000000000e+03 2.052000000000000000e+03 1.438400000000000000e+04 -4.208000000000000000e+03 -2.820000000000000000e+02 7.000000000000000000e+01
1.796000000000000000e+03 2.048000000000000000e+03 1.439600000000000000e+04 -4.192000000000000000e+03 -2.600000000000000000e+02 3.500000000000000000e+01
1.560000000000000000e+03 2.084000000000000000e+03 1.433600000000000000e+04 -4.160000000000000000e+03 -2.650000000000000000e+02 -4.300000000000000000e+01
1.688000000000000000e+03 2.032000000000000000e+03 1.456000000000000000e+04 -4.208000000000000000e+03 -2.400000000000000000e+02 -1.070000000000000000e+02
1.532000000000000000e+03 2.096000000000000000e+03 1.447600000000000000e+04 -4.208000000000000000e+03 -2.330000000000000000e+02 -1.560000000000000000e+02
1.560000000000000000e+03 2.020000000000000000e+03 1.450400000000000000e+04 -4.192000000000000000e+03 -2.430000000000000000e+02 -2.010000000000000000e+02
1.476000000000000000e+03 2.032000000000000000e+03 1.447600000000000000e+04 -4.208000000000000000e+03 -2.290000000000000000e+02 -2.070000000000000000e+02
1.412000000000000000e+03 2.136000000000000000e+03 1.452000000000000000e+04 -4.192000000000000000e+03 -2.530000000000000000e+02 -1.890000000000000000e+02
1.580000000000000000e+03 1.996000000000000000e+03 1.425200000000000000e+04 -4.192000000000000000e+03 -2.300000000000000000e+02 -2.000000000000000000e+02
1.552000000000000000e+03 2.036000000000000000e+03 1.434000000000000000e+04 -4.192000000000000000e+03 -2.380000000000000000e+02 -1.790000000000000000e+02
1.812000000000000000e+03 2.084000000000000000e+03 1.436400000000000000e+04 -4.192000000000000000e+03 -2.480000000000000000e+02 -1.420000000000000000e+02
1.768000000000000000e+03 2.036000000000000000e+03 1.442400000000000000e+04 -4.144000000000000000e+03 -2.400000000000000000e+02 -1.270000000000000000e+02
1.680000000000000000e+03 2.180000000000000000e+03 1.434800000000000000e+04 -4.176000000000000000e+03 -2.280000000000000000e+02 -7.100000000000000000e+01
1.772000000000000000e+03 2.108000000000000000e+03 1.434400000000000000e+04 -4.208000000000000000e+03 -2.560000000000000000e+02 -9.000000000000000000e+00
2.020000000000000000e+03 2.080000000000000000e+03 1.432800000000000000e+04 -4.176000000000000000e+03 -2.560000000000000000e+02 4.600000000000000000e+01
1.968000000000000000e+03 1.996000000000000000e+03 1.430800000000000000e+04 -4.208000000000000000e+03 -2.520000000000000000e+02 6.000000000000000000e+01
2.044000000000000000e+03 2.040000000000000000e+03 1.443600000000000000e+04 -4.224000000000000000e+03 -2.510000000000000000e+02 1.300000000000000000e+02
1.892000000000000000e+03 2.160000000000000000e+03 1.434400000000000000e+04 -4.160000000000000000e+03 -2.790000000000000000e+02 1.280000000000000000e+02
2.076000000000000000e+03 1.996000000000000000e+03 1.435600000000000000e+04 -4.192000000000000000e+03 -2.860000000000000000e+02 2.140000000000000000e+02
2.060000000000000000e+03 2.112000000000000000e+03 1.461200000000000000e+04 -4.192000000000000000e+03 -2.820000000000000000e+02 2.290000000000000000e+02
2.164000000000000000e+03 2.104000000000000000e+03 1.431600000000000000e+04 -4.176000000000000000e+03 -2.630000000000000000e+02 2.560000000000000000e+02
2.192000000000000000e+03 2.084000000000000000e+03 1.433200000000000000e+04 -4.176000000000000000e+03 -2.890000000000000000e+02 2.930000000000000000e+02
2.064000000000000000e+03 2.180000000000000000e+03 1.434000000000000000e+04 -4.192000000000000000e+03 -2.960000000000000000e+02 3.070000000000000000e+02
2.072000000000000000e+03 2.096000000000000000e+03 1.431200000000000000e+04 -4.176000000000000000e+03 -2.940000000000000000e+02 3.410000000000000000e+02
2.004000000000000000e+03 2.152000000000000000e+03 1.450000000000000000e+04 -4.192000000000000000e+03 -2.910000000000000000e+02 3.220000000000000000e+02
2.056000000000000000e+03 2.172000000000000000e+03 1.450000000000000000e+04 -4.176000000000000000e+03 -2.910000000000000000e+02 3.020000000000000000e+02
2.128000000000000000e+03 2.072000000000000000e+03 1.445600000000000000e+04 -4.176000000000000000e+03 -2.780000000000000000e+02 3.000000000000000000e+02
2.016000000000000000e+03 2.148000000000000000e+03 1.433200000000000000e+04 -4.160000000000000000e+03 -2.860000000000000000e+02 2.850000000000000000e+02
2.104000000000000000e+03 2.108000000000000000e+03 1.443200000000000000e+04 -4.208000000000000000e+03 -2.810000000000000000e+02 2.750000000000000000e+02
2.004000000000000000e+03 2.100000000000000000e+03 1.446000000000000000e+04 -4.192000000000000000e+03 -3.060000000000000000e+02 2.590000000000000000e+02
2.076000000000000000e+03 1.976000000000000000e+03 1.432800000000000000e+04 -4.240000000000000000e+03 -2.630000000000000000e+02 2.370000000000000000e+02
1.876000000000000000e+03 2.112000000000000000e+03 1.451200000000000000e+04 -4.208000000000000000e+03 -2.910000000000000000e+02 2.030000000000000000e+02
1.824000000000000000e+03 2.120000000000000000e+03 1.437600000000000000e+04 -4.192000000000000000e+03 -2.730000000000000000e+02 1.840000000000000000e+02
1.924000000000000000e+03 2.084000000000000000e+03 1.448800000000000000e+04 -4.176000000000000000e+03 -2.570000000000000000e+02 1.710000000000000000e+02
1.936000000000000000e+03 2.088000000000000000e+03 1.450800000000000000e+04 -4.192000000000000000e+03 -2.690000000000000000e+02 1.510000000000000000e+02
1.828000000000000000e+03 2.076000000000000000e+03 1.450400000000000000e+04 -4.176000000000000000e+03 -2.870000000000000000e+02 1.380000000000000000e+02
1.888000000000000000e+03 2.096000000000000000e+03 1.436800000000000000e+04 -4.176000000000000000e+03 -2.740000000000000000e+02 1.070000000000000000e+02
1.840000000000000000e+03 2.108000000000000000e+03 1.427600000000000000e+04 -4.224000000000000000e+03 -2.610000000000000000e+02 1.160000000000000000e+02
1.804000000000000000e+03 2.096000000000000000e+03 1.436800000000000000e+04 -4.176000000000000000e+03 -2.630000000000000000e+02 7.800000000000000000e+01
1.844000000000000000e+03 2.200000000000000000e+03 1.439200000000000000e+04 -4.192000000000000000e+03 -2.770000000000000000e+02 8.800000000000000000e+01
1.816000000000000000e+03 2.152000000000000000e+03 1.444000000000000000e+04 -4.176000000000000000e+03 -2.600000000000000000e+02 7.300000000000000000e+01
1.924000000000000000e+03 2.168000000000000000e+03 1.439600000000000000e+04 -4.176000000000000000e+03 -2.490000000000000000e+02 9.300000000000000000e+01
