-3.336000000000000000e+03 1.812000000000000000e+03 -1.360000000000000000e+02 -3.872000000000000000e+03 -2.310000000000000000e+02 1.800000000000000000e+02
-3.460000000000000000e+03 1.796000000000000000e+03 1.417600000000000000e+04 -3.904000000000000000e+03 -2.280000000000000000e+02 1.410000000000000000e+02
-3.196000000000000000e+03 1.732000000000000000e+03 1.416800000000000000e+04 -3.936000000000000000e+03 -2.190000000000000000e+02 1.440000000000000000e+02
-3.244000000000000000e+03 1.776000000000000000e+03 1.396400000000000000e+04 -3.872000000000000000e+03 -2.160000000000000000e+02 1.560000000000000000e+02
-3.176000000000000000e+03 1.696000000000000000e+03 1.406400000000000000e+04 -3.904000000000000000e+03 -2.600000000000000000e+02 2.000000000000000000e+02
-3.188000000000000000e+03 1.596000000000000000e+03 1.420000000000000000e+04 -3.872000000000000000e+03 -2.860000000000000000e+02 2.330000000000000000e+02
-3.080000000000000000e+03 -3.888000000000000000e+03 1.383200000000000000e+04 -3.904000000000000000e+03 -3.100000000000000000e+02 2.710000000000000000e+02
-3.052000000000000000e+03 1.680000000000000000e+03 1.406400000000000000e+04 -3.904000000000000000e+03 -3.220000000000000000e+02 3.110000000000000000e+02
8.800000000000000000e+01 1.688000000000000000e+03 1.401600000000000000e+04 -3.872000000000000000e+03 -3.720000000000000000e+02 3.800000000000000000e+02
-3.016000000000000000e+03 1.700000000000000000e+03 1.422800000000000000e+04 -3.936000000000000000e+03 -4.150000000000000000e+02 4.100000000000000000e+02
-2.952000000000000000e+03 1.676000000000000000e+03 1.425200000000000000e+04 -3.904000000000000000e+03 -4.230000000000000000e+02 4.710000000000000000e+02
-2.828000000000000000e+03 1.776000000000000000e+03 1.404000000000000000e+04 -3.904000000000000000e+03 -4.250000000000000000e+02 5.160000000000000000e+02
-3.020000000000000000e+03 1.832000000000000000e+03 1.394400000000000000e+04 -3.872000000000000000e+03 -4.400000000000000000e+02 5.580000000000000000e+02
-3.108000000000000000e+03 1.852000000000000000e+03 1.417600000000000000e+04 -3.888000000000000000e+03 -4.510000000000000000e+02 5.790000000000000000e+02
-3.100000000000000000e+03 1.812000000000000000e+03 1.412400000000000000e+04 -3.872000000000000000e+03 -4.470000000000000000e+02 5.670000000000000000e+02
-3.068000000000000000e+03 1.644000000000000000e+03 1.407600000000000000e+04 -3.920000000000000000e+03 -4.310000000000000000e+02 5.200000000000000000e+02
-3.068000000000000000e+03 1.748000000000000000e+03 1.423200000000000000e+04 -3.872000000000000000e+03 -4.470000000000000000e+02 4.520000000000000000e+02
-3.232000000000000000e+03 1.692000000000000000e+03 1.402000000000000000e+04 -3.888000000000000000e+03 -4.460000000000000000e+02 4.110000000000000000e+02
-3.156000000000000000e+03 1.740000000000000000e+03 1.409600000000000000e+04 -3.904000000000000000e+03 -4.120000000000000000e+02 3.170000000000000000e+02
-3.236000000000000000e+03 1.768000000000000000e+03 1.396400000000000000e+04 -3.920000000000000000e+03 -3.980000000000000000e+02 2.250000000000000000e+02
-3.156000000000000000e+03 1.832000000000000000e+03 1.406400000000000000e+04 -3.904000000000000000e+03 -3.660000000000000000e+02 1.700000000000000000e+01
-3.144000000000000000e+03 1.696000000000000000e+03 1.417600000000000000e+04 -3.888000000000000000e+03 -3.760000000000000000e+02 -2.570000000000000000e+02
-3.180000000000000000e+03 1.804000000000000000e+03 1.417600000000000000e+04 -3.904000000000000000e+03 -3.790000000000000000e+02 -6.070000000000000000e+02
-3.192000000000000000e+03 1.848000000000000000e+03 1.393200000000000000e+04 -3.888000000000000000e+03 -3.250000000000000000e+02 -8.600000000000000000e+02
-3.120000000000000000e+03 1.928000000000000000e+03 1.398000000000000000e+04 -3.904000000000000000e+03 -2.700000000000000000e+02 -1.047000000000000000e+03
-3.092000000000000000e+03 1.828000000000000000e+03 1.398400000000000000e+04 -3.888000000000000000e+03 -1.990000000000000000e+02 -9.950000000000000000e+02
-3.108000000000000000e+03 1.620000000000000000e+03 1.398800000000000000e+04 -3.904000000000000000e+03 -1.660000000000000000e+02 -8.070000000000000000e+02
-3.200000000000000000e+03 1.796000000000000000e+03 1.391200000000000000e+04 -3.888000000000000000e+03 -1.510000000000000000e+02 -6.600000000000000000e+02
-3.008000000000000000e+03 1.728000000000000000e+03 1.390400000000000000e+04 -3.904000000000000000e+03 -1.650000000000000000e+02 -5.790000000000000000e+02
-3.120000000000000000e+03 1.744000000000000000e+03 1.399600000000000000e+04 -3.888000000000000000e+03 -1.670000000000000000e+02 -4.860000000000000000e+02
-3.052000000000000000e+03 1.620000000000000000e+03 1.396800000000000000e+04 -3.888000000000000000e+03 -1.300000000000000000e+02 -2.550000000000000000e+02
-3.288000000000000000e+03 1.600000000000000000e+03 1.426400000000000000e+04 -3.904000000000000000e+03 -1.560000000000000000e+02 -1.020000000000000000e+02
-3.304000000000000000e+03 1.612000000000000000e+03 1.430400000000000000e+04 -3.888000000000000000e+03 -1.370000000000000000e+02 -1.900000000000000000e+01
-3.464000000000000000e+03 1.532000000000000000e+03 1.388400000000000000e+04 -3.904000000000000000e+03 -1.400000000000000000e+02 -2.400000000000000000e+01
-3.368000000000000000e+03 1.564000000000000000e+03 1.377600000000000000e+04 -3.888000000000000000e+03 -1.630000000000000000e+02 -1.600000000000000000e+01
-3.344000000000000000e+03 1.540000000000000000e+03 1.384000000000000000e+04 -3.920000000000000000e+03 -1.390000000000000000e+02 -2.300000000000000000e+01
-3.404000000000000000e+03 1.484000000000000000e+03 1.386800000000000000e+04 -3.920000000000000000e+03 -1.450000000000000000e+02 -7.300000000000000000e+01
-3.416000000000000000e+03 1.656000000000000000e+03 1.403600000000000000e+04 -3.872000000000000000e+03 -1.640000000000000000e+02 -1.570000000000000000e+02
-3.420000000000000000e+03 1.644000000000000000e+03 1.394800000000000000e+04 -3.888000000000000000e+03 -1.770000000000000000e+02 -3.360000000000000000e+02
-3.412000000000000000e+03 1.464000000000000000e+03 1.403200000000000000e+04 -3.888000000000000000e+03 -1.740000000000000000e+02 -4.360000000000000000e+02
-3.476000000000000000e+03 1.492000000000000000e+03 1.410000000000000000e+04 -3.904000000000000000e+03 -1.740000000000000000e+02 -5.530000000000000000e+02
-3.448000000000000000e+03 1.520000000000000000e+03 1.409600000000000000e+04 -3.872000000000000000e+03 -1.910000000000000000e+02 -6.350000000000000000e+02
-3.476000000000000000e+03 1.572000000000000000e+03 1.407200000000000000e+04 -3.920000000000000000e+03 -2.000000000000000000e+02 -6.470000000000000000e+02
-3.364000000000000000e+03 1.568000000000000000e+03 1.403200000000000000e+04 -3.856000000000000000e+03 -1.890000000000000000e+02 -5.600000000000000000e+02
-3.208000000000000000e+03 1.400000000000000000e+03 1.412800000000000000e+04 -3.920000000000000000e+03 -2.690000000000000000e+02 -2.850000000000000000e+02
-3.128000000000000000e+03 1.408000000000000000e+03 1.413200000000000000e+04 -3.904000000000000000e+03 -2.960000000000000000e+02 -9.100000000000000000e+01
-3.052000000000000000e+03 1.564000000000000000e+03 1.427200000000000000e+04 -3.920000000000000000e+03 -3.600000000000000000e+02 2.000000000000000000e+00
-2.916000000000000000e+03 1.568000000000000000e+03 1.420000000000000000e+04 -3.904000000000000000e+03 -4.220000000000000000e+02 9.200000000000000000e+01
-2.704000000000000000e+03 1.548000000000000000e+03 1.422800000000000000e+04 -3.872000000000000000e+03 -4.680000000000000000e+02 1.480000000000000000e+02
-2.484000000000000000e+03 1.624000000000000000e+03 1.411200000000000000e+04 -3.888000000000000000e+03 -5.560000000000000000e+02 2.670000000000000000e+02
-2.768000000000000000e+03 1.528000000000000000e+03 1.425200000000000000e+04 -3.920000000000000000e+03 -5.830000000000000000e+02 3.840000000000000000e+02
-2.812000000000000000e+03 1.668000000000000000e+03 1.424000000000000000e+04 -3.888000000000000000e+03 -6.370000000000000000e+02 4.920000000000000000e+02
-2.720000000000000000e+03 1.692000000000000000e+03 1.442400000000000000e+04 -3.872000000000000000e+03 -6.410000000000000000e+02 5.160000000000000000e+02
-2.608000000000000000e+03 1.608000000000000000e+03 1.459600000000000000e+04 -3.888000000000000000e+03 -6.290000000000000000e+02 5.480000000000000000e+02
-2.708000000000000000e+03 1.648000000000000000e+03 1.452000000000000000e+04 -3.888000000000000000e+03 -5.940000000000000000e+02 6.400000000000000000e+02
-2.772000000000000000e+03 1.624000000000000000e+03 1.438400000000000000e+04 -3.856000000000000000e+03 -5.390000000000000000e+02 7.590000000000000000e+02
-2.788000000000000000e+03 1.800000000000000000e+03 1.419600000000000000e+04 -3.872000000000000000e+03 -4.220000000000000000e+02 8.440000000000000000e+02
-2.768000000000000000e+03 1.824000000000000000e+03 1.447600000000000000e+04 -3.904000000000000000e+03 -3.730000000000000000e+02 7.980000000000000000e+02
-2.508000000000000000e+03 1.812000000000000000e+03 1.443200000000000000e+04 -3.904000000000000000e+03 -3.020000000000000000e+02 7.700000000000000000e+02
-2.384000000000000000e+03 1.748000000000000000e+03 1.465200000000000000e+04 -3.904000000000000000e+03 -2.110000000000000000e+02 6.300000000000000000e+02
-2.432000000000000000e+03 1.788000000000000000e+03 1.444000000000000000e+04 -3.936000000000000000e+03 -1.570000000000000000e+02 4.490000000000000000e+02
-2.336000000000000000e+03 1.824000000000000000e+03 1.425600000000000000e+04 -3.904000000000000000e+03 -8.800000000000000000e+01 2.250000000000000000e+02
-2.312000000000000000e+03 1.788000000000000000e+03 1.410400000000000000e+04 -3.872000000000000000e+03 -2.700000000000000000e+01 4.300000000000000000e+01
-2.236000000000000000e+03 1.924000000000000000e+03 1.417600000000000000e+04 -3.904000000000000000e+03 2.800000000000000000e+01 -1.160000000000000000e+02
-2.308000000000000000e+03 1.872000000000000000e+03 1.397200000000000000e+04 -3.872000000000000000e+03 8.800000000000000000e+01 -1.820000000000000000e+02
