7.108000000000000000e+03 2.160000000000000000e+03 1.374400000000000000e+04 -3.856000000000000000e+03 -2.650000000000000000e+02 6.500000000000000000e+01
6.944000000000000000e+03 2.376000000000000000e+03 1.368000000000000000e+04 -3.872000000000000000e+03 -2.910000000000000000e+02 -1.900000000000000000e+01
6.828000000000000000e+03 2.384000000000000000e+03 1.369600000000000000e+04 -3.856000000000000000e+03 -2.990000000000000000e+02 -1.180000000000000000e+02
6.976000000000000000e+03 2.248000000000000000e+03 1.360000000000000000e+04 -3.856000000000000000e+03 -3.200000000000000000e+02 -2.210000000000000000e+02
6.956000000000000000e+03 2.192000000000000000e+03 1.372800000000000000e+04 -3.856000000000000000e+03 -3.120000000000000000e+02 -3.760000000000000000e+02
6.960000000000000000e+03 2.252000000000000000e+03 1.368400000000000000e+04 -3.888000000000000000e+03 -2.580000000000000000e+02 -4.620000000000000000e+02
6.780000000000000000e+03 2.428000000000000000e+03 1.369200000000000000e+04 -3.872000000000000000e+03 -2.230000000000000000e+02 -4.800000000000000000e+02
6.592000000000000000e+03 2.540000000000000000e+03 1.386400000000000000e+04 -3.856000000000000000e+03 -1.960000000000000000e+02 -3.930000000000000000e+02
6.568000000000000000e+03 2.692000000000000000e+03 1.375600000000000000e+04 -3.904000000000000000e+03 -1.650000000000000000e+02 -2.140000000000000000e+02
6.472000000000000000e+03 2.712000000000000000e+03 1.337600000000000000e+04 -3.856000000000000000e+03 -1.710000000000000000e+02 -4.300000000000000000e+01
6.256000000000000000e+03 2.560000000000000000e+03 1.342000000000000000e+04 -3.856000000000000000e+03 -1.640000000000000000e+02 1.200000000000000000e+02
6.336000000000000000e+03 2.568000000000000000e+03 1.352800000000000000e+04 -3.808000000000000000e+03 -1.560000000000000000e+02 2.540000000000000000e+02
6.180000000000000000e+03 2.652000000000000000e+03 1.331600000000000000e+04 -3.856000000000000000e+03 -2.070000000000000000e+02 3.860000000000000000e+02
5.936000000000000000e+03 2.720000000000000000e+03 1.326800000000000000e+04 -3.856000000000000000e+03 -2.790000000000000000e+02 5.050000000000000000e+02
5.864000000000000000e+03 2.748000000000000000e+03 1.310000000000000000e+04 -3.872000000000000000e+03 -2.950000000000000000e+02 5.900000000000000000e+02
6.000000000000000000e+03 2.808000000000000000e+03 1.318800000000000000e+04 -3.904000000000000000e+03 -3.380000000000000000e+02 6.550000000000000000e+02
5.956000000000000000e+03 2.676000000000000000e+03 1.329200000000000000e+04 -3.856000000000000000e+03 -3.800000000000000000e+02 7.160000000000000000e+02
6.076000000000000000e+03 2.796000000000000000e+03 1.349600000000000000e+04 -3.888000000000000000e+03 -3.890000000000000000e+02 7.800000000000000000e+02
6.176000000000000000e+03 2.792000000000000000e+03 1.350400000000000000e+04 -3.856000000000000000e+03 -3.860000000000000000e+02 7.810000000000000000e+02
5.968000000000000000e+03 2.560000000000000000e+03 1.356400000000000000e+04 -3.856000000000000000e+03 -4.150000000000000000e+02 5.870000000000000000e+02
5.916000000000000000e+03 2.616000000000000000e+03 1.338000000000000000e+04 -3.888000000000000000e+03 -4.240000000000000000e+02 3.870000000000000000e+02
6.084000000000000000e+03 2.736000000000000000e+03 1.372400000000000000e+04 -3.824000000000000000e+03 -4.270000000000000000e+02 3.000000000000000000e+01
6.172000000000000000e+03 2.728000000000000000e+03 1.362800000000000000e+04 -3.856000000000000000e+03 -4.490000000000000000e+02 -1.960000000000000000e+02
6.232000000000000000e+03 2.796000000000000000e+03 1.346000000000000000e+04 -3.856000000000000000e+03 -4.390000000000000000e+02 -4.400000000000000000e+02
6.256000000000000000e+03 2.652000000000000000e+03 1.322400000000000000e+04 -3.856000000000000000e+03 -4.060000000000000000e+02 -4.580000000000000000e+02
6.232000000000000000e+03 2.820000000000000000e+03 1.318400000000000000e+04 -3.824000000000000000e+03 -3.690000000000000000e+02 -4.310000000000000000e+02
6.080000000000000000e+03 3.016000000000000000e+03 1.326800000000000000e+04 -3.872000000000000000e+03 -3.670000000000000000e+02 -3.720000000000000000e+02
6.096000000000000000e+03 3.056000000000000000e+03 1.341600000000000000e+04 -3.856000000000000000e+03 -2.940000000000000000e+02 -3.800000000000000000e+02
6.076000000000000000e+03 2.844000000000000000e+03 1.339200000000000000e+04 -3.872000000000000000e+03 -2.310000000000000000e+02 -3.640000000000000000e+02
5.940000000000000000e+03 2.672000000000000000e+03 1.322400000000000000e+04 -3.872000000000000000e+03 -2.230000000000000000e+02 -2.940000000000000000e+02
5.960000000000000000e+03 2.692000000000000000e+03 1.337200000000000000e+04 -3.888000000000000000e+03 -2.320000000000000000e+02 -2.150000000000000000e+02
5.968000000000000000e+03 2.608000000000000000e+03 1.344400000000000000e+04 -3.888000000000000000e+03 -2.350000000000000000e+02 -2.670000000000000000e+02
6.064000000000000000e+03 2.668000000000000000e+03 1.348000000000000000e+04 -3.840000000000000000e+03 -2.560000000000000000e+02 -3.620000000000000000e+02
6.204000000000000000e+03 2.516000000000000000e+03 1.336000000000000000e+04 -3.856000000000000000e+03 -2.410000000000000000e+02 -5.700000000000000000e+02
6.328000000000000000e+03 2.832000000000000000e+03 1.338800000000000000e+04 -3.888000000000000000e+03 -2.740000000000000000e+02 -8.690000000000000000e+02
6.280000000000000000e+03 2.824000000000000000e+03 1.320400000000000000e+04 -3.840000000000000000e+03 -2.640000000000000000e+02 -1.127000000000000000e+03
5.956000000000000000e+03 2.932000000000000000e+03 1.298000000000000000e+04 -3.824000000000000000e+03 -2.770000000000000000e+02 -1.261000000000000000e+03
6.232000000000000000e+03 2.836000000000000000e+03 1.310400000000000000e+04 -3.888000000000000000e+03 -2.270000000000000000e+02 -1.223000000000000000e+03
6.108000000000000000e+03 2.968000000000000000e+03 1.319600000000000000e+04 -3.856000000000000000e+03 -2.410000000000000000e+02 -9.120000000000000000e+02
5.828000000000000000e+03 2.744000000000000000e+03 1.324800000000000000e+04 -3.856000000000000000e+03 -1.910000000000000000e+02 -4.880000000000000000e+02
5.780000000000000000e+03 2.888000000000000000e+03 1.320400000000000000e+04 -3.824000000000000000e+03 -1.490000000000000000e+02 -1.500000000000000000e+01
5.936000000000000000e+03 2.908000000000000000e+03 1.323600000000000000e+04 -3.888000000000000000e+03 -1.430000000000000000e+02 3.310000000000000000e+02
5.968000000000000000e+03 2.816000000000000000e+03 1.333600000000000000e+04 -3.920000000000000000e+03 -1.080000000000000000e+02 6.000000000000000000e+02
