1.324000000000000000e+03 2.312000000000000000e+03 1.452000000000000000e+04 -4.160000000000000000e+03 -2.900000000000000000e+02 2.770000000000000000e+02
1.208000000000000000e+03 2.240000000000000000e+03 1.406400000000000000e+04 -4.144000000000000000e+03 -2.870000000000000000e+02 7.000000000000000000e+01
1.384000000000000000e+03 2.164000000000000000e+03 1.404000000000000000e+04 -4.144000000000000000e+03 -2.680000000000000000e+02 -8.700000000000000000e+01
1.184000000000000000e+03 2.180000000000000000e+03 1.432800000000000000e+04 -4.144000000000000000e+03 -2.250000000000000000e+02 -1.660000000000000000e+02
1.016000000000000000e+03 2.164000000000000000e+03 1.444400000000000000e+04 -4.144000000000000000e+03 -2.400000000000000000e+02 -1.870000000000000000e+02
1.112000000000000000e+03 2.216000000000000000e+03 1.476800000000000000e+04 -4.144000000000000000e+03 -2.290000000000000000e+02 -9.700000000000000000e+01
1.028000000000000000e+03 2.196000000000000000e+03 1.478000000000000000e+04 -4.144000000000000000e+03 -2.260000000000000000e+02 1.940000000000000000e+02
1.104000000000000000e+03 2.312000000000000000e+03 1.456400000000000000e+04 -4.176000000000000000e+03 -2.310000000000000000e+02 5.860000000000000000e+02
1.172000000000000000e+03 2.200000000000000000e+03 1.448000000000000000e+04 -4.160000000000000000e+03 -3.210000000000000000e+02 5.870000000000000000e+02
9.720000000000000000e+02 2.000000000000000000e+03 1.475600000000000000e+04 -4.128000000000000000e+03 -3.350000000000000000e+02 6.560000000000000000e+02
5.280000000000000000e+02 2.212000000000000000e+03 1.460000000000000000e+04 -4.160000000000000000e+03 -3.320000000000000000e+02 6.940000000000000000e+02
3.600000000000000000e+02 2.152000000000000000e+03 1.447200000000000000e+04 -4.160000000000000000e+03 -2.970000000000000000e+02 6.270000000000000000e+02
5.440000000000000000e+02 2.268000000000000000e+03 1.439600000000000000e+04 -4.144000000000000000e+03 -2.800000000000000000e+02 6.490000000000000000e+02
4.760000000000000000e+02 2.256000000000000000e+03 1.464400000000000000e+04 -4.144000000000000000e+03 -2.940000000000000000e+02 6.370000000000000000e+02
8.240000000000000000e+02 2.148000000000000000e+03 1.455600000000000000e+04 -4.176000000000000000e+03 -3.090000000000000000e+02 2.650000000000000000e+02
9.560000000000000000e+02 2.360000000000000000e+03 1.428800000000000000e+04 -4.144000000000000000e+03 -3.080000000000000000e+02 3.370000000000000000e+02
8.120000000000000000e+02 2.156000000000000000e+03 1.413200000000000000e+04 -4.144000000000000000e+03 -3.010000000000000000e+02 6.500000000000000000e+01
9.960000000000000000e+02 2.172000000000000000e+03 1.403600000000000000e+04 -4.144000000000000000e+03 -2.890000000000000000e+02 -1.810000000000000000e+02
7.760000000000000000e+02 2.108000000000000000e+03 1.434400000000000000e+04 -4.160000000000000000e+03 -2.490000000000000000e+02 -3.920000000000000000e+02
7.440000000000000000e+02 2.188000000000000000e+03 1.448400000000000000e+04 -4.144000000000000000e+03 -2.240000000000000000e+02 -5.380000000000000000e+02
6.400000000000000000e+02 2.236000000000000000e+03 1.454400000000000000e+04 -4.144000000000000000e+03 -2.150000000000000000e+02 -5.990000000000000000e+02
6.120000000000000000e+02 2.340000000000000000e+03 1.450000000000000000e+04 -4.160000000000000000e+03 -2.080000000000000000e+02 -5.320000000000000000e+02
9.160000000000000000e+02 2.300000000000000000e+03 1.433200000000000000e+04 -4.176000000000000000e+03 -2.380000000000000000e+02 -3.560000000000000000e+02
9.480000000000000000e+02 2.184000000000000000e+03 1.444000000000000000e+04 -4.192000000000000000e+03 -2.670000000000000000e+02 -1.460000000000000000e+02
9.880000000000000000e+02 2.140000000000000000e+03 1.457600000000000000e+04 -4.144000000000000000e+03 -2.990000000000000000e+02 5.900000000000000000e+01
6.480000000000000000e+02 2.172000000000000000e+03 1.487600000000000000e+04 -4.112000000000000000e+03 -3.190000000000000000e+02 3.020000000000000000e+02
4.880000000000000000e+02 2.080000000000000000e+03 1.469200000000000000e+04 -4.160000000000000000e+03 -3.470000000000000000e+02 4.880000000000000000e+02
3.000000000000000000e+02 2.108000000000000000e+03 1.468000000000000000e+04 -4.176000000000000000e+03 -3.390000000000000000e+02 7.080000000000000000e+02
1.200000000000000000e+02 2.212000000000000000e+03 1.430800000000000000e+04 -4.128000000000000000e+03 -3.810000000000000000e+02 7.800000000000000000e+02
1.640000000000000000e+02 2.208000000000000000e+03 1.445600000000000000e+04 -4.176000000000000000e+03 -3.950000000000000000e+02 8.170000000000000000e+02
3.720000000000000000e+02 2.268000000000000000e+03 1.458000000000000000e+04 -4.144000000000000000e+03 -4.300000000000000000e+02 7.850000000000000000e+02
5.200000000000000000e+02 2.072000000000000000e+03 1.433600000000000000e+04 -4.176000000000000000e+03 -4.070000000000000000e+02 7.540000000000000000e+02
6.200000000000000000e+02 1.988000000000000000e+03 1.455200000000000000e+04 -4.176000000000000000e+03 -3.850000000000000000e+02 6.230000000000000000e+02
7.680000000000000000e+02 2.028000000000000000e+03 1.448800000000000000e+04 -4.144000000000000000e+03 -3.680000000000000000e+02 4.740000000000000000e+02
6.840000000000000000e+02 2.132000000000000000e+03 1.451200000000000000e+04 -4.128000000000000000e+03 -3.640000000000000000e+02 2.930000000000000000e+02
8.200000000000000000e+02 2.000000000000000000e+03 1.450000000000000000e+04 -4.160000000000000000e+03 -3.320000000000000000e+02 1.090000000000000000e+02
8.760000000000000000e+02 2.020000000000000000e+03 1.444000000000000000e+04 -4.160000000000000000e+03 -3.150000000000000000e+02 -1.100000000000000000e+01
7.240000000000000000e+02 2.144000000000000000e+03 1.435200000000000000e+04 -4.160000000000000000e+03 -2.810000000000000000e+02 -1.680000000000000000e+02
7.760000000000000000e+02 2.088000000000000000e+03 1.443600000000000000e+04 -4.176000000000000000e+03 -2.540000000000000000e+02 -2.100000000000000000e+02
7.560000000000000000e+02 2.036000000000000000e+03 1.464800000000000000e+04 -4.144000000000000000e+03 -2.280000000000000000e+02 -2.510000000000000000e+02
8.160000000000000000e+02 2.004000000000000000e+03 1.472800000000000000e+04 -4.176000000000000000e+03 -2.430000000000000000e+02 -2.410000000000000000e+02
5.960000000000000000e+02 2.152000000000000000e+03 1.442800000000000000e+04 -4.128000000000000000e+03 -2.500000000000000000e+02 -1.660000000000000000e+02
5.400000000000000000e+02 2.052000000000000000e+03 1.448800000000000000e+04 -4.144000000000000000e+03 -2.240000000000000000e+02 -8.800000000000000000e+01
5.240000000000000000e+02 2.036000000000000000e+03 1.426800000000000000e+04 -4.144000000000000000e+03 -2.180000000000000000e+02 -2.900000000000000000e+01
4.280000000000000000e+02 2.040000000000000000e+03 1.446400000000000000e+04 -4.128000000000000000e+03 -2.330000000000000000e+02 -1.800000000000000000e+01
2.800000000000000000e+02 2.060000000000000000e+03 1.450800000000000000e+04 -4.144000000000000000e+03 -2.530000000000000000e+02 -1.300000000000000000e+01
4.000000000000000000e+02 2.116000000000000000e+03 1.437600000000000000e+04 -4.144000000000000000e+03 -2.310000000000000000e+02 -3.300000000000000000e+01
4.440000000000000000e+02 2.048000000000000000e+03 1.448000000000000000e+04 -4.144000000000000000e+03 -2.320000000000000000e+02 -8.400000000000000000e+01
3.000000000000000000e+02 2.112000000000000000e+03 1.432400000000000000e+04 -4.144000000000000000e+03 -2.330000000000000000e+02 -6.700000000000000000e+01
3.600000000000000000e+02 2.044000000000000000e+03 1.435200000000000000e+04 -4.176000000000000000e+03 -2.310000000000000000e+02 2.100000000000000000e+01
4.400000000000000000e+02 2.188000000000000000e+03 1.447200000000000000e+04 -4.144000000000000000e+03 -2.260000000000000000e+02 1.590000000000000000e+02
4.760000000000000000e+02 2.104000000000000000e+03 1.466800000000000000e+04 -4.144000000000000000e+03 -2.650000000000000000e+02 3.040000000000000000e+02
6.560000000000000000e+02 2.172000000000000000e+03 1.476800000000000000e+04 -4.144000000000000000e+03 -3.290000000000000000e+02 4.200000000000000000e+02
5.800000000000000000e+02 2.188000000000000000e+03 1.466000000000000000e+04 -4.160000000000000000e+03 -2.970000000000000000e+02 5.050000000000000000e+02
7.040000000000000000e+02 2.224000000000000000e+03 1.437200000000000000e+04 -4.128000000000000000e+03 -3.110000000000000000e+02 5.780000000000000000e+02
6.160000000000000000e+02 2.164000000000000000e+03 1.418400000000000000e+04 -4.144000000000000000e+03 -2.810000000000000000e+02 5.600000000000000000e+02
5.000000000000000000e+02 2.048000000000000000e+03 1.429200000000000000e+04 -4.144000000000000000e+03 -2.590000000000000000e+02 5.270000000000000000e+02
5.320000000000000000e+02 2.056000000000000000e+03 1.452800000000000000e+04 -4.144000000000000000e+03 -2.600000000000000000e+02 4.770000000000000000e+02
5.600000000000000000e+02 2.036000000000000000e+03 1.462000000000000000e+04 -4.160000000000000000e+03 -2.870000000000000000e+02 4.020000000000000000e+02
5.080000000000000000e+02 2.160000000000000000e+03 1.435200000000000000e+04 -4.144000000000000000e+03 -2.510000000000000000e+02 3.660000000000000000e+02
7.280000000000000000e+02 2.256000000000000000e+03 1.425200000000000000e+04 -4.144000000000000000e+03 -2.490000000000000000e+02 3.020000000000000000e+02
7.520000000000000000e+02 2.112000000000000000e+03 1.427600000000000000e+04 -4.144000000000000000e+03 -2.780000000000000000e+02 2.580000000000000000e+02
7.520000000000000000e+02 2.120000000000000000e+03 1.458400000000000000e+04 -4.160000000000000000e+03 -2.580000000000000000e+02 2.700000000000000000e+02
9.560000000000000000e+02 2.144000000000000000e+03 1.445200000000000000e+04 -4.160000000000000000e+03 -2.710000000000000000e+02 2.600000000000000000e+02
8.520000000000000000e+02 2.192000000000000000e+03 1.458800000000000000e+04 -4.128000000000000000e+03 -3.130000000000000000e+02 2.070000000000000000e+02
1.036000000000000000e+03 2.140000000000000000e+03 1.413200000000000000e+04 -4.144000000000000000e+03 -3.000000000000000000e+02 1.650000000000000000e+02
9.680000000000000000e+02 2.200000000000000000e+03 1.458400000000000000e+04 -4.176000000000000000e+03 -3.270000000000000000e+02 1.400000000000000000e+02
8.120000000000000000e+02 2.144000000000000000e+03 1.443200000000000000e+04 -4.176000000000000000e+03 -3.320000000000000000e+02 1.230000000000000000e+02
8.000000000000000000e+02 2.160000000000000000e+03 1.463600000000000000e+04 -4.128000000000000000e+03 -3.550000000000000000e+02 1.000000000000000000e+02
5.040000000000000000e+02 2.048000000000000000e+03 1.472800000000000000e+04 -4.128000000000000000e+03 -3.600000000000000000e+02 1.010000000000000000e+02
5.520000000000000000e+02 2.120000000000000000e+03 1.464400000000000000e+04 -4.128000000000000000e+03 -3.580000000000000000e+02 7.400000000000000000e+01
4.680000000000000000e+02 2.132000000000000000e+03 1.448000000000000000e+04 -4.144000000000000000e+03 -3.700000000000000000e+02 9.800000000000000000e+01
7.160000000000000000e+02 2.080000000000000000e+03 1.449600000000000000e+04 -4.112000000000000000e+03 -3.410000000000000000e+02 9.600000000000000000e+01
6.080000000000000000e+02 2.116000000000000000e+03 1.462400000000000000e+04 -4.176000000000000000e+03 -4.080000000000000000e+02 1.290000000000000000e+02
