1.864000000000000000e+03 2.320000000000000000e+03 1.413600000000000000e+04 -4.064000000000000000e+03 -2.740000000000000000e+02 -3.580000000000000000e+02
1.988000000000000000e+03 2.396000000000000000e+03 1.428800000000000000e+04 -4.080000000000000000e+03 -2.320000000000000000e+02 -2.530000000000000000e+02
1.820000000000000000e+03 2.288000000000000000e+03 1.455600000000000000e+04 -4.080000000000000000e+03 -1.890000000000000000e+02 -1.340000000000000000e+02
1.940000000000000000e+03 2.400000000000000000e+03 1.465200000000000000e+04 -4.064000000000000000e+03 -1.780000000000000000e+02 -1.900000000000000000e+01
-4.930000000000000000e+02 1.351000000000000000e+03 1.458800000000000000e+04 -4.080000000000000000e+03 -1.540000000000000000e+02 8.400000000000000000e+01
1.620000000000000000e+03 2.316000000000000000e+03 1.437200000000000000e+04 -4.080000000000000000e+03 -1.610000000000000000e+02 1.580000000000000000e+02
1.436000000000000000e+03 2.216000000000000000e+03 1.437600000000000000e+04 -4.048000000000000000e+03 -1.560000000000000000e+02 1.780000000000000000e+02
1.404000000000000000e+03 2.132000000000000000e+03 1.450800000000000000e+04 -4.080000000000000000e+03 -1.520000000000000000e+02 2.020000000000000000e+02
1.316000000000000000e+03 2.164000000000000000e+03 1.455200000000000000e+04 -4.080000000000000000e+03 -1.800000000000000000e+02 2.370000000000000000e+02
1.268000000000000000e+03 2.140000000000000000e+03 1.437600000000000000e+04 -4.080000000000000000e+03 -1.790000000000000000e+02 2.800000000000000000e+02
1.196000000000000000e+03 2.104000000000000000e+03 1.435600000000000000e+04 -4.048000000000000000e+03 -2.050000000000000000e+02 2.560000000000000000e+02
1.088000000000000000e+03 2.164000000000000000e+03 1.422000000000000000e+04 -4.064000000000000000e+03 -2.030000000000000000e+02 2.570000000000000000e+02
1.284000000000000000e+03 2.288000000000000000e+03 1.444000000000000000e+04 -4.064000000000000000e+03 -2.010000000000000000e+02 2.080000000000000000e+02
1.368000000000000000e+03 2.216000000000000000e+03 1.432800000000000000e+04 -4.064000000000000000e+03 -2.090000000000000000e+02 1.460000000000000000e+02
1.576000000000000000e+03 2.284000000000000000e+03 1.429600000000000000e+04 -4.080000000000000000e+03 -2.250000000000000000e+02 7.800000000000000000e+01
1.560000000000000000e+03 2.328000000000000000e+03 1.437600000000000000e+04 -4.080000000000000000e+03 -2.540000000000000000e+02 4.400000000000000000e+01
1.508000000000000000e+03 2.308000000000000000e+03 1.442800000000000000e+04 -4.064000000000000000e+03 -2.310000000000000000e+02 9.000000000000000000e+01
1.616000000000000000e+03 2.304000000000000000e+03 1.444000000000000000e+04 -4.064000000000000000e+03 -2.680000000000000000e+02 1.320000000000000000e+02
1.688000000000000000e+03 2.264000000000000000e+03 1.433200000000000000e+04 -4.112000000000000000e+03 -2.610000000000000000e+02 1.350000000000000000e+02
1.780000000000000000e+03 2.324000000000000000e+03 1.441200000000000000e+04 -4.064000000000000000e+03 -2.160000000000000000e+02 2.050000000000000000e+02
1.676000000000000000e+03 2.340000000000000000e+03 1.439600000000000000e+04 -4.048000000000000000e+03 -2.640000000000000000e+02 2.750000000000000000e+02
1.640000000000000000e+03 2.312000000000000000e+03 1.439600000000000000e+04 -4.080000000000000000e+03 -2.160000000000000000e+02 3.310000000000000000e+02
1.848000000000000000e+03 2.316000000000000000e+03 1.436400000000000000e+04 -4.064000000000000000e+03 -2.530000000000000000e+02 3.690000000000000000e+02
1.756000000000000000e+03 2.336000000000000000e+03 1.447200000000000000e+04 -4.080000000000000000e+03 -2.340000000000000000e+02 3.390000000000000000e+02
1.624000000000000000e+03 2.376000000000000000e+03 1.449200000000000000e+04 -4.080000000000000000e+03 -2.560000000000000000e+02 2.880000000000000000e+02
1.644000000000000000e+03 2.292000000000000000e+03 1.442000000000000000e+04 -4.080000000000000000e+03 -2.420000000000000000e+02 1.430000000000000000e+02
1.400000000000000000e+03 2.312000000000000000e+03 1.456400000000000000e+04 -4.080000000000000000e+03 -2.640000000000000000e+02 -2.100000000000000000e+01
1.752000000000000000e+03 2.304000000000000000e+03 1.446400000000000000e+04 -4.064000000000000000e+03 -2.820000000000000000e+02 -1.910000000000000000e+02
1.688000000000000000e+03 2.312000000000000000e+03 1.439200000000000000e+04 -4.048000000000000000e+03 -3.150000000000000000e+02 -2.730000000000000000e+02
1.656000000000000000e+03 2.352000000000000000e+03 1.430800000000000000e+04 -4.096000000000000000e+03 -3.090000000000000000e+02 -3.130000000000000000e+02
1.640000000000000000e+03 2.376000000000000000e+03 1.435600000000000000e+04 -4.080000000000000000e+03 -2.740000000000000000e+02 -2.600000000000000000e+02
1.720000000000000000e+03 2.280000000000000000e+03 1.432000000000000000e+04 -4.080000000000000000e+03 -2.580000000000000000e+02 -1.790000000000000000e+02
1.868000000000000000e+03 2.312000000000000000e+03 1.443200000000000000e+04 -4.064000000000000000e+03 -2.570000000000000000e+02 -4.500000000000000000e+01
1.960000000000000000e+03 2.392000000000000000e+03 1.453600000000000000e+04 -4.048000000000000000e+03 -2.420000000000000000e+02 1.060000000000000000e+02
1.792000000000000000e+03 2.324000000000000000e+03 1.464400000000000000e+04 -4.048000000000000000e+03 -2.600000000000000000e+02 2.200000000000000000e+02
1.840000000000000000e+03 2.312000000000000000e+03 1.430800000000000000e+04 -4.032000000000000000e+03 -2.520000000000000000e+02 3.830000000000000000e+02
1.936000000000000000e+03 2.452000000000000000e+03 1.414000000000000000e+04 -4.048000000000000000e+03 -2.310000000000000000e+02 5.840000000000000000e+02
2.044000000000000000e+03 2.400000000000000000e+03 1.432800000000000000e+04 -4.064000000000000000e+03 -2.480000000000000000e+02 7.260000000000000000e+02
1.768000000000000000e+03 2.404000000000000000e+03 1.463200000000000000e+04 -4.064000000000000000e+03 -2.720000000000000000e+02 9.050000000000000000e+02
1.616000000000000000e+03 2.252000000000000000e+03 1.470400000000000000e+04 -4.064000000000000000e+03 -2.960000000000000000e+02 9.910000000000000000e+02
1.580000000000000000e+03 2.260000000000000000e+03 1.473600000000000000e+04 -4.048000000000000000e+03 -3.300000000000000000e+02 1.002000000000000000e+03
1.732000000000000000e+03 2.480000000000000000e+03 1.444400000000000000e+04 -4.096000000000000000e+03 -3.470000000000000000e+02 9.560000000000000000e+02
1.568000000000000000e+03 2.316000000000000000e+03 1.416800000000000000e+04 -4.080000000000000000e+03 -3.840000000000000000e+02 8.610000000000000000e+02
1.400000000000000000e+03 2.364000000000000000e+03 1.418800000000000000e+04 -4.096000000000000000e+03 -3.980000000000000000e+02 8.250000000000000000e+02
1.568000000000000000e+03 2.340000000000000000e+03 1.450800000000000000e+04 -4.064000000000000000e+03 -3.960000000000000000e+02 7.770000000000000000e+02
1.716000000000000000e+03 2.328000000000000000e+03 1.442000000000000000e+04 -4.080000000000000000e+03 -3.910000000000000000e+02 7.700000000000000000e+02
1.724000000000000000e+03 2.232000000000000000e+03 1.435600000000000000e+04 -4.064000000000000000e+03 -4.130000000000000000e+02 7.550000000000000000e+02
1.780000000000000000e+03 2.280000000000000000e+03 1.445200000000000000e+04 -4.080000000000000000e+03 -3.920000000000000000e+02 6.900000000000000000e+02
1.784000000000000000e+03 2.444000000000000000e+03 1.429200000000000000e+04 -4.048000000000000000e+03 -3.820000000000000000e+02 7.030000000000000000e+02
1.664000000000000000e+03 2.488000000000000000e+03 1.429600000000000000e+04 -4.064000000000000000e+03 -4.040000000000000000e+02 6.420000000000000000e+02
1.832000000000000000e+03 2.444000000000000000e+03 1.422400000000000000e+04 -4.096000000000000000e+03 -4.000000000000000000e+02 5.380000000000000000e+02
1.664000000000000000e+03 2.304000000000000000e+03 1.414800000000000000e+04 -4.064000000000000000e+03 -4.210000000000000000e+02 3.940000000000000000e+02
1.848000000000000000e+03 2.392000000000000000e+03 1.445200000000000000e+04 -4.080000000000000000e+03 -4.350000000000000000e+02 2.270000000000000000e+02
1.964000000000000000e+03 2.340000000000000000e+03 1.470000000000000000e+04 -4.096000000000000000e+03 -4.160000000000000000e+02 2.800000000000000000e+01
1.928000000000000000e+03 2.296000000000000000e+03 1.441200000000000000e+04 -4.048000000000000000e+03 -4.330000000000000000e+02 -1.030000000000000000e+02
1.644000000000000000e+03 2.416000000000000000e+03 1.442800000000000000e+04 -4.080000000000000000e+03 -4.240000000000000000e+02 -2.800000000000000000e+02
1.152000000000000000e+03 2.300000000000000000e+03 1.444400000000000000e+04 -4.032000000000000000e+03 -3.840000000000000000e+02 -3.330000000000000000e+02
1.292000000000000000e+03 2.260000000000000000e+03 1.443200000000000000e+04 -4.080000000000000000e+03 -3.640000000000000000e+02 -3.060000000000000000e+02
1.180000000000000000e+03 2.348000000000000000e+03 1.440400000000000000e+04 -4.096000000000000000e+03 -3.260000000000000000e+02 -2.540000000000000000e+02
1.588000000000000000e+03 2.340000000000000000e+03 1.435200000000000000e+04 -4.048000000000000000e+03 -3.190000000000000000e+02 -2.080000000000000000e+02
1.608000000000000000e+03 2.348000000000000000e+03 1.430800000000000000e+04 -4.048000000000000000e+03 -2.600000000000000000e+02 -1.600000000000000000e+02
1.172000000000000000e+03 2.220000000000000000e+03 1.442400000000000000e+04 -4.080000000000000000e+03 -2.720000000000000000e+02 -9.500000000000000000e+01
1.044000000000000000e+03 2.140000000000000000e+03 1.443200000000000000e+04 -4.080000000000000000e+03 -2.410000000000000000e+02 -1.000000000000000000e+01
1.028000000000000000e+03 2.088000000000000000e+03 1.418400000000000000e+04 -4.080000000000000000e+03 -2.270000000000000000e+02 4.200000000000000000e+01
1.224000000000000000e+03 2.116000000000000000e+03 1.438800000000000000e+04 -4.016000000000000000e+03 -2.240000000000000000e+02 1.250000000000000000e+02
1.124000000000000000e+03 2.208000000000000000e+03 1.456000000000000000e+04 -4.064000000000000000e+03 -1.970000000000000000e+02 2.010000000000000000e+02
