4.520000000000000000e+02 1.772000000000000000e+03 1.440000000000000000e+04 -4.112000000000000000e+03 -2.720000000000000000e+02 1.020000000000000000e+02
4.840000000000000000e+02 1.892000000000000000e+03 1.440800000000000000e+04 -4.128000000000000000e+03 -2.460000000000000000e+02 1.450000000000000000e+02
4.760000000000000000e+02 1.876000000000000000e+03 1.450400000000000000e+04 -4.160000000000000000e+03 -2.590000000000000000e+02 1.690000000000000000e+02
4.880000000000000000e+02 1.796000000000000000e+03 1.446000000000000000e+04 -4.128000000000000000e+03 -2.450000000000000000e+02 1.880000000000000000e+02
4.160000000000000000e+02 1.876000000000000000e+03 1.449600000000000000e+04 -4.144000000000000000e+03 -2.470000000000000000e+02 2.060000000000000000e+02
4.520000000000000000e+02 2.012000000000000000e+03 1.426400000000000000e+04 -4.128000000000000000e+03 -2.790000000000000000e+02 2.520000000000000000e+02
2.680000000000000000e+02 1.964000000000000000e+03 1.398400000000000000e+04 -4.176000000000000000e+03 -2.720000000000000000e+02 2.900000000000000000e+02
3.240000000000000000e+02 1.996000000000000000e+03 1.426400000000000000e+04 -4.144000000000000000e+03 -2.710000000000000000e+02 3.440000000000000000e+02
3.280000000000000000e+02 1.856000000000000000e+03 1.427200000000000000e+04 -4.112000000000000000e+03 -2.650000000000000000e+02 3.780000000000000000e+02
4.760000000000000000e+02 1.788000000000000000e+03 1.445600000000000000e+04 -4.112000000000000000e+03 -2.860000000000000000e+02 3.590000000000000000e+02
4.200000000000000000e+02 1.880000000000000000e+03 1.443600000000000000e+04 -4.160000000000000000e+03 -2.720000000000000000e+02 2.830000000000000000e+02
3.840000000000000000e+02 1.940000000000000000e+03 1.454000000000000000e+04 -4.144000000000000000e+03 -2.910000000000000000e+02 2.170000000000000000e+02
4.840000000000000000e+02 1.720000000000000000e+03 1.438800000000000000e+04 -4.160000000000000000e+03 -3.130000000000000000e+02 1.730000000000000000e+02
3.520000000000000000e+02 1.812000000000000000e+03 1.450000000000000000e+04 -4.112000000000000000e+03 -3.110000000000000000e+02 1.530000000000000000e+02
3.360000000000000000e+02 1.888000000000000000e+03 1.446400000000000000e+04 -4.112000000000000000e+03 -2.810000000000000000e+02 1.740000000000000000e+02
4.200000000000000000e+02 1.992000000000000000e+03 1.444800000000000000e+04 -4.160000000000000000e+03 -2.950000000000000000e+02 1.870000000000000000e+02
4.120000000000000000e+02 2.056000000000000000e+03 1.434800000000000000e+04 -4.160000000000000000e+03 -2.980000000000000000e+02 1.910000000000000000e+02
5.960000000000000000e+02 2.032000000000000000e+03 1.455600000000000000e+04 -4.176000000000000000e+03 -2.610000000000000000e+02 1.850000000000000000e+02
5.000000000000000000e+02 2.016000000000000000e+03 1.456400000000000000e+04 -4.112000000000000000e+03 -2.700000000000000000e+02 1.960000000000000000e+02
6.440000000000000000e+02 1.868000000000000000e+03 1.453600000000000000e+04 -4.112000000000000000e+03 -2.600000000000000000e+02 1.610000000000000000e+02
5.760000000000000000e+02 1.812000000000000000e+03 1.447200000000000000e+04 -4.144000000000000000e+03 -2.740000000000000000e+02 1.590000000000000000e+02
5.920000000000000000e+02 1.928000000000000000e+03 1.450800000000000000e+04 -4.144000000000000000e+03 -2.860000000000000000e+02 1.690000000000000000e+02
6.160000000000000000e+02 1.916000000000000000e+03 1.455600000000000000e+04 -4.128000000000000000e+03 -2.740000000000000000e+02 1.740000000000000000e+02
6.240000000000000000e+02 1.936000000000000000e+03 1.470400000000000000e+04 -4.160000000000000000e+03 -2.840000000000000000e+02 1.560000000000000000e+02
6.120000000000000000e+02 2.072000000000000000e+03 1.461600000000000000e+04 -4.160000000000000000e+03 -2.730000000000000000e+02 1.720000000000000000e+02
6.080000000000000000e+02 1.968000000000000000e+03 1.469600000000000000e+04 -4.144000000000000000e+03 -2.660000000000000000e+02 1.870000000000000000e+02
6.480000000000000000e+02 1.932000000000000000e+03 1.470800000000000000e+04 -4.144000000000000000e+03 -2.820000000000000000e+02 1.650000000000000000e+02
5.280000000000000000e+02 1.884000000000000000e+03 1.443200000000000000e+04 -4.144000000000000000e+03 -2.970000000000000000e+02 1.910000000000000000e+02
5.520000000000000000e+02 1.896000000000000000e+03 1.456000000000000000e+04 -4.144000000000000000e+03 -2.870000000000000000e+02 1.750000000000000000e+02
6.280000000000000000e+02 1.824000000000000000e+03 1.445600000000000000e+04 -4.128000000000000000e+03 -2.770000000000000000e+02 1.130000000000000000e+02
5.240000000000000000e+02 1.904000000000000000e+03 1.437600000000000000e+04 -4.128000000000000000e+03 -2.700000000000000000e+02 1.180000000000000000e+02
2.440000000000000000e+02 1.944000000000000000e+03 1.439200000000000000e+04 -4.160000000000000000e+03 -2.820000000000000000e+02 1.460000000000000000e+02
2.320000000000000000e+02 1.992000000000000000e+03 1.442800000000000000e+04 -4.144000000000000000e+03 -2.580000000000000000e+02 1.470000000000000000e+02
4.480000000000000000e+02 1.840000000000000000e+03 1.436400000000000000e+04 -4.144000000000000000e+03 -2.790000000000000000e+02 1.830000000000000000e+02
6.000000000000000000e+02 1.864000000000000000e+03 1.447200000000000000e+04 -4.144000000000000000e+03 -2.940000000000000000e+02 1.460000000000000000e+02
4.840000000000000000e+02 1.892000000000000000e+03 1.453200000000000000e+04 -4.144000000000000000e+03 -2.750000000000000000e+02 1.640000000000000000e+02
4.960000000000000000e+02 1.944000000000000000e+03 1.435200000000000000e+04 -4.128000000000000000e+03 -2.700000000000000000e+02 1.450000000000000000e+02
5.040000000000000000e+02 1.916000000000000000e+03 1.452400000000000000e+04 -4.128000000000000000e+03 -2.730000000000000000e+02 1.280000000000000000e+02
4.760000000000000000e+02 1.976000000000000000e+03 1.459600000000000000e+04 -4.112000000000000000e+03 -2.810000000000000000e+02 1.400000000000000000e+02
3.800000000000000000e+02 1.952000000000000000e+03 1.455200000000000000e+04 -4.144000000000000000e+03 -2.770000000000000000e+02 1.620000000000000000e+02
3.960000000000000000e+02 1.880000000000000000e+03 1.442000000000000000e+04 -4.112000000000000000e+03 -2.760000000000000000e+02 1.230000000000000000e+02
3.800000000000000000e+02 1.800000000000000000e+03 1.458800000000000000e+04 -4.128000000000000000e+03 -2.710000000000000000e+02 1.220000000000000000e+02
3.480000000000000000e+02 1.892000000000000000e+03 1.444000000000000000e+04 -4.128000000000000000e+03 -2.560000000000000000e+02 1.480000000000000000e+02
4.600000000000000000e+02 1.848000000000000000e+03 1.446800000000000000e+04 -4.160000000000000000e+03 -2.970000000000000000e+02 8.700000000000000000e+01
5.280000000000000000e+02 1.836000000000000000e+03 1.453200000000000000e+04 -4.144000000000000000e+03 -2.770000000000000000e+02 4.700000000000000000e+01
5.360000000000000000e+02 1.956000000000000000e+03 1.446800000000000000e+04 -4.144000000000000000e+03 -2.670000000000000000e+02 -6.100000000000000000e+01
3.360000000000000000e+02 2.020000000000000000e+03 1.441600000000000000e+04 -4.160000000000000000e+03 -2.610000000000000000e+02 -1.090000000000000000e+02
3.440000000000000000e+02 1.948000000000000000e+03 1.460400000000000000e+04 -4.128000000000000000e+03 -2.840000000000000000e+02 -1.550000000000000000e+02
5.920000000000000000e+02 1.880000000000000000e+03 1.442000000000000000e+04 -4.160000000000000000e+03 -2.700000000000000000e+02 -1.160000000000000000e+02
5.400000000000000000e+02 1.744000000000000000e+03 1.453200000000000000e+04 -4.144000000000000000e+03 -2.710000000000000000e+02 -6.000000000000000000e+01
3.720000000000000000e+02 1.844000000000000000e+03 1.460000000000000000e+04 -4.144000000000000000e+03 -2.560000000000000000e+02 2.800000000000000000e+01
4.880000000000000000e+02 1.816000000000000000e+03 1.451600000000000000e+04 -4.144000000000000000e+03 -2.500000000000000000e+02 1.150000000000000000e+02
4.720000000000000000e+02 1.988000000000000000e+03 1.449200000000000000e+04 -4.112000000000000000e+03 -2.560000000000000000e+02 1.790000000000000000e+02
4.480000000000000000e+02 2.028000000000000000e+03 1.457600000000000000e+04 -4.128000000000000000e+03 -2.420000000000000000e+02 2.360000000000000000e+02
5.480000000000000000e+02 1.900000000000000000e+03 1.453200000000000000e+04 -4.128000000000000000e+03 -2.380000000000000000e+02 2.820000000000000000e+02
5.440000000000000000e+02 1.848000000000000000e+03 1.454400000000000000e+04 -4.160000000000000000e+03 -2.520000000000000000e+02 3.050000000000000000e+02
4.400000000000000000e+02 1.916000000000000000e+03 1.458000000000000000e+04 -4.112000000000000000e+03 -2.530000000000000000e+02 3.120000000000000000e+02
4.440000000000000000e+02 1.864000000000000000e+03 1.443200000000000000e+04 -4.128000000000000000e+03 -2.620000000000000000e+02 3.210000000000000000e+02
3.920000000000000000e+02 1.968000000000000000e+03 1.460800000000000000e+04 -4.112000000000000000e+03 -2.630000000000000000e+02 3.020000000000000000e+02
5.920000000000000000e+02 1.988000000000000000e+03 1.460800000000000000e+04 -4.144000000000000000e+03 -2.670000000000000000e+02 2.550000000000000000e+02
