1.528000000000000000e+03 2.252000000000000000e+03 1.445600000000000000e+04 -4.080000000000000000e+03 -2.600000000000000000e+02 -1.030000000000000000e+02
2.136000000000000000e+03 1.435200000000000000e+04 1.423200000000000000e+04 -4.064000000000000000e+03 -2.340000000000000000e+02 -6.200000000000000000e+01
1.560000000000000000e+03 2.188000000000000000e+03 1.432000000000000000e+04 -4.032000000000000000e+03 -2.320000000000000000e+02 2.600000000000000000e+01
1.744000000000000000e+03 2.304000000000000000e+03 1.441200000000000000e+04 -4.048000000000000000e+03 -2.340000000000000000e+02 8.200000000000000000e+01
1.708000000000000000e+03 2.328000000000000000e+03 1.441600000000000000e+04 -4.064000000000000000e+03 -2.160000000000000000e+02 1.470000000000000000e+02
1.528000000000000000e+03 2.268000000000000000e+03 1.442000000000000000e+04 -4.080000000000000000e+03 -2.050000000000000000e+02 1.850000000000000000e+02
1.420000000000000000e+03 2.248000000000000000e+03 1.442800000000000000e+04 -4.048000000000000000e+03 -2.070000000000000000e+02 2.430000000000000000e+02
1.356000000000000000e+03 2.228000000000000000e+03 1.437600000000000000e+04 -4.016000000000000000e+03 -2.090000000000000000e+02 2.370000000000000000e+02
1.420000000000000000e+03 2.240000000000000000e+03 1.463200000000000000e+04 -4.064000000000000000e+03 -2.410000000000000000e+02 2.250000000000000000e+02
1.312000000000000000e+03 2.228000000000000000e+03 1.444800000000000000e+04 -4.048000000000000000e+03 -2.320000000000000000e+02 2.550000000000000000e+02
1.588000000000000000e+03 2.168000000000000000e+03 1.448800000000000000e+04 -4.096000000000000000e+03 -2.510000000000000000e+02 2.280000000000000000e+02
1.504000000000000000e+03 2.192000000000000000e+03 1.441200000000000000e+04 -4.064000000000000000e+03 -2.760000000000000000e+02 1.780000000000000000e+02
1.408000000000000000e+03 2.168000000000000000e+03 1.430000000000000000e+04 -4.080000000000000000e+03 -2.990000000000000000e+02 1.050000000000000000e+02
1.448000000000000000e+03 2.252000000000000000e+03 1.446400000000000000e+04 -4.080000000000000000e+03 -2.730000000000000000e+02 2.200000000000000000e+01
1.416000000000000000e+03 2.176000000000000000e+03 1.440800000000000000e+04 -4.048000000000000000e+03 -2.620000000000000000e+02 -8.000000000000000000e+01
1.512000000000000000e+03 2.432000000000000000e+03 1.450400000000000000e+04 -4.080000000000000000e+03 -2.920000000000000000e+02 -1.170000000000000000e+02
1.512000000000000000e+03 2.356000000000000000e+03 1.447200000000000000e+04 -4.064000000000000000e+03 -3.160000000000000000e+02 -1.650000000000000000e+02
1.500000000000000000e+03 2.260000000000000000e+03 1.447200000000000000e+04 -4.048000000000000000e+03 -2.940000000000000000e+02 -1.460000000000000000e+02
1.448000000000000000e+03 2.312000000000000000e+03 1.448400000000000000e+04 -4.080000000000000000e+03 -2.850000000000000000e+02 -1.100000000000000000e+02
1.488000000000000000e+03 2.296000000000000000e+03 1.441600000000000000e+04 -4.064000000000000000e+03 -2.570000000000000000e+02 -7.300000000000000000e+01
1.588000000000000000e+03 2.244000000000000000e+03 1.438000000000000000e+04 -4.048000000000000000e+03 -2.520000000000000000e+02 -1.080000000000000000e+02
1.680000000000000000e+03 2.340000000000000000e+03 1.444800000000000000e+04 -4.064000000000000000e+03 -2.450000000000000000e+02 -1.170000000000000000e+02
1.528000000000000000e+03 2.268000000000000000e+03 1.439200000000000000e+04 -4.032000000000000000e+03 -2.510000000000000000e+02 -1.130000000000000000e+02
1.408000000000000000e+03 2.224000000000000000e+03 1.451200000000000000e+04 -4.080000000000000000e+03 -2.540000000000000000e+02 -3.700000000000000000e+01
1.572000000000000000e+03 2.324000000000000000e+03 1.420800000000000000e+04 -4.080000000000000000e+03 -2.700000000000000000e+02 3.900000000000000000e+01
1.568000000000000000e+03 2.392000000000000000e+03 1.429600000000000000e+04 -4.064000000000000000e+03 -2.490000000000000000e+02 1.200000000000000000e+02
1.436000000000000000e+03 2.240000000000000000e+03 1.438000000000000000e+04 -4.064000000000000000e+03 -2.470000000000000000e+02 2.070000000000000000e+02
1.524000000000000000e+03 2.308000000000000000e+03 1.443200000000000000e+04 -4.064000000000000000e+03 -2.260000000000000000e+02 2.470000000000000000e+02
1.540000000000000000e+03 2.320000000000000000e+03 1.446000000000000000e+04 -4.064000000000000000e+03 -2.330000000000000000e+02 2.650000000000000000e+02
1.452000000000000000e+03 2.120000000000000000e+03 1.468400000000000000e+04 -4.096000000000000000e+03 -2.370000000000000000e+02 2.210000000000000000e+02
1.424000000000000000e+03 2.280000000000000000e+03 1.460000000000000000e+04 -4.080000000000000000e+03 -2.260000000000000000e+02 2.260000000000000000e+02
1.528000000000000000e+03 2.280000000000000000e+03 1.428000000000000000e+04 -4.080000000000000000e+03 -2.410000000000000000e+02 2.120000000000000000e+02
1.552000000000000000e+03 2.340000000000000000e+03 1.443600000000000000e+04 -4.016000000000000000e+03 -2.550000000000000000e+02 2.160000000000000000e+02
1.524000000000000000e+03 2.208000000000000000e+03 1.428000000000000000e+04 -4.064000000000000000e+03 -2.550000000000000000e+02 2.260000000000000000e+02
1.652000000000000000e+03 2.168000000000000000e+03 1.433200000000000000e+04 -4.048000000000000000e+03 -2.790000000000000000e+02 1.920000000000000000e+02
1.660000000000000000e+03 2.264000000000000000e+03 1.440800000000000000e+04 -4.080000000000000000e+03 -2.580000000000000000e+02 1.720000000000000000e+02
1.684000000000000000e+03 2.228000000000000000e+03 1.430000000000000000e+04 -4.080000000000000000e+03 -2.630000000000000000e+02 1.820000000000000000e+02
1.828000000000000000e+03 2.300000000000000000e+03 1.429200000000000000e+04 -4.064000000000000000e+03 -2.630000000000000000e+02 1.870000000000000000e+02
1.780000000000000000e+03 2.284000000000000000e+03 1.424400000000000000e+04 -4.080000000000000000e+03 -2.570000000000000000e+02 1.700000000000000000e+02
1.736000000000000000e+03 2.352000000000000000e+03 1.438800000000000000e+04 -4.048000000000000000e+03 -2.640000000000000000e+02 1.710000000000000000e+02
1.912000000000000000e+03 2.200000000000000000e+03 1.449200000000000000e+04 -4.064000000000000000e+03 -2.520000000000000000e+02 1.570000000000000000e+02
1.780000000000000000e+03 2.296000000000000000e+03 1.436800000000000000e+04 -4.112000000000000000e+03 -2.190000000000000000e+02 1.460000000000000000e+02
1.800000000000000000e+03 2.268000000000000000e+03 1.435600000000000000e+04 -4.064000000000000000e+03 -2.590000000000000000e+02 1.180000000000000000e+02
1.544000000000000000e+03 2.228000000000000000e+03 1.448400000000000000e+04 -4.064000000000000000e+03 -2.230000000000000000e+02 6.900000000000000000e+01
1.724000000000000000e+03 2.260000000000000000e+03 1.434400000000000000e+04 -4.080000000000000000e+03 -2.630000000000000000e+02 7.800000000000000000e+01
1.780000000000000000e+03 2.324000000000000000e+03 1.440400000000000000e+04 -4.064000000000000000e+03 -2.400000000000000000e+02 2.800000000000000000e+01
1.712000000000000000e+03 2.288000000000000000e+03 1.426800000000000000e+04 -4.080000000000000000e+03 -2.030000000000000000e+02 1.400000000000000000e+01
1.640000000000000000e+03 2.224000000000000000e+03 1.432800000000000000e+04 -4.048000000000000000e+03 -2.320000000000000000e+02 -1.400000000000000000e+01
1.648000000000000000e+03 2.228000000000000000e+03 1.426800000000000000e+04 -4.096000000000000000e+03 -2.170000000000000000e+02 -2.400000000000000000e+01
1.608000000000000000e+03 2.364000000000000000e+03 1.444000000000000000e+04 -4.016000000000000000e+03 -2.290000000000000000e+02 -6.200000000000000000e+01
1.876000000000000000e+03 2.288000000000000000e+03 1.422800000000000000e+04 -4.096000000000000000e+03 -2.170000000000000000e+02 -6.000000000000000000e+00
1.768000000000000000e+03 2.384000000000000000e+03 1.445200000000000000e+04 -4.096000000000000000e+03 -2.090000000000000000e+02 5.000000000000000000e+01
1.792000000000000000e+03 2.320000000000000000e+03 1.430400000000000000e+04 -4.080000000000000000e+03 -2.170000000000000000e+02 1.140000000000000000e+02
1.568000000000000000e+03 2.264000000000000000e+03 1.450800000000000000e+04 -4.032000000000000000e+03 -2.270000000000000000e+02 1.860000000000000000e+02
1.700000000000000000e+03 2.272000000000000000e+03 1.441200000000000000e+04 -4.064000000000000000e+03 -2.430000000000000000e+02 2.740000000000000000e+02
1.932000000000000000e+03 2.316000000000000000e+03 1.435600000000000000e+04 -4.080000000000000000e+03 -2.250000000000000000e+02 3.260000000000000000e+02
1.724000000000000000e+03 2.396000000000000000e+03 1.419200000000000000e+04 -4.080000000000000000e+03 -2.260000000000000000e+02 2.130000000000000000e+02
1.716000000000000000e+03 2.328000000000000000e+03 1.446800000000000000e+04 -4.064000000000000000e+03 -2.470000000000000000e+02 1.300000000000000000e+01
1.660000000000000000e+03 2.324000000000000000e+03 1.438000000000000000e+04 -4.048000000000000000e+03 -2.720000000000000000e+02 -2.240000000000000000e+02
1.700000000000000000e+03 2.304000000000000000e+03 1.443600000000000000e+04 -4.096000000000000000e+03 -2.750000000000000000e+02 -4.680000000000000000e+02
1.692000000000000000e+03 2.376000000000000000e+03 1.444000000000000000e+04 -4.048000000000000000e+03 -3.130000000000000000e+02 -5.080000000000000000e+02
1.892000000000000000e+03 2.336000000000000000e+03 1.445600000000000000e+04 -4.080000000000000000e+03 -3.210000000000000000e+02 -3.070000000000000000e+02
1.964000000000000000e+03 2.388000000000000000e+03 1.441200000000000000e+04 -4.080000000000000000e+03 -3.290000000000000000e+02 3.400000000000000000e+01
1.828000000000000000e+03 2.312000000000000000e+03 1.422400000000000000e+04 -4.064000000000000000e+03 -3.050000000000000000e+02 4.540000000000000000e+02
1.716000000000000000e+03 2.232000000000000000e+03 1.441200000000000000e+04 -4.080000000000000000e+03 -2.660000000000000000e+02 8.510000000000000000e+02
1.820000000000000000e+03 2.372000000000000000e+03 1.442400000000000000e+04 -4.080000000000000000e+03 -2.380000000000000000e+02 1.183000000000000000e+03
1.872000000000000000e+03 2.464000000000000000e+03 1.444400000000000000e+04 -4.064000000000000000e+03 -2.350000000000000000e+02 1.335000000000000000e+03
