-4.288000000000000000e+03 1.564000000000000000e+03 1.396800000000000000e+04 -3.920000000000000000e+03 -9.900000000000000000e+01 -2.109000000000000000e+03
-4.440000000000000000e+03 1.652000000000000000e+03 1.381200000000000000e+04 -3.936000000000000000e+03 -3.800000000000000000e+01 -2.181000000000000000e+03
-4.408000000000000000e+03 1.580000000000000000e+03 1.376800000000000000e+04 -3.888000000000000000e+03 -1.000000000000000000e+02 -2.168000000000000000e+03
-4.352000000000000000e+03 1.476000000000000000e+03 1.399600000000000000e+04 -3.920000000000000000e+03 -1.370000000000000000e+02 -2.042000000000000000e+03
-4.328000000000000000e+03 1.296000000000000000e+03 1.392400000000000000e+04 -3.888000000000000000e+03 -1.180000000000000000e+02 -1.851000000000000000e+03
-4.500000000000000000e+03 1.376000000000000000e+03 1.394800000000000000e+04 -3.920000000000000000e+03 -9.600000000000000000e+01 -1.467000000000000000e+03
-4.360000000000000000e+03 1.292000000000000000e+03 1.358400000000000000e+04 -3.872000000000000000e+03 -1.130000000000000000e+02 -1.038000000000000000e+03
-4.664000000000000000e+03 1.228000000000000000e+03 1.336800000000000000e+04 -3.920000000000000000e+03 -1.400000000000000000e+02 -5.220000000000000000e+02
-4.552000000000000000e+03 1.384000000000000000e+03 1.415200000000000000e+04 -3.888000000000000000e+03 -1.810000000000000000e+02 5.000000000000000000e+00
-4.204000000000000000e+03 1.536000000000000000e+03 1.399200000000000000e+04 -3.920000000000000000e+03 -2.220000000000000000e+02 4.800000000000000000e+02
-4.012000000000000000e+03 1.468000000000000000e+03 1.425200000000000000e+04 -3.888000000000000000e+03 -2.740000000000000000e+02 9.570000000000000000e+02
-3.836000000000000000e+03 1.316000000000000000e+03 1.412800000000000000e+04 -3.920000000000000000e+03 -3.120000000000000000e+02 1.183000000000000000e+03
-3.724000000000000000e+03 1.740000000000000000e+03 1.401200000000000000e+04 -3.904000000000000000e+03 -3.350000000000000000e+02 1.421000000000000000e+03
-3.584000000000000000e+03 1.520000000000000000e+03 1.366000000000000000e+04 -3.936000000000000000e+03 -3.330000000000000000e+02 1.624000000000000000e+03
-3.380000000000000000e+03 1.492000000000000000e+03 1.405600000000000000e+04 -3.904000000000000000e+03 -2.880000000000000000e+02 1.725000000000000000e+03
-3.488000000000000000e+03 1.620000000000000000e+03 1.400400000000000000e+04 -3.904000000000000000e+03 -3.380000000000000000e+02 1.749000000000000000e+03
-3.248000000000000000e+03 1.600000000000000000e+03 1.383600000000000000e+04 -3.904000000000000000e+03 -2.370000000000000000e+02 1.735000000000000000e+03
-3.196000000000000000e+03 1.828000000000000000e+03 1.406800000000000000e+04 -3.920000000000000000e+03 -2.310000000000000000e+02 1.485000000000000000e+03
-2.756000000000000000e+03 1.828000000000000000e+03 1.422400000000000000e+04 -3.888000000000000000e+03 -1.810000000000000000e+02 1.278000000000000000e+03
-2.380000000000000000e+03 1.732000000000000000e+03 1.402400000000000000e+04 -3.888000000000000000e+03 -1.170000000000000000e+02 1.000000000000000000e+03
-2.268000000000000000e+03 1.468000000000000000e+03 1.392000000000000000e+04 -3.904000000000000000e+03 -8.800000000000000000e+01 6.920000000000000000e+02
-2.276000000000000000e+03 1.560000000000000000e+03 1.368000000000000000e+04 -3.904000000000000000e+03 -8.500000000000000000e+01 5.650000000000000000e+02
-2.224000000000000000e+03 1.424000000000000000e+03 1.400400000000000000e+04 -3.888000000000000000e+03 -6.600000000000000000e+01 4.040000000000000000e+02
-2.236000000000000000e+03 1.864000000000000000e+03 1.400400000000000000e+04 -3.904000000000000000e+03 -1.110000000000000000e+02 2.390000000000000000e+02
-2.324000000000000000e+03 1.508000000000000000e+03 1.352800000000000000e+04 -3.888000000000000000e+03 -1.660000000000000000e+02 5.200000000000000000e+01
-2.324000000000000000e+03 1.388000000000000000e+03 1.388800000000000000e+04 -3.888000000000000000e+03 -1.850000000000000000e+02 -9.400000000000000000e+01
-2.316000000000000000e+03 1.388000000000000000e+03 1.382400000000000000e+04 -3.904000000000000000e+03 -1.980000000000000000e+02 -1.300000000000000000e+02
-2.764000000000000000e+03 1.140000000000000000e+03 1.422400000000000000e+04 -3.920000000000000000e+03 -2.790000000000000000e+02 -1.180000000000000000e+02
-3.248000000000000000e+03 1.392000000000000000e+03 1.401600000000000000e+04 -3.920000000000000000e+03 -3.660000000000000000e+02 -1.620000000000000000e+02
-2.912000000000000000e+03 1.424000000000000000e+03 1.404800000000000000e+04 -3.920000000000000000e+03 -4.290000000000000000e+02 -2.810000000000000000e+02
-3.456000000000000000e+03 1.440000000000000000e+03 1.415200000000000000e+04 -3.904000000000000000e+03 -4.660000000000000000e+02 -3.810000000000000000e+02
-3.412000000000000000e+03 1.724000000000000000e+03 1.433600000000000000e+04 -3.904000000000000000e+03 -4.940000000000000000e+02 -4.620000000000000000e+02
-3.416000000000000000e+03 1.564000000000000000e+03 1.420400000000000000e+04 -3.904000000000000000e+03 -5.230000000000000000e+02 -5.780000000000000000e+02
-3.612000000000000000e+03 1.624000000000000000e+03 1.408800000000000000e+04 -3.888000000000000000e+03 -5.010000000000000000e+02 -8.020000000000000000e+02
-3.484000000000000000e+03 1.692000000000000000e+03 1.420000000000000000e+04 -3.904000000000000000e+03 -4.440000000000000000e+02 -9.440000000000000000e+02
-3.716000000000000000e+03 1.760000000000000000e+03 1.432800000000000000e+04 -3.904000000000000000e+03 -3.630000000000000000e+02 -1.072000000000000000e+03
-3.604000000000000000e+03 1.736000000000000000e+03 1.446400000000000000e+04 -3.920000000000000000e+03 -3.190000000000000000e+02 -1.110000000000000000e+03
-3.736000000000000000e+03 1.696000000000000000e+03 1.412400000000000000e+04 -3.888000000000000000e+03 -2.860000000000000000e+02 -1.017000000000000000e+03
-3.480000000000000000e+03 1.648000000000000000e+03 1.412000000000000000e+04 -3.904000000000000000e+03 -2.320000000000000000e+02 -8.930000000000000000e+02
-3.768000000000000000e+03 1.812000000000000000e+03 1.376800000000000000e+04 -3.904000000000000000e+03 -2.180000000000000000e+02 -7.420000000000000000e+02
-3.596000000000000000e+03 1.868000000000000000e+03 1.412000000000000000e+04 -3.920000000000000000e+03 -2.300000000000000000e+02 -5.700000000000000000e+02
-3.552000000000000000e+03 1.828000000000000000e+03 1.406800000000000000e+04 -3.888000000000000000e+03 -2.300000000000000000e+02 -3.190000000000000000e+02
-3.572000000000000000e+03 1.824000000000000000e+03 1.396400000000000000e+04 -3.936000000000000000e+03 -2.380000000000000000e+02 -9.000000000000000000e+00
-3.524000000000000000e+03 1.636000000000000000e+03 1.377600000000000000e+04 -3.920000000000000000e+03 -2.710000000000000000e+02 2.780000000000000000e+02
-3.460000000000000000e+03 1.648000000000000000e+03 1.397600000000000000e+04 -3.904000000000000000e+03 -2.460000000000000000e+02 5.430000000000000000e+02
-3.376000000000000000e+03 1.620000000000000000e+03 1.393200000000000000e+04 -3.920000000000000000e+03 -2.450000000000000000e+02 7.820000000000000000e+02
-3.256000000000000000e+03 1.584000000000000000e+03 1.393600000000000000e+04 -3.904000000000000000e+03 -2.640000000000000000e+02 9.930000000000000000e+02
-3.084000000000000000e+03 1.624000000000000000e+03 1.413200000000000000e+04 -3.936000000000000000e+03 -2.520000000000000000e+02 1.116000000000000000e+03
-3.000000000000000000e+03 1.592000000000000000e+03 1.420400000000000000e+04 -3.920000000000000000e+03 -2.550000000000000000e+02 1.195000000000000000e+03
-3.016000000000000000e+03 1.464000000000000000e+03 1.408800000000000000e+04 -3.920000000000000000e+03 -2.550000000000000000e+02 1.180000000000000000e+03
-2.788000000000000000e+03 1.556000000000000000e+03 1.399200000000000000e+04 -3.920000000000000000e+03 -2.620000000000000000e+02 1.116000000000000000e+03
-2.576000000000000000e+03 1.496000000000000000e+03 1.393200000000000000e+04 -3.888000000000000000e+03 -2.520000000000000000e+02 1.054000000000000000e+03
-2.444000000000000000e+03 1.496000000000000000e+03 1.392800000000000000e+04 -3.920000000000000000e+03 -2.650000000000000000e+02 8.320000000000000000e+02
-2.424000000000000000e+03 1.400000000000000000e+03 1.411200000000000000e+04 -3.904000000000000000e+03 -2.360000000000000000e+02 4.970000000000000000e+02
-2.332000000000000000e+03 1.472000000000000000e+03 1.394800000000000000e+04 -3.920000000000000000e+03 -2.400000000000000000e+02 2.820000000000000000e+02
-2.320000000000000000e+03 1.540000000000000000e+03 1.394800000000000000e+04 -3.904000000000000000e+03 -2.760000000000000000e+02 -2.000000000000000000e+00
-2.296000000000000000e+03 1.500000000000000000e+03 1.406000000000000000e+04 -3.920000000000000000e+03 -2.540000000000000000e+02 -2.940000000000000000e+02
-2.316000000000000000e+03 1.464000000000000000e+03 1.422000000000000000e+04 -3.904000000000000000e+03 -2.290000000000000000e+02 -5.740000000000000000e+02
-2.376000000000000000e+03 1.552000000000000000e+03 1.410000000000000000e+04 -3.904000000000000000e+03 -2.520000000000000000e+02 -7.720000000000000000e+02
-2.340000000000000000e+03 1.472000000000000000e+03 1.413200000000000000e+04 -3.936000000000000000e+03 -2.610000000000000000e+02 -8.710000000000000000e+02
-2.444000000000000000e+03 1.564000000000000000e+03 1.430800000000000000e+04 -3.904000000000000000e+03 -2.530000000000000000e+02 -9.470000000000000000e+02
-2.584000000000000000e+03 1.524000000000000000e+03 1.419200000000000000e+04 -3.888000000000000000e+03 -2.390000000000000000e+02 -9.830000000000000000e+02
-2.736000000000000000e+03 1.628000000000000000e+03 1.411600000000000000e+04 -3.936000000000000000e+03 -2.120000000000000000e+02 -9.930000000000000000e+02
-2.816000000000000000e+03 1.596000000000000000e+03 1.430400000000000000e+04 -3.872000000000000000e+03 -2.200000000000000000e+02 -9.530000000000000000e+02
-2.832000000000000000e+03 1.608000000000000000e+03 1.430000000000000000e+04 -3.920000000000000000e+03 -2.210000000000000000e+02 -8.430000000000000000e+02
-3.084000000000000000e+03 1.508000000000000000e+03 1.428000000000000000e+04 -3.888000000000000000e+03 -1.980000000000000000e+02 -6.780000000000000000e+02
-3.132000000000000000e+03 1.632000000000000000e+03 1.431200000000000000e+04 -3.872000000000000000e+03 -1.750000000000000000e+02 -4.980000000000000000e+02
-3.040000000000000000e+03 1.604000000000000000e+03 1.435600000000000000e+04 -3.904000000000000000e+03 -2.180000000000000000e+02 -2.890000000000000000e+02
-2.984000000000000000e+03 1.568000000000000000e+03 1.414800000000000000e+04 -3.920000000000000000e+03 -2.330000000000000000e+02 -1.170000000000000000e+02
-3.156000000000000000e+03 1.660000000000000000e+03 1.410000000000000000e+04 -3.904000000000000000e+03 -2.050000000000000000e+02 2.300000000000000000e+01
-2.996000000000000000e+03 1.604000000000000000e+03 1.419600000000000000e+04 -3.904000000000000000e+03 -2.170000000000000000e+02 2.100000000000000000e+02
