4.464000000000000000e+03 2.088000000000000000e+03 1.437200000000000000e+04 -4.144000000000000000e+03 -2.640000000000000000e+02 1.390000000000000000e+02
1.576000000000000000e+03 1.872000000000000000e+03 1.448400000000000000e+04 -4.128000000000000000e+03 -2.780000000000000000e+02 1.680000000000000000e+02
1.392000000000000000e+03 1.912000000000000000e+03 1.441200000000000000e+04 -4.144000000000000000e+03 -2.850000000000000000e+02 1.410000000000000000e+02
1.152000000000000000e+03 1.976000000000000000e+03 1.448400000000000000e+04 -4.176000000000000000e+03 -2.800000000000000000e+02 1.410000000000000000e+02
1.312000000000000000e+03 2.040000000000000000e+03 1.455200000000000000e+04 -4.160000000000000000e+03 -2.800000000000000000e+02 1.030000000000000000e+02
1.236000000000000000e+03 2.028000000000000000e+03 1.451600000000000000e+04 -4.128000000000000000e+03 -2.970000000000000000e+02 1.110000000000000000e+02
1.480000000000000000e+03 1.812000000000000000e+03 1.448400000000000000e+04 -4.160000000000000000e+03 -2.570000000000000000e+02 1.280000000000000000e+02
1.536000000000000000e+03 2.020000000000000000e+03 1.445600000000000000e+04 -4.144000000000000000e+03 -2.800000000000000000e+02 7.400000000000000000e+01
1.380000000000000000e+03 1.932000000000000000e+03 1.460000000000000000e+04 -4.160000000000000000e+03 -3.110000000000000000e+02 6.500000000000000000e+01
1.448000000000000000e+03 2.020000000000000000e+03 1.450800000000000000e+04 -4.144000000000000000e+03 -2.710000000000000000e+02 1.140000000000000000e+02
1.440000000000000000e+03 2.024000000000000000e+03 1.440400000000000000e+04 -4.176000000000000000e+03 -2.740000000000000000e+02 2.400000000000000000e+02
1.192000000000000000e+03 2.004000000000000000e+03 1.448000000000000000e+04 -4.144000000000000000e+03 -2.810000000000000000e+02 3.450000000000000000e+02
1.040000000000000000e+03 2.000000000000000000e+03 1.456400000000000000e+04 -4.160000000000000000e+03 -2.690000000000000000e+02 3.520000000000000000e+02
1.164000000000000000e+03 2.060000000000000000e+03 1.442800000000000000e+04 -4.144000000000000000e+03 -2.660000000000000000e+02 2.880000000000000000e+02
1.240000000000000000e+03 1.944000000000000000e+03 1.443600000000000000e+04 -4.160000000000000000e+03 -2.770000000000000000e+02 2.040000000000000000e+02
1.208000000000000000e+03 1.940000000000000000e+03 1.436800000000000000e+04 -4.144000000000000000e+03 -2.800000000000000000e+02 1.090000000000000000e+02
1.308000000000000000e+03 2.020000000000000000e+03 1.445200000000000000e+04 -4.176000000000000000e+03 -2.580000000000000000e+02 3.100000000000000000e+01
1.184000000000000000e+03 2.004000000000000000e+03 1.455200000000000000e+04 -4.128000000000000000e+03 -2.600000000000000000e+02 6.100000000000000000e+01
1.132000000000000000e+03 2.076000000000000000e+03 1.453200000000000000e+04 -4.176000000000000000e+03 -2.650000000000000000e+02 1.420000000000000000e+02
1.488000000000000000e+03 2.032000000000000000e+03 1.443600000000000000e+04 -4.160000000000000000e+03 -2.720000000000000000e+02 2.430000000000000000e+02
1.388000000000000000e+03 2.036000000000000000e+03 1.447600000000000000e+04 -4.144000000000000000e+03 -2.840000000000000000e+02 2.390000000000000000e+02
1.368000000000000000e+03 2.028000000000000000e+03 1.459600000000000000e+04 -4.144000000000000000e+03 -2.890000000000000000e+02 2.380000000000000000e+02
1.384000000000000000e+03 1.948000000000000000e+03 1.436000000000000000e+04 -4.160000000000000000e+03 -2.790000000000000000e+02 2.110000000000000000e+02
1.464000000000000000e+03 1.988000000000000000e+03 1.449600000000000000e+04 -4.176000000000000000e+03 -2.760000000000000000e+02 1.020000000000000000e+02
1.444000000000000000e+03 2.016000000000000000e+03 1.440000000000000000e+04 -4.160000000000000000e+03 -2.790000000000000000e+02 8.900000000000000000e+01
1.500000000000000000e+03 2.036000000000000000e+03 1.454000000000000000e+04 -4.144000000000000000e+03 -2.640000000000000000e+02 1.070000000000000000e+02
1.456000000000000000e+03 1.996000000000000000e+03 1.448000000000000000e+04 -4.144000000000000000e+03 -2.740000000000000000e+02 1.550000000000000000e+02
1.452000000000000000e+03 1.884000000000000000e+03 1.450400000000000000e+04 -4.160000000000000000e+03 -2.660000000000000000e+02 2.010000000000000000e+02
1.416000000000000000e+03 2.036000000000000000e+03 1.452000000000000000e+04 -4.144000000000000000e+03 -2.670000000000000000e+02 1.450000000000000000e+02
1.208000000000000000e+03 2.020000000000000000e+03 1.448400000000000000e+04 -4.176000000000000000e+03 -2.910000000000000000e+02 1.190000000000000000e+02
1.340000000000000000e+03 2.076000000000000000e+03 1.441200000000000000e+04 -4.160000000000000000e+03 -2.810000000000000000e+02 1.400000000000000000e+02
1.252000000000000000e+03 2.096000000000000000e+03 1.451600000000000000e+04 -4.144000000000000000e+03 -2.860000000000000000e+02 2.140000000000000000e+02
1.168000000000000000e+03 1.944000000000000000e+03 1.445200000000000000e+04 -4.160000000000000000e+03 -2.730000000000000000e+02 2.080000000000000000e+02
1.348000000000000000e+03 1.960000000000000000e+03 1.453200000000000000e+04 -4.176000000000000000e+03 -2.570000000000000000e+02 1.750000000000000000e+02
1.336000000000000000e+03 1.988000000000000000e+03 1.463200000000000000e+04 -4.144000000000000000e+03 -2.550000000000000000e+02 1.720000000000000000e+02
1.208000000000000000e+03 1.948000000000000000e+03 1.450800000000000000e+04 -4.160000000000000000e+03 -2.840000000000000000e+02 1.260000000000000000e+02
1.408000000000000000e+03 1.968000000000000000e+03 1.443600000000000000e+04 -4.144000000000000000e+03 -2.760000000000000000e+02 5.000000000000000000e+01
1.444000000000000000e+03 1.964000000000000000e+03 1.440400000000000000e+04 -4.128000000000000000e+03 -2.720000000000000000e+02 1.050000000000000000e+02
1.308000000000000000e+03 2.084000000000000000e+03 1.445200000000000000e+04 -4.128000000000000000e+03 -2.590000000000000000e+02 2.090000000000000000e+02
1.280000000000000000e+03 2.064000000000000000e+03 1.445200000000000000e+04 -4.144000000000000000e+03 -2.590000000000000000e+02 2.820000000000000000e+02
1.172000000000000000e+03 2.028000000000000000e+03 1.460000000000000000e+04 -4.128000000000000000e+03 -2.700000000000000000e+02 2.710000000000000000e+02
1.188000000000000000e+03 1.964000000000000000e+03 1.440800000000000000e+04 -4.144000000000000000e+03 -2.690000000000000000e+02 2.290000000000000000e+02
1.336000000000000000e+03 1.912000000000000000e+03 1.448400000000000000e+04 -4.112000000000000000e+03 -2.850000000000000000e+02 2.680000000000000000e+02
1.532000000000000000e+03 1.896000000000000000e+03 1.446000000000000000e+04 -4.160000000000000000e+03 -2.750000000000000000e+02 1.390000000000000000e+02
1.388000000000000000e+03 2.028000000000000000e+03 1.450000000000000000e+04 -4.144000000000000000e+03 -2.900000000000000000e+02 3.600000000000000000e+01
1.172000000000000000e+03 2.068000000000000000e+03 1.439200000000000000e+04 -4.160000000000000000e+03 -2.620000000000000000e+02 6.700000000000000000e+01
1.204000000000000000e+03 2.004000000000000000e+03 1.432800000000000000e+04 -4.144000000000000000e+03 -2.580000000000000000e+02 9.300000000000000000e+01
