-5.728000000000000000e+03 1.084000000000000000e+03 1.313200000000000000e+04 -3.936000000000000000e+03 -3.940000000000000000e+02 5.090000000000000000e+02
-5.592000000000000000e+03 1.088000000000000000e+03 1.306000000000000000e+04 -3.920000000000000000e+03 -3.570000000000000000e+02 3.070000000000000000e+02
-5.520000000000000000e+03 1.060000000000000000e+03 1.312800000000000000e+04 -3.920000000000000000e+03 -3.460000000000000000e+02 4.800000000000000000e+01
-5.736000000000000000e+03 1.164000000000000000e+03 1.316000000000000000e+04 -3.952000000000000000e+03 -2.840000000000000000e+02 -1.790000000000000000e+02
-5.844000000000000000e+03 1.112000000000000000e+03 1.323600000000000000e+04 -3.952000000000000000e+03 -2.710000000000000000e+02 -4.040000000000000000e+02
-5.876000000000000000e+03 1.184000000000000000e+03 1.326000000000000000e+04 -3.968000000000000000e+03 -2.450000000000000000e+02 -5.560000000000000000e+02
-5.812000000000000000e+03 9.800000000000000000e+02 1.313200000000000000e+04 -3.952000000000000000e+03 -1.790000000000000000e+02 -6.650000000000000000e+02
-5.952000000000000000e+03 1.044000000000000000e+03 1.314400000000000000e+04 -3.936000000000000000e+03 -2.040000000000000000e+02 -5.960000000000000000e+02
-6.084000000000000000e+03 1.036000000000000000e+03 1.317600000000000000e+04 -3.936000000000000000e+03 -1.930000000000000000e+02 -5.160000000000000000e+02
-5.996000000000000000e+03 1.016000000000000000e+03 1.308800000000000000e+04 -3.920000000000000000e+03 -2.030000000000000000e+02 -3.700000000000000000e+02
-6.064000000000000000e+03 1.080000000000000000e+03 1.324800000000000000e+04 -3.888000000000000000e+03 -1.790000000000000000e+02 -2.700000000000000000e+02
-6.064000000000000000e+03 1.084000000000000000e+03 1.321200000000000000e+04 -3.952000000000000000e+03 -2.200000000000000000e+02 -1.740000000000000000e+02
-6.028000000000000000e+03 1.012000000000000000e+03 1.308800000000000000e+04 -3.936000000000000000e+03 -2.150000000000000000e+02 -5.900000000000000000e+01
-6.032000000000000000e+03 1.024000000000000000e+03 1.316000000000000000e+04 -3.920000000000000000e+03 -2.280000000000000000e+02 5.800000000000000000e+01
-5.860000000000000000e+03 1.168000000000000000e+03 1.316800000000000000e+04 -3.888000000000000000e+03 -2.200000000000000000e+02 1.940000000000000000e+02
-5.928000000000000000e+03 1.144000000000000000e+03 1.321600000000000000e+04 -3.952000000000000000e+03 -2.510000000000000000e+02 2.680000000000000000e+02
-5.668000000000000000e+03 1.092000000000000000e+03 1.322800000000000000e+04 -3.936000000000000000e+03 -2.980000000000000000e+02 3.280000000000000000e+02
-5.548000000000000000e+03 1.104000000000000000e+03 1.322000000000000000e+04 -3.920000000000000000e+03 -3.460000000000000000e+02 3.360000000000000000e+02
-5.568000000000000000e+03 1.144000000000000000e+03 1.327200000000000000e+04 -3.936000000000000000e+03 -3.510000000000000000e+02 3.650000000000000000e+02
-5.568000000000000000e+03 1.064000000000000000e+03 1.345600000000000000e+04 -3.952000000000000000e+03 -4.090000000000000000e+02 4.180000000000000000e+02
-5.488000000000000000e+03 1.156000000000000000e+03 1.354400000000000000e+04 -3.920000000000000000e+03 -4.470000000000000000e+02 3.960000000000000000e+02
-5.628000000000000000e+03 1.112000000000000000e+03 1.329600000000000000e+04 -3.920000000000000000e+03 -4.590000000000000000e+02 3.000000000000000000e+02
-5.640000000000000000e+03 1.072000000000000000e+03 1.340800000000000000e+04 -3.936000000000000000e+03 -4.390000000000000000e+02 1.820000000000000000e+02
-5.800000000000000000e+03 1.176000000000000000e+03 1.367600000000000000e+04 -3.920000000000000000e+03 -3.510000000000000000e+02 4.600000000000000000e+01
-5.728000000000000000e+03 1.200000000000000000e+03 1.340000000000000000e+04 -3.920000000000000000e+03 -2.970000000000000000e+02 -3.900000000000000000e+01
-5.692000000000000000e+03 1.164000000000000000e+03 1.336400000000000000e+04 -3.920000000000000000e+03 -2.540000000000000000e+02 -1.510000000000000000e+02
-5.568000000000000000e+03 1.104000000000000000e+03 1.300000000000000000e+04 -3.936000000000000000e+03 -1.660000000000000000e+02 -2.070000000000000000e+02
-5.532000000000000000e+03 9.600000000000000000e+02 1.296400000000000000e+04 -3.920000000000000000e+03 -1.400000000000000000e+02 -2.080000000000000000e+02
-5.908000000000000000e+03 8.560000000000000000e+02 1.313200000000000000e+04 -3.952000000000000000e+03 -1.570000000000000000e+02 -1.250000000000000000e+02
-5.768000000000000000e+03 1.072000000000000000e+03 1.308000000000000000e+04 -3.920000000000000000e+03 -1.430000000000000000e+02 -7.500000000000000000e+01
-5.580000000000000000e+03 1.132000000000000000e+03 1.316400000000000000e+04 -3.952000000000000000e+03 -1.170000000000000000e+02 6.400000000000000000e+01
-5.652000000000000000e+03 1.180000000000000000e+03 1.323200000000000000e+04 -3.936000000000000000e+03 -1.020000000000000000e+02 1.500000000000000000e+02
-5.840000000000000000e+03 9.200000000000000000e+02 1.330000000000000000e+04 -3.888000000000000000e+03 -1.450000000000000000e+02 2.620000000000000000e+02
-5.760000000000000000e+03 9.440000000000000000e+02 1.315200000000000000e+04 -3.888000000000000000e+03 -1.130000000000000000e+02 3.400000000000000000e+02
-5.536000000000000000e+03 1.116000000000000000e+03 1.316000000000000000e+04 -3.920000000000000000e+03 -1.340000000000000000e+02 3.290000000000000000e+02
-5.456000000000000000e+03 1.072000000000000000e+03 1.346400000000000000e+04 -3.904000000000000000e+03 -1.550000000000000000e+02 3.010000000000000000e+02
-5.588000000000000000e+03 1.012000000000000000e+03 1.320800000000000000e+04 -3.936000000000000000e+03 -1.550000000000000000e+02 1.930000000000000000e+02
-5.352000000000000000e+03 1.020000000000000000e+03 1.311600000000000000e+04 -3.904000000000000000e+03 -1.750000000000000000e+02 4.400000000000000000e+01
-5.516000000000000000e+03 1.048000000000000000e+03 1.336800000000000000e+04 -3.920000000000000000e+03 -2.210000000000000000e+02 -1.390000000000000000e+02
-5.540000000000000000e+03 1.032000000000000000e+03 1.342000000000000000e+04 -3.936000000000000000e+03 -2.000000000000000000e+02 -3.300000000000000000e+02
-5.212000000000000000e+03 1.124000000000000000e+03 1.351600000000000000e+04 -3.920000000000000000e+03 -2.470000000000000000e+02 -5.340000000000000000e+02
-5.504000000000000000e+03 1.100000000000000000e+03 1.381600000000000000e+04 -3.920000000000000000e+03 -2.280000000000000000e+02 -6.740000000000000000e+02
-5.676000000000000000e+03 1.008000000000000000e+03 1.355200000000000000e+04 -3.936000000000000000e+03 -2.620000000000000000e+02 -7.960000000000000000e+02
-5.596000000000000000e+03 9.200000000000000000e+02 1.332000000000000000e+04 -3.952000000000000000e+03 -2.610000000000000000e+02 -8.340000000000000000e+02
-5.796000000000000000e+03 9.760000000000000000e+02 1.336000000000000000e+04 -3.920000000000000000e+03 -2.780000000000000000e+02 -7.800000000000000000e+02
-6.020000000000000000e+03 1.176000000000000000e+03 1.355600000000000000e+04 -3.936000000000000000e+03 -2.720000000000000000e+02 -6.380000000000000000e+02
-5.784000000000000000e+03 1.216000000000000000e+03 1.334000000000000000e+04 -3.904000000000000000e+03 -3.080000000000000000e+02 -5.120000000000000000e+02
-5.760000000000000000e+03 1.336000000000000000e+03 1.348800000000000000e+04 -3.920000000000000000e+03 -3.340000000000000000e+02 -2.980000000000000000e+02
-5.668000000000000000e+03 1.236000000000000000e+03 1.332400000000000000e+04 -3.952000000000000000e+03 -3.500000000000000000e+02 -6.200000000000000000e+01
-5.448000000000000000e+03 1.168000000000000000e+03 1.362800000000000000e+04 -3.904000000000000000e+03 -3.460000000000000000e+02 1.620000000000000000e+02
-5.384000000000000000e+03 1.236000000000000000e+03 1.373200000000000000e+04 -3.904000000000000000e+03 -3.820000000000000000e+02 3.760000000000000000e+02
-5.472000000000000000e+03 1.164000000000000000e+03 1.348400000000000000e+04 -3.904000000000000000e+03 -3.980000000000000000e+02 5.120000000000000000e+02
-5.120000000000000000e+03 1.236000000000000000e+03 1.317600000000000000e+04 -3.952000000000000000e+03 -3.450000000000000000e+02 5.950000000000000000e+02
-5.176000000000000000e+03 1.228000000000000000e+03 1.338400000000000000e+04 -3.904000000000000000e+03 -3.730000000000000000e+02 6.220000000000000000e+02
-4.996000000000000000e+03 1.220000000000000000e+03 1.371200000000000000e+04 -3.936000000000000000e+03 -3.260000000000000000e+02 6.730000000000000000e+02
-4.972000000000000000e+03 1.144000000000000000e+03 1.339600000000000000e+04 -3.936000000000000000e+03 -3.540000000000000000e+02 6.840000000000000000e+02
-4.892000000000000000e+03 1.140000000000000000e+03 1.309600000000000000e+04 -3.936000000000000000e+03 -3.160000000000000000e+02 6.560000000000000000e+02
-4.900000000000000000e+03 1.244000000000000000e+03 1.347600000000000000e+04 -3.904000000000000000e+03 -2.880000000000000000e+02 5.800000000000000000e+02
-4.876000000000000000e+03 9.680000000000000000e+02 1.361600000000000000e+04 -3.936000000000000000e+03 -2.910000000000000000e+02 4.390000000000000000e+02
-5.108000000000000000e+03 1.116000000000000000e+03 1.352800000000000000e+04 -3.936000000000000000e+03 -2.990000000000000000e+02 3.510000000000000000e+02
-5.148000000000000000e+03 1.272000000000000000e+03 1.346400000000000000e+04 -3.936000000000000000e+03 -2.850000000000000000e+02 2.480000000000000000e+02
-5.212000000000000000e+03 1.476000000000000000e+03 1.351600000000000000e+04 -3.936000000000000000e+03 -2.750000000000000000e+02 1.710000000000000000e+02
-5.060000000000000000e+03 1.232000000000000000e+03 1.357600000000000000e+04 -3.936000000000000000e+03 -2.180000000000000000e+02 7.300000000000000000e+01
-5.368000000000000000e+03 1.296000000000000000e+03 1.350400000000000000e+04 -3.952000000000000000e+03 -2.020000000000000000e+02 9.000000000000000000e+00
-5.168000000000000000e+03 1.240000000000000000e+03 1.358400000000000000e+04 -3.920000000000000000e+03 -2.260000000000000000e+02 3.000000000000000000e+00
-5.104000000000000000e+03 1.316000000000000000e+03 1.347600000000000000e+04 -3.936000000000000000e+03 -1.720000000000000000e+02 1.100000000000000000e+01
-5.096000000000000000e+03 1.072000000000000000e+03 1.342000000000000000e+04 -3.936000000000000000e+03 -1.660000000000000000e+02 9.000000000000000000e+00
-5.224000000000000000e+03 1.104000000000000000e+03 1.360400000000000000e+04 -3.920000000000000000e+03 -1.670000000000000000e+02 3.800000000000000000e+01
-5.300000000000000000e+03 1.208000000000000000e+03 1.337600000000000000e+04 -3.920000000000000000e+03 -1.480000000000000000e+02 4.500000000000000000e+01
-5.376000000000000000e+03 1.244000000000000000e+03 1.334800000000000000e+04 -3.936000000000000000e+03 -1.380000000000000000e+02 -3.400000000000000000e+01
-5.428000000000000000e+03 1.100000000000000000e+03 1.328000000000000000e+04 -3.936000000000000000e+03 -1.260000000000000000e+02 -9.500000000000000000e+01
-5.300000000000000000e+03 1.296000000000000000e+03 1.352400000000000000e+04 -3.920000000000000000e+03 -1.130000000000000000e+02 -1.180000000000000000e+02
-5.164000000000000000e+03 1.264000000000000000e+03 1.337600000000000000e+04 -3.904000000000000000e+03 -1.090000000000000000e+02 -7.400000000000000000e+01
-5.408000000000000000e+03 1.300000000000000000e+03 1.342800000000000000e+04 -3.904000000000000000e+03 -1.110000000000000000e+02 4.000000000000000000e+00
-5.032000000000000000e+03 1.240000000000000000e+03 1.351600000000000000e+04 -3.920000000000000000e+03 -1.170000000000000000e+02 7.600000000000000000e+01
-5.152000000000000000e+03 9.720000000000000000e+02 1.349200000000000000e+04 -3.904000000000000000e+03 -1.310000000000000000e+02 1.830000000000000000e+02
