-3.152000000000000000e+03 1.500000000000000000e+03 1.414800000000000000e+04 -3.904000000000000000e+03 -3.240000000000000000e+02 -2.030000000000000000e+02
-3.136000000000000000e+03 1.484000000000000000e+03 1.403200000000000000e+04 -3.904000000000000000e+03 -3.370000000000000000e+02 -4.380000000000000000e+02
-3.096000000000000000e+03 1.440000000000000000e+03 1.444400000000000000e+04 -3.904000000000000000e+03 -2.730000000000000000e+02 -6.500000000000000000e+02
-3.148000000000000000e+03 1.696000000000000000e+03 1.420000000000000000e+04 -3.872000000000000000e+03 -2.210000000000000000e+02 -7.840000000000000000e+02
-3.268000000000000000e+03 1.612000000000000000e+03 1.385600000000000000e+04 -3.936000000000000000e+03 -2.100000000000000000e+02 -7.320000000000000000e+02
-3.332000000000000000e+03 1.564000000000000000e+03 1.397600000000000000e+04 -3.936000000000000000e+03 -1.560000000000000000e+02 -6.150000000000000000e+02
-3.324000000000000000e+03 1.488000000000000000e+03 1.403600000000000000e+04 -3.904000000000000000e+03 -1.650000000000000000e+02 -5.090000000000000000e+02
-3.448000000000000000e+03 6.900000000000000000e+02 1.411200000000000000e+04 -3.904000000000000000e+03 -2.050000000000000000e+02 -5.040000000000000000e+02
-3.444000000000000000e+03 1.648000000000000000e+03 1.415200000000000000e+04 -3.920000000000000000e+03 -2.550000000000000000e+02 -4.080000000000000000e+02
-2.470000000000000000e+02 1.764000000000000000e+03 1.398800000000000000e+04 -3.888000000000000000e+03 -2.150000000000000000e+02 -2.830000000000000000e+02
-3.640000000000000000e+03 1.660000000000000000e+03 1.398800000000000000e+04 -3.904000000000000000e+03 -2.040000000000000000e+02 -8.900000000000000000e+01
-3.528000000000000000e+03 1.656000000000000000e+03 1.382800000000000000e+04 -3.936000000000000000e+03 -2.410000000000000000e+02 8.600000000000000000e+01
-3.696000000000000000e+03 1.728000000000000000e+03 1.381600000000000000e+04 -3.888000000000000000e+03 -3.110000000000000000e+02 2.770000000000000000e+02
-3.716000000000000000e+03 1.588000000000000000e+03 1.376000000000000000e+04 -3.904000000000000000e+03 -3.210000000000000000e+02 4.650000000000000000e+02
-3.824000000000000000e+03 1.564000000000000000e+03 1.397200000000000000e+04 -3.872000000000000000e+03 -3.940000000000000000e+02 6.250000000000000000e+02
-3.732000000000000000e+03 1.664000000000000000e+03 1.422800000000000000e+04 -3.920000000000000000e+03 -3.980000000000000000e+02 7.930000000000000000e+02
-3.648000000000000000e+03 1.700000000000000000e+03 1.416400000000000000e+04 -3.920000000000000000e+03 -4.360000000000000000e+02 8.910000000000000000e+02
-3.860000000000000000e+03 1.492000000000000000e+03 1.404000000000000000e+04 -3.904000000000000000e+03 -4.450000000000000000e+02 9.170000000000000000e+02
-3.700000000000000000e+03 1.504000000000000000e+03 1.370000000000000000e+04 -3.888000000000000000e+03 -4.490000000000000000e+02 9.230000000000000000e+02
-3.620000000000000000e+03 1.524000000000000000e+03 1.408000000000000000e+04 -3.888000000000000000e+03 -4.330000000000000000e+02 8.850000000000000000e+02
-3.556000000000000000e+03 1.544000000000000000e+03 1.417200000000000000e+04 -3.920000000000000000e+03 -4.280000000000000000e+02 7.590000000000000000e+02
-3.404000000000000000e+03 1.552000000000000000e+03 1.417600000000000000e+04 -3.920000000000000000e+03 -4.100000000000000000e+02 6.240000000000000000e+02
-3.268000000000000000e+03 1.580000000000000000e+03 1.400800000000000000e+04 -3.888000000000000000e+03 -3.830000000000000000e+02 4.260000000000000000e+02
-3.328000000000000000e+03 1.576000000000000000e+03 1.410000000000000000e+04 -3.888000000000000000e+03 -3.820000000000000000e+02 2.390000000000000000e+02
-3.164000000000000000e+03 1.652000000000000000e+03 1.410800000000000000e+04 -3.888000000000000000e+03 -3.470000000000000000e+02 4.300000000000000000e+01
-3.068000000000000000e+03 1.716000000000000000e+03 1.397200000000000000e+04 -3.888000000000000000e+03 -2.940000000000000000e+02 -1.580000000000000000e+02
-2.884000000000000000e+03 1.788000000000000000e+03 1.407600000000000000e+04 -3.888000000000000000e+03 -2.730000000000000000e+02 -3.320000000000000000e+02
-2.860000000000000000e+03 1.756000000000000000e+03 1.402000000000000000e+04 -3.920000000000000000e+03 -2.330000000000000000e+02 -5.310000000000000000e+02
-2.852000000000000000e+03 1.644000000000000000e+03 1.401200000000000000e+04 -3.856000000000000000e+03 -2.170000000000000000e+02 -6.380000000000000000e+02
-2.844000000000000000e+03 1.652000000000000000e+03 1.381600000000000000e+04 -3.888000000000000000e+03 -1.970000000000000000e+02 -6.820000000000000000e+02
-2.916000000000000000e+03 1.664000000000000000e+03 1.404400000000000000e+04 -3.904000000000000000e+03 -1.630000000000000000e+02 -6.980000000000000000e+02
-2.804000000000000000e+03 1.636000000000000000e+03 1.391600000000000000e+04 -3.872000000000000000e+03 -1.710000000000000000e+02 -6.620000000000000000e+02
-2.940000000000000000e+03 1.704000000000000000e+03 1.386800000000000000e+04 -3.888000000000000000e+03 -1.470000000000000000e+02 -6.560000000000000000e+02
-2.980000000000000000e+03 1.620000000000000000e+03 1.385200000000000000e+04 -3.872000000000000000e+03 -1.170000000000000000e+02 -6.110000000000000000e+02
-3.036000000000000000e+03 1.436000000000000000e+03 1.390400000000000000e+04 -3.872000000000000000e+03 -1.020000000000000000e+02 -5.220000000000000000e+02
-3.124000000000000000e+03 1.468000000000000000e+03 1.392400000000000000e+04 -3.888000000000000000e+03 -8.100000000000000000e+01 -4.050000000000000000e+02
-3.320000000000000000e+03 1.312000000000000000e+03 1.394800000000000000e+04 -3.888000000000000000e+03 -5.000000000000000000e+01 -1.810000000000000000e+02
-3.544000000000000000e+03 1.456000000000000000e+03 1.399600000000000000e+04 -3.872000000000000000e+03 -7.000000000000000000e+01 3.700000000000000000e+01
-3.472000000000000000e+03 1.480000000000000000e+03 1.406400000000000000e+04 -3.856000000000000000e+03 -1.270000000000000000e+02 2.140000000000000000e+02
-3.548000000000000000e+03 1.464000000000000000e+03 1.412400000000000000e+04 -3.888000000000000000e+03 -2.040000000000000000e+02 3.950000000000000000e+02
-3.540000000000000000e+03 1.368000000000000000e+03 1.403200000000000000e+04 -3.872000000000000000e+03 -2.310000000000000000e+02 6.340000000000000000e+02
-3.612000000000000000e+03 1.488000000000000000e+03 1.382800000000000000e+04 -3.888000000000000000e+03 -2.690000000000000000e+02 8.070000000000000000e+02
-3.612000000000000000e+03 1.584000000000000000e+03 1.392800000000000000e+04 -3.888000000000000000e+03 -3.340000000000000000e+02 9.730000000000000000e+02
-3.548000000000000000e+03 1.536000000000000000e+03 1.383200000000000000e+04 -3.888000000000000000e+03 -3.720000000000000000e+02 1.060000000000000000e+03
-3.432000000000000000e+03 1.516000000000000000e+03 1.388800000000000000e+04 -3.888000000000000000e+03 -4.350000000000000000e+02 1.036000000000000000e+03
-3.504000000000000000e+03 1.520000000000000000e+03 1.403600000000000000e+04 -3.872000000000000000e+03 -4.430000000000000000e+02 9.220000000000000000e+02
-3.312000000000000000e+03 1.572000000000000000e+03 1.424000000000000000e+04 -3.904000000000000000e+03 -4.340000000000000000e+02 7.260000000000000000e+02
-3.252000000000000000e+03 1.728000000000000000e+03 1.426400000000000000e+04 -3.872000000000000000e+03 -4.660000000000000000e+02 5.080000000000000000e+02
-3.036000000000000000e+03 1.752000000000000000e+03 1.444400000000000000e+04 -3.904000000000000000e+03 -4.550000000000000000e+02 3.020000000000000000e+02
-3.124000000000000000e+03 1.596000000000000000e+03 1.422800000000000000e+04 -3.904000000000000000e+03 -4.270000000000000000e+02 5.800000000000000000e+01
-2.956000000000000000e+03 1.400000000000000000e+03 1.412000000000000000e+04 -3.904000000000000000e+03 -4.510000000000000000e+02 -1.420000000000000000e+02
-2.844000000000000000e+03 1.476000000000000000e+03 1.414400000000000000e+04 -3.888000000000000000e+03 -4.360000000000000000e+02 -4.030000000000000000e+02
-2.776000000000000000e+03 1.516000000000000000e+03 1.409600000000000000e+04 -3.872000000000000000e+03 -4.050000000000000000e+02 -6.320000000000000000e+02
-2.832000000000000000e+03 1.612000000000000000e+03 1.422000000000000000e+04 -3.904000000000000000e+03 -4.000000000000000000e+02 -7.570000000000000000e+02
-3.024000000000000000e+03 1.724000000000000000e+03 1.412400000000000000e+04 -3.872000000000000000e+03 -3.560000000000000000e+02 -8.160000000000000000e+02
-2.752000000000000000e+03 1.648000000000000000e+03 1.421600000000000000e+04 -3.872000000000000000e+03 -2.890000000000000000e+02 -7.990000000000000000e+02
-2.584000000000000000e+03 1.696000000000000000e+03 1.412000000000000000e+04 -3.936000000000000000e+03 -2.490000000000000000e+02 -6.790000000000000000e+02
-2.688000000000000000e+03 1.800000000000000000e+03 1.414800000000000000e+04 -3.920000000000000000e+03 -2.090000000000000000e+02 -5.570000000000000000e+02
-2.708000000000000000e+03 1.796000000000000000e+03 1.430400000000000000e+04 -3.872000000000000000e+03 -1.580000000000000000e+02 -4.400000000000000000e+02
-2.804000000000000000e+03 1.764000000000000000e+03 1.423600000000000000e+04 -3.904000000000000000e+03 -1.890000000000000000e+02 -3.180000000000000000e+02
-2.952000000000000000e+03 1.728000000000000000e+03 1.411200000000000000e+04 -3.888000000000000000e+03 -1.770000000000000000e+02 -6.100000000000000000e+01
-3.096000000000000000e+03 1.800000000000000000e+03 1.438800000000000000e+04 -3.920000000000000000e+03 -1.990000000000000000e+02 1.830000000000000000e+02
-3.180000000000000000e+03 1.768000000000000000e+03 1.415200000000000000e+04 -3.904000000000000000e+03 -1.720000000000000000e+02 4.310000000000000000e+02
-3.220000000000000000e+03 1.572000000000000000e+03 1.386800000000000000e+04 -3.888000000000000000e+03 -2.280000000000000000e+02 6.230000000000000000e+02
-3.232000000000000000e+03 1.288000000000000000e+03 1.384000000000000000e+04 -3.952000000000000000e+03 -2.210000000000000000e+02 7.960000000000000000e+02
-3.292000000000000000e+03 1.316000000000000000e+03 1.390000000000000000e+04 -3.904000000000000000e+03 -2.570000000000000000e+02 8.330000000000000000e+02
-3.200000000000000000e+03 1.388000000000000000e+03 1.385200000000000000e+04 -3.888000000000000000e+03 -2.110000000000000000e+02 8.340000000000000000e+02
