1.772000000000000000e+03 2.616000000000000000e+03 1.416400000000000000e+04 -4.048000000000000000e+03 -5.310000000000000000e+02 2.062000000000000000e+03
1.612000000000000000e+03 2.464000000000000000e+03 1.410800000000000000e+04 -4.016000000000000000e+03 -5.370000000000000000e+02 2.149000000000000000e+03
1.608000000000000000e+03 2.488000000000000000e+03 1.418400000000000000e+04 -4.032000000000000000e+03 -5.440000000000000000e+02 2.144000000000000000e+03
1.464000000000000000e+03 2.548000000000000000e+03 1.405600000000000000e+04 -4.064000000000000000e+03 -5.360000000000000000e+02 2.026000000000000000e+03
1.308000000000000000e+03 2.580000000000000000e+03 1.447200000000000000e+04 -4.064000000000000000e+03 -4.980000000000000000e+02 1.844000000000000000e+03
1.056000000000000000e+03 2.516000000000000000e+03 1.461200000000000000e+04 -4.032000000000000000e+03 -4.670000000000000000e+02 1.566000000000000000e+03
7.960000000000000000e+02 2.400000000000000000e+03 1.432400000000000000e+04 -4.032000000000000000e+03 -3.960000000000000000e+02 1.223000000000000000e+03
5.880000000000000000e+02 2.296000000000000000e+03 1.424400000000000000e+04 -4.016000000000000000e+03 -3.380000000000000000e+02 9.500000000000000000e+02
4.920000000000000000e+02 2.360000000000000000e+03 1.420400000000000000e+04 -4.064000000000000000e+03 -2.970000000000000000e+02 6.090000000000000000e+02
4.600000000000000000e+02 2.304000000000000000e+03 1.416000000000000000e+04 -4.048000000000000000e+03 -2.650000000000000000e+02 3.040000000000000000e+02
5.960000000000000000e+02 2.432000000000000000e+03 1.456400000000000000e+04 -4.048000000000000000e+03 -1.780000000000000000e+02 -7.000000000000000000e+00
4.160000000000000000e+02 2.252000000000000000e+03 1.421600000000000000e+04 -4.064000000000000000e+03 -1.510000000000000000e+02 -3.200000000000000000e+02
2.760000000000000000e+02 2.368000000000000000e+03 1.440000000000000000e+04 -4.016000000000000000e+03 -9.700000000000000000e+01 -6.070000000000000000e+02
2.160000000000000000e+02 2.320000000000000000e+03 1.438000000000000000e+04 -4.032000000000000000e+03 -6.600000000000000000e+01 -7.850000000000000000e+02
3.520000000000000000e+02 2.432000000000000000e+03 1.455200000000000000e+04 -4.032000000000000000e+03 -4.400000000000000000e+01 -8.710000000000000000e+02
4.280000000000000000e+02 2.456000000000000000e+03 1.439600000000000000e+04 -4.048000000000000000e+03 -3.600000000000000000e+01 -8.630000000000000000e+02
4.560000000000000000e+02 2.404000000000000000e+03 1.440400000000000000e+04 -4.016000000000000000e+03 -4.000000000000000000e+01 -8.180000000000000000e+02
5.800000000000000000e+02 2.504000000000000000e+03 1.440400000000000000e+04 -4.048000000000000000e+03 -8.200000000000000000e+01 -6.710000000000000000e+02
7.400000000000000000e+02 2.352000000000000000e+03 1.443600000000000000e+04 -4.048000000000000000e+03 -9.100000000000000000e+01 -5.410000000000000000e+02
8.200000000000000000e+02 2.432000000000000000e+03 1.440800000000000000e+04 -4.048000000000000000e+03 -9.600000000000000000e+01 -4.160000000000000000e+02
8.960000000000000000e+02 2.512000000000000000e+03 1.445600000000000000e+04 -4.048000000000000000e+03 -1.070000000000000000e+02 -3.090000000000000000e+02
7.400000000000000000e+02 2.484000000000000000e+03 1.427600000000000000e+04 -4.032000000000000000e+03 -1.530000000000000000e+02 -2.550000000000000000e+02
7.880000000000000000e+02 2.380000000000000000e+03 1.437200000000000000e+04 -4.016000000000000000e+03 -1.360000000000000000e+02 -2.350000000000000000e+02
7.200000000000000000e+02 2.388000000000000000e+03 1.454400000000000000e+04 -4.048000000000000000e+03 -1.450000000000000000e+02 -1.020000000000000000e+02
8.440000000000000000e+02 2.404000000000000000e+03 1.426000000000000000e+04 -4.048000000000000000e+03 -1.630000000000000000e+02 5.400000000000000000e+01
1.020000000000000000e+03 2.560000000000000000e+03 1.431200000000000000e+04 -4.048000000000000000e+03 -2.290000000000000000e+02 2.390000000000000000e+02
1.312000000000000000e+03 2.644000000000000000e+03 1.426000000000000000e+04 -4.048000000000000000e+03 -2.540000000000000000e+02 3.810000000000000000e+02
1.244000000000000000e+03 2.548000000000000000e+03 1.444800000000000000e+04 -4.048000000000000000e+03 -2.810000000000000000e+02 5.660000000000000000e+02
1.108000000000000000e+03 2.728000000000000000e+03 1.457600000000000000e+04 -4.032000000000000000e+03 -3.400000000000000000e+02 8.360000000000000000e+02
8.280000000000000000e+02 2.524000000000000000e+03 1.455200000000000000e+04 -3.984000000000000000e+03 -4.280000000000000000e+02 1.107000000000000000e+03
7.080000000000000000e+02 2.592000000000000000e+03 1.419600000000000000e+04 -4.048000000000000000e+03 -3.930000000000000000e+02 1.231000000000000000e+03
7.440000000000000000e+02 2.556000000000000000e+03 1.440800000000000000e+04 -4.064000000000000000e+03 -4.180000000000000000e+02 1.307000000000000000e+03
5.760000000000000000e+02 2.556000000000000000e+03 1.429200000000000000e+04 -4.032000000000000000e+03 -4.230000000000000000e+02 1.229000000000000000e+03
5.840000000000000000e+02 2.352000000000000000e+03 1.432000000000000000e+04 -4.048000000000000000e+03 -3.780000000000000000e+02 1.052000000000000000e+03
3.560000000000000000e+02 2.420000000000000000e+03 1.428400000000000000e+04 -4.000000000000000000e+03 -3.500000000000000000e+02 7.900000000000000000e+02
1.680000000000000000e+02 2.340000000000000000e+03 1.450400000000000000e+04 -4.032000000000000000e+03 -3.700000000000000000e+02 5.080000000000000000e+02
4.800000000000000000e+01 2.452000000000000000e+03 1.465200000000000000e+04 -4.048000000000000000e+03 -3.350000000000000000e+02 2.260000000000000000e+02
1.840000000000000000e+02 2.448000000000000000e+03 1.476800000000000000e+04 -4.032000000000000000e+03 -3.260000000000000000e+02 -6.500000000000000000e+01
1.160000000000000000e+02 2.552000000000000000e+03 1.460800000000000000e+04 -4.064000000000000000e+03 -3.140000000000000000e+02 -3.510000000000000000e+02
2.680000000000000000e+02 2.584000000000000000e+03 1.440400000000000000e+04 -4.032000000000000000e+03 -2.980000000000000000e+02 -4.850000000000000000e+02
3.160000000000000000e+02 2.472000000000000000e+03 1.451600000000000000e+04 -4.080000000000000000e+03 -3.410000000000000000e+02 -5.000000000000000000e+02
5.440000000000000000e+02 2.576000000000000000e+03 1.464000000000000000e+04 -4.032000000000000000e+03 -3.410000000000000000e+02 -4.630000000000000000e+02
3.360000000000000000e+02 2.404000000000000000e+03 1.444000000000000000e+04 -4.048000000000000000e+03 -3.440000000000000000e+02 -4.120000000000000000e+02
2.600000000000000000e+02 2.448000000000000000e+03 1.440400000000000000e+04 -4.080000000000000000e+03 -3.000000000000000000e+02 -2.810000000000000000e+02
3.880000000000000000e+02 2.280000000000000000e+03 1.421600000000000000e+04 -4.032000000000000000e+03 -3.450000000000000000e+02 -1.130000000000000000e+02
7.520000000000000000e+02 2.320000000000000000e+03 1.432800000000000000e+04 -4.080000000000000000e+03 -3.480000000000000000e+02 1.100000000000000000e+01
8.880000000000000000e+02 2.352000000000000000e+03 1.435200000000000000e+04 -4.032000000000000000e+03 -3.620000000000000000e+02 1.070000000000000000e+02
7.080000000000000000e+02 2.348000000000000000e+03 1.423600000000000000e+04 -4.016000000000000000e+03 -3.380000000000000000e+02 1.780000000000000000e+02
6.480000000000000000e+02 2.388000000000000000e+03 1.430400000000000000e+04 -4.048000000000000000e+03 -3.290000000000000000e+02 2.490000000000000000e+02
3.280000000000000000e+02 2.352000000000000000e+03 1.421600000000000000e+04 -4.064000000000000000e+03 -3.430000000000000000e+02 2.790000000000000000e+02
4.600000000000000000e+02 2.672000000000000000e+03 1.438000000000000000e+04 -4.048000000000000000e+03 -3.390000000000000000e+02 2.960000000000000000e+02
7.000000000000000000e+02 2.592000000000000000e+03 1.450800000000000000e+04 -4.080000000000000000e+03 -3.340000000000000000e+02 3.400000000000000000e+02
6.360000000000000000e+02 2.520000000000000000e+03 1.439600000000000000e+04 -4.064000000000000000e+03 -3.160000000000000000e+02 3.350000000000000000e+02
6.720000000000000000e+02 2.556000000000000000e+03 1.435600000000000000e+04 -4.032000000000000000e+03 -3.180000000000000000e+02 2.800000000000000000e+02
5.480000000000000000e+02 2.360000000000000000e+03 1.442400000000000000e+04 -4.048000000000000000e+03 -2.960000000000000000e+02 2.890000000000000000e+02
4.040000000000000000e+02 2.396000000000000000e+03 1.450400000000000000e+04 -4.048000000000000000e+03 -2.790000000000000000e+02 2.800000000000000000e+02
5.520000000000000000e+02 2.312000000000000000e+03 1.433200000000000000e+04 -4.048000000000000000e+03 -2.670000000000000000e+02 2.500000000000000000e+02
7.000000000000000000e+02 2.372000000000000000e+03 1.435600000000000000e+04 -4.064000000000000000e+03 -2.220000000000000000e+02 1.900000000000000000e+02
5.160000000000000000e+02 2.400000000000000000e+03 1.438800000000000000e+04 -4.032000000000000000e+03 -2.300000000000000000e+02 1.210000000000000000e+02
3.240000000000000000e+02 2.300000000000000000e+03 1.427200000000000000e+04 -4.016000000000000000e+03 -2.160000000000000000e+02 6.800000000000000000e+01
4.760000000000000000e+02 2.392000000000000000e+03 1.440400000000000000e+04 -4.048000000000000000e+03 -2.120000000000000000e+02 -1.200000000000000000e+01
5.160000000000000000e+02 2.548000000000000000e+03 1.437200000000000000e+04 -4.048000000000000000e+03 -1.880000000000000000e+02 -5.900000000000000000e+01
6.120000000000000000e+02 2.568000000000000000e+03 1.454000000000000000e+04 -4.048000000000000000e+03 -1.990000000000000000e+02 -8.400000000000000000e+01
5.160000000000000000e+02 2.416000000000000000e+03 1.426400000000000000e+04 -4.048000000000000000e+03 -1.730000000000000000e+02 -1.170000000000000000e+02
6.760000000000000000e+02 2.324000000000000000e+03 1.426800000000000000e+04 -4.048000000000000000e+03 -1.810000000000000000e+02 -1.030000000000000000e+02
7.040000000000000000e+02 2.468000000000000000e+03 1.436400000000000000e+04 -4.064000000000000000e+03 -1.430000000000000000e+02 -8.500000000000000000e+01
6.360000000000000000e+02 2.444000000000000000e+03 1.460800000000000000e+04 -4.032000000000000000e+03 -1.860000000000000000e+02 -8.400000000000000000e+01
6.840000000000000000e+02 2.408000000000000000e+03 1.438400000000000000e+04 -4.032000000000000000e+03 -1.810000000000000000e+02 -4.600000000000000000e+01
6.360000000000000000e+02 2.388000000000000000e+03 1.464400000000000000e+04 -4.064000000000000000e+03 -2.090000000000000000e+02 -6.000000000000000000e+01
7.560000000000000000e+02 2.432000000000000000e+03 1.438400000000000000e+04 -4.032000000000000000e+03 -1.980000000000000000e+02 -4.800000000000000000e+01
7.600000000000000000e+02 2.472000000000000000e+03 1.444800000000000000e+04 -4.064000000000000000e+03 -1.890000000000000000e+02 1.100000000000000000e+01
8.080000000000000000e+02 2.464000000000000000e+03 1.434800000000000000e+04 -4.064000000000000000e+03 -2.100000000000000000e+02 4.000000000000000000e+00
9.040000000000000000e+02 2.480000000000000000e+03 1.447200000000000000e+04 -4.064000000000000000e+03 -2.320000000000000000e+02 3.400000000000000000e+01
8.440000000000000000e+02 2.480000000000000000e+03 1.444800000000000000e+04 -4.048000000000000000e+03 -2.380000000000000000e+02 4.600000000000000000e+01
8.200000000000000000e+02 2.612000000000000000e+03 1.436800000000000000e+04 -4.064000000000000000e+03 -2.570000000000000000e+02 6.000000000000000000e+01
7.640000000000000000e+02 2.488000000000000000e+03 1.459200000000000000e+04 -4.000000000000000000e+03 -2.560000000000000000e+02 1.110000000000000000e+02
8.760000000000000000e+02 2.500000000000000000e+03 1.448400000000000000e+04 -4.048000000000000000e+03 -2.480000000000000000e+02 1.040000000000000000e+02
6.520000000000000000e+02 2.344000000000000000e+03 1.441200000000000000e+04 -4.048000000000000000e+03 -2.550000000000000000e+02 1.090000000000000000e+02
8.760000000000000000e+02 2.508000000000000000e+03 1.440400000000000000e+04 -4.064000000000000000e+03 -2.510000000000000000e+02 9.800000000000000000e+01
9.160000000000000000e+02 2.504000000000000000e+03 1.418800000000000000e+04 -4.048000000000000000e+03 -2.760000000000000000e+02 7.100000000000000000e+01
7.440000000000000000e+02 2.460000000000000000e+03 1.439200000000000000e+04 -4.032000000000000000e+03 -2.710000000000000000e+02 7.300000000000000000e+01
8.200000000000000000e+02 2.552000000000000000e+03 1.452800000000000000e+04 -4.048000000000000000e+03 -2.980000000000000000e+02 4.100000000000000000e+01
