-3.160000000000000000e+02 2.040000000000000000e+03 1.432400000000000000e+04 -4.112000000000000000e+03 -1.900000000000000000e+02 -2.140000000000000000e+02
-5.120000000000000000e+02 1.992000000000000000e+03 1.459200000000000000e+04 -4.112000000000000000e+03 -2.080000000000000000e+02 -2.290000000000000000e+02
-3.880000000000000000e+02 1.924000000000000000e+03 1.471600000000000000e+04 -4.128000000000000000e+03 -2.570000000000000000e+02 -1.510000000000000000e+02
-3.640000000000000000e+02 2.156000000000000000e+03 1.454800000000000000e+04 -4.112000000000000000e+03 -2.610000000000000000e+02 -8.000000000000000000e+00
-3.680000000000000000e+02 2.032000000000000000e+03 1.439200000000000000e+04 -4.128000000000000000e+03 -3.030000000000000000e+02 1.960000000000000000e+02
-1.520000000000000000e+02 1.988000000000000000e+03 1.429200000000000000e+04 -4.128000000000000000e+03 -3.230000000000000000e+02 3.690000000000000000e+02
-1.160000000000000000e+02 1.940000000000000000e+03 1.431200000000000000e+04 -4.144000000000000000e+03 -4.190000000000000000e+02 4.610000000000000000e+02
1.080000000000000000e+02 2.088000000000000000e+03 1.480800000000000000e+04 -4.112000000000000000e+03 -4.380000000000000000e+02 3.650000000000000000e+02
-1.760000000000000000e+02 2.152000000000000000e+03 1.493200000000000000e+04 -4.144000000000000000e+03 -4.590000000000000000e+02 -1.120000000000000000e+02
-3.920000000000000000e+02 2.244000000000000000e+03 1.484000000000000000e+04 -4.144000000000000000e+03 -3.920000000000000000e+02 -1.070000000000000000e+02
-3.400000000000000000e+02 2.208000000000000000e+03 1.446000000000000000e+04 -4.128000000000000000e+03 -2.220000000000000000e+02 -3.160000000000000000e+02
-2.760000000000000000e+02 2.156000000000000000e+03 1.437600000000000000e+04 -4.128000000000000000e+03 -2.300000000000000000e+02 -3.450000000000000000e+02
-2.120000000000000000e+02 2.076000000000000000e+03 1.438400000000000000e+04 -4.112000000000000000e+03 -2.640000000000000000e+02 -2.880000000000000000e+02
-8.000000000000000000e+01 1.904000000000000000e+03 1.458400000000000000e+04 -4.128000000000000000e+03 -3.040000000000000000e+02 -2.860000000000000000e+02
-1.280000000000000000e+02 2.048000000000000000e+03 1.504400000000000000e+04 -4.128000000000000000e+03 -3.230000000000000000e+02 -2.350000000000000000e+02
-2.160000000000000000e+02 2.060000000000000000e+03 1.480400000000000000e+04 -4.144000000000000000e+03 -2.580000000000000000e+02 1.790000000000000000e+02
-1.480000000000000000e+02 2.040000000000000000e+03 1.442000000000000000e+04 -4.160000000000000000e+03 -2.640000000000000000e+02 1.540000000000000000e+02
-3.440000000000000000e+02 2.064000000000000000e+03 1.369200000000000000e+04 -4.112000000000000000e+03 -2.360000000000000000e+02 4.560000000000000000e+02
2.800000000000000000e+01 1.868000000000000000e+03 1.392400000000000000e+04 -4.128000000000000000e+03 -2.680000000000000000e+02 7.100000000000000000e+02
-8.400000000000000000e+01 1.876000000000000000e+03 1.442400000000000000e+04 -4.096000000000000000e+03 -2.880000000000000000e+02 8.210000000000000000e+02
-9.200000000000000000e+01 1.984000000000000000e+03 1.494400000000000000e+04 -4.128000000000000000e+03 -3.070000000000000000e+02 8.740000000000000000e+02
-4.000000000000000000e+01 2.144000000000000000e+03 1.470400000000000000e+04 -4.144000000000000000e+03 -2.690000000000000000e+02 7.400000000000000000e+02
-3.640000000000000000e+02 2.148000000000000000e+03 1.438000000000000000e+04 -4.112000000000000000e+03 -1.650000000000000000e+02 8.330000000000000000e+02
8.000000000000000000e+00 1.968000000000000000e+03 1.379600000000000000e+04 -4.112000000000000000e+03 -2.530000000000000000e+02 9.330000000000000000e+02
7.200000000000000000e+01 2.040000000000000000e+03 1.388000000000000000e+04 -4.096000000000000000e+03 -2.470000000000000000e+02 9.870000000000000000e+02
3.800000000000000000e+02 1.836000000000000000e+03 1.498000000000000000e+04 -4.144000000000000000e+03 -2.420000000000000000e+02 9.660000000000000000e+02
2.920000000000000000e+02 1.904000000000000000e+03 1.454000000000000000e+04 -4.128000000000000000e+03 -2.580000000000000000e+02 7.780000000000000000e+02
-4.400000000000000000e+01 1.976000000000000000e+03 1.458800000000000000e+04 -4.112000000000000000e+03 -2.760000000000000000e+02 6.220000000000000000e+02
-1.840000000000000000e+02 2.036000000000000000e+03 1.440400000000000000e+04 -4.112000000000000000e+03 -2.410000000000000000e+02 4.210000000000000000e+02
-1.720000000000000000e+02 2.008000000000000000e+03 1.430400000000000000e+04 -4.144000000000000000e+03 -2.670000000000000000e+02 2.160000000000000000e+02
4.600000000000000000e+02 1.940000000000000000e+03 1.414800000000000000e+04 -4.112000000000000000e+03 -2.290000000000000000e+02 7.400000000000000000e+01
-6.000000000000000000e+01 2.108000000000000000e+03 1.440800000000000000e+04 -4.128000000000000000e+03 -2.590000000000000000e+02 -1.800000000000000000e+01
8.000000000000000000e+01 1.892000000000000000e+03 1.433200000000000000e+04 -4.096000000000000000e+03 -2.400000000000000000e+02 -1.060000000000000000e+02
-1.600000000000000000e+01 2.192000000000000000e+03 1.449600000000000000e+04 -4.112000000000000000e+03 -2.790000000000000000e+02 -1.270000000000000000e+02
-5.040000000000000000e+02 2.136000000000000000e+03 1.452400000000000000e+04 -4.128000000000000000e+03 -2.930000000000000000e+02 -1.950000000000000000e+02
3.600000000000000000e+01 2.152000000000000000e+03 1.454800000000000000e+04 -4.128000000000000000e+03 -2.580000000000000000e+02 -1.790000000000000000e+02
-1.080000000000000000e+02 2.256000000000000000e+03 1.472400000000000000e+04 -4.112000000000000000e+03 -2.510000000000000000e+02 -1.220000000000000000e+02
4.400000000000000000e+01 2.192000000000000000e+03 1.470400000000000000e+04 -4.160000000000000000e+03 -2.790000000000000000e+02 -7.000000000000000000e+00
6.800000000000000000e+01 2.008000000000000000e+03 1.431600000000000000e+04 -4.128000000000000000e+03 -3.070000000000000000e+02 2.190000000000000000e+02
-1.520000000000000000e+02 2.176000000000000000e+03 1.472800000000000000e+04 -4.144000000000000000e+03 -3.600000000000000000e+02 3.900000000000000000e+02
-1.280000000000000000e+02 2.040000000000000000e+03 1.477200000000000000e+04 -4.144000000000000000e+03 -3.880000000000000000e+02 5.790000000000000000e+02
-4.600000000000000000e+02 2.008000000000000000e+03 1.446400000000000000e+04 -4.128000000000000000e+03 -3.960000000000000000e+02 6.540000000000000000e+02
-7.560000000000000000e+02 2.104000000000000000e+03 1.477600000000000000e+04 -4.128000000000000000e+03 -4.170000000000000000e+02 6.570000000000000000e+02
-5.800000000000000000e+02 1.980000000000000000e+03 1.429600000000000000e+04 -4.112000000000000000e+03 -3.740000000000000000e+02 6.150000000000000000e+02
-6.600000000000000000e+02 2.080000000000000000e+03 1.426000000000000000e+04 -4.128000000000000000e+03 -4.150000000000000000e+02 5.930000000000000000e+02
-4.840000000000000000e+02 1.968000000000000000e+03 1.442400000000000000e+04 -4.112000000000000000e+03 -4.070000000000000000e+02 6.940000000000000000e+02
-2.840000000000000000e+02 2.052000000000000000e+03 1.460000000000000000e+04 -4.128000000000000000e+03 -4.050000000000000000e+02 7.440000000000000000e+02
-4.880000000000000000e+02 2.112000000000000000e+03 1.455200000000000000e+04 -4.144000000000000000e+03 -3.980000000000000000e+02 7.450000000000000000e+02
-3.440000000000000000e+02 2.200000000000000000e+03 1.451200000000000000e+04 -4.128000000000000000e+03 -3.290000000000000000e+02 6.940000000000000000e+02
-5.800000000000000000e+02 2.168000000000000000e+03 1.441200000000000000e+04 -4.144000000000000000e+03 -3.540000000000000000e+02 6.690000000000000000e+02
-3.880000000000000000e+02 2.132000000000000000e+03 1.419200000000000000e+04 -4.128000000000000000e+03 -3.680000000000000000e+02 6.210000000000000000e+02
-2.960000000000000000e+02 1.968000000000000000e+03 1.469200000000000000e+04 -4.144000000000000000e+03 -3.830000000000000000e+02 5.290000000000000000e+02
-1.840000000000000000e+02 1.948000000000000000e+03 1.479200000000000000e+04 -4.128000000000000000e+03 -4.250000000000000000e+02 4.090000000000000000e+02
-2.280000000000000000e+02 1.872000000000000000e+03 1.447200000000000000e+04 -4.112000000000000000e+03 -4.250000000000000000e+02 3.470000000000000000e+02
-1.320000000000000000e+02 1.932000000000000000e+03 1.407600000000000000e+04 -4.128000000000000000e+03 -4.430000000000000000e+02 2.770000000000000000e+02
-4.000000000000000000e+02 1.884000000000000000e+03 1.384000000000000000e+04 -4.112000000000000000e+03 -3.620000000000000000e+02 2.330000000000000000e+02
-3.560000000000000000e+02 1.952000000000000000e+03 1.405200000000000000e+04 -4.144000000000000000e+03 -3.300000000000000000e+02 1.720000000000000000e+02
-4.160000000000000000e+02 1.920000000000000000e+03 1.470000000000000000e+04 -4.144000000000000000e+03 -2.850000000000000000e+02 7.900000000000000000e+01
-4.360000000000000000e+02 1.936000000000000000e+03 1.457200000000000000e+04 -4.160000000000000000e+03 -2.830000000000000000e+02 6.600000000000000000e+01
-3.480000000000000000e+02 2.132000000000000000e+03 1.459600000000000000e+04 -4.128000000000000000e+03 -2.840000000000000000e+02 5.800000000000000000e+01
-3.400000000000000000e+02 2.128000000000000000e+03 1.482000000000000000e+04 -4.144000000000000000e+03 -2.810000000000000000e+02 7.300000000000000000e+01
-4.880000000000000000e+02 2.124000000000000000e+03 1.420000000000000000e+04 -4.128000000000000000e+03 -2.480000000000000000e+02 1.670000000000000000e+02
-4.520000000000000000e+02 2.264000000000000000e+03 1.414400000000000000e+04 -4.128000000000000000e+03 -3.130000000000000000e+02 3.290000000000000000e+02
-4.480000000000000000e+02 1.920000000000000000e+03 1.380400000000000000e+04 -4.128000000000000000e+03 -4.050000000000000000e+02 3.700000000000000000e+02
-7.200000000000000000e+02 1.872000000000000000e+03 1.427200000000000000e+04 -4.128000000000000000e+03 -3.920000000000000000e+02 3.820000000000000000e+02
-8.480000000000000000e+02 1.784000000000000000e+03 1.454000000000000000e+04 -4.096000000000000000e+03 -4.080000000000000000e+02 4.220000000000000000e+02
-9.240000000000000000e+02 1.808000000000000000e+03 1.451200000000000000e+04 -4.144000000000000000e+03 -4.030000000000000000e+02 4.970000000000000000e+02
-8.640000000000000000e+02 1.888000000000000000e+03 1.436800000000000000e+04 -4.096000000000000000e+03 -3.830000000000000000e+02 4.610000000000000000e+02
-8.200000000000000000e+02 1.852000000000000000e+03 1.423600000000000000e+04 -4.112000000000000000e+03 -3.980000000000000000e+02 3.770000000000000000e+02
-7.720000000000000000e+02 1.884000000000000000e+03 1.437200000000000000e+04 -4.128000000000000000e+03 -3.650000000000000000e+02 2.110000000000000000e+02
