6.840000000000000000e+03 2.588000000000000000e+03 1.346400000000000000e+04 -3.840000000000000000e+03 -4.120000000000000000e+02 1.075000000000000000e+03
6.976000000000000000e+03 2.560000000000000000e+03 1.357200000000000000e+04 -3.840000000000000000e+03 -4.000000000000000000e+02 1.122000000000000000e+03
6.952000000000000000e+03 2.740000000000000000e+03 1.329200000000000000e+04 -3.824000000000000000e+03 -3.970000000000000000e+02 1.072000000000000000e+03
6.848000000000000000e+03 2.740000000000000000e+03 1.305600000000000000e+04 -3.840000000000000000e+03 -4.400000000000000000e+02 9.140000000000000000e+02
6.716000000000000000e+03 2.748000000000000000e+03 1.329600000000000000e+04 -3.872000000000000000e+03 -4.530000000000000000e+02 7.760000000000000000e+02
6.792000000000000000e+03 2.684000000000000000e+03 1.320800000000000000e+04 -3.840000000000000000e+03 -4.580000000000000000e+02 6.480000000000000000e+02
6.820000000000000000e+03 2.664000000000000000e+03 1.334000000000000000e+04 -3.856000000000000000e+03 -4.290000000000000000e+02 5.080000000000000000e+02
6.824000000000000000e+03 2.724000000000000000e+03 1.322000000000000000e+04 -3.840000000000000000e+03 -4.100000000000000000e+02 4.220000000000000000e+02
6.872000000000000000e+03 2.676000000000000000e+03 1.314400000000000000e+04 -3.824000000000000000e+03 -3.960000000000000000e+02 3.080000000000000000e+02
6.768000000000000000e+03 2.700000000000000000e+03 1.330000000000000000e+04 -3.872000000000000000e+03 -3.600000000000000000e+02 1.370000000000000000e+02
6.724000000000000000e+03 2.604000000000000000e+03 1.310800000000000000e+04 -3.856000000000000000e+03 -3.210000000000000000e+02 6.600000000000000000e+01
6.788000000000000000e+03 2.692000000000000000e+03 1.303200000000000000e+04 -3.872000000000000000e+03 -2.740000000000000000e+02 -4.800000000000000000e+01
6.792000000000000000e+03 2.788000000000000000e+03 1.308800000000000000e+04 -3.872000000000000000e+03 -1.950000000000000000e+02 -9.700000000000000000e+01
6.828000000000000000e+03 2.928000000000000000e+03 1.295200000000000000e+04 -3.856000000000000000e+03 -1.230000000000000000e+02 -1.440000000000000000e+02
6.768000000000000000e+03 2.996000000000000000e+03 1.300000000000000000e+04 -3.856000000000000000e+03 -9.400000000000000000e+01 -1.480000000000000000e+02
6.704000000000000000e+03 2.860000000000000000e+03 1.295600000000000000e+04 -3.872000000000000000e+03 -6.400000000000000000e+01 -1.960000000000000000e+02
6.708000000000000000e+03 2.904000000000000000e+03 1.308400000000000000e+04 -3.872000000000000000e+03 -3.800000000000000000e+01 -2.010000000000000000e+02
6.868000000000000000e+03 2.916000000000000000e+03 1.331200000000000000e+04 -3.872000000000000000e+03 -5.000000000000000000e+01 -1.400000000000000000e+02
6.852000000000000000e+03 2.892000000000000000e+03 1.340800000000000000e+04 -3.840000000000000000e+03 -4.000000000000000000e+01 -7.500000000000000000e+01
6.796000000000000000e+03 2.836000000000000000e+03 1.319600000000000000e+04 -3.856000000000000000e+03 -7.100000000000000000e+01 2.700000000000000000e+01
6.812000000000000000e+03 2.820000000000000000e+03 1.289200000000000000e+04 -3.872000000000000000e+03 -8.500000000000000000e+01 1.270000000000000000e+02
6.840000000000000000e+03 2.736000000000000000e+03 1.310000000000000000e+04 -3.856000000000000000e+03 -9.000000000000000000e+01 2.210000000000000000e+02
6.952000000000000000e+03 2.740000000000000000e+03 1.309200000000000000e+04 -3.856000000000000000e+03 -1.310000000000000000e+02 3.380000000000000000e+02
7.036000000000000000e+03 2.696000000000000000e+03 1.315600000000000000e+04 -3.824000000000000000e+03 -1.910000000000000000e+02 4.220000000000000000e+02
6.944000000000000000e+03 2.752000000000000000e+03 1.285600000000000000e+04 -3.872000000000000000e+03 -2.110000000000000000e+02 5.600000000000000000e+02
6.904000000000000000e+03 2.632000000000000000e+03 1.304400000000000000e+04 -3.872000000000000000e+03 -2.560000000000000000e+02 6.350000000000000000e+02
6.660000000000000000e+03 2.488000000000000000e+03 1.332800000000000000e+04 -3.840000000000000000e+03 -2.790000000000000000e+02 5.690000000000000000e+02
6.652000000000000000e+03 2.472000000000000000e+03 1.336800000000000000e+04 -3.840000000000000000e+03 -2.900000000000000000e+02 4.560000000000000000e+02
6.772000000000000000e+03 2.460000000000000000e+03 1.359200000000000000e+04 -3.840000000000000000e+03 -3.800000000000000000e+02 3.170000000000000000e+02
6.784000000000000000e+03 2.588000000000000000e+03 1.322400000000000000e+04 -3.840000000000000000e+03 -3.880000000000000000e+02 2.180000000000000000e+02
6.764000000000000000e+03 2.436000000000000000e+03 1.320800000000000000e+04 -3.856000000000000000e+03 -4.260000000000000000e+02 1.420000000000000000e+02
6.576000000000000000e+03 2.416000000000000000e+03 1.300800000000000000e+04 -3.824000000000000000e+03 -4.240000000000000000e+02 3.600000000000000000e+01
6.836000000000000000e+03 2.424000000000000000e+03 1.310400000000000000e+04 -3.856000000000000000e+03 -4.250000000000000000e+02 -1.080000000000000000e+02
6.820000000000000000e+03 2.560000000000000000e+03 1.329600000000000000e+04 -3.856000000000000000e+03 -3.970000000000000000e+02 -3.040000000000000000e+02
6.996000000000000000e+03 2.724000000000000000e+03 1.340800000000000000e+04 -3.856000000000000000e+03 -3.810000000000000000e+02 -4.940000000000000000e+02
6.968000000000000000e+03 2.872000000000000000e+03 1.328800000000000000e+04 -3.872000000000000000e+03 -3.600000000000000000e+02 -6.480000000000000000e+02
6.856000000000000000e+03 2.816000000000000000e+03 1.342400000000000000e+04 -3.840000000000000000e+03 -3.590000000000000000e+02 -7.860000000000000000e+02
6.816000000000000000e+03 2.544000000000000000e+03 1.340000000000000000e+04 -3.824000000000000000e+03 -3.580000000000000000e+02 -9.500000000000000000e+02
6.792000000000000000e+03 2.480000000000000000e+03 1.358000000000000000e+04 -3.824000000000000000e+03 -3.300000000000000000e+02 -1.088000000000000000e+03
6.804000000000000000e+03 2.460000000000000000e+03 1.342000000000000000e+04 -3.856000000000000000e+03 -3.350000000000000000e+02 -1.138000000000000000e+03
6.668000000000000000e+03 2.348000000000000000e+03 1.337600000000000000e+04 -3.840000000000000000e+03 -3.050000000000000000e+02 -1.166000000000000000e+03
6.668000000000000000e+03 2.388000000000000000e+03 1.346000000000000000e+04 -3.824000000000000000e+03 -2.940000000000000000e+02 -1.061000000000000000e+03
