-5.960000000000000000e+03 1.408000000000000000e+03 1.344400000000000000e+04 -3.968000000000000000e+03 -5.580000000000000000e+02 8.060000000000000000e+02
-5.948000000000000000e+03 1.316000000000000000e+03 1.376800000000000000e+04 -3.952000000000000000e+03 -5.680000000000000000e+02 7.040000000000000000e+02
-5.868000000000000000e+03 1.420000000000000000e+03 1.355200000000000000e+04 -4.000000000000000000e+03 -5.820000000000000000e+02 6.000000000000000000e+02
-5.840000000000000000e+03 1.496000000000000000e+03 1.343200000000000000e+04 -3.968000000000000000e+03 -6.130000000000000000e+02 4.780000000000000000e+02
-5.860000000000000000e+03 1.320000000000000000e+03 1.365600000000000000e+04 -3.952000000000000000e+03 -5.870000000000000000e+02 4.810000000000000000e+02
-5.456000000000000000e+03 1.456000000000000000e+03 1.372800000000000000e+04 -3.968000000000000000e+03 -6.090000000000000000e+02 4.630000000000000000e+02
-5.476000000000000000e+03 1.440000000000000000e+03 1.335600000000000000e+04 -3.936000000000000000e+03 -5.930000000000000000e+02 4.120000000000000000e+02
-5.412000000000000000e+03 1.400000000000000000e+03 1.340000000000000000e+04 -4.000000000000000000e+03 -5.770000000000000000e+02 3.170000000000000000e+02
5.068000000000000000e+03 1.516000000000000000e+03 1.359600000000000000e+04 -3.936000000000000000e+03 -5.240000000000000000e+02 1.690000000000000000e+02
-5.136000000000000000e+03 1.500000000000000000e+03 1.347600000000000000e+04 -3.968000000000000000e+03 -4.730000000000000000e+02 7.000000000000000000e+00
-4.980000000000000000e+03 1.524000000000000000e+03 1.364800000000000000e+04 -3.936000000000000000e+03 -4.370000000000000000e+02 -2.290000000000000000e+02
-4.928000000000000000e+03 1.380000000000000000e+03 1.349200000000000000e+04 -3.968000000000000000e+03 -4.220000000000000000e+02 -4.150000000000000000e+02
-4.984000000000000000e+03 1.400000000000000000e+03 1.338000000000000000e+04 -3.968000000000000000e+03 -3.920000000000000000e+02 -5.520000000000000000e+02
-4.852000000000000000e+03 1.456000000000000000e+03 1.352000000000000000e+04 -3.984000000000000000e+03 -3.610000000000000000e+02 -6.540000000000000000e+02
-4.756000000000000000e+03 1.392000000000000000e+03 1.332800000000000000e+04 -3.984000000000000000e+03 -3.560000000000000000e+02 -6.670000000000000000e+02
-4.756000000000000000e+03 1.336000000000000000e+03 1.324800000000000000e+04 -3.968000000000000000e+03 -3.810000000000000000e+02 -6.440000000000000000e+02
-4.796000000000000000e+03 1.300000000000000000e+03 1.334400000000000000e+04 -3.984000000000000000e+03 -3.810000000000000000e+02 -6.030000000000000000e+02
-4.860000000000000000e+03 1.328000000000000000e+03 1.328000000000000000e+04 -3.968000000000000000e+03 -3.650000000000000000e+02 -5.140000000000000000e+02
-4.896000000000000000e+03 1.192000000000000000e+03 1.365600000000000000e+04 -3.984000000000000000e+03 -3.680000000000000000e+02 -4.100000000000000000e+02
-4.936000000000000000e+03 1.188000000000000000e+03 1.348000000000000000e+04 -3.984000000000000000e+03 -3.640000000000000000e+02 -2.850000000000000000e+02
-5.052000000000000000e+03 1.196000000000000000e+03 1.343600000000000000e+04 -3.952000000000000000e+03 -3.450000000000000000e+02 -1.150000000000000000e+02
-5.080000000000000000e+03 1.216000000000000000e+03 1.322400000000000000e+04 -3.952000000000000000e+03 -3.080000000000000000e+02 1.600000000000000000e+02
-5.044000000000000000e+03 1.144000000000000000e+03 1.316000000000000000e+04 -3.984000000000000000e+03 -3.210000000000000000e+02 4.410000000000000000e+02
-5.232000000000000000e+03 1.184000000000000000e+03 1.337600000000000000e+04 -3.984000000000000000e+03 -2.960000000000000000e+02 7.340000000000000000e+02
-5.332000000000000000e+03 1.056000000000000000e+03 1.317600000000000000e+04 -3.952000000000000000e+03 -2.990000000000000000e+02 9.350000000000000000e+02
-5.420000000000000000e+03 1.044000000000000000e+03 1.338400000000000000e+04 -3.952000000000000000e+03 -3.310000000000000000e+02 1.106000000000000000e+03
-5.520000000000000000e+03 1.056000000000000000e+03 1.345200000000000000e+04 -3.952000000000000000e+03 -3.230000000000000000e+02 1.153000000000000000e+03
-5.596000000000000000e+03 1.096000000000000000e+03 1.336400000000000000e+04 -3.968000000000000000e+03 -3.060000000000000000e+02 1.108000000000000000e+03
-5.796000000000000000e+03 1.016000000000000000e+03 1.337600000000000000e+04 -3.952000000000000000e+03 -3.260000000000000000e+02 1.080000000000000000e+03
-5.872000000000000000e+03 1.004000000000000000e+03 1.341600000000000000e+04 -3.968000000000000000e+03 -3.320000000000000000e+02 9.760000000000000000e+02
-5.688000000000000000e+03 1.008000000000000000e+03 1.344800000000000000e+04 -3.984000000000000000e+03 -3.360000000000000000e+02 8.480000000000000000e+02
-5.716000000000000000e+03 1.096000000000000000e+03 1.332800000000000000e+04 -3.952000000000000000e+03 -3.570000000000000000e+02 7.070000000000000000e+02
-5.416000000000000000e+03 1.184000000000000000e+03 1.354800000000000000e+04 -3.984000000000000000e+03 -3.090000000000000000e+02 5.520000000000000000e+02
-5.804000000000000000e+03 1.144000000000000000e+03 1.353600000000000000e+04 -3.968000000000000000e+03 -2.960000000000000000e+02 3.950000000000000000e+02
-5.600000000000000000e+03 9.920000000000000000e+02 1.334000000000000000e+04 -3.936000000000000000e+03 -3.040000000000000000e+02 2.040000000000000000e+02
-5.396000000000000000e+03 1.056000000000000000e+03 1.346800000000000000e+04 -3.968000000000000000e+03 -3.060000000000000000e+02 1.090000000000000000e+02
-5.524000000000000000e+03 1.036000000000000000e+03 1.360400000000000000e+04 -3.984000000000000000e+03 -3.010000000000000000e+02 4.000000000000000000e+01
-5.376000000000000000e+03 1.072000000000000000e+03 1.351200000000000000e+04 -3.984000000000000000e+03 -2.530000000000000000e+02 5.300000000000000000e+01
-5.416000000000000000e+03 9.680000000000000000e+02 1.359200000000000000e+04 -3.968000000000000000e+03 -2.450000000000000000e+02 8.600000000000000000e+01
-5.224000000000000000e+03 9.680000000000000000e+02 1.320000000000000000e+04 -3.952000000000000000e+03 -2.310000000000000000e+02 1.200000000000000000e+02
-5.252000000000000000e+03 9.840000000000000000e+02 1.286000000000000000e+04 -3.984000000000000000e+03 -2.060000000000000000e+02 1.130000000000000000e+02
-5.332000000000000000e+03 9.280000000000000000e+02 1.331600000000000000e+04 -3.984000000000000000e+03 -1.710000000000000000e+02 1.120000000000000000e+02
-5.220000000000000000e+03 9.800000000000000000e+02 1.330000000000000000e+04 -3.984000000000000000e+03 -1.540000000000000000e+02 1.350000000000000000e+02
-5.268000000000000000e+03 9.720000000000000000e+02 1.350400000000000000e+04 -3.968000000000000000e+03 -1.340000000000000000e+02 1.550000000000000000e+02
-5.276000000000000000e+03 9.360000000000000000e+02 1.342400000000000000e+04 -4.000000000000000000e+03 -1.240000000000000000e+02 1.980000000000000000e+02
-5.032000000000000000e+03 8.920000000000000000e+02 1.334000000000000000e+04 -3.936000000000000000e+03 -1.270000000000000000e+02 2.090000000000000000e+02
-5.048000000000000000e+03 1.100000000000000000e+03 1.343600000000000000e+04 -3.968000000000000000e+03 -9.000000000000000000e+01 2.460000000000000000e+02
-5.188000000000000000e+03 1.020000000000000000e+03 1.358000000000000000e+04 -3.936000000000000000e+03 -1.060000000000000000e+02 1.930000000000000000e+02
-4.720000000000000000e+03 8.680000000000000000e+02 1.343200000000000000e+04 -3.984000000000000000e+03 -9.400000000000000000e+01 3.300000000000000000e+01
-4.920000000000000000e+03 8.560000000000000000e+02 1.317600000000000000e+04 -3.936000000000000000e+03 -9.300000000000000000e+01 -1.880000000000000000e+02
-5.100000000000000000e+03 9.800000000000000000e+02 1.309600000000000000e+04 -3.952000000000000000e+03 -9.100000000000000000e+01 -5.010000000000000000e+02
-5.104000000000000000e+03 9.880000000000000000e+02 1.334000000000000000e+04 -3.984000000000000000e+03 -1.220000000000000000e+02 -7.660000000000000000e+02
-5.340000000000000000e+03 1.096000000000000000e+03 1.327200000000000000e+04 -3.984000000000000000e+03 -1.290000000000000000e+02 -1.005000000000000000e+03
-5.340000000000000000e+03 1.076000000000000000e+03 1.333600000000000000e+04 -3.952000000000000000e+03 -1.350000000000000000e+02 -1.143000000000000000e+03
-5.336000000000000000e+03 9.040000000000000000e+02 1.326800000000000000e+04 -3.968000000000000000e+03 -1.590000000000000000e+02 -1.176000000000000000e+03
-5.584000000000000000e+03 9.400000000000000000e+02 1.314400000000000000e+04 -3.936000000000000000e+03 -1.880000000000000000e+02 -9.500000000000000000e+02
-5.700000000000000000e+03 8.480000000000000000e+02 1.312800000000000000e+04 -3.952000000000000000e+03 -2.270000000000000000e+02 -5.430000000000000000e+02
-5.712000000000000000e+03 1.028000000000000000e+03 1.308000000000000000e+04 -3.968000000000000000e+03 -2.520000000000000000e+02 -6.900000000000000000e+01
