-9.920000000000000000e+02 1.392000000000000000e+03 1.446000000000000000e+04 -4.080000000000000000e+03 -2.770000000000000000e+02 7.100000000000000000e+01
-7.920000000000000000e+02 1.140000000000000000e+03 1.461600000000000000e+04 -4.064000000000000000e+03 -2.690000000000000000e+02 1.050000000000000000e+02
-8.360000000000000000e+02 1.348000000000000000e+03 1.454800000000000000e+04 -4.096000000000000000e+03 -2.860000000000000000e+02 1.460000000000000000e+02
-9.560000000000000000e+02 1.304000000000000000e+03 1.458000000000000000e+04 -4.080000000000000000e+03 -3.140000000000000000e+02 2.120000000000000000e+02
-9.280000000000000000e+02 1.284000000000000000e+03 1.428000000000000000e+04 -4.096000000000000000e+03 -2.830000000000000000e+02 2.350000000000000000e+02
-8.280000000000000000e+02 1.388000000000000000e+03 1.463600000000000000e+04 -4.080000000000000000e+03 -2.650000000000000000e+02 3.070000000000000000e+02
-8.600000000000000000e+02 1.292000000000000000e+03 1.444400000000000000e+04 -4.064000000000000000e+03 -2.450000000000000000e+02 3.790000000000000000e+02
-6.760000000000000000e+02 1.328000000000000000e+03 1.434800000000000000e+04 -4.080000000000000000e+03 -2.330000000000000000e+02 4.400000000000000000e+02
-7.440000000000000000e+02 1.280000000000000000e+03 1.433600000000000000e+04 -4.064000000000000000e+03 -2.840000000000000000e+02 5.430000000000000000e+02
-7.640000000000000000e+02 1.292000000000000000e+03 1.454400000000000000e+04 -4.112000000000000000e+03 -2.920000000000000000e+02 5.550000000000000000e+02
-8.000000000000000000e+02 1.404000000000000000e+03 1.438000000000000000e+04 -4.096000000000000000e+03 -3.130000000000000000e+02 5.600000000000000000e+02
-7.360000000000000000e+02 1.304000000000000000e+03 1.465600000000000000e+04 -4.080000000000000000e+03 -3.120000000000000000e+02 5.260000000000000000e+02
-8.800000000000000000e+02 1.472000000000000000e+03 1.433600000000000000e+04 -4.064000000000000000e+03 -3.100000000000000000e+02 4.360000000000000000e+02
-8.840000000000000000e+02 1.384000000000000000e+03 1.437600000000000000e+04 -4.064000000000000000e+03 -3.100000000000000000e+02 3.770000000000000000e+02
-8.240000000000000000e+02 1.300000000000000000e+03 1.440000000000000000e+04 -4.080000000000000000e+03 -3.000000000000000000e+02 3.230000000000000000e+02
-1.012000000000000000e+03 1.188000000000000000e+03 1.471600000000000000e+04 -4.096000000000000000e+03 -3.730000000000000000e+02 2.550000000000000000e+02
-1.056000000000000000e+03 1.388000000000000000e+03 1.462000000000000000e+04 -4.112000000000000000e+03 -3.280000000000000000e+02 1.570000000000000000e+02
-7.800000000000000000e+02 1.208000000000000000e+03 1.462000000000000000e+04 -4.064000000000000000e+03 -3.760000000000000000e+02 7.400000000000000000e+01
-9.720000000000000000e+02 1.352000000000000000e+03 1.472800000000000000e+04 -4.064000000000000000e+03 -3.530000000000000000e+02 5.000000000000000000e+00
-9.400000000000000000e+02 1.132000000000000000e+03 1.446800000000000000e+04 -4.096000000000000000e+03 -3.580000000000000000e+02 -8.700000000000000000e+01
-1.228000000000000000e+03 1.328000000000000000e+03 1.444800000000000000e+04 -4.064000000000000000e+03 -3.300000000000000000e+02 -1.230000000000000000e+02
-9.880000000000000000e+02 1.248000000000000000e+03 1.452800000000000000e+04 -4.080000000000000000e+03 -3.430000000000000000e+02 -1.590000000000000000e+02
-1.092000000000000000e+03 1.240000000000000000e+03 1.433600000000000000e+04 -4.080000000000000000e+03 -3.470000000000000000e+02 -1.580000000000000000e+02
-1.048000000000000000e+03 1.280000000000000000e+03 1.450400000000000000e+04 -4.064000000000000000e+03 -3.440000000000000000e+02 -1.700000000000000000e+02
-9.200000000000000000e+02 1.264000000000000000e+03 1.472800000000000000e+04 -4.064000000000000000e+03 -2.900000000000000000e+02 -2.350000000000000000e+02
-8.720000000000000000e+02 1.152000000000000000e+03 1.492400000000000000e+04 -4.080000000000000000e+03 -3.060000000000000000e+02 -2.460000000000000000e+02
-8.840000000000000000e+02 1.248000000000000000e+03 1.418800000000000000e+04 -4.064000000000000000e+03 -2.700000000000000000e+02 -2.610000000000000000e+02
-8.360000000000000000e+02 1.104000000000000000e+03 1.440400000000000000e+04 -4.080000000000000000e+03 -2.820000000000000000e+02 -2.180000000000000000e+02
-1.008000000000000000e+03 1.220000000000000000e+03 1.403200000000000000e+04 -4.080000000000000000e+03 -2.570000000000000000e+02 -1.120000000000000000e+02
-7.760000000000000000e+02 1.112000000000000000e+03 1.436400000000000000e+04 -4.064000000000000000e+03 -2.970000000000000000e+02 6.900000000000000000e+01
-9.080000000000000000e+02 1.216000000000000000e+03 1.460000000000000000e+04 -4.096000000000000000e+03 -3.010000000000000000e+02 2.420000000000000000e+02
-6.480000000000000000e+02 1.184000000000000000e+03 1.452800000000000000e+04 -4.080000000000000000e+03 -3.400000000000000000e+02 4.580000000000000000e+02
-6.080000000000000000e+02 1.148000000000000000e+03 1.453600000000000000e+04 -4.048000000000000000e+03 -3.460000000000000000e+02 5.940000000000000000e+02
-8.040000000000000000e+02 1.196000000000000000e+03 1.442400000000000000e+04 -4.064000000000000000e+03 -3.330000000000000000e+02 6.710000000000000000e+02
-7.200000000000000000e+02 1.296000000000000000e+03 1.412400000000000000e+04 -4.080000000000000000e+03 -3.580000000000000000e+02 7.300000000000000000e+02
-7.680000000000000000e+02 1.080000000000000000e+03 1.443200000000000000e+04 -4.080000000000000000e+03 -3.480000000000000000e+02 7.160000000000000000e+02
-8.400000000000000000e+02 1.176000000000000000e+03 1.460800000000000000e+04 -4.096000000000000000e+03 -3.420000000000000000e+02 6.600000000000000000e+02
-8.800000000000000000e+02 1.148000000000000000e+03 1.466000000000000000e+04 -4.080000000000000000e+03 -3.220000000000000000e+02 5.850000000000000000e+02
-8.080000000000000000e+02 1.072000000000000000e+03 1.451200000000000000e+04 -4.096000000000000000e+03 -2.900000000000000000e+02 4.490000000000000000e+02
-8.680000000000000000e+02 1.152000000000000000e+03 1.443200000000000000e+04 -4.080000000000000000e+03 -2.940000000000000000e+02 2.800000000000000000e+02
-7.960000000000000000e+02 1.188000000000000000e+03 1.427200000000000000e+04 -4.064000000000000000e+03 -3.180000000000000000e+02 7.200000000000000000e+01
-8.680000000000000000e+02 1.144000000000000000e+03 1.490000000000000000e+04 -4.080000000000000000e+03 -2.590000000000000000e+02 -1.730000000000000000e+02
-9.720000000000000000e+02 1.456000000000000000e+03 1.457600000000000000e+04 -4.080000000000000000e+03 -2.360000000000000000e+02 -3.980000000000000000e+02
-8.520000000000000000e+02 1.188000000000000000e+03 1.455200000000000000e+04 -4.112000000000000000e+03 -2.300000000000000000e+02 -5.440000000000000000e+02
-1.236000000000000000e+03 1.340000000000000000e+03 1.449200000000000000e+04 -4.112000000000000000e+03 -2.270000000000000000e+02 -6.030000000000000000e+02
-8.160000000000000000e+02 1.192000000000000000e+03 1.442400000000000000e+04 -4.064000000000000000e+03 -2.130000000000000000e+02 -5.710000000000000000e+02
-8.160000000000000000e+02 1.108000000000000000e+03 1.434800000000000000e+04 -4.064000000000000000e+03 -2.470000000000000000e+02 -5.090000000000000000e+02
-5.880000000000000000e+02 1.232000000000000000e+03 1.450400000000000000e+04 -4.080000000000000000e+03 -2.730000000000000000e+02 -3.820000000000000000e+02
-8.280000000000000000e+02 1.236000000000000000e+03 1.440000000000000000e+04 -4.080000000000000000e+03 -2.780000000000000000e+02 -2.460000000000000000e+02
-5.960000000000000000e+02 1.144000000000000000e+03 1.449600000000000000e+04 -4.112000000000000000e+03 -2.900000000000000000e+02 -6.600000000000000000e+01
-6.200000000000000000e+02 1.236000000000000000e+03 1.441600000000000000e+04 -4.096000000000000000e+03 -3.320000000000000000e+02 7.700000000000000000e+01
-4.600000000000000000e+02 1.284000000000000000e+03 1.426400000000000000e+04 -4.080000000000000000e+03 -2.990000000000000000e+02 2.550000000000000000e+02
-5.080000000000000000e+02 1.240000000000000000e+03 1.433200000000000000e+04 -4.080000000000000000e+03 -3.180000000000000000e+02 4.300000000000000000e+02
-4.200000000000000000e+02 1.204000000000000000e+03 1.434400000000000000e+04 -4.064000000000000000e+03 -3.430000000000000000e+02 5.160000000000000000e+02
-2.840000000000000000e+02 1.248000000000000000e+03 1.439600000000000000e+04 -4.080000000000000000e+03 -3.210000000000000000e+02 6.100000000000000000e+02
-4.240000000000000000e+02 1.324000000000000000e+03 1.453600000000000000e+04 -4.064000000000000000e+03 -3.290000000000000000e+02 6.340000000000000000e+02
-3.200000000000000000e+02 1.232000000000000000e+03 1.437600000000000000e+04 -4.112000000000000000e+03 -3.270000000000000000e+02 6.170000000000000000e+02
-5.080000000000000000e+02 1.252000000000000000e+03 1.448000000000000000e+04 -4.080000000000000000e+03 -2.810000000000000000e+02 5.620000000000000000e+02
-7.040000000000000000e+02 1.192000000000000000e+03 1.453200000000000000e+04 -4.048000000000000000e+03 -2.980000000000000000e+02 4.580000000000000000e+02
-6.160000000000000000e+02 1.112000000000000000e+03 1.441200000000000000e+04 -4.080000000000000000e+03 -2.570000000000000000e+02 3.500000000000000000e+02
-7.360000000000000000e+02 1.192000000000000000e+03 1.462000000000000000e+04 -4.096000000000000000e+03 -2.290000000000000000e+02 2.470000000000000000e+02
-8.880000000000000000e+02 1.272000000000000000e+03 1.458800000000000000e+04 -4.048000000000000000e+03 -2.320000000000000000e+02 1.050000000000000000e+02
-7.360000000000000000e+02 1.116000000000000000e+03 1.448000000000000000e+04 -4.064000000000000000e+03 -1.740000000000000000e+02 6.000000000000000000e+00
-7.680000000000000000e+02 1.040000000000000000e+03 1.452400000000000000e+04 -4.080000000000000000e+03 -1.650000000000000000e+02 -7.800000000000000000e+01
-7.120000000000000000e+02 1.112000000000000000e+03 1.426000000000000000e+04 -4.128000000000000000e+03 -1.420000000000000000e+02 -5.400000000000000000e+01
-7.360000000000000000e+02 1.084000000000000000e+03 1.457200000000000000e+04 -4.048000000000000000e+03 -1.560000000000000000e+02 -3.600000000000000000e+01
-7.640000000000000000e+02 1.152000000000000000e+03 1.441200000000000000e+04 -4.080000000000000000e+03 -2.240000000000000000e+02 4.700000000000000000e+01
-6.400000000000000000e+02 1.168000000000000000e+03 1.461600000000000000e+04 -4.064000000000000000e+03 -2.260000000000000000e+02 5.400000000000000000e+01
-6.520000000000000000e+02 1.144000000000000000e+03 1.469200000000000000e+04 -4.080000000000000000e+03 -2.710000000000000000e+02 1.400000000000000000e+02
-6.040000000000000000e+02 1.164000000000000000e+03 1.464000000000000000e+04 -4.112000000000000000e+03 -2.960000000000000000e+02 2.950000000000000000e+02
-9.040000000000000000e+02 1.244000000000000000e+03 1.454400000000000000e+04 -4.064000000000000000e+03 -2.900000000000000000e+02 3.830000000000000000e+02
-9.160000000000000000e+02 1.248000000000000000e+03 1.430000000000000000e+04 -4.048000000000000000e+03 -3.200000000000000000e+02 4.740000000000000000e+02
-6.800000000000000000e+02 1.108000000000000000e+03 1.442800000000000000e+04 -4.048000000000000000e+03 -3.550000000000000000e+02 5.410000000000000000e+02
-4.480000000000000000e+02 1.196000000000000000e+03 1.464800000000000000e+04 -4.080000000000000000e+03 -3.810000000000000000e+02 5.800000000000000000e+02
-5.480000000000000000e+02 1.224000000000000000e+03 1.459200000000000000e+04 -4.096000000000000000e+03 -3.890000000000000000e+02 6.220000000000000000e+02
-7.040000000000000000e+02 1.176000000000000000e+03 1.449600000000000000e+04 -4.080000000000000000e+03 -4.330000000000000000e+02 6.670000000000000000e+02
-8.720000000000000000e+02 1.136000000000000000e+03 1.458800000000000000e+04 -4.064000000000000000e+03 -4.300000000000000000e+02 6.170000000000000000e+02
-6.560000000000000000e+02 1.200000000000000000e+03 1.444800000000000000e+04 -4.080000000000000000e+03 -4.380000000000000000e+02 6.030000000000000000e+02
-7.560000000000000000e+02 1.112000000000000000e+03 1.456400000000000000e+04 -4.048000000000000000e+03 -4.420000000000000000e+02 5.360000000000000000e+02
-1.008000000000000000e+03 1.132000000000000000e+03 1.449600000000000000e+04 -4.080000000000000000e+03 -4.730000000000000000e+02 4.820000000000000000e+02
-1.108000000000000000e+03 1.064000000000000000e+03 1.454800000000000000e+04 -4.048000000000000000e+03 -4.570000000000000000e+02 3.930000000000000000e+02
