-8.332000000000000000e+03 9.040000000000000000e+02 1.228000000000000000e+04 -3.984000000000000000e+03 -2.410000000000000000e+02 -1.830000000000000000e+02
-8.332000000000000000e+03 8.760000000000000000e+02 1.219200000000000000e+04 -3.984000000000000000e+03 -3.270000000000000000e+02 -1.660000000000000000e+02
-8.080000000000000000e+03 7.880000000000000000e+02 -4.016000000000000000e+03 -3.310000000000000000e+02 -3.210000000000000000e+02 -1.780000000000000000e+02
-8.056000000000000000e+03 7.080000000000000000e+02 1.229200000000000000e+04 -3.968000000000000000e+03 -3.120000000000000000e+02 -1.800000000000000000e+02
-8.064000000000000000e+03 7.000000000000000000e+02 1.226400000000000000e+04 -4.000000000000000000e+03 -3.110000000000000000e+02 -2.180000000000000000e+02
-7.908000000000000000e+03 1.215200000000000000e+04 1.226000000000000000e+04 -3.968000000000000000e+03 -2.910000000000000000e+02 -2.700000000000000000e+02
-7.828000000000000000e+03 7.880000000000000000e+02 1.231600000000000000e+04 -3.952000000000000000e+03 -3.130000000000000000e+02 -3.730000000000000000e+02
6.000000000000000000e+00 7.560000000000000000e+02 1.220000000000000000e+04 -4.016000000000000000e+03 -2.710000000000000000e+02 -4.010000000000000000e+02
-7.872000000000000000e+03 8.120000000000000000e+02 1.212000000000000000e+04 -3.984000000000000000e+03 -2.500000000000000000e+02 -4.340000000000000000e+02
-7.812000000000000000e+03 6.960000000000000000e+02 1.223600000000000000e+04 -4.000000000000000000e+03 -2.530000000000000000e+02 -4.020000000000000000e+02
-7.840000000000000000e+03 8.280000000000000000e+02 1.222400000000000000e+04 -4.000000000000000000e+03 -2.000000000000000000e+02 -3.020000000000000000e+02
-7.844000000000000000e+03 8.560000000000000000e+02 1.225200000000000000e+04 -3.968000000000000000e+03 -1.870000000000000000e+02 -1.190000000000000000e+02
-7.692000000000000000e+03 6.800000000000000000e+02 1.216800000000000000e+04 -3.984000000000000000e+03 -1.780000000000000000e+02 4.900000000000000000e+01
-7.788000000000000000e+03 7.880000000000000000e+02 1.248800000000000000e+04 -3.984000000000000000e+03 -1.840000000000000000e+02 2.200000000000000000e+02
-7.676000000000000000e+03 7.600000000000000000e+02 1.241200000000000000e+04 -4.016000000000000000e+03 -1.810000000000000000e+02 3.330000000000000000e+02
-7.564000000000000000e+03 8.160000000000000000e+02 1.256800000000000000e+04 -3.968000000000000000e+03 -1.770000000000000000e+02 4.250000000000000000e+02
-7.716000000000000000e+03 8.280000000000000000e+02 1.241600000000000000e+04 -4.000000000000000000e+03 -1.860000000000000000e+02 4.760000000000000000e+02
-7.700000000000000000e+03 8.080000000000000000e+02 1.254000000000000000e+04 -3.984000000000000000e+03 -2.150000000000000000e+02 5.230000000000000000e+02
-7.640000000000000000e+03 7.560000000000000000e+02 1.209600000000000000e+04 -3.952000000000000000e+03 -2.380000000000000000e+02 5.470000000000000000e+02
-7.704000000000000000e+03 6.960000000000000000e+02 1.234400000000000000e+04 -3.952000000000000000e+03 -2.690000000000000000e+02 6.350000000000000000e+02
-7.780000000000000000e+03 7.320000000000000000e+02 1.248000000000000000e+04 -3.984000000000000000e+03 -2.970000000000000000e+02 5.980000000000000000e+02
-7.440000000000000000e+03 7.720000000000000000e+02 1.248800000000000000e+04 -3.968000000000000000e+03 -3.020000000000000000e+02 6.240000000000000000e+02
-7.520000000000000000e+03 7.600000000000000000e+02 1.249200000000000000e+04 -3.984000000000000000e+03 -3.550000000000000000e+02 4.930000000000000000e+02
-7.384000000000000000e+03 6.480000000000000000e+02 1.250800000000000000e+04 -3.968000000000000000e+03 -3.620000000000000000e+02 3.290000000000000000e+02
-7.436000000000000000e+03 7.040000000000000000e+02 1.233200000000000000e+04 -3.984000000000000000e+03 -3.590000000000000000e+02 1.400000000000000000e+02
-7.568000000000000000e+03 6.200000000000000000e+02 1.254000000000000000e+04 -3.968000000000000000e+03 -3.540000000000000000e+02 -6.100000000000000000e+01
-7.516000000000000000e+03 7.880000000000000000e+02 1.214000000000000000e+04 -3.984000000000000000e+03 -3.180000000000000000e+02 -2.750000000000000000e+02
-7.512000000000000000e+03 6.600000000000000000e+02 1.193200000000000000e+04 -3.968000000000000000e+03 -3.300000000000000000e+02 -4.510000000000000000e+02
-7.428000000000000000e+03 7.280000000000000000e+02 1.214800000000000000e+04 -4.016000000000000000e+03 -3.280000000000000000e+02 -5.910000000000000000e+02
-7.468000000000000000e+03 8.400000000000000000e+02 1.248400000000000000e+04 -4.000000000000000000e+03 -3.060000000000000000e+02 -6.360000000000000000e+02
-7.452000000000000000e+03 5.880000000000000000e+02 1.248800000000000000e+04 -3.952000000000000000e+03 -2.810000000000000000e+02 -7.040000000000000000e+02
-7.232000000000000000e+03 6.720000000000000000e+02 1.216400000000000000e+04 -4.000000000000000000e+03 -2.850000000000000000e+02 -7.830000000000000000e+02
-7.580000000000000000e+03 6.840000000000000000e+02 1.232400000000000000e+04 -3.952000000000000000e+03 -2.690000000000000000e+02 -7.710000000000000000e+02
-7.864000000000000000e+03 7.200000000000000000e+02 1.264000000000000000e+04 -3.968000000000000000e+03 -2.310000000000000000e+02 -7.120000000000000000e+02
-7.876000000000000000e+03 7.520000000000000000e+02 1.225600000000000000e+04 -3.952000000000000000e+03 -2.150000000000000000e+02 -5.590000000000000000e+02
-7.792000000000000000e+03 6.240000000000000000e+02 1.204000000000000000e+04 -3.984000000000000000e+03 -1.920000000000000000e+02 -3.710000000000000000e+02
-7.476000000000000000e+03 7.760000000000000000e+02 1.216400000000000000e+04 -3.984000000000000000e+03 -1.580000000000000000e+02 -1.420000000000000000e+02
-7.644000000000000000e+03 7.000000000000000000e+02 1.232400000000000000e+04 -4.016000000000000000e+03 -1.410000000000000000e+02 1.030000000000000000e+02
-7.536000000000000000e+03 6.680000000000000000e+02 1.246800000000000000e+04 -4.000000000000000000e+03 -1.400000000000000000e+02 3.810000000000000000e+02
-7.568000000000000000e+03 6.800000000000000000e+02 1.252000000000000000e+04 -3.968000000000000000e+03 -1.350000000000000000e+02 6.690000000000000000e+02
-7.684000000000000000e+03 5.560000000000000000e+02 1.262400000000000000e+04 -3.968000000000000000e+03 -1.280000000000000000e+02 8.760000000000000000e+02
-7.388000000000000000e+03 7.080000000000000000e+02 1.264000000000000000e+04 -3.984000000000000000e+03 -1.720000000000000000e+02 1.003000000000000000e+03
-7.464000000000000000e+03 6.000000000000000000e+02 1.262400000000000000e+04 -3.984000000000000000e+03 -2.050000000000000000e+02 9.990000000000000000e+02
-7.372000000000000000e+03 5.920000000000000000e+02 1.245600000000000000e+04 -3.952000000000000000e+03 -2.420000000000000000e+02 9.410000000000000000e+02
-7.376000000000000000e+03 6.960000000000000000e+02 1.232000000000000000e+04 -4.000000000000000000e+03 -2.740000000000000000e+02 9.490000000000000000e+02
-7.384000000000000000e+03 6.000000000000000000e+02 1.222800000000000000e+04 -3.984000000000000000e+03 -2.740000000000000000e+02 9.960000000000000000e+02
-7.356000000000000000e+03 6.560000000000000000e+02 1.200800000000000000e+04 -4.000000000000000000e+03 -2.850000000000000000e+02 1.142000000000000000e+03
-7.120000000000000000e+03 6.600000000000000000e+02 1.202400000000000000e+04 -3.984000000000000000e+03 -2.980000000000000000e+02 1.300000000000000000e+03
-7.260000000000000000e+03 6.600000000000000000e+02 1.249600000000000000e+04 -4.000000000000000000e+03 -3.240000000000000000e+02 1.348000000000000000e+03
-7.140000000000000000e+03 5.120000000000000000e+02 1.288400000000000000e+04 -4.000000000000000000e+03 -3.330000000000000000e+02 1.306000000000000000e+03
-6.976000000000000000e+03 5.080000000000000000e+02 1.291200000000000000e+04 -4.016000000000000000e+03 -3.260000000000000000e+02 1.174000000000000000e+03
-7.096000000000000000e+03 6.200000000000000000e+02 1.244000000000000000e+04 -3.968000000000000000e+03 -3.490000000000000000e+02 9.620000000000000000e+02
-7.216000000000000000e+03 7.160000000000000000e+02 1.243600000000000000e+04 -3.984000000000000000e+03 -3.570000000000000000e+02 7.980000000000000000e+02
-7.440000000000000000e+03 6.720000000000000000e+02 1.210800000000000000e+04 -4.000000000000000000e+03 -3.520000000000000000e+02 5.990000000000000000e+02
-7.436000000000000000e+03 5.440000000000000000e+02 1.201600000000000000e+04 -4.000000000000000000e+03 -3.210000000000000000e+02 4.750000000000000000e+02
-7.248000000000000000e+03 7.400000000000000000e+02 1.196000000000000000e+04 -3.968000000000000000e+03 -3.530000000000000000e+02 3.200000000000000000e+02
-7.364000000000000000e+03 6.000000000000000000e+02 1.234400000000000000e+04 -3.968000000000000000e+03 -3.740000000000000000e+02 1.710000000000000000e+02
-7.356000000000000000e+03 4.400000000000000000e+02 1.268800000000000000e+04 -4.000000000000000000e+03 -3.420000000000000000e+02 -6.400000000000000000e+01
-7.564000000000000000e+03 5.120000000000000000e+02 1.252400000000000000e+04 -3.968000000000000000e+03 -3.340000000000000000e+02 -2.870000000000000000e+02
-7.792000000000000000e+03 5.080000000000000000e+02 1.230400000000000000e+04 -3.984000000000000000e+03 -3.250000000000000000e+02 -4.930000000000000000e+02
-7.808000000000000000e+03 4.920000000000000000e+02 1.213600000000000000e+04 -3.984000000000000000e+03 -2.980000000000000000e+02 -6.610000000000000000e+02
-8.264000000000000000e+03 4.880000000000000000e+02 1.194800000000000000e+04 -3.984000000000000000e+03 -2.310000000000000000e+02 -8.000000000000000000e+02
-7.856000000000000000e+03 4.720000000000000000e+02 1.179200000000000000e+04 -4.000000000000000000e+03 -2.190000000000000000e+02 -9.100000000000000000e+02
-7.952000000000000000e+03 4.800000000000000000e+02 1.176800000000000000e+04 -3.984000000000000000e+03 -1.930000000000000000e+02 -9.760000000000000000e+02
-7.920000000000000000e+03 4.040000000000000000e+02 1.223200000000000000e+04 -4.000000000000000000e+03 -1.860000000000000000e+02 -9.970000000000000000e+02
-8.068000000000000000e+03 4.600000000000000000e+02 1.208400000000000000e+04 -4.000000000000000000e+03 -1.150000000000000000e+02 -9.210000000000000000e+02
-8.120000000000000000e+03 5.040000000000000000e+02 1.208800000000000000e+04 -3.968000000000000000e+03 -8.000000000000000000e+01 -8.080000000000000000e+02
-8.068000000000000000e+03 6.840000000000000000e+02 1.193600000000000000e+04 -3.968000000000000000e+03 -7.200000000000000000e+01 -5.950000000000000000e+02
-8.388000000000000000e+03 5.640000000000000000e+02 1.212800000000000000e+04 -3.984000000000000000e+03 -3.500000000000000000e+01 -2.580000000000000000e+02
-8.116000000000000000e+03 5.080000000000000000e+02 1.234800000000000000e+04 -3.968000000000000000e+03 -2.300000000000000000e+01 9.200000000000000000e+01
-8.048000000000000000e+03 5.880000000000000000e+02 1.226000000000000000e+04 -3.984000000000000000e+03 -5.300000000000000000e+01 4.440000000000000000e+02
-8.012000000000000000e+03 5.120000000000000000e+02 1.202000000000000000e+04 -4.016000000000000000e+03 -1.500000000000000000e+01 8.350000000000000000e+02
-8.004000000000000000e+03 4.760000000000000000e+02 1.220800000000000000e+04 -4.000000000000000000e+03 -5.600000000000000000e+01 1.179000000000000000e+03
