-6.252000000000000000e+03 8.760000000000000000e+02 1.314000000000000000e+04 -4.000000000000000000e+03 -3.920000000000000000e+02 -2.240000000000000000e+02
-6.136000000000000000e+03 8.040000000000000000e+02 1.335200000000000000e+04 -4.000000000000000000e+03 -3.710000000000000000e+02 -5.100000000000000000e+01
-5.840000000000000000e+03 1.016000000000000000e+03 1.324400000000000000e+04 -3.952000000000000000e+03 -3.470000000000000000e+02 1.920000000000000000e+02
-5.756000000000000000e+03 8.440000000000000000e+02 1.336800000000000000e+04 -4.110000000000000000e+02 -3.320000000000000000e+02 5.190000000000000000e+02
-5.600000000000000000e+03 8.200000000000000000e+02 -3.984000000000000000e+03 -4.016000000000000000e+03 -2.850000000000000000e+02 8.230000000000000000e+02
-5.688000000000000000e+03 8.760000000000000000e+02 1.336000000000000000e+04 -3.984000000000000000e+03 -3.030000000000000000e+02 1.131000000000000000e+03
-5.596000000000000000e+03 9.280000000000000000e+02 1.356800000000000000e+04 -3.936000000000000000e+03 -2.860000000000000000e+02 1.360000000000000000e+03
-5.600000000000000000e+03 1.040000000000000000e+03 1.324000000000000000e+04 -3.984000000000000000e+03 -2.580000000000000000e+02 1.446000000000000000e+03
-5.440000000000000000e+03 1.338800000000000000e+04 1.325600000000000000e+04 -4.000000000000000000e+03 -2.720000000000000000e+02 1.414000000000000000e+03
-5.616000000000000000e+03 9.040000000000000000e+02 1.334800000000000000e+04 -3.984000000000000000e+03 -3.190000000000000000e+02 1.329000000000000000e+03
1.600000000000000000e+01 9.040000000000000000e+02 1.343600000000000000e+04 -3.984000000000000000e+03 -3.860000000000000000e+02 1.235000000000000000e+03
-5.688000000000000000e+03 7.920000000000000000e+02 1.346800000000000000e+04 -3.984000000000000000e+03 -3.980000000000000000e+02 1.122000000000000000e+03
-5.864000000000000000e+03 8.120000000000000000e+02 1.344000000000000000e+04 -3.968000000000000000e+03 -4.140000000000000000e+02 1.067000000000000000e+03
-5.688000000000000000e+03 8.600000000000000000e+02 1.335600000000000000e+04 -3.968000000000000000e+03 -4.150000000000000000e+02 9.960000000000000000e+02
-5.676000000000000000e+03 8.440000000000000000e+02 1.349200000000000000e+04 -4.016000000000000000e+03 -4.190000000000000000e+02 9.170000000000000000e+02
-5.492000000000000000e+03 7.880000000000000000e+02 1.330400000000000000e+04 -4.000000000000000000e+03 -4.060000000000000000e+02 7.660000000000000000e+02
-5.412000000000000000e+03 9.800000000000000000e+02 1.314400000000000000e+04 -4.016000000000000000e+03 -3.530000000000000000e+02 7.170000000000000000e+02
-5.680000000000000000e+03 8.440000000000000000e+02 1.311600000000000000e+04 -3.968000000000000000e+03 -3.530000000000000000e+02 6.280000000000000000e+02
-5.432000000000000000e+03 9.120000000000000000e+02 1.315200000000000000e+04 -3.968000000000000000e+03 -3.270000000000000000e+02 6.000000000000000000e+02
-5.424000000000000000e+03 8.320000000000000000e+02 1.328000000000000000e+04 -3.968000000000000000e+03 -3.240000000000000000e+02 5.260000000000000000e+02
-5.352000000000000000e+03 8.480000000000000000e+02 1.313200000000000000e+04 -3.984000000000000000e+03 -3.030000000000000000e+02 4.280000000000000000e+02
-5.480000000000000000e+03 8.040000000000000000e+02 1.308000000000000000e+04 -3.952000000000000000e+03 -2.640000000000000000e+02 4.060000000000000000e+02
-5.432000000000000000e+03 7.760000000000000000e+02 1.319600000000000000e+04 -3.984000000000000000e+03 -2.570000000000000000e+02 3.320000000000000000e+02
-5.480000000000000000e+03 7.880000000000000000e+02 1.308000000000000000e+04 -3.984000000000000000e+03 -2.310000000000000000e+02 2.670000000000000000e+02
-5.820000000000000000e+03 7.680000000000000000e+02 1.304400000000000000e+04 -3.984000000000000000e+03 -2.260000000000000000e+02 2.090000000000000000e+02
-5.816000000000000000e+03 7.880000000000000000e+02 1.294000000000000000e+04 -4.016000000000000000e+03 -2.400000000000000000e+02 2.130000000000000000e+02
-5.992000000000000000e+03 6.680000000000000000e+02 1.294000000000000000e+04 -4.000000000000000000e+03 -2.210000000000000000e+02 1.900000000000000000e+02
-5.904000000000000000e+03 7.960000000000000000e+02 1.284000000000000000e+04 -3.984000000000000000e+03 -2.080000000000000000e+02 1.480000000000000000e+02
-6.168000000000000000e+03 7.880000000000000000e+02 1.302800000000000000e+04 -4.000000000000000000e+03 -1.870000000000000000e+02 2.000000000000000000e+01
-6.168000000000000000e+03 8.560000000000000000e+02 1.275600000000000000e+04 -4.016000000000000000e+03 -1.840000000000000000e+02 -8.200000000000000000e+01
-6.196000000000000000e+03 8.200000000000000000e+02 1.302400000000000000e+04 -3.968000000000000000e+03 -1.470000000000000000e+02 -2.570000000000000000e+02
-6.316000000000000000e+03 8.200000000000000000e+02 1.312000000000000000e+04 -3.984000000000000000e+03 -1.670000000000000000e+02 -4.270000000000000000e+02
-6.372000000000000000e+03 7.520000000000000000e+02 1.293600000000000000e+04 -4.000000000000000000e+03 -1.620000000000000000e+02 -5.380000000000000000e+02
-6.420000000000000000e+03 7.360000000000000000e+02 1.280800000000000000e+04 -3.952000000000000000e+03 -1.480000000000000000e+02 -5.690000000000000000e+02
-6.664000000000000000e+03 7.280000000000000000e+02 1.284400000000000000e+04 -3.936000000000000000e+03 -1.080000000000000000e+02 -4.930000000000000000e+02
-6.704000000000000000e+03 7.600000000000000000e+02 1.272400000000000000e+04 -3.984000000000000000e+03 -8.900000000000000000e+01 -3.960000000000000000e+02
-7.084000000000000000e+03 8.760000000000000000e+02 1.290000000000000000e+04 -3.968000000000000000e+03 -6.700000000000000000e+01 -3.550000000000000000e+02
-7.172000000000000000e+03 7.240000000000000000e+02 1.298000000000000000e+04 -3.984000000000000000e+03 -6.900000000000000000e+01 -3.140000000000000000e+02
-6.668000000000000000e+03 7.560000000000000000e+02 1.275200000000000000e+04 -3.968000000000000000e+03 -6.000000000000000000e+01 -2.530000000000000000e+02
-6.676000000000000000e+03 7.600000000000000000e+02 1.265200000000000000e+04 -3.952000000000000000e+03 -4.000000000000000000e+01 -2.220000000000000000e+02
-6.800000000000000000e+03 9.280000000000000000e+02 1.240000000000000000e+04 -4.032000000000000000e+03 -3.400000000000000000e+01 -1.410000000000000000e+02
-6.820000000000000000e+03 9.160000000000000000e+02 1.268000000000000000e+04 -4.016000000000000000e+03 -6.300000000000000000e+01 -6.000000000000000000e+00
-6.624000000000000000e+03 9.360000000000000000e+02 1.311200000000000000e+04 -4.016000000000000000e+03 -1.060000000000000000e+02 1.210000000000000000e+02
-6.724000000000000000e+03 9.440000000000000000e+02 1.297600000000000000e+04 -4.000000000000000000e+03 -1.150000000000000000e+02 2.510000000000000000e+02
-6.568000000000000000e+03 7.800000000000000000e+02 1.290800000000000000e+04 -3.984000000000000000e+03 -1.220000000000000000e+02 3.520000000000000000e+02
-6.616000000000000000e+03 8.160000000000000000e+02 1.288400000000000000e+04 -4.000000000000000000e+03 -1.690000000000000000e+02 4.460000000000000000e+02
-6.816000000000000000e+03 8.760000000000000000e+02 1.292000000000000000e+04 -3.968000000000000000e+03 -1.940000000000000000e+02 4.540000000000000000e+02
-6.760000000000000000e+03 9.040000000000000000e+02 1.267600000000000000e+04 -3.952000000000000000e+03 -1.970000000000000000e+02 4.680000000000000000e+02
-6.720000000000000000e+03 1.004000000000000000e+03 1.283600000000000000e+04 -3.984000000000000000e+03 -2.520000000000000000e+02 4.600000000000000000e+02
-7.056000000000000000e+03 9.920000000000000000e+02 1.284400000000000000e+04 -3.968000000000000000e+03 -2.540000000000000000e+02 4.990000000000000000e+02
-6.740000000000000000e+03 1.044000000000000000e+03 1.322000000000000000e+04 -3.968000000000000000e+03 -2.980000000000000000e+02 5.260000000000000000e+02
-6.508000000000000000e+03 1.008000000000000000e+03 1.329600000000000000e+04 -3.984000000000000000e+03 -3.080000000000000000e+02 5.180000000000000000e+02
-6.576000000000000000e+03 9.440000000000000000e+02 1.334400000000000000e+04 -3.984000000000000000e+03 -3.100000000000000000e+02 4.930000000000000000e+02
-6.312000000000000000e+03 9.600000000000000000e+02 1.314000000000000000e+04 -3.984000000000000000e+03 -3.320000000000000000e+02 4.510000000000000000e+02
-6.372000000000000000e+03 9.040000000000000000e+02 1.308400000000000000e+04 -4.000000000000000000e+03 -3.590000000000000000e+02 4.360000000000000000e+02
-6.420000000000000000e+03 9.760000000000000000e+02 1.296400000000000000e+04 -3.984000000000000000e+03 -3.640000000000000000e+02 3.920000000000000000e+02
-6.512000000000000000e+03 9.880000000000000000e+02 1.304400000000000000e+04 -3.968000000000000000e+03 -3.730000000000000000e+02 4.030000000000000000e+02
-6.436000000000000000e+03 9.680000000000000000e+02 1.301600000000000000e+04 -3.984000000000000000e+03 -3.860000000000000000e+02 4.200000000000000000e+02
-6.272000000000000000e+03 9.200000000000000000e+02 1.312800000000000000e+04 -3.968000000000000000e+03 -3.770000000000000000e+02 4.540000000000000000e+02
-6.352000000000000000e+03 9.640000000000000000e+02 1.299200000000000000e+04 -3.968000000000000000e+03 -3.940000000000000000e+02 5.010000000000000000e+02
-6.152000000000000000e+03 9.560000000000000000e+02 1.304400000000000000e+04 -3.952000000000000000e+03 -3.900000000000000000e+02 5.030000000000000000e+02
-6.204000000000000000e+03 9.880000000000000000e+02 1.294800000000000000e+04 -4.000000000000000000e+03 -3.870000000000000000e+02 4.590000000000000000e+02
-6.144000000000000000e+03 9.640000000000000000e+02 1.284400000000000000e+04 -3.984000000000000000e+03 -3.920000000000000000e+02 3.390000000000000000e+02
-6.268000000000000000e+03 1.012000000000000000e+03 1.303200000000000000e+04 -4.000000000000000000e+03 -4.150000000000000000e+02 1.990000000000000000e+02
-6.248000000000000000e+03 9.320000000000000000e+02 1.300400000000000000e+04 -3.968000000000000000e+03 -4.250000000000000000e+02 5.200000000000000000e+01
-6.252000000000000000e+03 8.320000000000000000e+02 1.305200000000000000e+04 -3.984000000000000000e+03 -4.070000000000000000e+02 -9.500000000000000000e+01
