-6.648000000000000000e+03 1.512000000000000000e+03 1.279200000000000000e+04 -3.968000000000000000e+03 -1.940000000000000000e+02 -4.080000000000000000e+02
-6.424000000000000000e+03 1.272000000000000000e+03 1.304800000000000000e+04 -3.952000000000000000e+03 -1.820000000000000000e+02 -5.640000000000000000e+02
-6.444000000000000000e+03 1.516000000000000000e+03 1.304800000000000000e+04 -3.952000000000000000e+03 -1.610000000000000000e+02 -6.370000000000000000e+02
-6.532000000000000000e+03 1.372000000000000000e+03 1.314000000000000000e+04 -3.952000000000000000e+03 -2.000000000000000000e+02 -6.790000000000000000e+02
-6.424000000000000000e+03 1.420000000000000000e+03 1.313600000000000000e+04 -3.968000000000000000e+03 -1.820000000000000000e+02 -6.500000000000000000e+02
-6.316000000000000000e+03 1.520000000000000000e+03 1.318000000000000000e+04 -3.952000000000000000e+03 -2.320000000000000000e+02 -5.570000000000000000e+02
-6.192000000000000000e+03 1.532000000000000000e+03 1.292000000000000000e+04 -3.952000000000000000e+03 -2.440000000000000000e+02 -3.300000000000000000e+02
-6.224000000000000000e+03 1.400000000000000000e+03 1.314400000000000000e+04 -3.968000000000000000e+03 -2.370000000000000000e+02 -1.120000000000000000e+02
-5.948000000000000000e+03 1.604000000000000000e+03 1.304400000000000000e+04 -3.984000000000000000e+03 -2.870000000000000000e+02 1.270000000000000000e+02
-6.124000000000000000e+03 1.420000000000000000e+03 1.300000000000000000e+04 -3.920000000000000000e+03 -2.780000000000000000e+02 2.490000000000000000e+02
-5.976000000000000000e+03 1.440000000000000000e+03 1.264000000000000000e+04 -3.920000000000000000e+03 -2.600000000000000000e+02 4.530000000000000000e+02
-6.056000000000000000e+03 1.396000000000000000e+03 1.302400000000000000e+04 -3.952000000000000000e+03 -2.820000000000000000e+02 6.320000000000000000e+02
-6.012000000000000000e+03 1.416000000000000000e+03 1.304000000000000000e+04 -3.952000000000000000e+03 -3.040000000000000000e+02 7.910000000000000000e+02
-6.116000000000000000e+03 1.320000000000000000e+03 1.309600000000000000e+04 -3.920000000000000000e+03 -3.240000000000000000e+02 8.210000000000000000e+02
-6.184000000000000000e+03 1.340000000000000000e+03 1.292800000000000000e+04 -3.920000000000000000e+03 -3.210000000000000000e+02 7.570000000000000000e+02
-6.240000000000000000e+03 1.452000000000000000e+03 1.304400000000000000e+04 -3.952000000000000000e+03 -3.180000000000000000e+02 6.320000000000000000e+02
-6.256000000000000000e+03 1.436000000000000000e+03 1.311600000000000000e+04 -3.920000000000000000e+03 -3.240000000000000000e+02 4.800000000000000000e+02
-6.380000000000000000e+03 1.408000000000000000e+03 1.308000000000000000e+04 -4.016000000000000000e+03 -3.500000000000000000e+02 2.320000000000000000e+02
-6.564000000000000000e+03 1.276000000000000000e+03 1.323600000000000000e+04 -3.952000000000000000e+03 -3.300000000000000000e+02 1.900000000000000000e+01
-6.512000000000000000e+03 1.356000000000000000e+03 1.322800000000000000e+04 -3.920000000000000000e+03 -3.360000000000000000e+02 -2.220000000000000000e+02
-6.340000000000000000e+03 1.456000000000000000e+03 1.292800000000000000e+04 -3.968000000000000000e+03 -3.290000000000000000e+02 -3.930000000000000000e+02
-6.204000000000000000e+03 1.372000000000000000e+03 1.311600000000000000e+04 -3.936000000000000000e+03 -3.290000000000000000e+02 -5.120000000000000000e+02
-6.112000000000000000e+03 1.324000000000000000e+03 1.331200000000000000e+04 -3.952000000000000000e+03 -3.480000000000000000e+02 -5.210000000000000000e+02
-6.092000000000000000e+03 1.284000000000000000e+03 1.293200000000000000e+04 -3.952000000000000000e+03 -3.280000000000000000e+02 -4.820000000000000000e+02
-5.932000000000000000e+03 1.228000000000000000e+03 1.296800000000000000e+04 -3.952000000000000000e+03 -2.920000000000000000e+02 -4.190000000000000000e+02
-6.016000000000000000e+03 1.344000000000000000e+03 1.288800000000000000e+04 -3.936000000000000000e+03 -2.740000000000000000e+02 -2.500000000000000000e+02
-5.948000000000000000e+03 1.272000000000000000e+03 1.288800000000000000e+04 -3.952000000000000000e+03 -2.620000000000000000e+02 -1.670000000000000000e+02
-5.988000000000000000e+03 1.208000000000000000e+03 1.296000000000000000e+04 -3.952000000000000000e+03 -1.880000000000000000e+02 4.300000000000000000e+01
-6.060000000000000000e+03 1.244000000000000000e+03 1.309600000000000000e+04 -3.968000000000000000e+03 -2.340000000000000000e+02 1.240000000000000000e+02
-5.940000000000000000e+03 1.436000000000000000e+03 1.300000000000000000e+04 -3.920000000000000000e+03 -2.490000000000000000e+02 2.420000000000000000e+02
-6.052000000000000000e+03 1.400000000000000000e+03 1.288800000000000000e+04 -3.952000000000000000e+03 -2.350000000000000000e+02 3.130000000000000000e+02
-5.900000000000000000e+03 1.532000000000000000e+03 1.310400000000000000e+04 -3.952000000000000000e+03 -2.280000000000000000e+02 3.710000000000000000e+02
-5.872000000000000000e+03 1.408000000000000000e+03 1.331200000000000000e+04 -3.920000000000000000e+03 -2.350000000000000000e+02 3.970000000000000000e+02
-5.896000000000000000e+03 1.416000000000000000e+03 1.309200000000000000e+04 -3.984000000000000000e+03 -2.580000000000000000e+02 3.700000000000000000e+02
-5.916000000000000000e+03 1.228000000000000000e+03 1.309600000000000000e+04 -3.920000000000000000e+03 -2.400000000000000000e+02 3.140000000000000000e+02
-5.972000000000000000e+03 1.360000000000000000e+03 1.293200000000000000e+04 -3.952000000000000000e+03 -2.010000000000000000e+02 3.040000000000000000e+02
-6.040000000000000000e+03 1.400000000000000000e+03 1.304800000000000000e+04 -3.920000000000000000e+03 -1.740000000000000000e+02 2.320000000000000000e+02
-6.060000000000000000e+03 1.308000000000000000e+03 1.313200000000000000e+04 -3.920000000000000000e+03 -1.660000000000000000e+02 2.080000000000000000e+02
-5.884000000000000000e+03 1.316000000000000000e+03 1.305600000000000000e+04 -3.968000000000000000e+03 -1.340000000000000000e+02 1.310000000000000000e+02
-6.080000000000000000e+03 1.364000000000000000e+03 1.314400000000000000e+04 -3.936000000000000000e+03 -1.230000000000000000e+02 8.200000000000000000e+01
-6.080000000000000000e+03 1.324000000000000000e+03 1.324000000000000000e+04 -3.968000000000000000e+03 -1.580000000000000000e+02 2.200000000000000000e+01
-6.152000000000000000e+03 1.312000000000000000e+03 1.323200000000000000e+04 -3.952000000000000000e+03 -1.350000000000000000e+02 -2.400000000000000000e+01
-6.052000000000000000e+03 1.392000000000000000e+03 1.342400000000000000e+04 -3.936000000000000000e+03 -1.620000000000000000e+02 -3.500000000000000000e+01
-6.096000000000000000e+03 1.468000000000000000e+03 1.314400000000000000e+04 -3.936000000000000000e+03 -2.130000000000000000e+02 -2.500000000000000000e+01
-5.968000000000000000e+03 1.484000000000000000e+03 1.324400000000000000e+04 -3.968000000000000000e+03 -2.330000000000000000e+02 3.400000000000000000e+01
-6.024000000000000000e+03 1.448000000000000000e+03 1.338800000000000000e+04 -3.920000000000000000e+03 -2.930000000000000000e+02 7.300000000000000000e+01
-5.968000000000000000e+03 1.436000000000000000e+03 1.324800000000000000e+04 -3.936000000000000000e+03 -3.300000000000000000e+02 1.200000000000000000e+02
-5.944000000000000000e+03 1.476000000000000000e+03 1.320000000000000000e+04 -3.952000000000000000e+03 -3.610000000000000000e+02 1.780000000000000000e+02
-5.880000000000000000e+03 1.572000000000000000e+03 1.333600000000000000e+04 -3.952000000000000000e+03 -3.800000000000000000e+02 2.720000000000000000e+02
-5.856000000000000000e+03 1.416000000000000000e+03 1.309600000000000000e+04 -3.952000000000000000e+03 -4.440000000000000000e+02 3.320000000000000000e+02
-5.924000000000000000e+03 1.392000000000000000e+03 1.301200000000000000e+04 -3.952000000000000000e+03 -4.650000000000000000e+02 4.070000000000000000e+02
-5.956000000000000000e+03 1.348000000000000000e+03 1.315200000000000000e+04 -3.952000000000000000e+03 -4.920000000000000000e+02 4.410000000000000000e+02
-5.896000000000000000e+03 1.356000000000000000e+03 1.294800000000000000e+04 -3.952000000000000000e+03 -4.500000000000000000e+02 4.660000000000000000e+02
-5.908000000000000000e+03 1.200000000000000000e+03 1.314400000000000000e+04 -3.984000000000000000e+03 -4.460000000000000000e+02 4.450000000000000000e+02
-6.020000000000000000e+03 1.340000000000000000e+03 1.323600000000000000e+04 -3.952000000000000000e+03 -4.770000000000000000e+02 3.650000000000000000e+02
-6.156000000000000000e+03 1.212000000000000000e+03 1.266400000000000000e+04 -3.952000000000000000e+03 -4.210000000000000000e+02 2.880000000000000000e+02
-6.088000000000000000e+03 1.212000000000000000e+03 1.307200000000000000e+04 -3.936000000000000000e+03 -3.860000000000000000e+02 1.870000000000000000e+02
-6.156000000000000000e+03 1.224000000000000000e+03 1.308000000000000000e+04 -3.904000000000000000e+03 -3.530000000000000000e+02 1.530000000000000000e+02
-6.244000000000000000e+03 1.316000000000000000e+03 1.299600000000000000e+04 -3.968000000000000000e+03 -3.140000000000000000e+02 2.600000000000000000e+01
-6.208000000000000000e+03 1.500000000000000000e+03 1.287600000000000000e+04 -3.968000000000000000e+03 -2.430000000000000000e+02 -1.520000000000000000e+02
-6.068000000000000000e+03 1.380000000000000000e+03 1.279200000000000000e+04 -3.952000000000000000e+03 -1.720000000000000000e+02 -2.110000000000000000e+02
-5.856000000000000000e+03 1.508000000000000000e+03 1.316000000000000000e+04 -3.968000000000000000e+03 -1.250000000000000000e+02 -1.920000000000000000e+02
-5.968000000000000000e+03 1.416000000000000000e+03 1.332800000000000000e+04 -3.904000000000000000e+03 -1.520000000000000000e+02 -1.670000000000000000e+02
-5.792000000000000000e+03 1.444000000000000000e+03 1.306000000000000000e+04 -3.968000000000000000e+03 -2.290000000000000000e+02 -5.100000000000000000e+01
-6.088000000000000000e+03 1.284000000000000000e+03 1.303600000000000000e+04 -3.920000000000000000e+03 -1.920000000000000000e+02 1.000000000000000000e+01
-5.672000000000000000e+03 1.344000000000000000e+03 1.314000000000000000e+04 -3.920000000000000000e+03 -2.310000000000000000e+02 1.800000000000000000e+02
-6.016000000000000000e+03 1.224000000000000000e+03 1.322000000000000000e+04 -3.952000000000000000e+03 -2.800000000000000000e+02 3.380000000000000000e+02
-6.072000000000000000e+03 1.492000000000000000e+03 1.322000000000000000e+04 -3.984000000000000000e+03 -3.100000000000000000e+02 4.790000000000000000e+02
-6.116000000000000000e+03 1.332000000000000000e+03 1.322000000000000000e+04 -3.920000000000000000e+03 -3.510000000000000000e+02 6.160000000000000000e+02
-6.232000000000000000e+03 1.232000000000000000e+03 1.333200000000000000e+04 -3.952000000000000000e+03 -3.730000000000000000e+02 6.760000000000000000e+02
-5.896000000000000000e+03 1.436000000000000000e+03 1.286800000000000000e+04 -3.984000000000000000e+03 -3.660000000000000000e+02 8.090000000000000000e+02
-6.000000000000000000e+03 1.328000000000000000e+03 1.308400000000000000e+04 -3.984000000000000000e+03 -3.900000000000000000e+02 7.740000000000000000e+02
-6.004000000000000000e+03 1.404000000000000000e+03 1.316000000000000000e+04 -3.920000000000000000e+03 -3.480000000000000000e+02 6.630000000000000000e+02
-6.368000000000000000e+03 1.196000000000000000e+03 1.312400000000000000e+04 -3.984000000000000000e+03 -3.410000000000000000e+02 4.630000000000000000e+02
-6.432000000000000000e+03 1.220000000000000000e+03 1.312000000000000000e+04 -3.952000000000000000e+03 -3.230000000000000000e+02 1.960000000000000000e+02
-6.284000000000000000e+03 1.272000000000000000e+03 1.298800000000000000e+04 -3.952000000000000000e+03 -2.890000000000000000e+02 -2.800000000000000000e+01
-6.204000000000000000e+03 1.340000000000000000e+03 1.310800000000000000e+04 -3.936000000000000000e+03 -2.630000000000000000e+02 -2.020000000000000000e+02
-6.204000000000000000e+03 1.224000000000000000e+03 1.324000000000000000e+04 -3.968000000000000000e+03 -2.610000000000000000e+02 -3.110000000000000000e+02
-6.124000000000000000e+03 1.208000000000000000e+03 1.335600000000000000e+04 -3.936000000000000000e+03 -2.730000000000000000e+02 -3.690000000000000000e+02
-6.160000000000000000e+03 1.344000000000000000e+03 1.322400000000000000e+04 -3.920000000000000000e+03 -3.120000000000000000e+02 -3.780000000000000000e+02
-6.112000000000000000e+03 1.304000000000000000e+03 1.298000000000000000e+04 -3.936000000000000000e+03 -3.180000000000000000e+02 -3.470000000000000000e+02
-5.916000000000000000e+03 1.344000000000000000e+03 1.298800000000000000e+04 -3.936000000000000000e+03 -3.460000000000000000e+02 -2.630000000000000000e+02
-5.916000000000000000e+03 1.424000000000000000e+03 1.318400000000000000e+04 -3.952000000000000000e+03 -3.580000000000000000e+02 -1.230000000000000000e+02
