-6.712000000000000000e+03 1.488000000000000000e+03 1.307200000000000000e+04 -3.936000000000000000e+03 -3.820000000000000000e+02 5.110000000000000000e+02
-6.736000000000000000e+03 1.500000000000000000e+03 1.306400000000000000e+04 -3.920000000000000000e+03 -3.850000000000000000e+02 3.190000000000000000e+02
-6.916000000000000000e+03 1.580000000000000000e+03 1.292400000000000000e+04 -3.936000000000000000e+03 -4.000000000000000000e+02 1.990000000000000000e+02
-6.740000000000000000e+03 1.452000000000000000e+03 1.288000000000000000e+04 -3.920000000000000000e+03 -3.870000000000000000e+02 1.250000000000000000e+02
-6.604000000000000000e+03 1.416000000000000000e+03 1.290000000000000000e+04 -3.952000000000000000e+03 -4.040000000000000000e+02 8.400000000000000000e+01
-6.736000000000000000e+03 1.436000000000000000e+03 1.291600000000000000e+04 -3.952000000000000000e+03 -4.370000000000000000e+02 2.800000000000000000e+01
-6.836000000000000000e+03 1.492000000000000000e+03 1.284000000000000000e+04 -3.968000000000000000e+03 -4.260000000000000000e+02 -1.900000000000000000e+01
-7.000000000000000000e+03 1.412000000000000000e+03 1.293600000000000000e+04 -3.952000000000000000e+03 -4.350000000000000000e+02 -4.800000000000000000e+01
-6.920000000000000000e+03 1.412000000000000000e+03 1.254800000000000000e+04 -3.952000000000000000e+03 -3.730000000000000000e+02 -4.800000000000000000e+01
-6.856000000000000000e+03 1.532000000000000000e+03 1.266000000000000000e+04 -3.952000000000000000e+03 -3.510000000000000000e+02 -8.600000000000000000e+01
-6.512000000000000000e+03 1.512000000000000000e+03 1.254000000000000000e+04 -3.936000000000000000e+03 -3.240000000000000000e+02 -1.400000000000000000e+02
-6.664000000000000000e+03 1.552000000000000000e+03 1.244000000000000000e+04 -3.968000000000000000e+03 -2.490000000000000000e+02 -1.900000000000000000e+02
-6.712000000000000000e+03 1.452000000000000000e+03 1.250800000000000000e+04 -3.936000000000000000e+03 -2.090000000000000000e+02 -2.390000000000000000e+02
-6.668000000000000000e+03 1.184000000000000000e+03 1.280400000000000000e+04 -3.952000000000000000e+03 -2.060000000000000000e+02 -1.610000000000000000e+02
-6.756000000000000000e+03 1.140000000000000000e+03 1.275200000000000000e+04 -3.952000000000000000e+03 -2.030000000000000000e+02 -1.150000000000000000e+02
-6.632000000000000000e+03 1.296000000000000000e+03 1.261200000000000000e+04 -3.904000000000000000e+03 -1.580000000000000000e+02 -1.000000000000000000e+01
-6.888000000000000000e+03 1.528000000000000000e+03 1.258800000000000000e+04 -3.936000000000000000e+03 -1.320000000000000000e+02 9.700000000000000000e+01
-6.572000000000000000e+03 1.596000000000000000e+03 1.256000000000000000e+04 -3.968000000000000000e+03 -9.300000000000000000e+01 1.960000000000000000e+02
-6.464000000000000000e+03 1.592000000000000000e+03 1.256000000000000000e+04 -3.936000000000000000e+03 -6.200000000000000000e+01 2.450000000000000000e+02
-6.476000000000000000e+03 1.604000000000000000e+03 1.266400000000000000e+04 -3.952000000000000000e+03 -3.500000000000000000e+01 2.470000000000000000e+02
-6.648000000000000000e+03 1.640000000000000000e+03 1.280800000000000000e+04 -3.968000000000000000e+03 -5.900000000000000000e+01 2.590000000000000000e+02
-6.764000000000000000e+03 1.508000000000000000e+03 1.275200000000000000e+04 -3.952000000000000000e+03 -4.500000000000000000e+01 3.060000000000000000e+02
-6.848000000000000000e+03 1.480000000000000000e+03 1.281600000000000000e+04 -3.936000000000000000e+03 -8.800000000000000000e+01 3.010000000000000000e+02
-6.660000000000000000e+03 1.536000000000000000e+03 1.324800000000000000e+04 -3.920000000000000000e+03 -1.340000000000000000e+02 2.380000000000000000e+02
-6.604000000000000000e+03 1.604000000000000000e+03 1.306800000000000000e+04 -3.920000000000000000e+03 -2.130000000000000000e+02 1.680000000000000000e+02
-6.916000000000000000e+03 1.380000000000000000e+03 1.311600000000000000e+04 -3.952000000000000000e+03 -2.520000000000000000e+02 8.100000000000000000e+01
-6.752000000000000000e+03 1.444000000000000000e+03 1.318000000000000000e+04 -3.920000000000000000e+03 -2.630000000000000000e+02 6.000000000000000000e+01
-6.956000000000000000e+03 1.412000000000000000e+03 1.323600000000000000e+04 -3.968000000000000000e+03 -3.190000000000000000e+02 1.380000000000000000e+02
-6.592000000000000000e+03 1.576000000000000000e+03 1.302800000000000000e+04 -3.952000000000000000e+03 -3.300000000000000000e+02 2.000000000000000000e+02
-6.484000000000000000e+03 1.644000000000000000e+03 1.280800000000000000e+04 -3.952000000000000000e+03 -3.340000000000000000e+02 2.220000000000000000e+02
-6.512000000000000000e+03 1.616000000000000000e+03 1.260800000000000000e+04 -3.952000000000000000e+03 -3.140000000000000000e+02 1.800000000000000000e+02
-6.548000000000000000e+03 1.532000000000000000e+03 1.276400000000000000e+04 -3.920000000000000000e+03 -3.330000000000000000e+02 1.120000000000000000e+02
-6.576000000000000000e+03 1.488000000000000000e+03 1.285200000000000000e+04 -3.936000000000000000e+03 -3.230000000000000000e+02 7.100000000000000000e+01
-6.596000000000000000e+03 1.352000000000000000e+03 1.304800000000000000e+04 -3.936000000000000000e+03 -3.240000000000000000e+02 6.800000000000000000e+01
-6.508000000000000000e+03 1.224000000000000000e+03 1.278800000000000000e+04 -3.952000000000000000e+03 -3.190000000000000000e+02 8.500000000000000000e+01
-6.612000000000000000e+03 1.212000000000000000e+03 1.256800000000000000e+04 -3.936000000000000000e+03 -2.620000000000000000e+02 9.800000000000000000e+01
-6.572000000000000000e+03 1.304000000000000000e+03 1.262800000000000000e+04 -3.952000000000000000e+03 -2.610000000000000000e+02 6.600000000000000000e+01
-6.532000000000000000e+03 1.260000000000000000e+03 1.282800000000000000e+04 -3.968000000000000000e+03 -2.500000000000000000e+02 1.230000000000000000e+02
-6.508000000000000000e+03 1.236000000000000000e+03 1.286800000000000000e+04 -3.952000000000000000e+03 -2.310000000000000000e+02 2.050000000000000000e+02
-6.608000000000000000e+03 1.284000000000000000e+03 1.268800000000000000e+04 -3.952000000000000000e+03 -2.480000000000000000e+02 3.800000000000000000e+02
-6.576000000000000000e+03 1.328000000000000000e+03 1.264800000000000000e+04 -3.952000000000000000e+03 -2.620000000000000000e+02 5.480000000000000000e+02
-6.600000000000000000e+03 1.432000000000000000e+03 1.274800000000000000e+04 -3.952000000000000000e+03 -3.140000000000000000e+02 6.270000000000000000e+02
-6.452000000000000000e+03 1.292000000000000000e+03 1.289600000000000000e+04 -3.920000000000000000e+03 -3.540000000000000000e+02 6.880000000000000000e+02
-6.604000000000000000e+03 1.368000000000000000e+03 1.302400000000000000e+04 -3.952000000000000000e+03 -3.830000000000000000e+02 6.570000000000000000e+02
-6.508000000000000000e+03 1.380000000000000000e+03 1.290000000000000000e+04 -3.920000000000000000e+03 -3.910000000000000000e+02 6.080000000000000000e+02
-6.632000000000000000e+03 1.328000000000000000e+03 1.286000000000000000e+04 -3.920000000000000000e+03 -3.900000000000000000e+02 4.910000000000000000e+02
-6.656000000000000000e+03 1.312000000000000000e+03 1.296400000000000000e+04 -3.920000000000000000e+03 -3.690000000000000000e+02 3.300000000000000000e+02
-6.512000000000000000e+03 1.240000000000000000e+03 1.288800000000000000e+04 -3.952000000000000000e+03 -3.360000000000000000e+02 8.900000000000000000e+01
-6.712000000000000000e+03 1.268000000000000000e+03 1.263600000000000000e+04 -3.920000000000000000e+03 -2.660000000000000000e+02 -1.140000000000000000e+02
-6.776000000000000000e+03 1.228000000000000000e+03 1.278000000000000000e+04 -3.968000000000000000e+03 -2.540000000000000000e+02 -2.560000000000000000e+02
-6.572000000000000000e+03 1.256000000000000000e+03 1.255200000000000000e+04 -3.904000000000000000e+03 -2.300000000000000000e+02 -1.850000000000000000e+02
-7.004000000000000000e+03 1.268000000000000000e+03 1.264800000000000000e+04 -3.952000000000000000e+03 -2.510000000000000000e+02 -3.100000000000000000e+01
-6.692000000000000000e+03 1.480000000000000000e+03 1.288400000000000000e+04 -3.952000000000000000e+03 -2.710000000000000000e+02 1.290000000000000000e+02
-6.788000000000000000e+03 1.512000000000000000e+03 1.276400000000000000e+04 -3.952000000000000000e+03 -3.400000000000000000e+02 2.680000000000000000e+02
-6.908000000000000000e+03 1.384000000000000000e+03 1.281200000000000000e+04 -3.920000000000000000e+03 -3.820000000000000000e+02 4.110000000000000000e+02
-6.732000000000000000e+03 1.220000000000000000e+03 1.270800000000000000e+04 -3.920000000000000000e+03 -3.620000000000000000e+02 5.330000000000000000e+02
-6.636000000000000000e+03 1.412000000000000000e+03 1.273200000000000000e+04 -3.952000000000000000e+03 -3.990000000000000000e+02 6.800000000000000000e+02
-6.584000000000000000e+03 1.488000000000000000e+03 1.280800000000000000e+04 -3.952000000000000000e+03 -3.970000000000000000e+02 7.430000000000000000e+02
-6.588000000000000000e+03 1.260000000000000000e+03 1.253600000000000000e+04 -3.920000000000000000e+03 -3.990000000000000000e+02 6.800000000000000000e+02
-6.672000000000000000e+03 1.272000000000000000e+03 1.271600000000000000e+04 -3.920000000000000000e+03 -3.740000000000000000e+02 4.860000000000000000e+02
-6.736000000000000000e+03 1.484000000000000000e+03 1.256400000000000000e+04 -3.952000000000000000e+03 -3.620000000000000000e+02 3.020000000000000000e+02
-6.716000000000000000e+03 1.380000000000000000e+03 1.272000000000000000e+04 -3.952000000000000000e+03 -3.530000000000000000e+02 2.000000000000000000e+01
-7.020000000000000000e+03 1.600000000000000000e+03 1.290800000000000000e+04 -3.920000000000000000e+03 -3.640000000000000000e+02 -2.260000000000000000e+02
-6.980000000000000000e+03 1.444000000000000000e+03 1.295600000000000000e+04 -3.904000000000000000e+03 -3.700000000000000000e+02 -5.140000000000000000e+02
-7.152000000000000000e+03 1.236000000000000000e+03 1.303200000000000000e+04 -3.936000000000000000e+03 -4.090000000000000000e+02 -6.620000000000000000e+02
-7.076000000000000000e+03 1.204000000000000000e+03 1.312400000000000000e+04 -3.920000000000000000e+03 -4.550000000000000000e+02 -7.740000000000000000e+02
-7.192000000000000000e+03 1.268000000000000000e+03 1.290800000000000000e+04 -3.952000000000000000e+03 -5.060000000000000000e+02 -7.330000000000000000e+02
-7.268000000000000000e+03 1.320000000000000000e+03 1.318400000000000000e+04 -3.952000000000000000e+03 -5.530000000000000000e+02 -7.280000000000000000e+02
-6.792000000000000000e+03 1.236000000000000000e+03 1.306800000000000000e+04 -3.936000000000000000e+03 -5.660000000000000000e+02 -5.320000000000000000e+02
-6.884000000000000000e+03 1.280000000000000000e+03 1.282400000000000000e+04 -3.920000000000000000e+03 -5.400000000000000000e+02 -3.050000000000000000e+02
-6.680000000000000000e+03 1.348000000000000000e+03 1.254400000000000000e+04 -3.952000000000000000e+03 -4.980000000000000000e+02 3.000000000000000000e+01
-6.496000000000000000e+03 1.380000000000000000e+03 1.258800000000000000e+04 -3.936000000000000000e+03 -4.530000000000000000e+02 4.180000000000000000e+02
-6.420000000000000000e+03 1.216000000000000000e+03 1.230000000000000000e+04 -3.952000000000000000e+03 -3.790000000000000000e+02 7.930000000000000000e+02
-6.260000000000000000e+03 1.204000000000000000e+03 1.239600000000000000e+04 -3.952000000000000000e+03 -3.980000000000000000e+02 9.900000000000000000e+02
-5.876000000000000000e+03 1.108000000000000000e+03 1.262800000000000000e+04 -3.936000000000000000e+03 -3.160000000000000000e+02 9.560000000000000000e+02
-6.144000000000000000e+03 9.440000000000000000e+02 1.273600000000000000e+04 -3.920000000000000000e+03 -2.640000000000000000e+02 8.280000000000000000e+02
-6.420000000000000000e+03 1.100000000000000000e+03 1.287600000000000000e+04 -3.904000000000000000e+03 -3.170000000000000000e+02 5.390000000000000000e+02
-6.296000000000000000e+03 1.088000000000000000e+03 1.324800000000000000e+04 -3.952000000000000000e+03 -3.100000000000000000e+02 2.240000000000000000e+02
-6.748000000000000000e+03 1.060000000000000000e+03 1.334800000000000000e+04 -3.920000000000000000e+03 -3.440000000000000000e+02 4.000000000000000000e+00
-6.996000000000000000e+03 1.004000000000000000e+03 1.306000000000000000e+04 -3.920000000000000000e+03 -3.840000000000000000e+02 -1.790000000000000000e+02
-7.068000000000000000e+03 1.036000000000000000e+03 1.288800000000000000e+04 -3.952000000000000000e+03 -4.270000000000000000e+02 -3.370000000000000000e+02
