-2.600000000000000000e+02 1.572000000000000000e+03 1.437600000000000000e+04 -4.096000000000000000e+03 -2.700000000000000000e+02 7.640000000000000000e+02
-3.080000000000000000e+02 1.644000000000000000e+03 1.433600000000000000e+04 -4.144000000000000000e+03 -2.710000000000000000e+02 7.250000000000000000e+02
-4.480000000000000000e+02 1.616000000000000000e+03 1.438800000000000000e+04 -4.096000000000000000e+03 -2.350000000000000000e+02 6.730000000000000000e+02
-7.560000000000000000e+02 1.600000000000000000e+03 1.434400000000000000e+04 -4.080000000000000000e+03 -2.460000000000000000e+02 6.600000000000000000e+02
-6.440000000000000000e+02 1.652000000000000000e+03 1.446800000000000000e+04 -4.096000000000000000e+03 -2.700000000000000000e+02 5.520000000000000000e+02
-7.360000000000000000e+02 1.760000000000000000e+03 1.469600000000000000e+04 -4.144000000000000000e+03 -2.360000000000000000e+02 3.890000000000000000e+02
-8.440000000000000000e+02 1.516000000000000000e+03 1.441600000000000000e+04 -4.128000000000000000e+03 -2.080000000000000000e+02 2.570000000000000000e+02
-7.120000000000000000e+02 1.592000000000000000e+03 1.456000000000000000e+04 -4.112000000000000000e+03 -2.190000000000000000e+02 2.240000000000000000e+02
-7.880000000000000000e+02 1.404000000000000000e+03 1.438400000000000000e+04 -4.080000000000000000e+03 -2.430000000000000000e+02 2.920000000000000000e+02
-6.080000000000000000e+02 1.480000000000000000e+03 1.465600000000000000e+04 -4.080000000000000000e+03 -3.120000000000000000e+02 3.130000000000000000e+02
-6.000000000000000000e+02 1.552000000000000000e+03 1.461600000000000000e+04 -4.096000000000000000e+03 -2.970000000000000000e+02 3.190000000000000000e+02
-6.920000000000000000e+02 1.584000000000000000e+03 1.452400000000000000e+04 -4.112000000000000000e+03 -3.290000000000000000e+02 2.150000000000000000e+02
-5.560000000000000000e+02 1.660000000000000000e+03 1.472000000000000000e+04 -4.144000000000000000e+03 -3.560000000000000000e+02 3.600000000000000000e+01
-6.320000000000000000e+02 1.656000000000000000e+03 1.465200000000000000e+04 -4.128000000000000000e+03 -3.690000000000000000e+02 -1.460000000000000000e+02
-9.240000000000000000e+02 1.532000000000000000e+03 1.440800000000000000e+04 -4.128000000000000000e+03 -3.610000000000000000e+02 -3.630000000000000000e+02
-8.320000000000000000e+02 1.604000000000000000e+03 1.483200000000000000e+04 -4.096000000000000000e+03 -3.320000000000000000e+02 -5.690000000000000000e+02
-1.148000000000000000e+03 1.412000000000000000e+03 1.463200000000000000e+04 -4.128000000000000000e+03 -2.940000000000000000e+02 -6.730000000000000000e+02
-7.440000000000000000e+02 1.624000000000000000e+03 1.462000000000000000e+04 -4.128000000000000000e+03 -3.160000000000000000e+02 -6.310000000000000000e+02
-8.160000000000000000e+02 1.632000000000000000e+03 1.467200000000000000e+04 -4.112000000000000000e+03 -2.780000000000000000e+02 -5.180000000000000000e+02
-4.840000000000000000e+02 1.628000000000000000e+03 1.443200000000000000e+04 -4.080000000000000000e+03 -3.030000000000000000e+02 -3.050000000000000000e+02
-3.240000000000000000e+02 1.632000000000000000e+03 1.432000000000000000e+04 -4.128000000000000000e+03 -3.160000000000000000e+02 -9.100000000000000000e+01
-5.160000000000000000e+02 1.508000000000000000e+03 1.424000000000000000e+04 -4.128000000000000000e+03 -3.510000000000000000e+02 9.000000000000000000e+01
-6.320000000000000000e+02 1.608000000000000000e+03 1.443200000000000000e+04 -4.112000000000000000e+03 -3.960000000000000000e+02 2.980000000000000000e+02
-6.080000000000000000e+02 1.508000000000000000e+03 1.437200000000000000e+04 -4.112000000000000000e+03 -3.690000000000000000e+02 4.670000000000000000e+02
-2.760000000000000000e+02 1.648000000000000000e+03 1.472400000000000000e+04 -4.128000000000000000e+03 -3.810000000000000000e+02 5.450000000000000000e+02
-3.960000000000000000e+02 1.396000000000000000e+03 1.431600000000000000e+04 -4.112000000000000000e+03 -3.640000000000000000e+02 6.330000000000000000e+02
-4.440000000000000000e+02 1.460000000000000000e+03 1.453200000000000000e+04 -4.112000000000000000e+03 -3.170000000000000000e+02 6.010000000000000000e+02
-3.320000000000000000e+02 1.404000000000000000e+03 1.440400000000000000e+04 -4.096000000000000000e+03 -3.120000000000000000e+02 4.650000000000000000e+02
-5.080000000000000000e+02 1.284000000000000000e+03 1.446800000000000000e+04 -4.112000000000000000e+03 -2.920000000000000000e+02 1.710000000000000000e+02
-5.840000000000000000e+02 1.352000000000000000e+03 1.460400000000000000e+04 -4.128000000000000000e+03 -2.200000000000000000e+02 -1.430000000000000000e+02
-4.880000000000000000e+02 1.404000000000000000e+03 1.488400000000000000e+04 -4.112000000000000000e+03 -2.150000000000000000e+02 -4.640000000000000000e+02
-4.960000000000000000e+02 1.400000000000000000e+03 1.436400000000000000e+04 -4.112000000000000000e+03 -2.040000000000000000e+02 -7.610000000000000000e+02
-7.440000000000000000e+02 1.328000000000000000e+03 1.405200000000000000e+04 -4.112000000000000000e+03 -1.410000000000000000e+02 -9.980000000000000000e+02
-2.880000000000000000e+02 1.520000000000000000e+03 1.421600000000000000e+04 -4.096000000000000000e+03 -2.000000000000000000e+02 -1.152000000000000000e+03
-4.800000000000000000e+01 1.732000000000000000e+03 1.461600000000000000e+04 -4.144000000000000000e+03 -1.360000000000000000e+02 -1.261000000000000000e+03
-3.600000000000000000e+01 1.764000000000000000e+03 1.468800000000000000e+04 -4.112000000000000000e+03 -1.800000000000000000e+02 -1.376000000000000000e+03
-4.080000000000000000e+02 1.548000000000000000e+03 1.494000000000000000e+04 -4.112000000000000000e+03 -1.390000000000000000e+02 -1.523000000000000000e+03
-2.520000000000000000e+02 1.428000000000000000e+03 1.436000000000000000e+04 -4.064000000000000000e+03 -9.000000000000000000e+01 -1.638000000000000000e+03
-3.600000000000000000e+01 1.612000000000000000e+03 1.464800000000000000e+04 -4.112000000000000000e+03 -5.800000000000000000e+01 -1.649000000000000000e+03
2.080000000000000000e+02 1.412000000000000000e+03 1.418800000000000000e+04 -4.096000000000000000e+03 -4.800000000000000000e+01 -1.469000000000000000e+03
6.400000000000000000e+02 1.568000000000000000e+03 1.426000000000000000e+04 -4.112000000000000000e+03 -9.700000000000000000e+01 -1.100000000000000000e+03
9.320000000000000000e+02 1.484000000000000000e+03 1.432000000000000000e+04 -4.128000000000000000e+03 -1.060000000000000000e+02 -6.680000000000000000e+02
9.080000000000000000e+02 1.716000000000000000e+03 1.444800000000000000e+04 -4.112000000000000000e+03 -1.250000000000000000e+02 -2.290000000000000000e+02
9.800000000000000000e+02 1.596000000000000000e+03 1.428800000000000000e+04 -4.096000000000000000e+03 -1.680000000000000000e+02 2.520000000000000000e+02
8.160000000000000000e+02 1.676000000000000000e+03 1.412000000000000000e+04 -4.080000000000000000e+03 -2.330000000000000000e+02 6.820000000000000000e+02
8.240000000000000000e+02 1.616000000000000000e+03 1.426800000000000000e+04 -4.160000000000000000e+03 -2.380000000000000000e+02 1.150000000000000000e+03
8.000000000000000000e+02 1.664000000000000000e+03 1.433600000000000000e+04 -4.096000000000000000e+03 -3.100000000000000000e+02 1.363000000000000000e+03
8.360000000000000000e+02 1.688000000000000000e+03 1.457600000000000000e+04 -4.112000000000000000e+03 -2.640000000000000000e+02 1.481000000000000000e+03
6.440000000000000000e+02 1.724000000000000000e+03 1.442400000000000000e+04 -4.128000000000000000e+03 -2.970000000000000000e+02 1.512000000000000000e+03
6.680000000000000000e+02 1.652000000000000000e+03 1.405600000000000000e+04 -4.128000000000000000e+03 -2.690000000000000000e+02 1.420000000000000000e+03
2.680000000000000000e+02 1.820000000000000000e+03 1.434400000000000000e+04 -4.112000000000000000e+03 -1.860000000000000000e+02 1.263000000000000000e+03
2.680000000000000000e+02 1.724000000000000000e+03 1.445200000000000000e+04 -4.128000000000000000e+03 -2.880000000000000000e+02 1.175000000000000000e+03
2.080000000000000000e+02 1.812000000000000000e+03 1.504000000000000000e+04 -4.096000000000000000e+03 -2.860000000000000000e+02 1.098000000000000000e+03
3.880000000000000000e+02 1.800000000000000000e+03 1.490400000000000000e+04 -4.112000000000000000e+03 -2.990000000000000000e+02 1.108000000000000000e+03
1.680000000000000000e+02 1.684000000000000000e+03 1.453200000000000000e+04 -4.128000000000000000e+03 -2.460000000000000000e+02 1.075000000000000000e+03
1.160000000000000000e+02 1.664000000000000000e+03 1.439200000000000000e+04 -4.096000000000000000e+03 -2.780000000000000000e+02 9.920000000000000000e+02
-1.200000000000000000e+02 1.664000000000000000e+03 1.448400000000000000e+04 -4.096000000000000000e+03 -2.800000000000000000e+02 8.560000000000000000e+02
-1.680000000000000000e+02 1.620000000000000000e+03 1.472400000000000000e+04 -4.080000000000000000e+03 -3.200000000000000000e+02 7.800000000000000000e+02
-4.000000000000000000e+00 1.672000000000000000e+03 1.487600000000000000e+04 -4.128000000000000000e+03 -3.320000000000000000e+02 5.890000000000000000e+02
-3.200000000000000000e+02 1.636000000000000000e+03 1.460800000000000000e+04 -4.096000000000000000e+03 -3.040000000000000000e+02 4.520000000000000000e+02
-4.520000000000000000e+02 1.640000000000000000e+03 1.444000000000000000e+04 -4.112000000000000000e+03 -3.090000000000000000e+02 3.150000000000000000e+02
-2.120000000000000000e+02 1.732000000000000000e+03 1.463200000000000000e+04 -4.128000000000000000e+03 -3.080000000000000000e+02 2.110000000000000000e+02
-2.960000000000000000e+02 1.620000000000000000e+03 1.440400000000000000e+04 -4.112000000000000000e+03 -3.080000000000000000e+02 1.680000000000000000e+02
-2.560000000000000000e+02 1.736000000000000000e+03 1.443200000000000000e+04 -4.128000000000000000e+03 -3.300000000000000000e+02 1.660000000000000000e+02
-1.600000000000000000e+02 1.684000000000000000e+03 1.464800000000000000e+04 -4.080000000000000000e+03 -3.410000000000000000e+02 1.500000000000000000e+02
-3.680000000000000000e+02 1.536000000000000000e+03 1.438400000000000000e+04 -4.128000000000000000e+03 -3.200000000000000000e+02 1.710000000000000000e+02
-1.680000000000000000e+02 1.708000000000000000e+03 1.445200000000000000e+04 -4.112000000000000000e+03 -3.630000000000000000e+02 2.120000000000000000e+02
-3.720000000000000000e+02 1.512000000000000000e+03 1.445600000000000000e+04 -4.096000000000000000e+03 -3.030000000000000000e+02 2.850000000000000000e+02
-1.040000000000000000e+02 1.740000000000000000e+03 1.444000000000000000e+04 -4.112000000000000000e+03 -3.740000000000000000e+02 2.910000000000000000e+02
-2.240000000000000000e+02 1.560000000000000000e+03 1.440400000000000000e+04 -4.096000000000000000e+03 -3.330000000000000000e+02 3.220000000000000000e+02
-4.400000000000000000e+02 1.676000000000000000e+03 1.446000000000000000e+04 -4.112000000000000000e+03 -3.510000000000000000e+02 2.980000000000000000e+02
-4.560000000000000000e+02 1.648000000000000000e+03 1.456000000000000000e+04 -4.096000000000000000e+03 -3.290000000000000000e+02 2.580000000000000000e+02
-5.160000000000000000e+02 1.620000000000000000e+03 1.449200000000000000e+04 -4.112000000000000000e+03 -3.090000000000000000e+02 2.320000000000000000e+02
-3.000000000000000000e+02 1.588000000000000000e+03 1.451200000000000000e+04 -4.096000000000000000e+03 -2.850000000000000000e+02 1.990000000000000000e+02
-4.360000000000000000e+02 1.632000000000000000e+03 1.443200000000000000e+04 -4.144000000000000000e+03 -2.760000000000000000e+02 1.860000000000000000e+02
-5.080000000000000000e+02 1.676000000000000000e+03 1.464000000000000000e+04 -4.112000000000000000e+03 -2.720000000000000000e+02 1.480000000000000000e+02
-8.960000000000000000e+02 1.508000000000000000e+03 1.438800000000000000e+04 -4.112000000000000000e+03 -2.780000000000000000e+02 1.850000000000000000e+02
-4.200000000000000000e+02 1.600000000000000000e+03 1.452000000000000000e+04 -4.112000000000000000e+03 -2.750000000000000000e+02 2.480000000000000000e+02
-4.280000000000000000e+02 1.556000000000000000e+03 1.436400000000000000e+04 -4.128000000000000000e+03 -2.560000000000000000e+02 3.350000000000000000e+02
-2.800000000000000000e+02 1.564000000000000000e+03 1.444800000000000000e+04 -4.112000000000000000e+03 -2.760000000000000000e+02 4.290000000000000000e+02
-5.280000000000000000e+02 1.544000000000000000e+03 1.426400000000000000e+04 -4.128000000000000000e+03 -2.950000000000000000e+02 5.460000000000000000e+02
-4.960000000000000000e+02 1.576000000000000000e+03 1.443200000000000000e+04 -4.112000000000000000e+03 -3.080000000000000000e+02 6.230000000000000000e+02
-5.040000000000000000e+02 1.600000000000000000e+03 1.435600000000000000e+04 -4.096000000000000000e+03 -2.730000000000000000e+02 6.970000000000000000e+02
