2.388000000000000000e+03 2.820000000000000000e+03 1.436800000000000000e+04 -4.032000000000000000e+03 -2.220000000000000000e+02 1.900000000000000000e+01
2.240000000000000000e+03 2.644000000000000000e+03 1.427200000000000000e+04 -4.080000000000000000e+03 -2.330000000000000000e+02 -1.010000000000000000e+02
2.572000000000000000e+03 2.684000000000000000e+03 1.432400000000000000e+04 -4.064000000000000000e+03 -2.170000000000000000e+02 -2.860000000000000000e+02
2.584000000000000000e+03 2.788000000000000000e+03 1.432800000000000000e+04 1.100000000000000000e+02 -2.280000000000000000e+02 -4.120000000000000000e+02
2.644000000000000000e+03 2.712000000000000000e+03 1.429600000000000000e+04 -4.016000000000000000e+03 -1.960000000000000000e+02 -4.610000000000000000e+02
2.564000000000000000e+03 2.812000000000000000e+03 1.410000000000000000e+04 -4.048000000000000000e+03 -1.830000000000000000e+02 -3.700000000000000000e+02
8.000000000000000000e+01 -4.032000000000000000e+03 -2.140000000000000000e+02 -4.064000000000000000e+03 -1.830000000000000000e+02 -1.470000000000000000e+02
2.632000000000000000e+03 2.848000000000000000e+03 1.420800000000000000e+04 -4.032000000000000000e+03 -1.820000000000000000e+02 1.860000000000000000e+02
2.500000000000000000e+03 2.748000000000000000e+03 1.442000000000000000e+04 -4.032000000000000000e+03 -2.240000000000000000e+02 5.400000000000000000e+02
2.384000000000000000e+03 2.904000000000000000e+03 1.459200000000000000e+04 -4.032000000000000000e+03 -2.640000000000000000e+02 8.090000000000000000e+02
2.568000000000000000e+03 2.784000000000000000e+03 1.426000000000000000e+04 -4.032000000000000000e+03 -3.430000000000000000e+02 9.730000000000000000e+02
2.500000000000000000e+03 2.848000000000000000e+03 1.430400000000000000e+04 -4.032000000000000000e+03 -4.090000000000000000e+02 1.096000000000000000e+03
2.520000000000000000e+03 2.956000000000000000e+03 1.443200000000000000e+04 -4.032000000000000000e+03 -4.610000000000000000e+02 1.120000000000000000e+03
2.536000000000000000e+03 2.916000000000000000e+03 1.408800000000000000e+04 -4.048000000000000000e+03 -4.620000000000000000e+02 9.980000000000000000e+02
2.732000000000000000e+03 2.832000000000000000e+03 1.401200000000000000e+04 -4.016000000000000000e+03 -4.980000000000000000e+02 8.630000000000000000e+02
2.708000000000000000e+03 2.968000000000000000e+03 1.426800000000000000e+04 -4.032000000000000000e+03 -5.080000000000000000e+02 6.190000000000000000e+02
3.020000000000000000e+03 2.924000000000000000e+03 1.438800000000000000e+04 -4.048000000000000000e+03 -5.190000000000000000e+02 3.960000000000000000e+02
2.860000000000000000e+03 2.968000000000000000e+03 1.413200000000000000e+04 -4.048000000000000000e+03 -4.540000000000000000e+02 1.010000000000000000e+02
2.784000000000000000e+03 2.880000000000000000e+03 1.407600000000000000e+04 -4.048000000000000000e+03 -4.180000000000000000e+02 -1.410000000000000000e+02
2.772000000000000000e+03 2.836000000000000000e+03 1.397200000000000000e+04 -4.016000000000000000e+03 -3.700000000000000000e+02 -3.490000000000000000e+02
2.764000000000000000e+03 2.888000000000000000e+03 1.426400000000000000e+04 -4.032000000000000000e+03 -3.200000000000000000e+02 -4.730000000000000000e+02
2.584000000000000000e+03 2.764000000000000000e+03 1.426000000000000000e+04 -4.048000000000000000e+03 -3.080000000000000000e+02 -5.350000000000000000e+02
2.504000000000000000e+03 2.748000000000000000e+03 1.424800000000000000e+04 -4.048000000000000000e+03 -2.290000000000000000e+02 -5.220000000000000000e+02
2.548000000000000000e+03 2.644000000000000000e+03 1.422400000000000000e+04 -4.064000000000000000e+03 -2.150000000000000000e+02 -4.730000000000000000e+02
2.120000000000000000e+03 2.532000000000000000e+03 1.426000000000000000e+04 -4.048000000000000000e+03 -1.900000000000000000e+02 -4.570000000000000000e+02
2.312000000000000000e+03 2.704000000000000000e+03 1.411600000000000000e+04 -4.016000000000000000e+03 -1.790000000000000000e+02 -4.500000000000000000e+02
2.396000000000000000e+03 2.764000000000000000e+03 1.428400000000000000e+04 -4.080000000000000000e+03 -1.680000000000000000e+02 -4.470000000000000000e+02
2.364000000000000000e+03 2.788000000000000000e+03 1.433200000000000000e+04 -4.048000000000000000e+03 -1.510000000000000000e+02 -3.430000000000000000e+02
2.360000000000000000e+03 2.732000000000000000e+03 1.416800000000000000e+04 -4.048000000000000000e+03 -1.790000000000000000e+02 -2.310000000000000000e+02
2.560000000000000000e+03 2.800000000000000000e+03 1.435600000000000000e+04 -4.016000000000000000e+03 -1.680000000000000000e+02 -1.260000000000000000e+02
2.504000000000000000e+03 2.784000000000000000e+03 1.419200000000000000e+04 -4.032000000000000000e+03 -2.270000000000000000e+02 -3.100000000000000000e+01
2.488000000000000000e+03 2.772000000000000000e+03 1.434400000000000000e+04 -4.064000000000000000e+03 -2.320000000000000000e+02 1.100000000000000000e+01
2.572000000000000000e+03 2.716000000000000000e+03 1.425600000000000000e+04 -4.032000000000000000e+03 -2.650000000000000000e+02 9.700000000000000000e+01
2.608000000000000000e+03 2.728000000000000000e+03 1.420400000000000000e+04 -4.064000000000000000e+03 -2.790000000000000000e+02 2.410000000000000000e+02
2.664000000000000000e+03 2.804000000000000000e+03 1.433600000000000000e+04 -4.032000000000000000e+03 -2.980000000000000000e+02 2.970000000000000000e+02
2.620000000000000000e+03 2.708000000000000000e+03 1.419200000000000000e+04 -4.032000000000000000e+03 -3.010000000000000000e+02 3.150000000000000000e+02
2.868000000000000000e+03 2.808000000000000000e+03 1.415200000000000000e+04 -4.064000000000000000e+03 -2.860000000000000000e+02 3.120000000000000000e+02
2.764000000000000000e+03 2.864000000000000000e+03 1.419200000000000000e+04 -4.048000000000000000e+03 -2.380000000000000000e+02 2.290000000000000000e+02
2.796000000000000000e+03 2.796000000000000000e+03 1.420400000000000000e+04 -4.048000000000000000e+03 -2.180000000000000000e+02 2.050000000000000000e+02
2.708000000000000000e+03 2.776000000000000000e+03 1.432400000000000000e+04 -4.048000000000000000e+03 -2.030000000000000000e+02 1.750000000000000000e+02
2.716000000000000000e+03 2.688000000000000000e+03 1.437200000000000000e+04 -4.048000000000000000e+03 -1.710000000000000000e+02 1.330000000000000000e+02
2.792000000000000000e+03 2.560000000000000000e+03 1.418400000000000000e+04 -4.032000000000000000e+03 -1.580000000000000000e+02 1.820000000000000000e+02
2.752000000000000000e+03 2.712000000000000000e+03 1.435200000000000000e+04 -4.048000000000000000e+03 -1.350000000000000000e+02 1.930000000000000000e+02
2.732000000000000000e+03 2.648000000000000000e+03 1.411600000000000000e+04 -4.064000000000000000e+03 -1.850000000000000000e+02 1.870000000000000000e+02
2.496000000000000000e+03 2.676000000000000000e+03 1.421600000000000000e+04 -4.016000000000000000e+03 -1.900000000000000000e+02 1.650000000000000000e+02
2.580000000000000000e+03 2.756000000000000000e+03 1.419600000000000000e+04 -4.016000000000000000e+03 -2.180000000000000000e+02 1.170000000000000000e+02
2.620000000000000000e+03 2.840000000000000000e+03 1.402400000000000000e+04 -4.000000000000000000e+03 -2.260000000000000000e+02 1.150000000000000000e+02
2.636000000000000000e+03 2.848000000000000000e+03 1.414400000000000000e+04 -4.048000000000000000e+03 -2.290000000000000000e+02 1.360000000000000000e+02
2.796000000000000000e+03 3.004000000000000000e+03 1.419600000000000000e+04 -4.064000000000000000e+03 -2.820000000000000000e+02 1.290000000000000000e+02
2.884000000000000000e+03 3.040000000000000000e+03 1.430400000000000000e+04 -4.032000000000000000e+03 -2.840000000000000000e+02 1.620000000000000000e+02
3.020000000000000000e+03 3.124000000000000000e+03 1.429200000000000000e+04 -4.048000000000000000e+03 -2.670000000000000000e+02 1.810000000000000000e+02
3.036000000000000000e+03 2.956000000000000000e+03 1.424800000000000000e+04 -4.000000000000000000e+03 -3.210000000000000000e+02 1.220000000000000000e+02
2.956000000000000000e+03 2.844000000000000000e+03 1.438400000000000000e+04 -4.048000000000000000e+03 -3.720000000000000000e+02 2.000000000000000000e+01
2.580000000000000000e+03 2.780000000000000000e+03 1.417600000000000000e+04 -4.048000000000000000e+03 -3.800000000000000000e+02 -9.900000000000000000e+01
2.428000000000000000e+03 2.700000000000000000e+03 1.415200000000000000e+04 -4.032000000000000000e+03 -3.540000000000000000e+02 -1.670000000000000000e+02
2.668000000000000000e+03 2.712000000000000000e+03 1.408800000000000000e+04 -4.048000000000000000e+03 -3.580000000000000000e+02 -1.430000000000000000e+02
2.888000000000000000e+03 2.748000000000000000e+03 1.424400000000000000e+04 -4.032000000000000000e+03 -3.640000000000000000e+02 -7.400000000000000000e+01
3.240000000000000000e+03 2.872000000000000000e+03 1.443600000000000000e+04 -4.000000000000000000e+03 -3.210000000000000000e+02 9.200000000000000000e+01
3.176000000000000000e+03 2.820000000000000000e+03 1.430800000000000000e+04 -4.048000000000000000e+03 -3.440000000000000000e+02 2.920000000000000000e+02
2.984000000000000000e+03 2.856000000000000000e+03 1.418000000000000000e+04 -4.032000000000000000e+03 -3.090000000000000000e+02 5.070000000000000000e+02
2.728000000000000000e+03 2.820000000000000000e+03 1.420000000000000000e+04 -4.016000000000000000e+03 -3.010000000000000000e+02 6.570000000000000000e+02
2.376000000000000000e+03 2.872000000000000000e+03 1.402800000000000000e+04 -4.032000000000000000e+03 -2.590000000000000000e+02 8.570000000000000000e+02
2.236000000000000000e+03 2.792000000000000000e+03 1.396000000000000000e+04 -4.032000000000000000e+03 -2.830000000000000000e+02 1.006000000000000000e+03
2.460000000000000000e+03 2.868000000000000000e+03 1.426400000000000000e+04 -4.016000000000000000e+03 -2.920000000000000000e+02 1.103000000000000000e+03
2.760000000000000000e+03 2.728000000000000000e+03 1.436800000000000000e+04 -4.032000000000000000e+03 -3.690000000000000000e+02 1.178000000000000000e+03
2.828000000000000000e+03 2.580000000000000000e+03 1.425200000000000000e+04 -4.048000000000000000e+03 -4.230000000000000000e+02 1.139000000000000000e+03
3.156000000000000000e+03 2.728000000000000000e+03 1.405600000000000000e+04 -4.032000000000000000e+03 -4.530000000000000000e+02 9.980000000000000000e+02
2.976000000000000000e+03 2.680000000000000000e+03 1.394000000000000000e+04 -4.048000000000000000e+03 -5.130000000000000000e+02 7.380000000000000000e+02
2.840000000000000000e+03 2.888000000000000000e+03 1.412400000000000000e+04 -4.016000000000000000e+03 -5.550000000000000000e+02 5.660000000000000000e+02
2.768000000000000000e+03 3.004000000000000000e+03 1.433600000000000000e+04 -4.048000000000000000e+03 -5.370000000000000000e+02 3.260000000000000000e+02
2.540000000000000000e+03 2.860000000000000000e+03 1.438800000000000000e+04 -4.048000000000000000e+03 -5.220000000000000000e+02 6.500000000000000000e+01
2.648000000000000000e+03 2.940000000000000000e+03 1.416800000000000000e+04 -4.048000000000000000e+03 -4.930000000000000000e+02 -3.400000000000000000e+01
2.984000000000000000e+03 2.928000000000000000e+03 1.444400000000000000e+04 -4.048000000000000000e+03 -4.990000000000000000e+02 -2.300000000000000000e+01
3.308000000000000000e+03 2.716000000000000000e+03 1.436800000000000000e+04 -4.016000000000000000e+03 -4.860000000000000000e+02 2.800000000000000000e+01
