7.240000000000000000e+02 1.940000000000000000e+03 1.452000000000000000e+04 -4.144000000000000000e+03 -2.600000000000000000e+02 1.960000000000000000e+02
8.360000000000000000e+02 1.820000000000000000e+03 1.456400000000000000e+04 -4.144000000000000000e+03 -2.670000000000000000e+02 1.960000000000000000e+02
8.120000000000000000e+02 1.908000000000000000e+03 1.445600000000000000e+04 -4.160000000000000000e+03 -2.740000000000000000e+02 2.070000000000000000e+02
7.120000000000000000e+02 2.016000000000000000e+03 1.446400000000000000e+04 -4.160000000000000000e+03 -2.710000000000000000e+02 2.250000000000000000e+02
9.600000000000000000e+02 2.080000000000000000e+03 1.463200000000000000e+04 -4.160000000000000000e+03 -2.780000000000000000e+02 1.970000000000000000e+02
7.880000000000000000e+02 1.996000000000000000e+03 1.458800000000000000e+04 -4.176000000000000000e+03 -2.780000000000000000e+02 1.730000000000000000e+02
9.200000000000000000e+02 1.940000000000000000e+03 1.441600000000000000e+04 -4.144000000000000000e+03 -2.890000000000000000e+02 1.630000000000000000e+02
9.520000000000000000e+02 1.948000000000000000e+03 1.460000000000000000e+04 -4.144000000000000000e+03 -2.690000000000000000e+02 1.120000000000000000e+02
8.360000000000000000e+02 1.960000000000000000e+03 1.449200000000000000e+04 -4.160000000000000000e+03 -2.840000000000000000e+02 7.400000000000000000e+01
8.200000000000000000e+02 1.864000000000000000e+03 1.447200000000000000e+04 -4.160000000000000000e+03 -2.820000000000000000e+02 9.400000000000000000e+01
8.840000000000000000e+02 1.968000000000000000e+03 1.456400000000000000e+04 -4.160000000000000000e+03 -2.850000000000000000e+02 1.170000000000000000e+02
7.680000000000000000e+02 1.856000000000000000e+03 1.455200000000000000e+04 -4.144000000000000000e+03 -2.730000000000000000e+02 1.550000000000000000e+02
6.880000000000000000e+02 1.848000000000000000e+03 1.444800000000000000e+04 -4.144000000000000000e+03 -3.050000000000000000e+02 1.790000000000000000e+02
8.800000000000000000e+02 1.956000000000000000e+03 1.449600000000000000e+04 -4.144000000000000000e+03 -2.720000000000000000e+02 1.870000000000000000e+02
7.240000000000000000e+02 1.912000000000000000e+03 1.447200000000000000e+04 -4.160000000000000000e+03 -2.700000000000000000e+02 1.480000000000000000e+02
9.240000000000000000e+02 1.928000000000000000e+03 1.449600000000000000e+04 -4.128000000000000000e+03 -2.730000000000000000e+02 1.800000000000000000e+02
7.200000000000000000e+02 1.900000000000000000e+03 1.448800000000000000e+04 -4.160000000000000000e+03 -2.850000000000000000e+02 1.880000000000000000e+02
9.320000000000000000e+02 1.896000000000000000e+03 1.444400000000000000e+04 -4.112000000000000000e+03 -2.710000000000000000e+02 1.840000000000000000e+02
8.040000000000000000e+02 1.996000000000000000e+03 1.436400000000000000e+04 -4.176000000000000000e+03 -2.770000000000000000e+02 2.060000000000000000e+02
7.720000000000000000e+02 2.016000000000000000e+03 1.456400000000000000e+04 -4.144000000000000000e+03 -2.690000000000000000e+02 1.960000000000000000e+02
9.280000000000000000e+02 1.988000000000000000e+03 1.451600000000000000e+04 -4.112000000000000000e+03 -2.770000000000000000e+02 1.660000000000000000e+02
8.320000000000000000e+02 1.936000000000000000e+03 1.446400000000000000e+04 -4.160000000000000000e+03 -2.850000000000000000e+02 1.880000000000000000e+02
8.600000000000000000e+02 1.840000000000000000e+03 1.449600000000000000e+04 -4.160000000000000000e+03 -2.800000000000000000e+02 1.510000000000000000e+02
9.080000000000000000e+02 2.048000000000000000e+03 1.443200000000000000e+04 -4.160000000000000000e+03 -2.700000000000000000e+02 1.340000000000000000e+02
7.960000000000000000e+02 2.008000000000000000e+03 1.438000000000000000e+04 -4.160000000000000000e+03 -2.620000000000000000e+02 1.590000000000000000e+02
8.640000000000000000e+02 1.956000000000000000e+03 1.450400000000000000e+04 -4.128000000000000000e+03 -2.860000000000000000e+02 1.330000000000000000e+02
8.200000000000000000e+02 1.988000000000000000e+03 1.448800000000000000e+04 -4.144000000000000000e+03 -2.740000000000000000e+02 1.620000000000000000e+02
8.080000000000000000e+02 1.972000000000000000e+03 1.456800000000000000e+04 -4.176000000000000000e+03 -2.960000000000000000e+02 1.550000000000000000e+02
9.320000000000000000e+02 1.908000000000000000e+03 1.454000000000000000e+04 -4.128000000000000000e+03 -2.810000000000000000e+02 1.320000000000000000e+02
9.280000000000000000e+02 1.928000000000000000e+03 1.450800000000000000e+04 -4.128000000000000000e+03 -2.690000000000000000e+02 8.600000000000000000e+01
8.080000000000000000e+02 1.892000000000000000e+03 1.436000000000000000e+04 -4.160000000000000000e+03 -2.420000000000000000e+02 1.230000000000000000e+02
8.160000000000000000e+02 1.936000000000000000e+03 1.461200000000000000e+04 -4.160000000000000000e+03 -2.740000000000000000e+02 1.890000000000000000e+02
8.000000000000000000e+02 1.936000000000000000e+03 1.454000000000000000e+04 -4.128000000000000000e+03 -2.620000000000000000e+02 1.770000000000000000e+02
7.960000000000000000e+02 2.024000000000000000e+03 1.450800000000000000e+04 -4.112000000000000000e+03 -2.690000000000000000e+02 2.110000000000000000e+02
6.560000000000000000e+02 2.052000000000000000e+03 1.446400000000000000e+04 -4.112000000000000000e+03 -2.820000000000000000e+02 2.390000000000000000e+02
8.560000000000000000e+02 1.952000000000000000e+03 1.452000000000000000e+04 -4.144000000000000000e+03 -2.720000000000000000e+02 2.680000000000000000e+02
8.080000000000000000e+02 1.944000000000000000e+03 1.442000000000000000e+04 -4.128000000000000000e+03 -2.660000000000000000e+02 2.490000000000000000e+02
9.320000000000000000e+02 1.856000000000000000e+03 1.441600000000000000e+04 -4.160000000000000000e+03 -2.690000000000000000e+02 1.930000000000000000e+02
7.480000000000000000e+02 1.992000000000000000e+03 1.463600000000000000e+04 -4.160000000000000000e+03 -2.860000000000000000e+02 1.290000000000000000e+02
7.440000000000000000e+02 2.044000000000000000e+03 1.443600000000000000e+04 -4.144000000000000000e+03 -2.840000000000000000e+02 1.340000000000000000e+02
7.960000000000000000e+02 1.960000000000000000e+03 1.456800000000000000e+04 -4.160000000000000000e+03 -2.740000000000000000e+02 9.900000000000000000e+01
9.480000000000000000e+02 2.008000000000000000e+03 1.448800000000000000e+04 -4.128000000000000000e+03 -2.810000000000000000e+02 7.700000000000000000e+01
8.800000000000000000e+02 2.008000000000000000e+03 1.443600000000000000e+04 -4.160000000000000000e+03 -2.940000000000000000e+02 1.000000000000000000e+02
9.920000000000000000e+02 1.956000000000000000e+03 1.440000000000000000e+04 -4.160000000000000000e+03 -2.900000000000000000e+02 1.180000000000000000e+02
8.760000000000000000e+02 1.912000000000000000e+03 1.464000000000000000e+04 -4.144000000000000000e+03 -2.960000000000000000e+02 1.410000000000000000e+02
9.360000000000000000e+02 1.900000000000000000e+03 1.450400000000000000e+04 -4.144000000000000000e+03 -2.970000000000000000e+02 1.790000000000000000e+02
8.920000000000000000e+02 1.936000000000000000e+03 1.446800000000000000e+04 -4.144000000000000000e+03 -2.790000000000000000e+02 1.900000000000000000e+02
8.440000000000000000e+02 2.036000000000000000e+03 1.455600000000000000e+04 -4.128000000000000000e+03 -2.670000000000000000e+02 2.230000000000000000e+02
1.004000000000000000e+03 1.968000000000000000e+03 1.444000000000000000e+04 -4.160000000000000000e+03 -2.600000000000000000e+02 2.210000000000000000e+02
9.160000000000000000e+02 1.996000000000000000e+03 1.436400000000000000e+04 -4.144000000000000000e+03 -2.700000000000000000e+02 2.510000000000000000e+02
7.880000000000000000e+02 1.884000000000000000e+03 1.454400000000000000e+04 -4.144000000000000000e+03 -2.820000000000000000e+02 2.610000000000000000e+02
