1.324000000000000000e+03 2.024000000000000000e+03 -4.144000000000000000e+03 -4.144000000000000000e+03 -2.850000000000000000e+02 1.180000000000000000e+02
1.252000000000000000e+03 1.454000000000000000e+04 1.454800000000000000e+04 -4.144000000000000000e+03 -2.880000000000000000e+02 1.320000000000000000e+02
1.300000000000000000e+03 2.104000000000000000e+03 1.463200000000000000e+04 -4.144000000000000000e+03 -2.920000000000000000e+02 1.380000000000000000e+02
2.044000000000000000e+03 2.112000000000000000e+03 1.460800000000000000e+04 -4.144000000000000000e+03 -2.860000000000000000e+02 1.820000000000000000e+02
1.012000000000000000e+03 1.912000000000000000e+03 1.446000000000000000e+04 -4.160000000000000000e+03 -2.700000000000000000e+02 2.100000000000000000e+02
1.144000000000000000e+03 2.088000000000000000e+03 1.450400000000000000e+04 -4.144000000000000000e+03 -2.820000000000000000e+02 1.850000000000000000e+02
1.112000000000000000e+03 2.020000000000000000e+03 1.456400000000000000e+04 -4.176000000000000000e+03 -2.560000000000000000e+02 1.590000000000000000e+02
1.200000000000000000e+03 2.012000000000000000e+03 1.447200000000000000e+04 -4.144000000000000000e+03 -2.630000000000000000e+02 1.410000000000000000e+02
1.200000000000000000e+03 1.964000000000000000e+03 1.432800000000000000e+04 -4.144000000000000000e+03 -2.760000000000000000e+02 1.550000000000000000e+02
1.392000000000000000e+03 1.976000000000000000e+03 1.452400000000000000e+04 -4.160000000000000000e+03 -2.700000000000000000e+02 1.740000000000000000e+02
1.224000000000000000e+03 1.980000000000000000e+03 1.449600000000000000e+04 -4.144000000000000000e+03 -2.810000000000000000e+02 1.620000000000000000e+02
1.192000000000000000e+03 2.168000000000000000e+03 1.437600000000000000e+04 -4.160000000000000000e+03 -2.710000000000000000e+02 1.600000000000000000e+02
1.140000000000000000e+03 1.996000000000000000e+03 1.456000000000000000e+04 -4.112000000000000000e+03 -2.630000000000000000e+02 1.440000000000000000e+02
1.156000000000000000e+03 1.928000000000000000e+03 1.454000000000000000e+04 -4.144000000000000000e+03 -2.960000000000000000e+02 1.030000000000000000e+02
1.192000000000000000e+03 1.964000000000000000e+03 1.438000000000000000e+04 -4.160000000000000000e+03 -2.740000000000000000e+02 9.700000000000000000e+01
1.164000000000000000e+03 1.844000000000000000e+03 1.460400000000000000e+04 -4.176000000000000000e+03 -2.580000000000000000e+02 1.740000000000000000e+02
1.300000000000000000e+03 2.060000000000000000e+03 1.456400000000000000e+04 -4.160000000000000000e+03 -2.790000000000000000e+02 2.240000000000000000e+02
1.116000000000000000e+03 2.020000000000000000e+03 1.427600000000000000e+04 -4.112000000000000000e+03 -2.790000000000000000e+02 2.170000000000000000e+02
1.104000000000000000e+03 1.988000000000000000e+03 1.435600000000000000e+04 -4.144000000000000000e+03 -2.660000000000000000e+02 1.950000000000000000e+02
1.252000000000000000e+03 2.004000000000000000e+03 1.448000000000000000e+04 -4.128000000000000000e+03 -2.670000000000000000e+02 1.550000000000000000e+02
1.240000000000000000e+03 2.032000000000000000e+03 1.448400000000000000e+04 -4.144000000000000000e+03 -2.870000000000000000e+02 1.020000000000000000e+02
1.400000000000000000e+03 1.972000000000000000e+03 1.454400000000000000e+04 -4.160000000000000000e+03 -3.000000000000000000e+02 6.600000000000000000e+01
1.436000000000000000e+03 2.044000000000000000e+03 1.438400000000000000e+04 -4.144000000000000000e+03 -2.880000000000000000e+02 1.180000000000000000e+02
1.292000000000000000e+03 2.036000000000000000e+03 1.453200000000000000e+04 -4.160000000000000000e+03 -2.590000000000000000e+02 1.350000000000000000e+02
1.220000000000000000e+03 2.076000000000000000e+03 1.444000000000000000e+04 -4.144000000000000000e+03 -2.700000000000000000e+02 1.670000000000000000e+02
1.248000000000000000e+03 2.020000000000000000e+03 1.443600000000000000e+04 -4.160000000000000000e+03 -2.690000000000000000e+02 2.390000000000000000e+02
1.192000000000000000e+03 2.016000000000000000e+03 1.453200000000000000e+04 -4.144000000000000000e+03 -2.580000000000000000e+02 2.520000000000000000e+02
1.148000000000000000e+03 2.036000000000000000e+03 1.455200000000000000e+04 -4.160000000000000000e+03 -2.640000000000000000e+02 2.680000000000000000e+02
1.180000000000000000e+03 1.936000000000000000e+03 1.452400000000000000e+04 -4.144000000000000000e+03 -2.870000000000000000e+02 2.390000000000000000e+02
1.240000000000000000e+03 1.992000000000000000e+03 1.441600000000000000e+04 -4.144000000000000000e+03 -2.700000000000000000e+02 1.920000000000000000e+02
1.304000000000000000e+03 2.052000000000000000e+03 1.439200000000000000e+04 -4.176000000000000000e+03 -2.740000000000000000e+02 1.470000000000000000e+02
1.280000000000000000e+03 1.976000000000000000e+03 1.445200000000000000e+04 -4.192000000000000000e+03 -2.860000000000000000e+02 9.700000000000000000e+01
1.320000000000000000e+03 1.996000000000000000e+03 1.458800000000000000e+04 -4.144000000000000000e+03 -2.820000000000000000e+02 8.300000000000000000e+01
1.184000000000000000e+03 2.072000000000000000e+03 1.442000000000000000e+04 -4.160000000000000000e+03 -2.700000000000000000e+02 9.900000000000000000e+01
1.112000000000000000e+03 2.016000000000000000e+03 1.441600000000000000e+04 -4.144000000000000000e+03 -2.850000000000000000e+02 1.380000000000000000e+02
1.236000000000000000e+03 1.828000000000000000e+03 1.450400000000000000e+04 -4.144000000000000000e+03 -2.840000000000000000e+02 1.710000000000000000e+02
1.288000000000000000e+03 1.976000000000000000e+03 1.441200000000000000e+04 -4.160000000000000000e+03 -2.660000000000000000e+02 2.160000000000000000e+02
1.196000000000000000e+03 2.072000000000000000e+03 1.439200000000000000e+04 -4.144000000000000000e+03 -2.610000000000000000e+02 1.830000000000000000e+02
1.280000000000000000e+03 1.904000000000000000e+03 1.448400000000000000e+04 -4.128000000000000000e+03 -2.630000000000000000e+02 1.590000000000000000e+02
1.348000000000000000e+03 1.940000000000000000e+03 1.433200000000000000e+04 -4.160000000000000000e+03 -2.590000000000000000e+02 1.060000000000000000e+02
1.332000000000000000e+03 1.952000000000000000e+03 1.450800000000000000e+04 -4.144000000000000000e+03 -2.910000000000000000e+02 7.000000000000000000e+01
1.108000000000000000e+03 1.976000000000000000e+03 1.444800000000000000e+04 -4.176000000000000000e+03 -2.720000000000000000e+02 7.600000000000000000e+01
1.084000000000000000e+03 1.924000000000000000e+03 1.458000000000000000e+04 -4.176000000000000000e+03 -2.710000000000000000e+02 1.240000000000000000e+02
1.168000000000000000e+03 1.916000000000000000e+03 1.439600000000000000e+04 -4.160000000000000000e+03 -2.770000000000000000e+02 1.250000000000000000e+02
1.108000000000000000e+03 1.984000000000000000e+03 1.454400000000000000e+04 -4.144000000000000000e+03 -2.580000000000000000e+02 1.570000000000000000e+02
1.188000000000000000e+03 2.072000000000000000e+03 1.444800000000000000e+04 -4.160000000000000000e+03 -2.970000000000000000e+02 1.810000000000000000e+02
1.284000000000000000e+03 1.976000000000000000e+03 1.444000000000000000e+04 -4.176000000000000000e+03 -2.590000000000000000e+02 2.000000000000000000e+02
1.220000000000000000e+03 1.904000000000000000e+03 1.452000000000000000e+04 -4.176000000000000000e+03 -2.790000000000000000e+02 1.870000000000000000e+02
1.212000000000000000e+03 2.000000000000000000e+03 1.449200000000000000e+04 -4.160000000000000000e+03 -2.790000000000000000e+02 2.050000000000000000e+02
1.264000000000000000e+03 1.964000000000000000e+03 1.450800000000000000e+04 -4.176000000000000000e+03 -2.610000000000000000e+02 1.830000000000000000e+02
1.376000000000000000e+03 2.016000000000000000e+03 1.450800000000000000e+04 -4.176000000000000000e+03 -2.790000000000000000e+02 1.960000000000000000e+02
1.148000000000000000e+03 2.008000000000000000e+03 1.450000000000000000e+04 -4.128000000000000000e+03 -2.770000000000000000e+02 1.890000000000000000e+02
1.144000000000000000e+03 1.940000000000000000e+03 1.446400000000000000e+04 -4.144000000000000000e+03 -2.850000000000000000e+02 1.890000000000000000e+02
1.072000000000000000e+03 1.884000000000000000e+03 1.451200000000000000e+04 -4.160000000000000000e+03 -2.870000000000000000e+02 1.650000000000000000e+02
1.164000000000000000e+03 2.000000000000000000e+03 1.447600000000000000e+04 -4.144000000000000000e+03 -2.800000000000000000e+02 1.720000000000000000e+02
1.300000000000000000e+03 1.936000000000000000e+03 1.433200000000000000e+04 -4.176000000000000000e+03 -2.810000000000000000e+02 1.980000000000000000e+02
1.232000000000000000e+03 2.140000000000000000e+03 1.444800000000000000e+04 -4.128000000000000000e+03 -2.660000000000000000e+02 1.990000000000000000e+02
1.340000000000000000e+03 2.052000000000000000e+03 1.459600000000000000e+04 -4.144000000000000000e+03 -2.830000000000000000e+02 1.890000000000000000e+02
1.264000000000000000e+03 1.988000000000000000e+03 1.452800000000000000e+04 -4.128000000000000000e+03 -2.780000000000000000e+02 1.790000000000000000e+02
1.268000000000000000e+03 2.040000000000000000e+03 1.459600000000000000e+04 -4.112000000000000000e+03 -2.620000000000000000e+02 1.420000000000000000e+02
1.312000000000000000e+03 1.960000000000000000e+03 1.447200000000000000e+04 -4.144000000000000000e+03 -2.820000000000000000e+02 1.070000000000000000e+02
1.220000000000000000e+03 1.948000000000000000e+03 1.442000000000000000e+04 -4.160000000000000000e+03 -2.780000000000000000e+02 1.200000000000000000e+02
1.232000000000000000e+03 2.048000000000000000e+03 1.438400000000000000e+04 -4.144000000000000000e+03 -2.810000000000000000e+02 1.650000000000000000e+02
1.176000000000000000e+03 1.964000000000000000e+03 1.456800000000000000e+04 -4.096000000000000000e+03 -2.570000000000000000e+02 1.850000000000000000e+02
1.264000000000000000e+03 1.968000000000000000e+03 1.444400000000000000e+04 -4.144000000000000000e+03 -2.840000000000000000e+02 2.130000000000000000e+02
1.184000000000000000e+03 2.072000000000000000e+03 1.437200000000000000e+04 -4.176000000000000000e+03 -2.740000000000000000e+02 2.220000000000000000e+02
1.184000000000000000e+03 1.976000000000000000e+03 1.458000000000000000e+04 -4.160000000000000000e+03 -2.700000000000000000e+02 1.800000000000000000e+02
1.304000000000000000e+03 1.920000000000000000e+03 1.441600000000000000e+04 -4.176000000000000000e+03 -2.910000000000000000e+02 1.640000000000000000e+02
1.304000000000000000e+03 1.928000000000000000e+03 1.448800000000000000e+04 -4.160000000000000000e+03 -2.770000000000000000e+02 1.440000000000000000e+02
