4.040000000000000000e+02 1.304000000000000000e+03 1.447600000000000000e+04 -4.144000000000000000e+03 -2.360000000000000000e+02 1.320000000000000000e+02
3.480000000000000000e+02 1.336000000000000000e+03 1.462800000000000000e+04 -4.080000000000000000e+03 -2.210000000000000000e+02 -5.200000000000000000e+01
2.360000000000000000e+02 1.376000000000000000e+03 1.485600000000000000e+04 -4.080000000000000000e+03 -2.510000000000000000e+02 -2.990000000000000000e+02
8.400000000000000000e+01 1.224000000000000000e+03 1.468800000000000000e+04 -4.048000000000000000e+03 -2.810000000000000000e+02 -4.370000000000000000e+02
1.760000000000000000e+02 1.276000000000000000e+03 1.490800000000000000e+04 -4.112000000000000000e+03 -2.840000000000000000e+02 -5.080000000000000000e+02
8.000000000000000000e+01 1.220000000000000000e+03 1.463600000000000000e+04 -4.064000000000000000e+03 -2.840000000000000000e+02 -4.960000000000000000e+02
1.920000000000000000e+02 1.248000000000000000e+03 1.467600000000000000e+04 -4.080000000000000000e+03 -3.230000000000000000e+02 -3.900000000000000000e+02
4.440000000000000000e+02 1.200000000000000000e+03 1.455600000000000000e+04 -4.096000000000000000e+03 -3.380000000000000000e+02 -2.710000000000000000e+02
6.400000000000000000e+02 1.180000000000000000e+03 1.466000000000000000e+04 -4.080000000000000000e+03 -3.230000000000000000e+02 -1.280000000000000000e+02
7.400000000000000000e+02 1.292000000000000000e+03 1.461200000000000000e+04 -4.064000000000000000e+03 -3.250000000000000000e+02 2.000000000000000000e+01
6.360000000000000000e+02 1.248000000000000000e+03 1.431600000000000000e+04 -4.080000000000000000e+03 -3.560000000000000000e+02 1.190000000000000000e+02
3.400000000000000000e+02 1.176000000000000000e+03 1.442800000000000000e+04 -4.096000000000000000e+03 -3.420000000000000000e+02 2.600000000000000000e+02
5.520000000000000000e+02 1.220000000000000000e+03 1.432800000000000000e+04 -4.064000000000000000e+03 -3.360000000000000000e+02 3.870000000000000000e+02
6.840000000000000000e+02 1.272000000000000000e+03 1.445200000000000000e+04 -4.048000000000000000e+03 -3.240000000000000000e+02 5.160000000000000000e+02
6.400000000000000000e+02 1.264000000000000000e+03 1.445200000000000000e+04 -4.112000000000000000e+03 -3.130000000000000000e+02 5.820000000000000000e+02
5.000000000000000000e+02 1.324000000000000000e+03 1.424400000000000000e+04 -4.048000000000000000e+03 -2.650000000000000000e+02 6.150000000000000000e+02
3.520000000000000000e+02 1.096000000000000000e+03 1.424400000000000000e+04 -4.080000000000000000e+03 -2.420000000000000000e+02 6.540000000000000000e+02
3.840000000000000000e+02 1.224000000000000000e+03 1.424400000000000000e+04 -4.064000000000000000e+03 -2.410000000000000000e+02 6.220000000000000000e+02
4.120000000000000000e+02 1.164000000000000000e+03 1.433200000000000000e+04 -4.096000000000000000e+03 -2.560000000000000000e+02 5.670000000000000000e+02
4.560000000000000000e+02 1.232000000000000000e+03 1.467600000000000000e+04 -4.096000000000000000e+03 -2.140000000000000000e+02 4.930000000000000000e+02
2.920000000000000000e+02 1.244000000000000000e+03 1.485600000000000000e+04 -4.112000000000000000e+03 -2.370000000000000000e+02 3.980000000000000000e+02
5.080000000000000000e+02 1.356000000000000000e+03 1.457600000000000000e+04 -4.080000000000000000e+03 -2.130000000000000000e+02 3.490000000000000000e+02
3.000000000000000000e+02 1.296000000000000000e+03 1.455600000000000000e+04 -4.112000000000000000e+03 -2.020000000000000000e+02 3.040000000000000000e+02
2.680000000000000000e+02 1.348000000000000000e+03 1.458800000000000000e+04 -4.096000000000000000e+03 -2.070000000000000000e+02 2.680000000000000000e+02
1.720000000000000000e+02 1.164000000000000000e+03 1.471600000000000000e+04 -4.064000000000000000e+03 -2.560000000000000000e+02 2.680000000000000000e+02
2.240000000000000000e+02 1.296000000000000000e+03 1.427200000000000000e+04 -4.112000000000000000e+03 -2.590000000000000000e+02 3.330000000000000000e+02
6.800000000000000000e+01 1.096000000000000000e+03 1.468800000000000000e+04 -4.096000000000000000e+03 -2.680000000000000000e+02 3.610000000000000000e+02
3.960000000000000000e+02 1.252000000000000000e+03 1.448400000000000000e+04 -4.064000000000000000e+03 -2.910000000000000000e+02 3.560000000000000000e+02
1.600000000000000000e+02 1.292000000000000000e+03 1.468000000000000000e+04 -4.096000000000000000e+03 -2.890000000000000000e+02 4.250000000000000000e+02
2.280000000000000000e+02 1.288000000000000000e+03 1.452000000000000000e+04 -4.080000000000000000e+03 -3.250000000000000000e+02 5.270000000000000000e+02
1.120000000000000000e+02 1.144000000000000000e+03 1.464800000000000000e+04 -4.096000000000000000e+03 -3.450000000000000000e+02 5.560000000000000000e+02
6.800000000000000000e+01 1.292000000000000000e+03 1.465200000000000000e+04 -4.096000000000000000e+03 -3.660000000000000000e+02 5.660000000000000000e+02
1.600000000000000000e+01 1.208000000000000000e+03 1.477600000000000000e+04 -4.112000000000000000e+03 -3.750000000000000000e+02 5.910000000000000000e+02
5.200000000000000000e+01 1.256000000000000000e+03 1.456800000000000000e+04 -4.096000000000000000e+03 -3.490000000000000000e+02 5.780000000000000000e+02
5.600000000000000000e+01 1.280000000000000000e+03 1.459600000000000000e+04 -4.112000000000000000e+03 -3.690000000000000000e+02 5.360000000000000000e+02
-1.360000000000000000e+02 1.156000000000000000e+03 1.455600000000000000e+04 -4.096000000000000000e+03 -3.390000000000000000e+02 5.160000000000000000e+02
4.000000000000000000e+00 1.176000000000000000e+03 1.463200000000000000e+04 -4.064000000000000000e+03 -3.280000000000000000e+02 4.470000000000000000e+02
0.000000000000000000e+00 1.136000000000000000e+03 1.438800000000000000e+04 -4.080000000000000000e+03 -3.020000000000000000e+02 3.440000000000000000e+02
-8.000000000000000000e+00 1.284000000000000000e+03 1.436000000000000000e+04 -4.080000000000000000e+03 -2.730000000000000000e+02 2.330000000000000000e+02
-8.000000000000000000e+01 1.168000000000000000e+03 1.450800000000000000e+04 -4.064000000000000000e+03 -2.230000000000000000e+02 1.250000000000000000e+02
-2.760000000000000000e+02 1.156000000000000000e+03 1.450400000000000000e+04 -4.080000000000000000e+03 -2.130000000000000000e+02 4.100000000000000000e+01
-1.440000000000000000e+02 1.200000000000000000e+03 1.442800000000000000e+04 -4.064000000000000000e+03 -1.960000000000000000e+02 -3.600000000000000000e+01
-2.680000000000000000e+02 1.276000000000000000e+03 1.466800000000000000e+04 -4.096000000000000000e+03 -1.630000000000000000e+02 -6.100000000000000000e+01
-2.360000000000000000e+02 1.240000000000000000e+03 1.472000000000000000e+04 -4.048000000000000000e+03 -1.340000000000000000e+02 -1.180000000000000000e+02
-3.520000000000000000e+02 1.240000000000000000e+03 1.444400000000000000e+04 -4.096000000000000000e+03 -7.800000000000000000e+01 -1.410000000000000000e+02
-1.960000000000000000e+02 1.272000000000000000e+03 1.428000000000000000e+04 -4.112000000000000000e+03 -5.300000000000000000e+01 -1.050000000000000000e+02
-3.080000000000000000e+02 1.244000000000000000e+03 1.421600000000000000e+04 -4.064000000000000000e+03 -6.300000000000000000e+01 5.000000000000000000e+00
-1.120000000000000000e+02 1.248000000000000000e+03 1.425600000000000000e+04 -4.064000000000000000e+03 -4.100000000000000000e+01 1.080000000000000000e+02
-4.800000000000000000e+01 1.188000000000000000e+03 1.442800000000000000e+04 -4.128000000000000000e+03 -7.500000000000000000e+01 2.200000000000000000e+02
-8.000000000000000000e+00 1.228000000000000000e+03 1.449200000000000000e+04 -4.112000000000000000e+03 -6.300000000000000000e+01 3.110000000000000000e+02
9.200000000000000000e+01 1.256000000000000000e+03 1.459600000000000000e+04 -4.128000000000000000e+03 -6.300000000000000000e+01 3.370000000000000000e+02
1.040000000000000000e+02 1.380000000000000000e+03 1.427200000000000000e+04 -4.096000000000000000e+03 -6.500000000000000000e+01 4.000000000000000000e+02
0.000000000000000000e+00 1.412000000000000000e+03 1.430800000000000000e+04 -4.112000000000000000e+03 -8.600000000000000000e+01 4.450000000000000000e+02
-1.600000000000000000e+01 1.424000000000000000e+03 1.450800000000000000e+04 -4.080000000000000000e+03 -1.080000000000000000e+02 4.480000000000000000e+02
-1.040000000000000000e+02 1.368000000000000000e+03 1.465200000000000000e+04 -4.112000000000000000e+03 -1.800000000000000000e+02 4.360000000000000000e+02
-2.040000000000000000e+02 1.492000000000000000e+03 1.478000000000000000e+04 -4.112000000000000000e+03 -2.340000000000000000e+02 3.680000000000000000e+02
-6.800000000000000000e+01 1.504000000000000000e+03 1.492800000000000000e+04 -4.080000000000000000e+03 -2.390000000000000000e+02 2.420000000000000000e+02
-2.200000000000000000e+02 1.392000000000000000e+03 1.478800000000000000e+04 -4.080000000000000000e+03 -2.230000000000000000e+02 1.440000000000000000e+02
-3.840000000000000000e+02 1.496000000000000000e+03 1.466800000000000000e+04 -4.064000000000000000e+03 -2.390000000000000000e+02 7.600000000000000000e+01
-3.400000000000000000e+02 1.424000000000000000e+03 1.436800000000000000e+04 -4.048000000000000000e+03 -2.480000000000000000e+02 2.200000000000000000e+01
-3.760000000000000000e+02 1.352000000000000000e+03 1.476400000000000000e+04 -4.080000000000000000e+03 -2.470000000000000000e+02 -3.800000000000000000e+01
-1.840000000000000000e+02 1.396000000000000000e+03 1.460000000000000000e+04 -4.080000000000000000e+03 -2.890000000000000000e+02 -2.300000000000000000e+01
-1.560000000000000000e+02 1.384000000000000000e+03 1.468800000000000000e+04 -4.080000000000000000e+03 -2.600000000000000000e+02 -1.700000000000000000e+01
-1.120000000000000000e+02 1.420000000000000000e+03 1.439200000000000000e+04 -4.080000000000000000e+03 -2.860000000000000000e+02 1.900000000000000000e+01
-8.000000000000000000e+01 1.468000000000000000e+03 1.441200000000000000e+04 -4.096000000000000000e+03 -2.940000000000000000e+02 9.900000000000000000e+01
7.200000000000000000e+01 1.448000000000000000e+03 1.429600000000000000e+04 -4.080000000000000000e+03 -2.970000000000000000e+02 1.750000000000000000e+02
-5.600000000000000000e+01 1.456000000000000000e+03 1.450000000000000000e+04 -4.080000000000000000e+03 -2.950000000000000000e+02 1.770000000000000000e+02
-8.000000000000000000e+00 1.472000000000000000e+03 1.478400000000000000e+04 -4.080000000000000000e+03 -3.080000000000000000e+02 1.570000000000000000e+02
-5.200000000000000000e+01 1.428000000000000000e+03 1.481200000000000000e+04 -4.080000000000000000e+03 -2.780000000000000000e+02 1.330000000000000000e+02
-7.200000000000000000e+01 1.476000000000000000e+03 1.451200000000000000e+04 -4.080000000000000000e+03 -2.790000000000000000e+02 8.500000000000000000e+01
-7.600000000000000000e+01 1.396000000000000000e+03 1.429200000000000000e+04 -4.080000000000000000e+03 -2.210000000000000000e+02 -2.800000000000000000e+01
-9.200000000000000000e+01 1.252000000000000000e+03 1.454400000000000000e+04 -4.064000000000000000e+03 -1.880000000000000000e+02 -9.100000000000000000e+01
-6.800000000000000000e+01 1.312000000000000000e+03 1.426000000000000000e+04 -4.112000000000000000e+03 -1.770000000000000000e+02 -1.430000000000000000e+02
-2.120000000000000000e+02 1.252000000000000000e+03 1.447600000000000000e+04 -4.112000000000000000e+03 -1.410000000000000000e+02 -1.630000000000000000e+02
-8.400000000000000000e+01 1.340000000000000000e+03 1.433600000000000000e+04 -4.080000000000000000e+03 -1.260000000000000000e+02 -9.500000000000000000e+01
9.200000000000000000e+01 1.376000000000000000e+03 1.450800000000000000e+04 -4.080000000000000000e+03 -1.980000000000000000e+02 -1.100000000000000000e+01
6.800000000000000000e+01 1.524000000000000000e+03 1.444000000000000000e+04 -4.064000000000000000e+03 -1.890000000000000000e+02 1.470000000000000000e+02
-3.200000000000000000e+01 1.412000000000000000e+03 1.467200000000000000e+04 -4.096000000000000000e+03 -2.400000000000000000e+02 3.040000000000000000e+02
1.040000000000000000e+02 1.444000000000000000e+03 1.460000000000000000e+04 -4.048000000000000000e+03 -2.280000000000000000e+02 4.580000000000000000e+02
2.080000000000000000e+02 1.472000000000000000e+03 1.446000000000000000e+04 -4.048000000000000000e+03 -2.360000000000000000e+02 5.680000000000000000e+02
3.400000000000000000e+02 1.508000000000000000e+03 1.428800000000000000e+04 -4.080000000000000000e+03 -2.260000000000000000e+02 6.400000000000000000e+02
2.320000000000000000e+02 1.472000000000000000e+03 1.429200000000000000e+04 -4.096000000000000000e+03 -2.730000000000000000e+02 7.080000000000000000e+02
