-7.040000000000000000e+03 8.600000000000000000e+02 1.257200000000000000e+04 -4.000000000000000000e+03 -9.200000000000000000e+01 2.640000000000000000e+02
-7.020000000000000000e+03 7.360000000000000000e+02 1.272000000000000000e+04 -3.984000000000000000e+03 -8.300000000000000000e+01 3.040000000000000000e+02
-7.056000000000000000e+03 8.000000000000000000e+02 1.259600000000000000e+04 -3.952000000000000000e+03 -9.200000000000000000e+01 3.650000000000000000e+02
-6.900000000000000000e+03 7.040000000000000000e+02 1.272800000000000000e+04 -3.936000000000000000e+03 -7.000000000000000000e+01 3.930000000000000000e+02
-6.932000000000000000e+03 6.920000000000000000e+02 1.285200000000000000e+04 -3.984000000000000000e+03 -9.800000000000000000e+01 3.820000000000000000e+02
-7.056000000000000000e+03 6.760000000000000000e+02 1.257200000000000000e+04 -3.968000000000000000e+03 -1.360000000000000000e+02 3.590000000000000000e+02
-7.040000000000000000e+03 5.680000000000000000e+02 1.282000000000000000e+04 -3.968000000000000000e+03 -1.110000000000000000e+02 3.390000000000000000e+02
-7.020000000000000000e+03 6.760000000000000000e+02 1.278400000000000000e+04 -3.952000000000000000e+03 -1.210000000000000000e+02 3.600000000000000000e+02
-7.092000000000000000e+03 5.800000000000000000e+02 1.260800000000000000e+04 -4.000000000000000000e+03 -1.260000000000000000e+02 3.570000000000000000e+02
-6.928000000000000000e+03 6.360000000000000000e+02 1.286000000000000000e+04 -3.984000000000000000e+03 -1.380000000000000000e+02 3.560000000000000000e+02
-6.908000000000000000e+03 5.880000000000000000e+02 1.284000000000000000e+04 -3.952000000000000000e+03 -1.110000000000000000e+02 3.620000000000000000e+02
-6.796000000000000000e+03 5.840000000000000000e+02 1.274400000000000000e+04 -3.968000000000000000e+03 -1.440000000000000000e+02 3.280000000000000000e+02
-6.808000000000000000e+03 6.000000000000000000e+02 1.266000000000000000e+04 -3.984000000000000000e+03 -1.520000000000000000e+02 2.610000000000000000e+02
-6.772000000000000000e+03 5.680000000000000000e+02 1.272800000000000000e+04 -3.968000000000000000e+03 -1.350000000000000000e+02 2.100000000000000000e+02
-6.800000000000000000e+03 6.920000000000000000e+02 1.270000000000000000e+04 -3.984000000000000000e+03 -1.540000000000000000e+02 1.580000000000000000e+02
-6.844000000000000000e+03 7.080000000000000000e+02 1.274000000000000000e+04 -3.968000000000000000e+03 -1.540000000000000000e+02 1.070000000000000000e+02
-6.700000000000000000e+03 7.280000000000000000e+02 1.279600000000000000e+04 -3.952000000000000000e+03 -1.580000000000000000e+02 3.400000000000000000e+01
-6.708000000000000000e+03 7.400000000000000000e+02 1.265600000000000000e+04 -3.968000000000000000e+03 -1.880000000000000000e+02 1.500000000000000000e+01
-6.676000000000000000e+03 6.960000000000000000e+02 1.273200000000000000e+04 -3.952000000000000000e+03 -1.590000000000000000e+02 -2.000000000000000000e+00
-6.700000000000000000e+03 7.520000000000000000e+02 1.277200000000000000e+04 -3.968000000000000000e+03 -1.760000000000000000e+02 -7.000000000000000000e+00
-6.804000000000000000e+03 7.200000000000000000e+02 1.288800000000000000e+04 -3.984000000000000000e+03 -1.760000000000000000e+02 -5.400000000000000000e+01
-6.672000000000000000e+03 8.200000000000000000e+02 1.263600000000000000e+04 -3.968000000000000000e+03 -1.680000000000000000e+02 -6.100000000000000000e+01
-6.756000000000000000e+03 7.880000000000000000e+02 1.306000000000000000e+04 -3.984000000000000000e+03 -1.770000000000000000e+02 -8.900000000000000000e+01
-6.788000000000000000e+03 7.680000000000000000e+02 1.270400000000000000e+04 -3.968000000000000000e+03 -1.660000000000000000e+02 -8.600000000000000000e+01
-6.808000000000000000e+03 7.760000000000000000e+02 1.276800000000000000e+04 -3.952000000000000000e+03 -1.480000000000000000e+02 -1.030000000000000000e+02
-6.720000000000000000e+03 7.960000000000000000e+02 1.286000000000000000e+04 -4.000000000000000000e+03 -1.680000000000000000e+02 -9.400000000000000000e+01
-6.688000000000000000e+03 7.600000000000000000e+02 1.275600000000000000e+04 -3.984000000000000000e+03 -1.400000000000000000e+02 -1.000000000000000000e+02
-6.880000000000000000e+03 9.160000000000000000e+02 1.264000000000000000e+04 -3.936000000000000000e+03 -1.490000000000000000e+02 -6.600000000000000000e+01
-6.944000000000000000e+03 8.600000000000000000e+02 1.272000000000000000e+04 -3.968000000000000000e+03 -1.440000000000000000e+02 -2.800000000000000000e+01
-6.800000000000000000e+03 8.040000000000000000e+02 1.265200000000000000e+04 -4.000000000000000000e+03 -1.720000000000000000e+02 1.700000000000000000e+01
-6.812000000000000000e+03 8.000000000000000000e+02 1.266400000000000000e+04 -3.968000000000000000e+03 -1.750000000000000000e+02 8.300000000000000000e+01
-6.896000000000000000e+03 9.200000000000000000e+02 1.272000000000000000e+04 -4.000000000000000000e+03 -1.790000000000000000e+02 1.270000000000000000e+02
-6.892000000000000000e+03 8.080000000000000000e+02 1.281200000000000000e+04 -4.000000000000000000e+03 -2.260000000000000000e+02 1.620000000000000000e+02
-6.776000000000000000e+03 7.640000000000000000e+02 1.275600000000000000e+04 -3.952000000000000000e+03 -2.490000000000000000e+02 1.640000000000000000e+02
-6.840000000000000000e+03 8.440000000000000000e+02 1.280400000000000000e+04 -4.000000000000000000e+03 -2.790000000000000000e+02 1.600000000000000000e+02
-6.800000000000000000e+03 8.320000000000000000e+02 1.275600000000000000e+04 -3.952000000000000000e+03 -2.940000000000000000e+02 1.690000000000000000e+02
-6.788000000000000000e+03 8.160000000000000000e+02 1.287600000000000000e+04 -3.936000000000000000e+03 -3.160000000000000000e+02 1.640000000000000000e+02
-6.884000000000000000e+03 9.160000000000000000e+02 1.286400000000000000e+04 -3.952000000000000000e+03 -3.420000000000000000e+02 1.970000000000000000e+02
-6.660000000000000000e+03 9.120000000000000000e+02 1.310000000000000000e+04 -3.952000000000000000e+03 -3.260000000000000000e+02 2.050000000000000000e+02
-6.728000000000000000e+03 7.640000000000000000e+02 1.305200000000000000e+04 -4.000000000000000000e+03 -3.450000000000000000e+02 2.050000000000000000e+02
-6.728000000000000000e+03 8.480000000000000000e+02 1.293600000000000000e+04 -4.000000000000000000e+03 -3.420000000000000000e+02 1.930000000000000000e+02
-6.784000000000000000e+03 9.200000000000000000e+02 1.288400000000000000e+04 -4.000000000000000000e+03 -3.600000000000000000e+02 2.110000000000000000e+02
-6.668000000000000000e+03 8.400000000000000000e+02 1.300000000000000000e+04 -3.968000000000000000e+03 -3.690000000000000000e+02 2.390000000000000000e+02
-6.644000000000000000e+03 8.320000000000000000e+02 1.290800000000000000e+04 -3.984000000000000000e+03 -4.040000000000000000e+02 2.580000000000000000e+02
-6.680000000000000000e+03 7.920000000000000000e+02 1.283600000000000000e+04 -3.984000000000000000e+03 -3.590000000000000000e+02 3.610000000000000000e+02
-6.728000000000000000e+03 8.640000000000000000e+02 1.289600000000000000e+04 -3.968000000000000000e+03 -3.940000000000000000e+02 3.940000000000000000e+02
-6.564000000000000000e+03 9.000000000000000000e+02 1.294800000000000000e+04 -3.984000000000000000e+03 -4.110000000000000000e+02 3.190000000000000000e+02
-6.680000000000000000e+03 8.920000000000000000e+02 1.296800000000000000e+04 -4.000000000000000000e+03 -4.260000000000000000e+02 1.710000000000000000e+02
-6.644000000000000000e+03 1.064000000000000000e+03 1.288800000000000000e+04 -4.016000000000000000e+03 -4.160000000000000000e+02 -2.900000000000000000e+01
-6.644000000000000000e+03 8.880000000000000000e+02 1.270800000000000000e+04 -4.000000000000000000e+03 -4.590000000000000000e+02 -1.820000000000000000e+02
-6.628000000000000000e+03 8.560000000000000000e+02 1.278000000000000000e+04 -3.952000000000000000e+03 -4.400000000000000000e+02 -3.560000000000000000e+02
-6.692000000000000000e+03 9.280000000000000000e+02 1.294000000000000000e+04 -3.968000000000000000e+03 -4.550000000000000000e+02 -4.930000000000000000e+02
-6.600000000000000000e+03 8.400000000000000000e+02 1.297600000000000000e+04 -3.984000000000000000e+03 -4.430000000000000000e+02 -6.150000000000000000e+02
-6.648000000000000000e+03 8.040000000000000000e+02 1.301200000000000000e+04 -4.000000000000000000e+03 -4.130000000000000000e+02 -7.460000000000000000e+02
-6.720000000000000000e+03 8.640000000000000000e+02 1.282000000000000000e+04 -3.984000000000000000e+03 -3.920000000000000000e+02 -8.240000000000000000e+02
-6.556000000000000000e+03 9.200000000000000000e+02 1.274800000000000000e+04 -4.000000000000000000e+03 -3.820000000000000000e+02 -9.510000000000000000e+02
-6.640000000000000000e+03 9.840000000000000000e+02 1.251600000000000000e+04 -4.016000000000000000e+03 -3.450000000000000000e+02 -1.036000000000000000e+03
-6.700000000000000000e+03 8.560000000000000000e+02 1.283200000000000000e+04 -4.000000000000000000e+03 -3.020000000000000000e+02 -1.123000000000000000e+03
-6.792000000000000000e+03 8.400000000000000000e+02 1.271600000000000000e+04 -3.984000000000000000e+03 -2.970000000000000000e+02 -1.124000000000000000e+03
-6.820000000000000000e+03 8.080000000000000000e+02 1.298000000000000000e+04 -3.968000000000000000e+03 -2.880000000000000000e+02 -1.120000000000000000e+03
-6.788000000000000000e+03 7.200000000000000000e+02 1.297600000000000000e+04 -3.952000000000000000e+03 -2.530000000000000000e+02 -9.870000000000000000e+02
-6.672000000000000000e+03 8.280000000000000000e+02 1.306800000000000000e+04 -3.968000000000000000e+03 -2.460000000000000000e+02 -7.770000000000000000e+02
-6.864000000000000000e+03 7.640000000000000000e+02 1.282000000000000000e+04 -3.968000000000000000e+03 -2.610000000000000000e+02 -5.460000000000000000e+02
-6.856000000000000000e+03 9.240000000000000000e+02 1.282800000000000000e+04 -3.968000000000000000e+03 -2.360000000000000000e+02 -3.200000000000000000e+02
-6.808000000000000000e+03 9.160000000000000000e+02 1.273200000000000000e+04 -3.984000000000000000e+03 -2.350000000000000000e+02 -1.050000000000000000e+02
-6.960000000000000000e+03 7.720000000000000000e+02 1.277200000000000000e+04 -3.984000000000000000e+03 -2.390000000000000000e+02 1.520000000000000000e+02
-7.020000000000000000e+03 7.040000000000000000e+02 1.269600000000000000e+04 -3.984000000000000000e+03 -2.360000000000000000e+02 3.840000000000000000e+02
