9.400000000000000000e+02 2.020000000000000000e+03 1.443600000000000000e+04 -4.112000000000000000e+03 -2.770000000000000000e+02 1.980000000000000000e+02
7.720000000000000000e+02 1.904000000000000000e+03 1.441600000000000000e+04 -4.176000000000000000e+03 -2.790000000000000000e+02 1.760000000000000000e+02
9.560000000000000000e+02 2.052000000000000000e+03 1.443200000000000000e+04 -4.144000000000000000e+03 -2.790000000000000000e+02 1.780000000000000000e+02
8.440000000000000000e+02 2.060000000000000000e+03 1.455600000000000000e+04 -4.144000000000000000e+03 -2.880000000000000000e+02 1.590000000000000000e+02
9.200000000000000000e+02 2.032000000000000000e+03 1.454400000000000000e+04 -4.160000000000000000e+03 -2.800000000000000000e+02 1.480000000000000000e+02
8.560000000000000000e+02 1.948000000000000000e+03 1.435200000000000000e+04 -4.160000000000000000e+03 -2.610000000000000000e+02 1.150000000000000000e+02
1.004000000000000000e+03 1.888000000000000000e+03 1.444400000000000000e+04 -4.144000000000000000e+03 -2.770000000000000000e+02 8.000000000000000000e+01
8.800000000000000000e+02 1.996000000000000000e+03 1.449600000000000000e+04 -4.144000000000000000e+03 -2.820000000000000000e+02 5.600000000000000000e+01
7.520000000000000000e+02 1.952000000000000000e+03 1.454800000000000000e+04 -4.192000000000000000e+03 -2.780000000000000000e+02 9.400000000000000000e+01
1.008000000000000000e+03 1.952000000000000000e+03 1.456000000000000000e+04 -4.128000000000000000e+03 -2.770000000000000000e+02 1.230000000000000000e+02
9.760000000000000000e+02 1.940000000000000000e+03 1.455200000000000000e+04 -4.160000000000000000e+03 -2.700000000000000000e+02 1.660000000000000000e+02
8.040000000000000000e+02 2.020000000000000000e+03 1.432800000000000000e+04 -4.176000000000000000e+03 -2.730000000000000000e+02 2.110000000000000000e+02
8.760000000000000000e+02 2.012000000000000000e+03 1.403600000000000000e+04 -4.112000000000000000e+03 -2.480000000000000000e+02 2.650000000000000000e+02
8.280000000000000000e+02 1.960000000000000000e+03 1.438000000000000000e+04 -4.144000000000000000e+03 -2.700000000000000000e+02 2.530000000000000000e+02
9.920000000000000000e+02 1.908000000000000000e+03 1.451200000000000000e+04 -4.160000000000000000e+03 -2.520000000000000000e+02 2.490000000000000000e+02
9.040000000000000000e+02 1.848000000000000000e+03 1.462800000000000000e+04 -4.128000000000000000e+03 -2.480000000000000000e+02 2.450000000000000000e+02
9.040000000000000000e+02 1.856000000000000000e+03 1.444000000000000000e+04 -4.160000000000000000e+03 -2.560000000000000000e+02 2.300000000000000000e+02
8.520000000000000000e+02 1.956000000000000000e+03 1.467200000000000000e+04 -4.144000000000000000e+03 -2.660000000000000000e+02 1.930000000000000000e+02
8.720000000000000000e+02 1.984000000000000000e+03 1.436400000000000000e+04 -4.144000000000000000e+03 -2.820000000000000000e+02 1.450000000000000000e+02
8.280000000000000000e+02 1.960000000000000000e+03 1.458000000000000000e+04 -4.176000000000000000e+03 -2.790000000000000000e+02 1.330000000000000000e+02
7.920000000000000000e+02 1.928000000000000000e+03 1.446400000000000000e+04 -4.144000000000000000e+03 -2.750000000000000000e+02 1.100000000000000000e+02
7.880000000000000000e+02 1.932000000000000000e+03 1.450400000000000000e+04 -4.160000000000000000e+03 -2.870000000000000000e+02 1.000000000000000000e+02
8.920000000000000000e+02 1.936000000000000000e+03 1.457600000000000000e+04 -4.128000000000000000e+03 -2.920000000000000000e+02 1.250000000000000000e+02
8.480000000000000000e+02 1.932000000000000000e+03 1.436000000000000000e+04 -4.192000000000000000e+03 -2.770000000000000000e+02 1.470000000000000000e+02
9.080000000000000000e+02 2.032000000000000000e+03 1.440800000000000000e+04 -4.176000000000000000e+03 -2.870000000000000000e+02 1.640000000000000000e+02
8.360000000000000000e+02 1.928000000000000000e+03 1.444800000000000000e+04 -4.144000000000000000e+03 -2.830000000000000000e+02 1.360000000000000000e+02
9.240000000000000000e+02 2.028000000000000000e+03 1.445200000000000000e+04 -4.160000000000000000e+03 -2.700000000000000000e+02 1.710000000000000000e+02
8.360000000000000000e+02 1.992000000000000000e+03 1.447200000000000000e+04 -4.160000000000000000e+03 -2.770000000000000000e+02 1.590000000000000000e+02
7.640000000000000000e+02 2.016000000000000000e+03 1.440800000000000000e+04 -4.160000000000000000e+03 -2.700000000000000000e+02 1.760000000000000000e+02
9.360000000000000000e+02 1.916000000000000000e+03 1.472800000000000000e+04 -4.144000000000000000e+03 -2.820000000000000000e+02 1.820000000000000000e+02
9.360000000000000000e+02 1.824000000000000000e+03 1.488800000000000000e+04 -4.160000000000000000e+03 -2.560000000000000000e+02 2.140000000000000000e+02
9.760000000000000000e+02 1.952000000000000000e+03 1.459600000000000000e+04 -4.128000000000000000e+03 -2.630000000000000000e+02 1.890000000000000000e+02
7.680000000000000000e+02 2.012000000000000000e+03 1.438800000000000000e+04 -4.160000000000000000e+03 -2.730000000000000000e+02 1.730000000000000000e+02
7.200000000000000000e+02 2.108000000000000000e+03 1.450000000000000000e+04 -4.160000000000000000e+03 -2.630000000000000000e+02 1.940000000000000000e+02
8.360000000000000000e+02 1.992000000000000000e+03 1.461200000000000000e+04 -4.192000000000000000e+03 -2.760000000000000000e+02 1.880000000000000000e+02
8.720000000000000000e+02 1.984000000000000000e+03 1.446400000000000000e+04 -4.144000000000000000e+03 -2.880000000000000000e+02 1.630000000000000000e+02
8.000000000000000000e+02 1.800000000000000000e+03 1.442400000000000000e+04 -4.144000000000000000e+03 -2.570000000000000000e+02 1.460000000000000000e+02
8.080000000000000000e+02 1.908000000000000000e+03 1.459600000000000000e+04 -4.144000000000000000e+03 -2.650000000000000000e+02 1.280000000000000000e+02
7.680000000000000000e+02 1.968000000000000000e+03 1.447200000000000000e+04 -4.128000000000000000e+03 -2.740000000000000000e+02 1.380000000000000000e+02
1.000000000000000000e+03 2.028000000000000000e+03 1.443600000000000000e+04 -4.128000000000000000e+03 -2.940000000000000000e+02 1.430000000000000000e+02
1.056000000000000000e+03 2.016000000000000000e+03 1.424000000000000000e+04 -4.160000000000000000e+03 -2.620000000000000000e+02 1.570000000000000000e+02
1.108000000000000000e+03 1.920000000000000000e+03 1.457200000000000000e+04 -4.160000000000000000e+03 -2.610000000000000000e+02 1.650000000000000000e+02
1.020000000000000000e+03 1.996000000000000000e+03 1.461600000000000000e+04 -4.160000000000000000e+03 -2.850000000000000000e+02 1.760000000000000000e+02
8.280000000000000000e+02 1.840000000000000000e+03 1.441200000000000000e+04 -4.176000000000000000e+03 -2.690000000000000000e+02 1.860000000000000000e+02
8.800000000000000000e+02 1.836000000000000000e+03 1.454000000000000000e+04 -4.176000000000000000e+03 -2.810000000000000000e+02 2.080000000000000000e+02
9.600000000000000000e+02 2.004000000000000000e+03 1.469200000000000000e+04 -4.160000000000000000e+03 -2.710000000000000000e+02 1.860000000000000000e+02
7.080000000000000000e+02 1.888000000000000000e+03 1.445200000000000000e+04 -4.160000000000000000e+03 -2.780000000000000000e+02 1.840000000000000000e+02
8.360000000000000000e+02 1.988000000000000000e+03 1.453200000000000000e+04 -4.160000000000000000e+03 -2.720000000000000000e+02 1.300000000000000000e+02
8.240000000000000000e+02 2.052000000000000000e+03 1.436400000000000000e+04 -4.144000000000000000e+03 -2.750000000000000000e+02 1.300000000000000000e+02
