-5.760000000000000000e+02 2.040000000000000000e+03 1.431600000000000000e+04 -4.144000000000000000e+03 -3.200000000000000000e+02 4.600000000000000000e+02
-3.120000000000000000e+02 2.168000000000000000e+03 1.421600000000000000e+04 -4.176000000000000000e+03 -3.300000000000000000e+02 5.440000000000000000e+02
-9.600000000000000000e+01 2.132000000000000000e+03 1.459600000000000000e+04 -4.176000000000000000e+03 -3.370000000000000000e+02 5.600000000000000000e+02
-8.000000000000000000e+00 2.128000000000000000e+03 1.449200000000000000e+04 -4.176000000000000000e+03 -3.470000000000000000e+02 5.610000000000000000e+02
8.400000000000000000e+01 2.044000000000000000e+03 1.451600000000000000e+04 -4.176000000000000000e+03 -3.480000000000000000e+02 5.040000000000000000e+02
2.320000000000000000e+02 2.084000000000000000e+03 1.437600000000000000e+04 -4.160000000000000000e+03 -3.470000000000000000e+02 4.120000000000000000e+02
2.040000000000000000e+02 1.948000000000000000e+03 1.438000000000000000e+04 -4.176000000000000000e+03 -3.210000000000000000e+02 3.520000000000000000e+02
1.480000000000000000e+02 1.956000000000000000e+03 1.440400000000000000e+04 -4.160000000000000000e+03 -2.960000000000000000e+02 2.610000000000000000e+02
-4.800000000000000000e+01 2.016000000000000000e+03 1.438800000000000000e+04 -4.192000000000000000e+03 -2.880000000000000000e+02 2.150000000000000000e+02
-1.200000000000000000e+01 2.096000000000000000e+03 1.444800000000000000e+04 -4.160000000000000000e+03 -2.780000000000000000e+02 1.740000000000000000e+02
7.600000000000000000e+01 2.032000000000000000e+03 1.428800000000000000e+04 -4.176000000000000000e+03 -2.840000000000000000e+02 1.430000000000000000e+02
-1.440000000000000000e+02 2.044000000000000000e+03 1.431600000000000000e+04 -4.160000000000000000e+03 -2.930000000000000000e+02 1.410000000000000000e+02
-1.360000000000000000e+02 2.136000000000000000e+03 1.463200000000000000e+04 -4.208000000000000000e+03 -2.500000000000000000e+02 1.710000000000000000e+02
-8.800000000000000000e+01 1.988000000000000000e+03 1.459200000000000000e+04 -4.160000000000000000e+03 -2.750000000000000000e+02 2.120000000000000000e+02
-4.400000000000000000e+01 2.056000000000000000e+03 1.454000000000000000e+04 -4.176000000000000000e+03 -2.560000000000000000e+02 2.270000000000000000e+02
-8.000000000000000000e+00 2.128000000000000000e+03 1.458800000000000000e+04 -4.144000000000000000e+03 -2.870000000000000000e+02 2.780000000000000000e+02
-1.640000000000000000e+02 1.992000000000000000e+03 1.423200000000000000e+04 -4.160000000000000000e+03 -2.880000000000000000e+02 2.760000000000000000e+02
-3.240000000000000000e+02 2.020000000000000000e+03 1.425600000000000000e+04 -4.176000000000000000e+03 -2.990000000000000000e+02 2.890000000000000000e+02
-4.080000000000000000e+02 1.956000000000000000e+03 1.428000000000000000e+04 -4.192000000000000000e+03 -2.770000000000000000e+02 2.780000000000000000e+02
-2.280000000000000000e+02 1.908000000000000000e+03 1.441200000000000000e+04 -4.176000000000000000e+03 -2.740000000000000000e+02 2.160000000000000000e+02
-1.840000000000000000e+02 2.020000000000000000e+03 1.449600000000000000e+04 -4.160000000000000000e+03 -2.670000000000000000e+02 1.490000000000000000e+02
-1.400000000000000000e+02 2.084000000000000000e+03 1.446800000000000000e+04 -4.176000000000000000e+03 -2.620000000000000000e+02 1.000000000000000000e+02
-1.760000000000000000e+02 2.096000000000000000e+03 1.443200000000000000e+04 -4.160000000000000000e+03 -2.770000000000000000e+02 -2.000000000000000000e+00
-1.560000000000000000e+02 1.972000000000000000e+03 1.446400000000000000e+04 -4.208000000000000000e+03 -2.850000000000000000e+02 -5.600000000000000000e+01
-2.120000000000000000e+02 2.120000000000000000e+03 1.433200000000000000e+04 -4.144000000000000000e+03 -2.530000000000000000e+02 -1.220000000000000000e+02
-1.560000000000000000e+02 2.068000000000000000e+03 1.448400000000000000e+04 -4.160000000000000000e+03 -2.510000000000000000e+02 -1.520000000000000000e+02
-2.720000000000000000e+02 2.020000000000000000e+03 1.452400000000000000e+04 -4.160000000000000000e+03 -2.040000000000000000e+02 -1.570000000000000000e+02
-2.200000000000000000e+02 2.144000000000000000e+03 1.470000000000000000e+04 -4.144000000000000000e+03 -2.150000000000000000e+02 -1.000000000000000000e+02
-3.800000000000000000e+02 2.140000000000000000e+03 1.440400000000000000e+04 -4.160000000000000000e+03 -2.190000000000000000e+02 -7.400000000000000000e+01
-4.240000000000000000e+02 2.084000000000000000e+03 1.448400000000000000e+04 -4.192000000000000000e+03 -2.230000000000000000e+02 2.000000000000000000e+01
-2.360000000000000000e+02 2.064000000000000000e+03 1.438000000000000000e+04 -4.160000000000000000e+03 -2.400000000000000000e+02 1.530000000000000000e+02
-2.880000000000000000e+02 1.964000000000000000e+03 1.457600000000000000e+04 -4.176000000000000000e+03 -2.420000000000000000e+02 3.200000000000000000e+02
-4.320000000000000000e+02 2.084000000000000000e+03 1.440000000000000000e+04 -4.144000000000000000e+03 -2.510000000000000000e+02 3.520000000000000000e+02
-3.400000000000000000e+02 2.028000000000000000e+03 1.443200000000000000e+04 -4.176000000000000000e+03 -2.890000000000000000e+02 4.010000000000000000e+02
-3.760000000000000000e+02 1.964000000000000000e+03 1.452400000000000000e+04 -4.144000000000000000e+03 -3.310000000000000000e+02 3.640000000000000000e+02
-9.200000000000000000e+01 1.980000000000000000e+03 1.443600000000000000e+04 -4.192000000000000000e+03 -2.980000000000000000e+02 3.280000000000000000e+02
-4.400000000000000000e+01 2.088000000000000000e+03 1.426800000000000000e+04 -4.144000000000000000e+03 -2.970000000000000000e+02 2.480000000000000000e+02
-1.600000000000000000e+02 1.968000000000000000e+03 1.442400000000000000e+04 -4.160000000000000000e+03 -2.990000000000000000e+02 2.200000000000000000e+02
-1.960000000000000000e+02 2.040000000000000000e+03 1.474000000000000000e+04 -4.160000000000000000e+03 -2.910000000000000000e+02 1.040000000000000000e+02
-7.200000000000000000e+01 2.148000000000000000e+03 1.455200000000000000e+04 -4.176000000000000000e+03 -2.780000000000000000e+02 2.300000000000000000e+01
-1.160000000000000000e+02 2.128000000000000000e+03 1.439600000000000000e+04 -4.192000000000000000e+03 -2.900000000000000000e+02 -5.700000000000000000e+01
-1.720000000000000000e+02 2.088000000000000000e+03 1.434400000000000000e+04 -4.144000000000000000e+03 -2.750000000000000000e+02 -1.380000000000000000e+02
-2.680000000000000000e+02 2.048000000000000000e+03 1.439600000000000000e+04 -4.144000000000000000e+03 -2.710000000000000000e+02 -1.290000000000000000e+02
-5.200000000000000000e+01 2.008000000000000000e+03 1.464400000000000000e+04 -4.192000000000000000e+03 -2.630000000000000000e+02 -8.500000000000000000e+01
-2.920000000000000000e+02 2.024000000000000000e+03 1.437200000000000000e+04 -4.144000000000000000e+03 -2.450000000000000000e+02 1.000000000000000000e+00
-2.440000000000000000e+02 2.084000000000000000e+03 1.435200000000000000e+04 -4.192000000000000000e+03 -2.800000000000000000e+02 1.320000000000000000e+02
-1.920000000000000000e+02 2.032000000000000000e+03 1.466000000000000000e+04 -4.176000000000000000e+03 -2.830000000000000000e+02 2.570000000000000000e+02
-2.880000000000000000e+02 2.076000000000000000e+03 1.437200000000000000e+04 -4.176000000000000000e+03 -3.040000000000000000e+02 3.210000000000000000e+02
-2.800000000000000000e+01 2.040000000000000000e+03 1.429600000000000000e+04 -4.144000000000000000e+03 -2.970000000000000000e+02 3.660000000000000000e+02
-2.560000000000000000e+02 2.000000000000000000e+03 1.435600000000000000e+04 -4.176000000000000000e+03 -3.240000000000000000e+02 4.100000000000000000e+02
-1.160000000000000000e+02 2.036000000000000000e+03 1.449200000000000000e+04 -4.176000000000000000e+03 -3.060000000000000000e+02 4.600000000000000000e+02
-6.800000000000000000e+01 2.092000000000000000e+03 1.450400000000000000e+04 -4.160000000000000000e+03 -2.890000000000000000e+02 4.310000000000000000e+02
-2.400000000000000000e+01 2.040000000000000000e+03 1.449600000000000000e+04 -4.160000000000000000e+03 -3.080000000000000000e+02 3.800000000000000000e+02
-8.400000000000000000e+01 2.072000000000000000e+03 1.448000000000000000e+04 -4.192000000000000000e+03 -2.970000000000000000e+02 2.680000000000000000e+02
8.000000000000000000e+00 2.064000000000000000e+03 1.419200000000000000e+04 -4.176000000000000000e+03 -2.780000000000000000e+02 1.700000000000000000e+02
-4.000000000000000000e+01 2.072000000000000000e+03 1.400800000000000000e+04 -4.176000000000000000e+03 -2.180000000000000000e+02 3.900000000000000000e+01
1.240000000000000000e+02 1.956000000000000000e+03 1.438400000000000000e+04 -4.144000000000000000e+03 -2.000000000000000000e+02 -2.300000000000000000e+01
-2.440000000000000000e+02 2.072000000000000000e+03 1.466800000000000000e+04 -4.160000000000000000e+03 -1.900000000000000000e+02 -7.500000000000000000e+01
-8.000000000000000000e+01 2.008000000000000000e+03 1.470400000000000000e+04 -4.160000000000000000e+03 -2.130000000000000000e+02 -5.700000000000000000e+01
-1.040000000000000000e+02 2.024000000000000000e+03 1.426400000000000000e+04 -4.160000000000000000e+03 -2.180000000000000000e+02 -2.700000000000000000e+01
5.600000000000000000e+01 1.984000000000000000e+03 1.423600000000000000e+04 -4.144000000000000000e+03 -2.290000000000000000e+02 2.200000000000000000e+01
-6.400000000000000000e+01 2.048000000000000000e+03 1.431200000000000000e+04 -4.160000000000000000e+03 -2.220000000000000000e+02 1.410000000000000000e+02
-1.960000000000000000e+02 2.044000000000000000e+03 1.468400000000000000e+04 -4.160000000000000000e+03 -2.300000000000000000e+02 2.660000000000000000e+02
-1.800000000000000000e+02 2.016000000000000000e+03 1.467200000000000000e+04 -4.176000000000000000e+03 -2.470000000000000000e+02 3.580000000000000000e+02
-3.000000000000000000e+02 2.160000000000000000e+03 1.453200000000000000e+04 -4.176000000000000000e+03 -2.660000000000000000e+02 4.170000000000000000e+02
-1.960000000000000000e+02 2.184000000000000000e+03 1.442400000000000000e+04 -4.144000000000000000e+03 -2.800000000000000000e+02 4.490000000000000000e+02
-2.600000000000000000e+02 2.068000000000000000e+03 1.425200000000000000e+04 -4.144000000000000000e+03 -2.840000000000000000e+02 4.770000000000000000e+02
-1.160000000000000000e+02 2.064000000000000000e+03 1.441600000000000000e+04 -4.144000000000000000e+03 -2.910000000000000000e+02 4.620000000000000000e+02
-1.040000000000000000e+02 2.060000000000000000e+03 1.444800000000000000e+04 -4.144000000000000000e+03 -3.260000000000000000e+02 4.530000000000000000e+02
-1.400000000000000000e+02 2.104000000000000000e+03 1.445200000000000000e+04 -4.160000000000000000e+03 -2.930000000000000000e+02 3.530000000000000000e+02
-8.400000000000000000e+01 2.064000000000000000e+03 1.449600000000000000e+04 -4.208000000000000000e+03 -3.040000000000000000e+02 3.020000000000000000e+02
-2.280000000000000000e+02 2.008000000000000000e+03 1.429200000000000000e+04 -4.160000000000000000e+03 -3.290000000000000000e+02 2.920000000000000000e+02
-1.160000000000000000e+02 2.216000000000000000e+03 1.438800000000000000e+04 -4.176000000000000000e+03 -3.670000000000000000e+02 2.200000000000000000e+02
0.000000000000000000e+00 2.036000000000000000e+03 1.428000000000000000e+04 -4.192000000000000000e+03 -3.290000000000000000e+02 1.110000000000000000e+02
-1.800000000000000000e+02 1.968000000000000000e+03 1.438400000000000000e+04 -4.160000000000000000e+03 -3.450000000000000000e+02 4.100000000000000000e+01
-3.840000000000000000e+02 2.184000000000000000e+03 1.470400000000000000e+04 -4.144000000000000000e+03 -3.610000000000000000e+02 1.500000000000000000e+01
