-3.368000000000000000e+03 1.504000000000000000e+03 1.419600000000000000e+04 -3.936000000000000000e+03 1.000000000000000000e+01 -1.069000000000000000e+03
-3.344000000000000000e+03 1.532000000000000000e+03 1.394800000000000000e+04 -3.920000000000000000e+03 -6.000000000000000000e+01 -1.214000000000000000e+03
-3.232000000000000000e+03 1.512000000000000000e+03 1.437600000000000000e+04 -3.888000000000000000e+03 5.200000000000000000e+01 -1.150000000000000000e+03
-2.800000000000000000e+03 1.648000000000000000e+03 1.490400000000000000e+04 -3.888000000000000000e+03 7.300000000000000000e+01 -1.004000000000000000e+03
-2.576000000000000000e+03 1.796000000000000000e+03 1.465600000000000000e+04 -3.920000000000000000e+03 7.900000000000000000e+01 -1.066000000000000000e+03
-2.552000000000000000e+03 1.672000000000000000e+03 1.385200000000000000e+04 -3.904000000000000000e+03 5.300000000000000000e+01 -1.215000000000000000e+03
-2.444000000000000000e+03 2.112000000000000000e+03 1.428400000000000000e+04 -3.888000000000000000e+03 9.300000000000000000e+01 -1.260000000000000000e+03
-2.440000000000000000e+03 2.008000000000000000e+03 1.422400000000000000e+04 -3.904000000000000000e+03 4.200000000000000000e+01 -1.247000000000000000e+03
-1.756000000000000000e+03 2.012000000000000000e+03 1.426000000000000000e+04 -3.888000000000000000e+03 -8.600000000000000000e+01 -1.171000000000000000e+03
-1.956000000000000000e+03 1.892000000000000000e+03 1.423600000000000000e+04 -3.888000000000000000e+03 -2.610000000000000000e+02 -1.067000000000000000e+03
-2.020000000000000000e+03 1.948000000000000000e+03 1.408800000000000000e+04 -3.904000000000000000e+03 -3.300000000000000000e+02 -1.085000000000000000e+03
-2.292000000000000000e+03 1.908000000000000000e+03 1.400400000000000000e+04 -3.920000000000000000e+03 -4.650000000000000000e+02 -1.211000000000000000e+03
-2.492000000000000000e+03 2.156000000000000000e+03 1.414400000000000000e+04 -3.872000000000000000e+03 -5.810000000000000000e+02 -1.374000000000000000e+03
-2.016000000000000000e+03 1.696000000000000000e+03 1.417200000000000000e+04 -3.920000000000000000e+03 -6.720000000000000000e+02 -1.419000000000000000e+03
-1.908000000000000000e+03 1.912000000000000000e+03 1.525600000000000000e+04 -3.936000000000000000e+03 -7.960000000000000000e+02 -1.442000000000000000e+03
-2.316000000000000000e+03 1.752000000000000000e+03 1.437600000000000000e+04 -3.904000000000000000e+03 -7.980000000000000000e+02 -1.285000000000000000e+03
-2.516000000000000000e+03 1.744000000000000000e+03 1.451600000000000000e+04 -3.904000000000000000e+03 -7.330000000000000000e+02 -1.018000000000000000e+03
-2.320000000000000000e+03 1.704000000000000000e+03 1.454400000000000000e+04 -3.888000000000000000e+03 -5.980000000000000000e+02 -7.690000000000000000e+02
-1.668000000000000000e+03 1.744000000000000000e+03 1.434000000000000000e+04 -3.904000000000000000e+03 -6.100000000000000000e+02 -7.350000000000000000e+02
-1.984000000000000000e+03 1.752000000000000000e+03 1.409600000000000000e+04 -3.920000000000000000e+03 -4.750000000000000000e+02 -5.630000000000000000e+02
-1.824000000000000000e+03 1.788000000000000000e+03 1.428800000000000000e+04 -3.888000000000000000e+03 -4.530000000000000000e+02 -5.570000000000000000e+02
-1.936000000000000000e+03 2.176000000000000000e+03 1.458000000000000000e+04 -3.904000000000000000e+03 -4.270000000000000000e+02 -4.990000000000000000e+02
-2.148000000000000000e+03 2.252000000000000000e+03 1.499600000000000000e+04 -3.872000000000000000e+03 -4.530000000000000000e+02 -3.510000000000000000e+02
-2.292000000000000000e+03 1.908000000000000000e+03 1.504800000000000000e+04 -3.936000000000000000e+03 -3.780000000000000000e+02 -1.090000000000000000e+02
-1.628000000000000000e+03 1.740000000000000000e+03 1.463600000000000000e+04 -3.920000000000000000e+03 -3.740000000000000000e+02 2.380000000000000000e+02
-1.796000000000000000e+03 1.768000000000000000e+03 1.481200000000000000e+04 -3.888000000000000000e+03 -2.790000000000000000e+02 5.880000000000000000e+02
-2.064000000000000000e+03 2.468000000000000000e+03 1.484400000000000000e+04 -3.872000000000000000e+03 -2.870000000000000000e+02 8.270000000000000000e+02
-2.864000000000000000e+03 2.280000000000000000e+03 1.479600000000000000e+04 -3.888000000000000000e+03 -2.790000000000000000e+02 8.300000000000000000e+02
-2.476000000000000000e+03 2.380000000000000000e+03 1.460400000000000000e+04 -3.888000000000000000e+03 -3.320000000000000000e+02 8.210000000000000000e+02
-2.148000000000000000e+03 2.272000000000000000e+03 1.434000000000000000e+04 -3.936000000000000000e+03 -3.980000000000000000e+02 8.010000000000000000e+02
-2.324000000000000000e+03 2.392000000000000000e+03 1.376000000000000000e+04 -3.872000000000000000e+03 -5.650000000000000000e+02 8.050000000000000000e+02
-2.096000000000000000e+03 2.160000000000000000e+03 1.422400000000000000e+04 -3.920000000000000000e+03 -7.070000000000000000e+02 8.200000000000000000e+02
-1.780000000000000000e+03 2.272000000000000000e+03 1.455600000000000000e+04 -3.904000000000000000e+03 -7.580000000000000000e+02 6.530000000000000000e+02
-1.880000000000000000e+03 2.484000000000000000e+03 1.394400000000000000e+04 -3.888000000000000000e+03 -7.950000000000000000e+02 4.110000000000000000e+02
-1.544000000000000000e+03 2.496000000000000000e+03 1.402000000000000000e+04 -3.872000000000000000e+03 -7.330000000000000000e+02 1.560000000000000000e+02
-1.352000000000000000e+03 2.384000000000000000e+03 1.423200000000000000e+04 -3.888000000000000000e+03 -6.640000000000000000e+02 -1.450000000000000000e+02
-1.424000000000000000e+03 2.524000000000000000e+03 1.443200000000000000e+04 -3.872000000000000000e+03 -6.020000000000000000e+02 -3.950000000000000000e+02
-1.400000000000000000e+03 2.596000000000000000e+03 1.430800000000000000e+04 -3.920000000000000000e+03 -5.090000000000000000e+02 -6.080000000000000000e+02
-1.132000000000000000e+03 2.344000000000000000e+03 1.432000000000000000e+04 -3.904000000000000000e+03 -4.060000000000000000e+02 -7.290000000000000000e+02
-9.840000000000000000e+02 2.300000000000000000e+03 1.449200000000000000e+04 -3.872000000000000000e+03 -2.940000000000000000e+02 -7.480000000000000000e+02
-9.080000000000000000e+02 2.080000000000000000e+03 1.432800000000000000e+04 -3.920000000000000000e+03 -1.870000000000000000e+02 -5.750000000000000000e+02
-1.036000000000000000e+03 1.824000000000000000e+03 1.439200000000000000e+04 -3.920000000000000000e+03 -1.020000000000000000e+02 -4.720000000000000000e+02
-1.048000000000000000e+03 2.192000000000000000e+03 1.426800000000000000e+04 -3.920000000000000000e+03 -1.030000000000000000e+02 -2.860000000000000000e+02
-1.244000000000000000e+03 2.336000000000000000e+03 1.461200000000000000e+04 -3.872000000000000000e+03 -4.100000000000000000e+01 -1.540000000000000000e+02
-1.036000000000000000e+03 1.992000000000000000e+03 1.499200000000000000e+04 -3.888000000000000000e+03 -6.000000000000000000e+00 -9.000000000000000000e+00
-5.320000000000000000e+02 1.572000000000000000e+03 1.482800000000000000e+04 -3.920000000000000000e+03 1.400000000000000000e+01 1.520000000000000000e+02
-1.400000000000000000e+02 1.480000000000000000e+03 1.472400000000000000e+04 -3.888000000000000000e+03 -3.100000000000000000e+01 4.030000000000000000e+02
-2.200000000000000000e+02 1.476000000000000000e+03 1.427600000000000000e+04 -3.904000000000000000e+03 -3.300000000000000000e+01 7.150000000000000000e+02
-1.200000000000000000e+01 1.612000000000000000e+03 1.399600000000000000e+04 -3.872000000000000000e+03 -9.200000000000000000e+01 1.052000000000000000e+03
1.280000000000000000e+02 1.540000000000000000e+03 1.418400000000000000e+04 -3.888000000000000000e+03 -1.370000000000000000e+02 1.273000000000000000e+03
3.960000000000000000e+02 1.736000000000000000e+03 1.428400000000000000e+04 -3.888000000000000000e+03 -2.150000000000000000e+02 1.380000000000000000e+03
