-6.364000000000000000e+03 1.004000000000000000e+03 -2.890000000000000000e+02 -3.968000000000000000e+03 -2.950000000000000000e+02 7.200000000000000000e+01
-6.464000000000000000e+03 9.720000000000000000e+02 1.272400000000000000e+04 -3.968000000000000000e+03 -2.850000000000000000e+02 2.430000000000000000e+02
-6.744000000000000000e+03 9.960000000000000000e+02 1.272000000000000000e+04 -3.968000000000000000e+03 -3.070000000000000000e+02 3.900000000000000000e+02
-6.828000000000000000e+03 9.320000000000000000e+02 1.308000000000000000e+04 -3.952000000000000000e+03 -3.310000000000000000e+02 5.270000000000000000e+02
-6.736000000000000000e+03 9.320000000000000000e+02 1.302800000000000000e+04 -3.952000000000000000e+03 -3.040000000000000000e+02 5.430000000000000000e+02
-6.648000000000000000e+03 -4.000000000000000000e+03 1.276000000000000000e+04 -3.952000000000000000e+03 -3.240000000000000000e+02 5.800000000000000000e+02
-6.912000000000000000e+03 1.076000000000000000e+03 1.249600000000000000e+04 -3.968000000000000000e+03 -3.170000000000000000e+02 5.990000000000000000e+02
-6.752000000000000000e+03 1.164000000000000000e+03 1.268400000000000000e+04 -3.952000000000000000e+03 -3.020000000000000000e+02 6.580000000000000000e+02
6.120000000000000000e+02 1.164000000000000000e+03 1.298800000000000000e+04 -4.000000000000000000e+03 -3.040000000000000000e+02 6.620000000000000000e+02
-7.020000000000000000e+03 1.152000000000000000e+03 1.280000000000000000e+04 -3.984000000000000000e+03 -3.350000000000000000e+02 6.200000000000000000e+02
-7.108000000000000000e+03 1.108000000000000000e+03 1.276000000000000000e+04 -3.984000000000000000e+03 -3.660000000000000000e+02 6.190000000000000000e+02
-7.180000000000000000e+03 9.640000000000000000e+02 1.281600000000000000e+04 -3.968000000000000000e+03 -3.400000000000000000e+02 5.220000000000000000e+02
-7.228000000000000000e+03 1.060000000000000000e+03 1.264000000000000000e+04 -3.936000000000000000e+03 -3.330000000000000000e+02 3.890000000000000000e+02
-7.068000000000000000e+03 9.640000000000000000e+02 1.292000000000000000e+04 -3.968000000000000000e+03 -3.740000000000000000e+02 2.400000000000000000e+02
-7.032000000000000000e+03 1.136000000000000000e+03 1.285200000000000000e+04 -3.968000000000000000e+03 -4.370000000000000000e+02 1.410000000000000000e+02
-7.000000000000000000e+03 1.092000000000000000e+03 1.292800000000000000e+04 -3.968000000000000000e+03 -4.500000000000000000e+02 4.300000000000000000e+01
-7.192000000000000000e+03 1.236000000000000000e+03 1.309200000000000000e+04 -3.968000000000000000e+03 -4.010000000000000000e+02 -1.480000000000000000e+02
-6.756000000000000000e+03 1.044000000000000000e+03 1.309200000000000000e+04 -3.952000000000000000e+03 -4.780000000000000000e+02 -3.450000000000000000e+02
-6.764000000000000000e+03 1.080000000000000000e+03 1.290400000000000000e+04 -3.952000000000000000e+03 -4.870000000000000000e+02 -6.430000000000000000e+02
-6.584000000000000000e+03 9.840000000000000000e+02 1.277600000000000000e+04 -3.952000000000000000e+03 -5.230000000000000000e+02 -9.250000000000000000e+02
-6.628000000000000000e+03 9.120000000000000000e+02 1.262400000000000000e+04 -3.984000000000000000e+03 -4.950000000000000000e+02 -1.153000000000000000e+03
-6.988000000000000000e+03 1.128000000000000000e+03 1.318800000000000000e+04 -3.952000000000000000e+03 -4.870000000000000000e+02 -1.310000000000000000e+03
-6.744000000000000000e+03 1.048000000000000000e+03 1.324800000000000000e+04 -3.984000000000000000e+03 -4.610000000000000000e+02 -1.338000000000000000e+03
-6.504000000000000000e+03 1.072000000000000000e+03 1.266800000000000000e+04 -3.984000000000000000e+03 -4.750000000000000000e+02 -1.433000000000000000e+03
-6.720000000000000000e+03 1.012000000000000000e+03 1.247600000000000000e+04 -3.984000000000000000e+03 -4.370000000000000000e+02 -1.475000000000000000e+03
-6.468000000000000000e+03 1.056000000000000000e+03 1.269600000000000000e+04 -3.984000000000000000e+03 -4.120000000000000000e+02 -1.453000000000000000e+03
-6.388000000000000000e+03 1.072000000000000000e+03 1.282800000000000000e+04 -3.984000000000000000e+03 -3.710000000000000000e+02 -1.419000000000000000e+03
-6.296000000000000000e+03 1.000000000000000000e+03 1.290800000000000000e+04 -3.952000000000000000e+03 -2.940000000000000000e+02 -1.304000000000000000e+03
-6.404000000000000000e+03 1.000000000000000000e+03 1.268800000000000000e+04 -3.984000000000000000e+03 -2.550000000000000000e+02 -1.097000000000000000e+03
-6.468000000000000000e+03 1.052000000000000000e+03 1.268400000000000000e+04 -3.984000000000000000e+03 -2.590000000000000000e+02 -9.260000000000000000e+02
-6.528000000000000000e+03 1.136000000000000000e+03 1.314000000000000000e+04 -3.968000000000000000e+03 -1.790000000000000000e+02 -6.890000000000000000e+02
-6.420000000000000000e+03 1.236000000000000000e+03 1.284400000000000000e+04 -3.984000000000000000e+03 -1.180000000000000000e+02 -4.340000000000000000e+02
-6.280000000000000000e+03 1.388000000000000000e+03 1.243600000000000000e+04 -3.952000000000000000e+03 -1.110000000000000000e+02 -1.900000000000000000e+02
-6.480000000000000000e+03 1.384000000000000000e+03 1.234400000000000000e+04 -3.952000000000000000e+03 -4.200000000000000000e+01 6.300000000000000000e+01
-6.712000000000000000e+03 1.300000000000000000e+03 1.245600000000000000e+04 -3.968000000000000000e+03 -4.100000000000000000e+01 2.910000000000000000e+02
-6.628000000000000000e+03 1.140000000000000000e+03 1.287200000000000000e+04 -3.952000000000000000e+03 -4.300000000000000000e+01 4.620000000000000000e+02
-6.756000000000000000e+03 9.920000000000000000e+02 1.302800000000000000e+04 -3.968000000000000000e+03 -6.200000000000000000e+01 6.570000000000000000e+02
-6.960000000000000000e+03 9.880000000000000000e+02 1.301600000000000000e+04 -3.936000000000000000e+03 -6.800000000000000000e+01 8.230000000000000000e+02
-7.052000000000000000e+03 1.028000000000000000e+03 1.266400000000000000e+04 -3.984000000000000000e+03 -8.000000000000000000e+01 9.990000000000000000e+02
-6.984000000000000000e+03 1.092000000000000000e+03 1.300000000000000000e+04 -4.016000000000000000e+03 -6.900000000000000000e+01 1.159000000000000000e+03
-6.696000000000000000e+03 1.032000000000000000e+03 1.273200000000000000e+04 -3.984000000000000000e+03 -1.060000000000000000e+02 1.306000000000000000e+03
-6.864000000000000000e+03 9.800000000000000000e+02 1.288400000000000000e+04 -4.000000000000000000e+03 -1.180000000000000000e+02 1.360000000000000000e+03
-6.860000000000000000e+03 1.060000000000000000e+03 1.327600000000000000e+04 -3.968000000000000000e+03 -1.590000000000000000e+02 1.357000000000000000e+03
-6.968000000000000000e+03 1.000000000000000000e+03 1.324000000000000000e+04 -3.984000000000000000e+03 -1.970000000000000000e+02 1.233000000000000000e+03
-6.924000000000000000e+03 8.960000000000000000e+02 1.308400000000000000e+04 -3.968000000000000000e+03 -2.040000000000000000e+02 1.047000000000000000e+03
-6.956000000000000000e+03 9.160000000000000000e+02 1.327200000000000000e+04 -3.936000000000000000e+03 -1.840000000000000000e+02 8.670000000000000000e+02
-6.512000000000000000e+03 9.320000000000000000e+02 1.310400000000000000e+04 -3.936000000000000000e+03 -2.310000000000000000e+02 6.970000000000000000e+02
-6.392000000000000000e+03 1.060000000000000000e+03 1.330000000000000000e+04 -3.952000000000000000e+03 -2.400000000000000000e+02 4.570000000000000000e+02
-6.328000000000000000e+03 1.108000000000000000e+03 1.337200000000000000e+04 -3.984000000000000000e+03 -2.670000000000000000e+02 2.350000000000000000e+02
-6.292000000000000000e+03 1.104000000000000000e+03 1.328000000000000000e+04 -3.968000000000000000e+03 -2.960000000000000000e+02 -3.200000000000000000e+01
-6.104000000000000000e+03 1.116000000000000000e+03 1.347600000000000000e+04 -3.952000000000000000e+03 -3.020000000000000000e+02 -2.430000000000000000e+02
-6.012000000000000000e+03 1.140000000000000000e+03 1.352400000000000000e+04 -3.952000000000000000e+03 -2.960000000000000000e+02 -5.190000000000000000e+02
-5.748000000000000000e+03 1.160000000000000000e+03 1.340800000000000000e+04 -3.984000000000000000e+03 -2.980000000000000000e+02 -7.760000000000000000e+02
-5.584000000000000000e+03 1.172000000000000000e+03 1.343600000000000000e+04 -3.984000000000000000e+03 -2.740000000000000000e+02 -1.010000000000000000e+03
-5.432000000000000000e+03 1.336000000000000000e+03 1.340400000000000000e+04 -3.984000000000000000e+03 -2.260000000000000000e+02 -1.230000000000000000e+03
-5.164000000000000000e+03 1.252000000000000000e+03 1.354400000000000000e+04 -3.984000000000000000e+03 -2.460000000000000000e+02 -1.346000000000000000e+03
-5.208000000000000000e+03 1.112000000000000000e+03 1.314000000000000000e+04 -3.968000000000000000e+03 -2.210000000000000000e+02 -1.334000000000000000e+03
-5.264000000000000000e+03 1.204000000000000000e+03 1.317200000000000000e+04 -3.952000000000000000e+03 -2.120000000000000000e+02 -1.224000000000000000e+03
