-1.037200000000000000e+04 5.680000000000000000e+02 1.123200000000000000e+04 -3.952000000000000000e+03 3.510000000000000000e+02 -3.992000000000000000e+03
-1.019200000000000000e+04 6.600000000000000000e+02 1.198800000000000000e+04 -3.952000000000000000e+03 3.250000000000000000e+02 -3.503000000000000000e+03
-1.014800000000000000e+04 5.520000000000000000e+02 1.130400000000000000e+04 -3.984000000000000000e+03 3.390000000000000000e+02 -3.047000000000000000e+03
-1.000000000000000000e+04 5.600000000000000000e+02 1.174800000000000000e+04 -3.984000000000000000e+03 3.150000000000000000e+02 -2.637000000000000000e+03
-1.042800000000000000e+04 7.480000000000000000e+02 1.178800000000000000e+04 -3.952000000000000000e+03 2.800000000000000000e+02 -2.228000000000000000e+03
-1.039200000000000000e+04 8.360000000000000000e+02 1.223600000000000000e+04 -3.968000000000000000e+03 2.470000000000000000e+02 -1.699000000000000000e+03
-9.560000000000000000e+03 8.280000000000000000e+02 1.249600000000000000e+04 -3.984000000000000000e+03 2.350000000000000000e+02 -1.240000000000000000e+03
-9.276000000000000000e+03 7.960000000000000000e+02 1.288400000000000000e+04 -4.000000000000000000e+03 1.190000000000000000e+02 -7.400000000000000000e+02
4.000000000000000000e+00 9.320000000000000000e+02 1.322000000000000000e+04 -3.936000000000000000e+03 6.700000000000000000e+01 -2.690000000000000000e+02
-9.268000000000000000e+03 8.960000000000000000e+02 1.336800000000000000e+04 -3.984000000000000000e+03 1.500000000000000000e+01 2.320000000000000000e+02
-8.560000000000000000e+03 1.056000000000000000e+03 1.369200000000000000e+04 -4.000000000000000000e+03 -6.500000000000000000e+01 6.190000000000000000e+02
-8.396000000000000000e+03 1.052000000000000000e+03 1.382000000000000000e+04 -3.952000000000000000e+03 -9.200000000000000000e+01 1.068000000000000000e+03
-7.732000000000000000e+03 1.292000000000000000e+03 1.353200000000000000e+04 -3.968000000000000000e+03 -1.500000000000000000e+02 1.501000000000000000e+03
-7.556000000000000000e+03 1.220000000000000000e+03 1.352000000000000000e+04 -4.000000000000000000e+03 -2.200000000000000000e+02 1.915000000000000000e+03
-7.480000000000000000e+03 1.348000000000000000e+03 1.347600000000000000e+04 -3.936000000000000000e+03 -2.680000000000000000e+02 2.358000000000000000e+03
-6.936000000000000000e+03 1.356000000000000000e+03 1.370000000000000000e+04 -3.968000000000000000e+03 -3.280000000000000000e+02 2.800000000000000000e+03
-6.528000000000000000e+03 1.484000000000000000e+03 1.392400000000000000e+04 -3.952000000000000000e+03 -4.220000000000000000e+02 3.266000000000000000e+03
-5.772000000000000000e+03 1.484000000000000000e+03 1.390800000000000000e+04 -3.984000000000000000e+03 -5.190000000000000000e+02 3.739000000000000000e+03
-5.300000000000000000e+03 1.384000000000000000e+03 1.426000000000000000e+04 -3.984000000000000000e+03 -5.730000000000000000e+02 4.138000000000000000e+03
-5.024000000000000000e+03 1.676000000000000000e+03 1.408000000000000000e+04 -3.968000000000000000e+03 -6.360000000000000000e+02 4.457000000000000000e+03
-4.184000000000000000e+03 1.708000000000000000e+03 1.421600000000000000e+04 -3.984000000000000000e+03 -7.070000000000000000e+02 4.642000000000000000e+03
-3.952000000000000000e+03 1.764000000000000000e+03 1.432000000000000000e+04 -3.984000000000000000e+03 -7.920000000000000000e+02 4.813000000000000000e+03
-3.608000000000000000e+03 1.804000000000000000e+03 1.427600000000000000e+04 -3.968000000000000000e+03 -8.520000000000000000e+02 4.897000000000000000e+03
-3.500000000000000000e+03 1.736000000000000000e+03 1.424000000000000000e+04 -3.968000000000000000e+03 -9.410000000000000000e+02 4.897000000000000000e+03
-3.272000000000000000e+03 1.856000000000000000e+03 1.410000000000000000e+04 -3.968000000000000000e+03 -9.640000000000000000e+02 4.820000000000000000e+03
-3.092000000000000000e+03 1.768000000000000000e+03 1.433200000000000000e+04 -3.984000000000000000e+03 -1.049000000000000000e+03 4.730000000000000000e+03
-2.820000000000000000e+03 1.744000000000000000e+03 1.431600000000000000e+04 -4.000000000000000000e+03 -1.110000000000000000e+03 4.612000000000000000e+03
-2.312000000000000000e+03 1.864000000000000000e+03 1.404800000000000000e+04 -3.952000000000000000e+03 -1.100000000000000000e+03 4.355000000000000000e+03
-2.376000000000000000e+03 1.892000000000000000e+03 1.400800000000000000e+04 -3.984000000000000000e+03 -1.085000000000000000e+03 4.054000000000000000e+03
-2.292000000000000000e+03 1.784000000000000000e+03 1.404000000000000000e+04 -3.968000000000000000e+03 -1.048000000000000000e+03 3.755000000000000000e+03
-2.072000000000000000e+03 1.828000000000000000e+03 1.396000000000000000e+04 -3.952000000000000000e+03 -9.980000000000000000e+02 3.384000000000000000e+03
-2.180000000000000000e+03 1.700000000000000000e+03 1.398000000000000000e+04 -3.952000000000000000e+03 -9.570000000000000000e+02 2.996000000000000000e+03
-1.952000000000000000e+03 1.712000000000000000e+03 1.394400000000000000e+04 -4.016000000000000000e+03 -8.880000000000000000e+02 2.646000000000000000e+03
-2.144000000000000000e+03 1.624000000000000000e+03 1.336400000000000000e+04 -3.984000000000000000e+03 -7.890000000000000000e+02 2.254000000000000000e+03
-1.944000000000000000e+03 1.520000000000000000e+03 1.320800000000000000e+04 -3.968000000000000000e+03 -7.040000000000000000e+02 1.880000000000000000e+03
-2.368000000000000000e+03 1.364000000000000000e+03 1.329200000000000000e+04 -3.968000000000000000e+03 -7.020000000000000000e+02 1.467000000000000000e+03
-2.480000000000000000e+03 1.428000000000000000e+03 1.332400000000000000e+04 -3.952000000000000000e+03 -5.950000000000000000e+02 9.880000000000000000e+02
-2.860000000000000000e+03 1.192000000000000000e+03 1.276000000000000000e+04 -3.984000000000000000e+03 -5.630000000000000000e+02 6.600000000000000000e+02
-3.156000000000000000e+03 1.168000000000000000e+03 1.223200000000000000e+04 -3.952000000000000000e+03 -4.740000000000000000e+02 3.400000000000000000e+02
-3.576000000000000000e+03 1.104000000000000000e+03 1.218400000000000000e+04 -3.952000000000000000e+03 -4.710000000000000000e+02 1.860000000000000000e+02
-3.840000000000000000e+03 1.040000000000000000e+03 1.212800000000000000e+04 -3.984000000000000000e+03 -3.820000000000000000e+02 2.700000000000000000e+01
-3.996000000000000000e+03 1.016000000000000000e+03 1.210000000000000000e+04 -3.984000000000000000e+03 -4.600000000000000000e+02 -7.000000000000000000e+00
-4.592000000000000000e+03 7.720000000000000000e+02 1.180400000000000000e+04 -3.952000000000000000e+03 -4.610000000000000000e+02 4.900000000000000000e+01
-5.000000000000000000e+03 5.760000000000000000e+02 1.202000000000000000e+04 -3.984000000000000000e+03 -4.670000000000000000e+02 1.500000000000000000e+01
-5.416000000000000000e+03 4.560000000000000000e+02 1.187200000000000000e+04 -3.984000000000000000e+03 -5.070000000000000000e+02 -3.300000000000000000e+01
-5.740000000000000000e+03 3.760000000000000000e+02 1.192400000000000000e+04 -3.984000000000000000e+03 -4.710000000000000000e+02 -1.200000000000000000e+02
-5.976000000000000000e+03 2.800000000000000000e+02 1.218000000000000000e+04 -3.920000000000000000e+03 -4.990000000000000000e+02 -2.560000000000000000e+02
-6.428000000000000000e+03 1.320000000000000000e+02 1.235600000000000000e+04 -3.984000000000000000e+03 -4.730000000000000000e+02 -3.600000000000000000e+02
-6.732000000000000000e+03 1.520000000000000000e+02 1.210400000000000000e+04 -3.968000000000000000e+03 -4.990000000000000000e+02 -4.030000000000000000e+02
-6.992000000000000000e+03 2.520000000000000000e+02 1.186800000000000000e+04 -3.968000000000000000e+03 -4.850000000000000000e+02 -4.360000000000000000e+02
-7.488000000000000000e+03 2.760000000000000000e+02 1.145600000000000000e+04 -3.984000000000000000e+03 -4.470000000000000000e+02 -4.050000000000000000e+02
-7.852000000000000000e+03 4.880000000000000000e+02 1.144000000000000000e+04 -3.968000000000000000e+03 -4.590000000000000000e+02 -3.330000000000000000e+02
-8.132000000000000000e+03 6.400000000000000000e+02 1.136800000000000000e+04 -3.984000000000000000e+03 -4.080000000000000000e+02 -2.360000000000000000e+02
-8.444000000000000000e+03 4.080000000000000000e+02 1.130000000000000000e+04 -3.968000000000000000e+03 -3.730000000000000000e+02 -1.650000000000000000e+02
-9.024000000000000000e+03 6.240000000000000000e+02 1.125600000000000000e+04 -3.968000000000000000e+03 -3.350000000000000000e+02 -1.460000000000000000e+02
-9.408000000000000000e+03 6.440000000000000000e+02 1.145200000000000000e+04 -3.968000000000000000e+03 -3.030000000000000000e+02 -8.300000000000000000e+01
-9.476000000000000000e+03 9.040000000000000000e+02 1.133600000000000000e+04 -4.000000000000000000e+03 -2.600000000000000000e+02 -3.600000000000000000e+01
-9.240000000000000000e+03 9.040000000000000000e+02 1.134400000000000000e+04 -3.968000000000000000e+03 -2.670000000000000000e+02 -3.000000000000000000e+01
-9.264000000000000000e+03 6.040000000000000000e+02 1.120000000000000000e+04 -3.952000000000000000e+03 -2.770000000000000000e+02 -2.400000000000000000e+01
-9.292000000000000000e+03 4.120000000000000000e+02 1.138000000000000000e+04 -3.968000000000000000e+03 -2.650000000000000000e+02 4.000000000000000000e+00
-9.368000000000000000e+03 3.680000000000000000e+02 1.144400000000000000e+04 -3.936000000000000000e+03 -3.050000000000000000e+02 4.500000000000000000e+01
-9.388000000000000000e+03 3.320000000000000000e+02 1.147200000000000000e+04 -3.984000000000000000e+03 -3.010000000000000000e+02 9.500000000000000000e+01
-9.284000000000000000e+03 2.760000000000000000e+02 1.134800000000000000e+04 -3.984000000000000000e+03 -3.190000000000000000e+02 1.360000000000000000e+02
