-5.404000000000000000e+03 1.564000000000000000e+03 1.334000000000000000e+04 -3.984000000000000000e+03 -2.820000000000000000e+02 -2.160000000000000000e+02
-5.344000000000000000e+03 1.624000000000000000e+03 1.342000000000000000e+04 -4.000000000000000000e+03 -2.830000000000000000e+02 -2.170000000000000000e+02
-5.304000000000000000e+03 1.560000000000000000e+03 1.330400000000000000e+04 -4.032000000000000000e+03 -2.710000000000000000e+02 -2.710000000000000000e+02
-5.200000000000000000e+03 1.636000000000000000e+03 1.354400000000000000e+04 -3.984000000000000000e+03 -2.500000000000000000e+02 -3.270000000000000000e+02
-5.168000000000000000e+03 1.624000000000000000e+03 1.343200000000000000e+04 -3.984000000000000000e+03 -2.630000000000000000e+02 -3.100000000000000000e+02
-5.168000000000000000e+03 1.704000000000000000e+03 1.351200000000000000e+04 -4.000000000000000000e+03 -2.400000000000000000e+02 -3.010000000000000000e+02
-4.924000000000000000e+03 1.656000000000000000e+03 1.318400000000000000e+04 -4.000000000000000000e+03 -2.090000000000000000e+02 -2.960000000000000000e+02
-4.840000000000000000e+03 1.620000000000000000e+03 1.345600000000000000e+04 -3.984000000000000000e+03 -2.130000000000000000e+02 -2.920000000000000000e+02
-4.964000000000000000e+03 1.724000000000000000e+03 1.357200000000000000e+04 -4.016000000000000000e+03 -2.060000000000000000e+02 -2.980000000000000000e+02
-4.976000000000000000e+03 1.620000000000000000e+03 1.356000000000000000e+04 -4.000000000000000000e+03 -2.300000000000000000e+02 -2.850000000000000000e+02
-4.756000000000000000e+03 1.620000000000000000e+03 1.390400000000000000e+04 -4.016000000000000000e+03 -2.360000000000000000e+02 -2.240000000000000000e+02
-4.824000000000000000e+03 1.568000000000000000e+03 1.363200000000000000e+04 -3.984000000000000000e+03 -2.600000000000000000e+02 -7.500000000000000000e+01
-4.656000000000000000e+03 1.652000000000000000e+03 1.350000000000000000e+04 -3.968000000000000000e+03 -2.640000000000000000e+02 3.200000000000000000e+01
-4.600000000000000000e+03 1.716000000000000000e+03 1.346800000000000000e+04 -4.016000000000000000e+03 -2.970000000000000000e+02 1.060000000000000000e+02
-4.648000000000000000e+03 1.604000000000000000e+03 1.348400000000000000e+04 -3.968000000000000000e+03 -3.290000000000000000e+02 1.660000000000000000e+02
-4.588000000000000000e+03 1.652000000000000000e+03 1.371200000000000000e+04 -3.968000000000000000e+03 -3.410000000000000000e+02 2.560000000000000000e+02
-4.636000000000000000e+03 1.660000000000000000e+03 1.368800000000000000e+04 -4.000000000000000000e+03 -3.600000000000000000e+02 3.310000000000000000e+02
-4.812000000000000000e+03 1.708000000000000000e+03 1.360400000000000000e+04 -4.000000000000000000e+03 -3.600000000000000000e+02 4.770000000000000000e+02
-4.640000000000000000e+03 1.652000000000000000e+03 1.362800000000000000e+04 -3.968000000000000000e+03 -3.480000000000000000e+02 5.470000000000000000e+02
-4.668000000000000000e+03 1.532000000000000000e+03 1.342800000000000000e+04 -4.000000000000000000e+03 -3.530000000000000000e+02 5.680000000000000000e+02
-4.812000000000000000e+03 1.512000000000000000e+03 1.346000000000000000e+04 -4.000000000000000000e+03 -3.400000000000000000e+02 5.990000000000000000e+02
-4.924000000000000000e+03 1.516000000000000000e+03 1.354400000000000000e+04 -3.984000000000000000e+03 -3.380000000000000000e+02 6.070000000000000000e+02
-4.844000000000000000e+03 1.604000000000000000e+03 1.358000000000000000e+04 -3.968000000000000000e+03 -3.550000000000000000e+02 5.920000000000000000e+02
-4.928000000000000000e+03 1.604000000000000000e+03 1.348000000000000000e+04 -3.952000000000000000e+03 -3.180000000000000000e+02 5.940000000000000000e+02
-5.032000000000000000e+03 1.592000000000000000e+03 1.316000000000000000e+04 -3.984000000000000000e+03 -2.800000000000000000e+02 5.390000000000000000e+02
-4.936000000000000000e+03 1.576000000000000000e+03 1.344800000000000000e+04 -3.984000000000000000e+03 -2.440000000000000000e+02 4.780000000000000000e+02
-5.028000000000000000e+03 1.588000000000000000e+03 1.359600000000000000e+04 -3.984000000000000000e+03 -2.520000000000000000e+02 4.050000000000000000e+02
-5.140000000000000000e+03 1.616000000000000000e+03 1.342400000000000000e+04 -3.984000000000000000e+03 -2.290000000000000000e+02 3.390000000000000000e+02
-5.124000000000000000e+03 1.584000000000000000e+03 1.331200000000000000e+04 -3.984000000000000000e+03 -2.340000000000000000e+02 4.140000000000000000e+02
-5.032000000000000000e+03 1.660000000000000000e+03 1.335200000000000000e+04 -3.984000000000000000e+03 -2.620000000000000000e+02 6.450000000000000000e+02
-5.188000000000000000e+03 1.664000000000000000e+03 1.344800000000000000e+04 -3.984000000000000000e+03 -3.610000000000000000e+02 1.582000000000000000e+03
-5.208000000000000000e+03 1.648000000000000000e+03 1.317600000000000000e+04 -3.984000000000000000e+03 -4.100000000000000000e+02 1.518000000000000000e+03
-5.028000000000000000e+03 1.560000000000000000e+03 1.332800000000000000e+04 -3.968000000000000000e+03 -4.890000000000000000e+02 2.025000000000000000e+03
-5.232000000000000000e+03 1.636000000000000000e+03 1.344000000000000000e+04 -3.984000000000000000e+03 -6.140000000000000000e+02 2.464000000000000000e+03
-5.484000000000000000e+03 1.424000000000000000e+03 1.328400000000000000e+04 -4.000000000000000000e+03 -6.440000000000000000e+02 2.630000000000000000e+03
-5.604000000000000000e+03 1.472000000000000000e+03 1.319600000000000000e+04 -3.984000000000000000e+03 -6.640000000000000000e+02 2.443000000000000000e+03
-5.824000000000000000e+03 1.528000000000000000e+03 1.323600000000000000e+04 -4.016000000000000000e+03 -6.350000000000000000e+02 2.266000000000000000e+03
-6.152000000000000000e+03 1.500000000000000000e+03 1.318400000000000000e+04 -4.000000000000000000e+03 -5.690000000000000000e+02 1.950000000000000000e+03
-6.196000000000000000e+03 1.408000000000000000e+03 1.300400000000000000e+04 -3.984000000000000000e+03 -5.190000000000000000e+02 1.599000000000000000e+03
-6.400000000000000000e+03 1.336000000000000000e+03 1.289600000000000000e+04 -4.000000000000000000e+03 -4.400000000000000000e+02 1.270000000000000000e+03
-6.584000000000000000e+03 1.420000000000000000e+03 1.294000000000000000e+04 -4.016000000000000000e+03 -3.940000000000000000e+02 9.510000000000000000e+02
-6.556000000000000000e+03 1.284000000000000000e+03 1.256800000000000000e+04 -3.984000000000000000e+03 -3.020000000000000000e+02 6.630000000000000000e+02
-6.692000000000000000e+03 1.300000000000000000e+03 1.283200000000000000e+04 -4.000000000000000000e+03 -2.640000000000000000e+02 3.720000000000000000e+02
-6.836000000000000000e+03 1.136000000000000000e+03 1.267600000000000000e+04 -3.984000000000000000e+03 -2.250000000000000000e+02 9.600000000000000000e+01
-6.868000000000000000e+03 1.228000000000000000e+03 1.288000000000000000e+04 -3.984000000000000000e+03 -1.710000000000000000e+02 -1.030000000000000000e+02
-6.944000000000000000e+03 1.140000000000000000e+03 1.268800000000000000e+04 -4.032000000000000000e+03 -1.610000000000000000e+02 -2.830000000000000000e+02
-6.728000000000000000e+03 1.288000000000000000e+03 1.297600000000000000e+04 -3.984000000000000000e+03 -1.720000000000000000e+02 -3.550000000000000000e+02
-6.720000000000000000e+03 1.312000000000000000e+03 1.274000000000000000e+04 -4.016000000000000000e+03 -1.610000000000000000e+02 -3.270000000000000000e+02
-6.700000000000000000e+03 1.392000000000000000e+03 1.269600000000000000e+04 -3.968000000000000000e+03 -1.710000000000000000e+02 -3.160000000000000000e+02
-6.576000000000000000e+03 1.436000000000000000e+03 1.290000000000000000e+04 -4.000000000000000000e+03 -1.450000000000000000e+02 -3.250000000000000000e+02
-6.488000000000000000e+03 1.500000000000000000e+03 1.265200000000000000e+04 -3.984000000000000000e+03 -1.400000000000000000e+02 -4.680000000000000000e+02
-6.348000000000000000e+03 1.516000000000000000e+03 1.276400000000000000e+04 -3.984000000000000000e+03 -9.600000000000000000e+01 -6.500000000000000000e+02
-6.608000000000000000e+03 1.468000000000000000e+03 1.291200000000000000e+04 -4.000000000000000000e+03 -8.000000000000000000e+01 -8.310000000000000000e+02
-6.540000000000000000e+03 1.436000000000000000e+03 1.307600000000000000e+04 -3.984000000000000000e+03 -1.050000000000000000e+02 -9.470000000000000000e+02
-6.460000000000000000e+03 1.436000000000000000e+03 1.321200000000000000e+04 -3.984000000000000000e+03 -1.060000000000000000e+02 -9.820000000000000000e+02
-6.332000000000000000e+03 1.476000000000000000e+03 1.310800000000000000e+04 -4.000000000000000000e+03 -1.280000000000000000e+02 -8.840000000000000000e+02
-6.080000000000000000e+03 1.536000000000000000e+03 1.310400000000000000e+04 -4.000000000000000000e+03 -1.220000000000000000e+02 -7.800000000000000000e+02
-6.020000000000000000e+03 1.428000000000000000e+03 1.302400000000000000e+04 -3.984000000000000000e+03 -1.420000000000000000e+02 -6.800000000000000000e+02
-5.992000000000000000e+03 1.580000000000000000e+03 1.294800000000000000e+04 -4.016000000000000000e+03 -1.350000000000000000e+02 -7.020000000000000000e+02
-6.072000000000000000e+03 1.628000000000000000e+03 1.319200000000000000e+04 -4.000000000000000000e+03 -1.270000000000000000e+02 -7.040000000000000000e+02
-5.940000000000000000e+03 1.644000000000000000e+03 1.321200000000000000e+04 -3.968000000000000000e+03 -1.130000000000000000e+02 -6.860000000000000000e+02
-5.672000000000000000e+03 1.652000000000000000e+03 1.333600000000000000e+04 -3.984000000000000000e+03 -1.520000000000000000e+02 -5.460000000000000000e+02
-5.688000000000000000e+03 1.580000000000000000e+03 1.318000000000000000e+04 -4.016000000000000000e+03 -1.900000000000000000e+02 -4.300000000000000000e+02
-5.752000000000000000e+03 1.732000000000000000e+03 1.314000000000000000e+04 -3.968000000000000000e+03 -1.760000000000000000e+02 -2.550000000000000000e+02
-5.496000000000000000e+03 1.736000000000000000e+03 1.318800000000000000e+04 -4.032000000000000000e+03 -1.890000000000000000e+02 -1.570000000000000000e+02
-5.508000000000000000e+03 1.676000000000000000e+03 1.327600000000000000e+04 -3.984000000000000000e+03 -1.850000000000000000e+02 -8.400000000000000000e+01
-5.476000000000000000e+03 1.704000000000000000e+03 1.322800000000000000e+04 -4.016000000000000000e+03 -1.910000000000000000e+02 -4.600000000000000000e+01
-5.356000000000000000e+03 1.804000000000000000e+03 1.323600000000000000e+04 -4.016000000000000000e+03 -2.210000000000000000e+02 7.100000000000000000e+01
-5.472000000000000000e+03 1.672000000000000000e+03 1.335200000000000000e+04 -4.000000000000000000e+03 -2.680000000000000000e+02 2.120000000000000000e+02
-5.524000000000000000e+03 1.644000000000000000e+03 1.328800000000000000e+04 -3.984000000000000000e+03 -2.790000000000000000e+02 3.970000000000000000e+02
-5.348000000000000000e+03 1.692000000000000000e+03 1.330000000000000000e+04 -4.016000000000000000e+03 -3.240000000000000000e+02 5.510000000000000000e+02
-5.252000000000000000e+03 1.616000000000000000e+03 1.325600000000000000e+04 -3.984000000000000000e+03 -3.510000000000000000e+02 6.660000000000000000e+02
-5.548000000000000000e+03 1.712000000000000000e+03 1.335600000000000000e+04 -4.016000000000000000e+03 -4.150000000000000000e+02 7.520000000000000000e+02
-5.612000000000000000e+03 1.640000000000000000e+03 1.327200000000000000e+04 -3.984000000000000000e+03 -4.080000000000000000e+02 8.150000000000000000e+02
-5.660000000000000000e+03 1.644000000000000000e+03 1.336800000000000000e+04 -3.984000000000000000e+03 -4.390000000000000000e+02 8.840000000000000000e+02
-5.688000000000000000e+03 1.732000000000000000e+03 1.330800000000000000e+04 -4.016000000000000000e+03 -4.450000000000000000e+02 9.450000000000000000e+02
-5.744000000000000000e+03 1.736000000000000000e+03 1.319200000000000000e+04 -4.016000000000000000e+03 -4.780000000000000000e+02 1.052000000000000000e+03
-5.608000000000000000e+03 1.668000000000000000e+03 1.296400000000000000e+04 -3.984000000000000000e+03 -4.560000000000000000e+02 1.107000000000000000e+03
-5.776000000000000000e+03 1.688000000000000000e+03 1.306800000000000000e+04 -3.984000000000000000e+03 -4.640000000000000000e+02 1.106000000000000000e+03
-5.816000000000000000e+03 1.512000000000000000e+03 1.289600000000000000e+04 -4.032000000000000000e+03 -4.620000000000000000e+02 9.520000000000000000e+02
-5.860000000000000000e+03 1.472000000000000000e+03 1.312400000000000000e+04 -4.016000000000000000e+03 -4.360000000000000000e+02 8.190000000000000000e+02
-5.916000000000000000e+03 1.552000000000000000e+03 1.302400000000000000e+04 -4.016000000000000000e+03 -4.230000000000000000e+02 7.220000000000000000e+02
-6.064000000000000000e+03 1.452000000000000000e+03 1.308400000000000000e+04 -3.984000000000000000e+03 -4.160000000000000000e+02 6.260000000000000000e+02
