8.880000000000000000e+02 2.520000000000000000e+03 1.433600000000000000e+04 -4.016000000000000000e+03 -3.080000000000000000e+02 2.060000000000000000e+02
8.440000000000000000e+02 2.448000000000000000e+03 1.438800000000000000e+04 -4.096000000000000000e+03 -3.020000000000000000e+02 2.510000000000000000e+02
8.800000000000000000e+02 2.364000000000000000e+03 1.450800000000000000e+04 -4.032000000000000000e+03 -3.090000000000000000e+02 3.890000000000000000e+02
8.080000000000000000e+02 2.372000000000000000e+03 1.445200000000000000e+04 -4.080000000000000000e+03 -3.170000000000000000e+02 5.610000000000000000e+02
8.280000000000000000e+02 2.524000000000000000e+03 1.419200000000000000e+04 -4.048000000000000000e+03 -3.570000000000000000e+02 7.210000000000000000e+02
1.004000000000000000e+03 2.628000000000000000e+03 1.446400000000000000e+04 -4.032000000000000000e+03 -4.060000000000000000e+02 7.950000000000000000e+02
8.160000000000000000e+02 2.512000000000000000e+03 1.427200000000000000e+04 -4.016000000000000000e+03 -3.950000000000000000e+02 8.580000000000000000e+02
8.440000000000000000e+02 2.544000000000000000e+03 1.418800000000000000e+04 -4.048000000000000000e+03 -4.000000000000000000e+02 7.600000000000000000e+02
8.200000000000000000e+02 2.616000000000000000e+03 1.438000000000000000e+04 -4.064000000000000000e+03 -3.800000000000000000e+02 5.880000000000000000e+02
6.920000000000000000e+02 2.548000000000000000e+03 1.442000000000000000e+04 -4.032000000000000000e+03 -3.900000000000000000e+02 3.660000000000000000e+02
7.640000000000000000e+02 2.368000000000000000e+03 1.464400000000000000e+04 -4.048000000000000000e+03 -3.240000000000000000e+02 1.120000000000000000e+02
6.520000000000000000e+02 2.288000000000000000e+03 1.446000000000000000e+04 -4.048000000000000000e+03 -2.680000000000000000e+02 -1.370000000000000000e+02
4.560000000000000000e+02 2.168000000000000000e+03 1.437200000000000000e+04 -4.032000000000000000e+03 -2.390000000000000000e+02 -4.240000000000000000e+02
4.280000000000000000e+02 2.236000000000000000e+03 1.424800000000000000e+04 -4.064000000000000000e+03 -1.910000000000000000e+02 -6.730000000000000000e+02
4.960000000000000000e+02 2.404000000000000000e+03 1.440400000000000000e+04 -4.016000000000000000e+03 -1.610000000000000000e+02 -8.000000000000000000e+02
4.920000000000000000e+02 2.460000000000000000e+03 1.444000000000000000e+04 -4.032000000000000000e+03 -1.390000000000000000e+02 -8.100000000000000000e+02
6.120000000000000000e+02 2.476000000000000000e+03 1.454800000000000000e+04 -4.048000000000000000e+03 -1.410000000000000000e+02 -6.600000000000000000e+02
7.600000000000000000e+02 2.448000000000000000e+03 1.434800000000000000e+04 -4.080000000000000000e+03 -1.310000000000000000e+02 -4.000000000000000000e+02
8.720000000000000000e+02 2.512000000000000000e+03 1.434400000000000000e+04 -4.048000000000000000e+03 -1.720000000000000000e+02 -1.530000000000000000e+02
9.480000000000000000e+02 2.600000000000000000e+03 1.438000000000000000e+04 -4.080000000000000000e+03 -1.720000000000000000e+02 2.700000000000000000e+01
9.360000000000000000e+02 2.576000000000000000e+03 1.437600000000000000e+04 -4.064000000000000000e+03 -1.990000000000000000e+02 6.700000000000000000e+01
1.040000000000000000e+03 2.476000000000000000e+03 1.438800000000000000e+04 -4.064000000000000000e+03 -2.020000000000000000e+02 1.010000000000000000e+02
1.168000000000000000e+03 2.476000000000000000e+03 1.436800000000000000e+04 -4.064000000000000000e+03 -1.860000000000000000e+02 5.300000000000000000e+01
1.040000000000000000e+03 2.524000000000000000e+03 1.435200000000000000e+04 -4.048000000000000000e+03 -1.590000000000000000e+02 -4.300000000000000000e+01
1.064000000000000000e+03 2.340000000000000000e+03 1.396800000000000000e+04 -4.032000000000000000e+03 -1.440000000000000000e+02 -1.200000000000000000e+02
9.320000000000000000e+02 2.504000000000000000e+03 1.422000000000000000e+04 -4.064000000000000000e+03 -1.510000000000000000e+02 -2.050000000000000000e+02
8.600000000000000000e+02 2.600000000000000000e+03 1.426000000000000000e+04 -4.064000000000000000e+03 -8.100000000000000000e+01 -3.190000000000000000e+02
8.600000000000000000e+02 2.548000000000000000e+03 1.435200000000000000e+04 -4.080000000000000000e+03 -1.100000000000000000e+02 -3.710000000000000000e+02
9.320000000000000000e+02 2.420000000000000000e+03 1.444400000000000000e+04 -4.048000000000000000e+03 -1.080000000000000000e+02 -4.220000000000000000e+02
1.372000000000000000e+03 2.808000000000000000e+03 1.502800000000000000e+04 -4.048000000000000000e+03 -1.140000000000000000e+02 -5.160000000000000000e+02
1.584000000000000000e+03 2.640000000000000000e+03 1.471600000000000000e+04 -4.016000000000000000e+03 -9.600000000000000000e+01 -5.520000000000000000e+02
1.308000000000000000e+03 2.656000000000000000e+03 1.419200000000000000e+04 -4.048000000000000000e+03 -7.600000000000000000e+01 -5.320000000000000000e+02
1.244000000000000000e+03 2.636000000000000000e+03 1.413200000000000000e+04 -4.064000000000000000e+03 -1.210000000000000000e+02 -4.560000000000000000e+02
1.312000000000000000e+03 2.680000000000000000e+03 1.417200000000000000e+04 -4.048000000000000000e+03 -1.490000000000000000e+02 -3.440000000000000000e+02
1.492000000000000000e+03 2.648000000000000000e+03 1.446000000000000000e+04 -4.048000000000000000e+03 -1.700000000000000000e+02 -2.520000000000000000e+02
1.564000000000000000e+03 2.716000000000000000e+03 1.448800000000000000e+04 -4.048000000000000000e+03 -1.920000000000000000e+02 -1.370000000000000000e+02
1.596000000000000000e+03 2.684000000000000000e+03 1.426800000000000000e+04 -4.048000000000000000e+03 -2.440000000000000000e+02 -3.700000000000000000e+01
1.360000000000000000e+03 2.568000000000000000e+03 1.426000000000000000e+04 -4.080000000000000000e+03 -2.310000000000000000e+02 3.700000000000000000e+01
1.608000000000000000e+03 2.648000000000000000e+03 1.432800000000000000e+04 -4.048000000000000000e+03 -2.350000000000000000e+02 7.800000000000000000e+01
1.488000000000000000e+03 2.404000000000000000e+03 1.431200000000000000e+04 -4.032000000000000000e+03 -2.380000000000000000e+02 9.100000000000000000e+01
1.680000000000000000e+03 2.452000000000000000e+03 1.444800000000000000e+04 -4.048000000000000000e+03 -2.640000000000000000e+02 8.800000000000000000e+01
1.868000000000000000e+03 2.696000000000000000e+03 1.470400000000000000e+04 -4.048000000000000000e+03 -2.830000000000000000e+02 1.190000000000000000e+02
1.704000000000000000e+03 2.904000000000000000e+03 1.418800000000000000e+04 -4.064000000000000000e+03 -2.700000000000000000e+02 9.000000000000000000e+01
1.792000000000000000e+03 2.896000000000000000e+03 1.408800000000000000e+04 -4.032000000000000000e+03 -3.340000000000000000e+02 1.380000000000000000e+02
1.640000000000000000e+03 2.980000000000000000e+03 1.443600000000000000e+04 -4.080000000000000000e+03 -3.910000000000000000e+02 2.790000000000000000e+02
1.524000000000000000e+03 2.932000000000000000e+03 1.460000000000000000e+04 -4.064000000000000000e+03 -4.350000000000000000e+02 4.220000000000000000e+02
1.496000000000000000e+03 2.804000000000000000e+03 1.435200000000000000e+04 -4.080000000000000000e+03 -5.000000000000000000e+02 6.080000000000000000e+02
1.692000000000000000e+03 2.524000000000000000e+03 1.440400000000000000e+04 -4.064000000000000000e+03 -5.460000000000000000e+02 8.150000000000000000e+02
1.784000000000000000e+03 2.496000000000000000e+03 1.456000000000000000e+04 -4.000000000000000000e+03 -5.890000000000000000e+02 9.650000000000000000e+02
1.740000000000000000e+03 2.344000000000000000e+03 1.434400000000000000e+04 -4.080000000000000000e+03 -5.910000000000000000e+02 9.890000000000000000e+02
1.604000000000000000e+03 2.308000000000000000e+03 1.431600000000000000e+04 -4.064000000000000000e+03 -5.730000000000000000e+02 9.930000000000000000e+02
1.488000000000000000e+03 2.332000000000000000e+03 1.416400000000000000e+04 -4.048000000000000000e+03 -5.450000000000000000e+02 8.190000000000000000e+02
1.272000000000000000e+03 2.364000000000000000e+03 1.424800000000000000e+04 -4.080000000000000000e+03 -5.450000000000000000e+02 5.980000000000000000e+02
1.288000000000000000e+03 2.420000000000000000e+03 1.433600000000000000e+04 -4.064000000000000000e+03 -5.470000000000000000e+02 3.970000000000000000e+02
1.316000000000000000e+03 2.548000000000000000e+03 1.454000000000000000e+04 -4.064000000000000000e+03 -4.970000000000000000e+02 1.820000000000000000e+02
1.200000000000000000e+03 2.536000000000000000e+03 1.450400000000000000e+04 -4.080000000000000000e+03 -4.700000000000000000e+02 -4.400000000000000000e+01
1.288000000000000000e+03 2.480000000000000000e+03 1.475600000000000000e+04 -4.048000000000000000e+03 -3.970000000000000000e+02 -1.810000000000000000e+02
9.200000000000000000e+02 2.384000000000000000e+03 1.430800000000000000e+04 -4.048000000000000000e+03 -3.680000000000000000e+02 -2.160000000000000000e+02
1.048000000000000000e+03 2.348000000000000000e+03 1.428400000000000000e+04 -4.064000000000000000e+03 -2.000000000000000000e+02 -2.120000000000000000e+02
1.284000000000000000e+03 2.404000000000000000e+03 1.382400000000000000e+04 -4.064000000000000000e+03 -1.780000000000000000e+02 -1.690000000000000000e+02
1.612000000000000000e+03 2.324000000000000000e+03 1.378400000000000000e+04 -4.096000000000000000e+03 -1.850000000000000000e+02 -2.000000000000000000e+02
1.836000000000000000e+03 2.616000000000000000e+03 1.429600000000000000e+04 -4.064000000000000000e+03 -1.910000000000000000e+02 -2.520000000000000000e+02
1.928000000000000000e+03 2.612000000000000000e+03 1.418000000000000000e+04 -4.064000000000000000e+03 -1.130000000000000000e+02 -3.130000000000000000e+02
1.432000000000000000e+03 2.568000000000000000e+03 1.408000000000000000e+04 -4.064000000000000000e+03 -1.180000000000000000e+02 -3.270000000000000000e+02
1.196000000000000000e+03 2.492000000000000000e+03 1.416400000000000000e+04 -4.064000000000000000e+03 -8.800000000000000000e+01 -3.450000000000000000e+02
1.332000000000000000e+03 2.464000000000000000e+03 1.438000000000000000e+04 -4.064000000000000000e+03 -5.800000000000000000e+01 -3.490000000000000000e+02
1.436000000000000000e+03 2.352000000000000000e+03 1.428800000000000000e+04 -4.016000000000000000e+03 -3.000000000000000000e+01 -2.290000000000000000e+02
1.736000000000000000e+03 2.380000000000000000e+03 1.457200000000000000e+04 -4.048000000000000000e+03 -4.700000000000000000e+01 -1.530000000000000000e+02
1.736000000000000000e+03 2.412000000000000000e+03 1.435200000000000000e+04 -4.048000000000000000e+03 -4.200000000000000000e+01 -5.600000000000000000e+01
1.744000000000000000e+03 2.448000000000000000e+03 1.439600000000000000e+04 -4.032000000000000000e+03 -6.000000000000000000e+00 2.100000000000000000e+01
1.456000000000000000e+03 2.488000000000000000e+03 1.411200000000000000e+04 -4.048000000000000000e+03 -4.000000000000000000e+00 1.110000000000000000e+02
1.568000000000000000e+03 2.624000000000000000e+03 1.429200000000000000e+04 -4.032000000000000000e+03 -3.200000000000000000e+01 2.510000000000000000e+02
1.484000000000000000e+03 2.664000000000000000e+03 1.442400000000000000e+04 -4.016000000000000000e+03 -8.500000000000000000e+01 4.190000000000000000e+02
1.732000000000000000e+03 2.724000000000000000e+03 1.454800000000000000e+04 -4.048000000000000000e+03 -7.200000000000000000e+01 5.960000000000000000e+02
1.888000000000000000e+03 2.752000000000000000e+03 1.430400000000000000e+04 -4.048000000000000000e+03 -1.110000000000000000e+02 6.980000000000000000e+02
1.796000000000000000e+03 2.688000000000000000e+03 1.430800000000000000e+04 -4.064000000000000000e+03 -1.400000000000000000e+02 7.670000000000000000e+02
1.720000000000000000e+03 2.712000000000000000e+03 1.408800000000000000e+04 -4.048000000000000000e+03 -1.420000000000000000e+02 6.970000000000000000e+02
1.468000000000000000e+03 2.528000000000000000e+03 1.404400000000000000e+04 -4.096000000000000000e+03 -1.630000000000000000e+02 5.090000000000000000e+02
1.484000000000000000e+03 2.672000000000000000e+03 1.421600000000000000e+04 -4.064000000000000000e+03 -1.280000000000000000e+02 2.680000000000000000e+02
1.404000000000000000e+03 2.688000000000000000e+03 1.428400000000000000e+04 -4.080000000000000000e+03 -1.540000000000000000e+02 2.500000000000000000e+01
1.680000000000000000e+03 2.884000000000000000e+03 1.447200000000000000e+04 -4.032000000000000000e+03 -2.030000000000000000e+02 -1.300000000000000000e+02
