-1.024000000000000000e+03 1.608000000000000000e+03 1.406000000000000000e+04 -4.224000000000000000e+03 -1.680000000000000000e+02 -2.810000000000000000e+02
-1.132000000000000000e+03 1.636000000000000000e+03 1.407600000000000000e+04 -4.224000000000000000e+03 -1.040000000000000000e+02 -3.630000000000000000e+02
-1.196000000000000000e+03 1.812000000000000000e+03 1.449200000000000000e+04 -4.240000000000000000e+03 -8.400000000000000000e+01 -3.440000000000000000e+02
-9.400000000000000000e+02 1.920000000000000000e+03 1.438000000000000000e+04 -4.240000000000000000e+03 -1.080000000000000000e+02 -2.440000000000000000e+02
-8.880000000000000000e+02 1.748000000000000000e+03 1.437600000000000000e+04 -4.208000000000000000e+03 -1.530000000000000000e+02 -1.560000000000000000e+02
-9.440000000000000000e+02 1.804000000000000000e+03 1.446000000000000000e+04 -4.208000000000000000e+03 -1.390000000000000000e+02 -7.900000000000000000e+01
-8.280000000000000000e+02 1.640000000000000000e+03 1.427600000000000000e+04 -4.224000000000000000e+03 -1.370000000000000000e+02 6.500000000000000000e+01
-8.800000000000000000e+02 1.744000000000000000e+03 1.428400000000000000e+04 -4.208000000000000000e+03 -1.470000000000000000e+02 2.080000000000000000e+02
-7.320000000000000000e+02 1.688000000000000000e+03 1.438400000000000000e+04 -4.208000000000000000e+03 -1.580000000000000000e+02 3.860000000000000000e+02
-7.240000000000000000e+02 1.756000000000000000e+03 1.454800000000000000e+04 -4.192000000000000000e+03 -2.040000000000000000e+02 5.020000000000000000e+02
-9.000000000000000000e+02 1.648000000000000000e+03 1.440400000000000000e+04 -4.224000000000000000e+03 -2.040000000000000000e+02 5.620000000000000000e+02
-9.120000000000000000e+02 1.752000000000000000e+03 1.443600000000000000e+04 -4.240000000000000000e+03 -2.060000000000000000e+02 6.210000000000000000e+02
-9.600000000000000000e+02 1.736000000000000000e+03 1.448000000000000000e+04 -4.192000000000000000e+03 -2.510000000000000000e+02 5.790000000000000000e+02
-9.920000000000000000e+02 1.932000000000000000e+03 1.462400000000000000e+04 -4.224000000000000000e+03 -2.340000000000000000e+02 5.470000000000000000e+02
-1.080000000000000000e+03 1.892000000000000000e+03 1.438400000000000000e+04 -4.224000000000000000e+03 -2.160000000000000000e+02 4.900000000000000000e+02
-1.000000000000000000e+03 1.848000000000000000e+03 1.450000000000000000e+04 -4.208000000000000000e+03 -2.060000000000000000e+02 3.570000000000000000e+02
-1.044000000000000000e+03 1.700000000000000000e+03 1.448800000000000000e+04 -4.208000000000000000e+03 -2.160000000000000000e+02 1.930000000000000000e+02
-1.368000000000000000e+03 1.780000000000000000e+03 1.460400000000000000e+04 -4.208000000000000000e+03 -1.820000000000000000e+02 1.000000000000000000e+00
-1.220000000000000000e+03 1.852000000000000000e+03 1.445200000000000000e+04 -4.208000000000000000e+03 -1.850000000000000000e+02 -9.600000000000000000e+01
-1.052000000000000000e+03 1.768000000000000000e+03 1.426400000000000000e+04 -4.208000000000000000e+03 -1.610000000000000000e+02 -1.410000000000000000e+02
-1.160000000000000000e+03 1.764000000000000000e+03 1.450400000000000000e+04 -4.256000000000000000e+03 -1.900000000000000000e+02 -1.500000000000000000e+02
-1.072000000000000000e+03 1.872000000000000000e+03 1.455200000000000000e+04 -4.224000000000000000e+03 -1.800000000000000000e+02 -6.200000000000000000e+01
-9.840000000000000000e+02 1.928000000000000000e+03 1.452400000000000000e+04 -4.208000000000000000e+03 -1.950000000000000000e+02 -9.000000000000000000e+00
-9.600000000000000000e+02 1.868000000000000000e+03 1.436800000000000000e+04 -4.208000000000000000e+03 -2.430000000000000000e+02 3.600000000000000000e+01
-1.024000000000000000e+03 1.840000000000000000e+03 1.452800000000000000e+04 -4.224000000000000000e+03 -2.340000000000000000e+02 8.900000000000000000e+01
-7.680000000000000000e+02 1.748000000000000000e+03 1.438800000000000000e+04 -4.208000000000000000e+03 -2.520000000000000000e+02 1.680000000000000000e+02
-1.032000000000000000e+03 1.824000000000000000e+03 1.460800000000000000e+04 -4.208000000000000000e+03 -2.940000000000000000e+02 2.540000000000000000e+02
-9.680000000000000000e+02 1.848000000000000000e+03 1.451600000000000000e+04 -4.192000000000000000e+03 -2.770000000000000000e+02 2.520000000000000000e+02
-8.680000000000000000e+02 1.836000000000000000e+03 1.452400000000000000e+04 -4.208000000000000000e+03 -3.000000000000000000e+02 2.970000000000000000e+02
-7.880000000000000000e+02 1.816000000000000000e+03 1.447200000000000000e+04 -4.208000000000000000e+03 -3.330000000000000000e+02 3.420000000000000000e+02
-1.044000000000000000e+03 1.964000000000000000e+03 1.431200000000000000e+04 -4.224000000000000000e+03 -3.450000000000000000e+02 3.740000000000000000e+02
-9.400000000000000000e+02 1.780000000000000000e+03 1.440000000000000000e+04 -4.240000000000000000e+03 -3.560000000000000000e+02 4.210000000000000000e+02
-1.036000000000000000e+03 1.736000000000000000e+03 1.443600000000000000e+04 -4.192000000000000000e+03 -3.730000000000000000e+02 4.580000000000000000e+02
-8.760000000000000000e+02 1.892000000000000000e+03 1.446000000000000000e+04 -4.208000000000000000e+03 -3.620000000000000000e+02 4.860000000000000000e+02
-8.000000000000000000e+02 1.880000000000000000e+03 1.438000000000000000e+04 -4.224000000000000000e+03 -3.640000000000000000e+02 4.240000000000000000e+02
-9.080000000000000000e+02 1.744000000000000000e+03 1.449200000000000000e+04 -4.192000000000000000e+03 -3.580000000000000000e+02 3.330000000000000000e+02
-1.000000000000000000e+03 1.788000000000000000e+03 1.438400000000000000e+04 -4.208000000000000000e+03 -3.390000000000000000e+02 1.800000000000000000e+02
-1.216000000000000000e+03 1.824000000000000000e+03 1.449200000000000000e+04 -4.240000000000000000e+03 -3.090000000000000000e+02 1.400000000000000000e+01
-1.108000000000000000e+03 1.788000000000000000e+03 1.429600000000000000e+04 -4.240000000000000000e+03 -2.820000000000000000e+02 -6.900000000000000000e+01
-1.308000000000000000e+03 1.836000000000000000e+03 1.429600000000000000e+04 -4.224000000000000000e+03 -2.470000000000000000e+02 -1.640000000000000000e+02
-1.176000000000000000e+03 1.856000000000000000e+03 1.440800000000000000e+04 -4.208000000000000000e+03 -2.340000000000000000e+02 -2.850000000000000000e+02
-1.028000000000000000e+03 1.780000000000000000e+03 1.438800000000000000e+04 -4.256000000000000000e+03 -2.230000000000000000e+02 -3.230000000000000000e+02
-1.004000000000000000e+03 1.868000000000000000e+03 1.450400000000000000e+04 -4.240000000000000000e+03 -2.190000000000000000e+02 -3.300000000000000000e+02
-8.960000000000000000e+02 1.836000000000000000e+03 1.454000000000000000e+04 -4.192000000000000000e+03 -2.130000000000000000e+02 -2.650000000000000000e+02
-8.720000000000000000e+02 1.836000000000000000e+03 1.447200000000000000e+04 -4.240000000000000000e+03 -2.090000000000000000e+02 -1.530000000000000000e+02
-1.024000000000000000e+03 1.728000000000000000e+03 1.422400000000000000e+04 -4.192000000000000000e+03 -2.000000000000000000e+02 2.100000000000000000e+01
-9.440000000000000000e+02 1.748000000000000000e+03 1.423200000000000000e+04 -4.224000000000000000e+03 -1.900000000000000000e+02 1.870000000000000000e+02
-1.004000000000000000e+03 1.792000000000000000e+03 1.442800000000000000e+04 -4.224000000000000000e+03 -2.110000000000000000e+02 3.090000000000000000e+02
-7.960000000000000000e+02 1.892000000000000000e+03 1.445200000000000000e+04 -4.208000000000000000e+03 -2.340000000000000000e+02 4.550000000000000000e+02
-8.600000000000000000e+02 1.872000000000000000e+03 1.443200000000000000e+04 -4.208000000000000000e+03 -2.320000000000000000e+02 4.980000000000000000e+02
-1.080000000000000000e+03 1.760000000000000000e+03 1.424000000000000000e+04 -4.208000000000000000e+03 -2.220000000000000000e+02 5.660000000000000000e+02
-1.172000000000000000e+03 1.924000000000000000e+03 1.436800000000000000e+04 -4.224000000000000000e+03 -2.410000000000000000e+02 5.500000000000000000e+02
-9.200000000000000000e+02 1.908000000000000000e+03 1.440800000000000000e+04 -4.208000000000000000e+03 -2.370000000000000000e+02 4.850000000000000000e+02
-9.680000000000000000e+02 1.996000000000000000e+03 1.480000000000000000e+04 -4.224000000000000000e+03 -2.650000000000000000e+02 3.620000000000000000e+02
-6.480000000000000000e+02 2.064000000000000000e+03 1.478000000000000000e+04 -4.192000000000000000e+03 -2.480000000000000000e+02 2.430000000000000000e+02
-8.200000000000000000e+02 1.876000000000000000e+03 1.421200000000000000e+04 -4.208000000000000000e+03 -2.120000000000000000e+02 8.600000000000000000e+01
-8.600000000000000000e+02 1.796000000000000000e+03 1.423600000000000000e+04 -4.224000000000000000e+03 -1.780000000000000000e+02 -2.000000000000000000e+01
-8.880000000000000000e+02 1.696000000000000000e+03 1.416800000000000000e+04 -4.208000000000000000e+03 -1.670000000000000000e+02 -1.040000000000000000e+02
-1.020000000000000000e+03 1.744000000000000000e+03 1.450400000000000000e+04 -4.240000000000000000e+03 -1.770000000000000000e+02 -1.480000000000000000e+02
-1.136000000000000000e+03 1.992000000000000000e+03 1.464400000000000000e+04 -4.208000000000000000e+03 -1.700000000000000000e+02 -1.290000000000000000e+02
-1.072000000000000000e+03 1.820000000000000000e+03 1.452800000000000000e+04 -4.224000000000000000e+03 -1.660000000000000000e+02 -1.170000000000000000e+02
-1.204000000000000000e+03 1.812000000000000000e+03 1.445200000000000000e+04 -4.224000000000000000e+03 -1.960000000000000000e+02 -1.340000000000000000e+02
-1.328000000000000000e+03 1.936000000000000000e+03 1.456000000000000000e+04 -4.224000000000000000e+03 -1.950000000000000000e+02 -9.700000000000000000e+01
-1.056000000000000000e+03 1.896000000000000000e+03 1.426000000000000000e+04 -4.208000000000000000e+03 -2.110000000000000000e+02 1.100000000000000000e+01
-1.016000000000000000e+03 1.948000000000000000e+03 1.441200000000000000e+04 -4.176000000000000000e+03 -2.450000000000000000e+02 1.100000000000000000e+02
-9.080000000000000000e+02 1.988000000000000000e+03 1.451200000000000000e+04 -4.240000000000000000e+03 -2.470000000000000000e+02 2.760000000000000000e+02
-6.920000000000000000e+02 1.820000000000000000e+03 1.437600000000000000e+04 -4.224000000000000000e+03 -2.720000000000000000e+02 3.340000000000000000e+02
-8.840000000000000000e+02 1.904000000000000000e+03 1.442000000000000000e+04 -4.208000000000000000e+03 -2.940000000000000000e+02 4.510000000000000000e+02
-8.840000000000000000e+02 1.908000000000000000e+03 1.446000000000000000e+04 -4.208000000000000000e+03 -2.590000000000000000e+02 5.060000000000000000e+02
-8.320000000000000000e+02 1.840000000000000000e+03 1.440400000000000000e+04 -4.208000000000000000e+03 -2.840000000000000000e+02 5.120000000000000000e+02
-1.008000000000000000e+03 1.880000000000000000e+03 1.454000000000000000e+04 -4.224000000000000000e+03 -3.030000000000000000e+02 5.310000000000000000e+02
-9.400000000000000000e+02 2.080000000000000000e+03 1.463200000000000000e+04 -4.176000000000000000e+03 -3.390000000000000000e+02 5.070000000000000000e+02
-9.280000000000000000e+02 2.144000000000000000e+03 1.481200000000000000e+04 -4.208000000000000000e+03 -3.660000000000000000e+02 4.550000000000000000e+02
-9.160000000000000000e+02 2.056000000000000000e+03 1.455600000000000000e+04 -4.224000000000000000e+03 -3.940000000000000000e+02 3.680000000000000000e+02
-8.320000000000000000e+02 2.104000000000000000e+03 1.439200000000000000e+04 -4.240000000000000000e+03 -3.900000000000000000e+02 3.290000000000000000e+02
-9.120000000000000000e+02 2.076000000000000000e+03 1.414400000000000000e+04 -4.192000000000000000e+03 -3.980000000000000000e+02 2.660000000000000000e+02
-6.320000000000000000e+02 2.180000000000000000e+03 1.441600000000000000e+04 -4.240000000000000000e+03 -4.170000000000000000e+02 2.180000000000000000e+02
-6.760000000000000000e+02 2.200000000000000000e+03 1.436400000000000000e+04 -4.192000000000000000e+03 -4.310000000000000000e+02 2.080000000000000000e+02
-6.120000000000000000e+02 2.040000000000000000e+03 1.436400000000000000e+04 -4.240000000000000000e+03 -4.540000000000000000e+02 1.330000000000000000e+02
-7.920000000000000000e+02 2.024000000000000000e+03 1.445600000000000000e+04 -4.192000000000000000e+03 -4.530000000000000000e+02 5.200000000000000000e+01
-7.400000000000000000e+02 1.880000000000000000e+03 1.438000000000000000e+04 -4.192000000000000000e+03 -4.150000000000000000e+02 5.800000000000000000e+01
-9.280000000000000000e+02 1.772000000000000000e+03 1.438400000000000000e+04 -4.224000000000000000e+03 -3.780000000000000000e+02 1.000000000000000000e+00
