-6.000000000000000000e+03 1.480000000000000000e+03 1.284400000000000000e+04 -3.952000000000000000e+03 -3.980000000000000000e+02 3.370000000000000000e+02
-6.168000000000000000e+03 1.424000000000000000e+03 1.278800000000000000e+04 -3.952000000000000000e+03 -3.580000000000000000e+02 2.390000000000000000e+02
-5.880000000000000000e+03 1.352000000000000000e+03 1.283600000000000000e+04 -3.984000000000000000e+03 -3.250000000000000000e+02 1.520000000000000000e+02
-6.096000000000000000e+03 1.344000000000000000e+03 1.295200000000000000e+04 -3.952000000000000000e+03 -2.640000000000000000e+02 2.600000000000000000e+01
-6.200000000000000000e+03 1.560000000000000000e+03 1.299200000000000000e+04 -3.984000000000000000e+03 -2.520000000000000000e+02 -1.600000000000000000e+01
-6.080000000000000000e+03 1.460000000000000000e+03 1.308800000000000000e+04 -3.968000000000000000e+03 -2.010000000000000000e+02 4.000000000000000000e+00
-6.268000000000000000e+03 1.540000000000000000e+03 1.311200000000000000e+04 -3.952000000000000000e+03 -1.880000000000000000e+02 6.000000000000000000e+01
-6.100000000000000000e+03 1.420000000000000000e+03 1.299600000000000000e+04 -3.984000000000000000e+03 -2.150000000000000000e+02 1.930000000000000000e+02
-6.104000000000000000e+03 1.612000000000000000e+03 1.300800000000000000e+04 -3.952000000000000000e+03 -2.170000000000000000e+02 2.910000000000000000e+02
-6.112000000000000000e+03 1.660000000000000000e+03 1.297200000000000000e+04 -3.968000000000000000e+03 -2.570000000000000000e+02 4.430000000000000000e+02
-6.208000000000000000e+03 1.556000000000000000e+03 1.305200000000000000e+04 -3.936000000000000000e+03 -2.760000000000000000e+02 5.970000000000000000e+02
-6.260000000000000000e+03 1.660000000000000000e+03 1.313600000000000000e+04 -3.968000000000000000e+03 -3.290000000000000000e+02 7.400000000000000000e+02
-6.420000000000000000e+03 1.508000000000000000e+03 1.317600000000000000e+04 -3.968000000000000000e+03 -3.790000000000000000e+02 7.400000000000000000e+02
-6.364000000000000000e+03 1.608000000000000000e+03 1.316800000000000000e+04 -3.936000000000000000e+03 -4.120000000000000000e+02 6.760000000000000000e+02
-6.460000000000000000e+03 1.524000000000000000e+03 1.310000000000000000e+04 -3.968000000000000000e+03 -4.260000000000000000e+02 6.060000000000000000e+02
-6.504000000000000000e+03 1.500000000000000000e+03 1.298400000000000000e+04 -3.968000000000000000e+03 -4.150000000000000000e+02 5.080000000000000000e+02
-6.356000000000000000e+03 1.492000000000000000e+03 1.324800000000000000e+04 -3.936000000000000000e+03 -4.010000000000000000e+02 4.020000000000000000e+02
-6.504000000000000000e+03 1.452000000000000000e+03 1.305600000000000000e+04 -3.952000000000000000e+03 -4.050000000000000000e+02 2.280000000000000000e+02
-6.528000000000000000e+03 1.388000000000000000e+03 1.307200000000000000e+04 -3.952000000000000000e+03 -3.750000000000000000e+02 7.000000000000000000e+00
-6.488000000000000000e+03 1.372000000000000000e+03 1.307200000000000000e+04 -3.952000000000000000e+03 -3.320000000000000000e+02 -1.890000000000000000e+02
-6.312000000000000000e+03 1.440000000000000000e+03 1.285200000000000000e+04 -3.952000000000000000e+03 -3.130000000000000000e+02 -3.770000000000000000e+02
-6.384000000000000000e+03 1.484000000000000000e+03 1.286400000000000000e+04 -3.968000000000000000e+03 -2.440000000000000000e+02 -4.650000000000000000e+02
-6.228000000000000000e+03 1.400000000000000000e+03 1.286800000000000000e+04 -3.968000000000000000e+03 -2.180000000000000000e+02 -5.150000000000000000e+02
-6.440000000000000000e+03 1.288000000000000000e+03 1.294400000000000000e+04 -3.952000000000000000e+03 -1.630000000000000000e+02 -4.600000000000000000e+02
-6.180000000000000000e+03 1.384000000000000000e+03 1.300400000000000000e+04 -3.936000000000000000e+03 -1.210000000000000000e+02 -4.960000000000000000e+02
-6.188000000000000000e+03 1.316000000000000000e+03 1.294000000000000000e+04 -3.968000000000000000e+03 -1.080000000000000000e+02 -4.280000000000000000e+02
-6.104000000000000000e+03 1.508000000000000000e+03 1.290400000000000000e+04 -3.952000000000000000e+03 -9.600000000000000000e+01 -2.700000000000000000e+02
-5.912000000000000000e+03 1.520000000000000000e+03 1.279200000000000000e+04 -3.936000000000000000e+03 -7.700000000000000000e+01 -3.000000000000000000e+00
-5.952000000000000000e+03 1.500000000000000000e+03 1.319600000000000000e+04 -3.936000000000000000e+03 -1.220000000000000000e+02 2.590000000000000000e+02
-6.040000000000000000e+03 1.560000000000000000e+03 1.326000000000000000e+04 -3.920000000000000000e+03 -1.800000000000000000e+02 4.800000000000000000e+02
-6.084000000000000000e+03 1.508000000000000000e+03 1.311200000000000000e+04 -3.920000000000000000e+03 -2.200000000000000000e+02 6.180000000000000000e+02
-6.028000000000000000e+03 1.548000000000000000e+03 1.305600000000000000e+04 -3.952000000000000000e+03 -2.310000000000000000e+02 6.570000000000000000e+02
-5.972000000000000000e+03 1.512000000000000000e+03 1.289200000000000000e+04 -3.952000000000000000e+03 -2.280000000000000000e+02 6.790000000000000000e+02
-6.060000000000000000e+03 1.440000000000000000e+03 1.314800000000000000e+04 -3.968000000000000000e+03 -2.540000000000000000e+02 7.230000000000000000e+02
-6.076000000000000000e+03 1.548000000000000000e+03 1.306800000000000000e+04 -3.968000000000000000e+03 -2.490000000000000000e+02 7.290000000000000000e+02
-6.132000000000000000e+03 1.456000000000000000e+03 1.310000000000000000e+04 -3.968000000000000000e+03 -2.840000000000000000e+02 6.220000000000000000e+02
-6.044000000000000000e+03 1.672000000000000000e+03 1.310400000000000000e+04 -3.936000000000000000e+03 -2.600000000000000000e+02 4.710000000000000000e+02
-6.164000000000000000e+03 1.564000000000000000e+03 1.316800000000000000e+04 -3.936000000000000000e+03 -2.520000000000000000e+02 2.610000000000000000e+02
-6.244000000000000000e+03 1.676000000000000000e+03 1.303200000000000000e+04 -3.968000000000000000e+03 -2.330000000000000000e+02 7.900000000000000000e+01
-6.420000000000000000e+03 1.620000000000000000e+03 1.323200000000000000e+04 -3.968000000000000000e+03 -2.480000000000000000e+02 -1.370000000000000000e+02
-6.320000000000000000e+03 1.540000000000000000e+03 1.320000000000000000e+04 -3.952000000000000000e+03 -2.500000000000000000e+02 -3.810000000000000000e+02
-6.304000000000000000e+03 1.596000000000000000e+03 1.329200000000000000e+04 -3.984000000000000000e+03 -2.700000000000000000e+02 -5.650000000000000000e+02
-6.216000000000000000e+03 1.812000000000000000e+03 1.303200000000000000e+04 -3.936000000000000000e+03 -3.000000000000000000e+02 -7.000000000000000000e+02
-6.128000000000000000e+03 1.700000000000000000e+03 1.297600000000000000e+04 -3.936000000000000000e+03 -2.370000000000000000e+02 -6.520000000000000000e+02
-6.180000000000000000e+03 1.468000000000000000e+03 1.285600000000000000e+04 -3.952000000000000000e+03 -2.430000000000000000e+02 -3.980000000000000000e+02
-5.868000000000000000e+03 1.568000000000000000e+03 1.300000000000000000e+04 -3.984000000000000000e+03 -2.540000000000000000e+02 -1.200000000000000000e+02
-6.048000000000000000e+03 1.548000000000000000e+03 1.326400000000000000e+04 -3.936000000000000000e+03 -2.870000000000000000e+02 1.370000000000000000e+02
-6.320000000000000000e+03 1.552000000000000000e+03 1.308000000000000000e+04 -3.952000000000000000e+03 -3.210000000000000000e+02 2.790000000000000000e+02
-5.936000000000000000e+03 1.704000000000000000e+03 1.290400000000000000e+04 -3.984000000000000000e+03 -3.190000000000000000e+02 5.410000000000000000e+02
-5.992000000000000000e+03 1.608000000000000000e+03 1.304400000000000000e+04 -3.984000000000000000e+03 -3.150000000000000000e+02 8.410000000000000000e+02
-5.944000000000000000e+03 1.536000000000000000e+03 1.326800000000000000e+04 -3.968000000000000000e+03 -3.810000000000000000e+02 1.161000000000000000e+03
-6.116000000000000000e+03 1.520000000000000000e+03 1.315200000000000000e+04 -3.968000000000000000e+03 -4.350000000000000000e+02 1.342000000000000000e+03
-6.188000000000000000e+03 1.388000000000000000e+03 1.295200000000000000e+04 -3.952000000000000000e+03 -4.790000000000000000e+02 1.394000000000000000e+03
-6.172000000000000000e+03 1.280000000000000000e+03 1.297200000000000000e+04 -3.968000000000000000e+03 -5.180000000000000000e+02 1.267000000000000000e+03
-6.156000000000000000e+03 1.532000000000000000e+03 1.302800000000000000e+04 -3.952000000000000000e+03 -5.420000000000000000e+02 1.117000000000000000e+03
-6.400000000000000000e+03 1.444000000000000000e+03 1.296000000000000000e+04 -3.904000000000000000e+03 -4.910000000000000000e+02 8.780000000000000000e+02
-6.536000000000000000e+03 1.436000000000000000e+03 1.299200000000000000e+04 -3.952000000000000000e+03 -4.700000000000000000e+02 6.310000000000000000e+02
-6.620000000000000000e+03 1.384000000000000000e+03 1.302800000000000000e+04 -3.984000000000000000e+03 -4.320000000000000000e+02 3.730000000000000000e+02
-6.716000000000000000e+03 1.420000000000000000e+03 1.291200000000000000e+04 -3.920000000000000000e+03 -4.000000000000000000e+02 2.500000000000000000e+02
-6.640000000000000000e+03 1.368000000000000000e+03 1.279600000000000000e+04 -3.952000000000000000e+03 -3.490000000000000000e+02 8.900000000000000000e+01
-6.688000000000000000e+03 1.268000000000000000e+03 1.276000000000000000e+04 -3.952000000000000000e+03 -3.040000000000000000e+02 -3.100000000000000000e+01
-6.800000000000000000e+03 1.392000000000000000e+03 1.249200000000000000e+04 -3.936000000000000000e+03 -2.650000000000000000e+02 -3.190000000000000000e+02
-6.560000000000000000e+03 1.380000000000000000e+03 1.287600000000000000e+04 -3.968000000000000000e+03 -2.080000000000000000e+02 -5.660000000000000000e+02
-6.908000000000000000e+03 1.288000000000000000e+03 1.288000000000000000e+04 -3.936000000000000000e+03 -1.710000000000000000e+02 -8.180000000000000000e+02
-6.912000000000000000e+03 1.428000000000000000e+03 1.296800000000000000e+04 -3.952000000000000000e+03 -1.650000000000000000e+02 -1.010000000000000000e+03
-6.592000000000000000e+03 1.616000000000000000e+03 1.287200000000000000e+04 -3.952000000000000000e+03 -1.270000000000000000e+02 -1.057000000000000000e+03
-6.292000000000000000e+03 1.636000000000000000e+03 1.288000000000000000e+04 -3.952000000000000000e+03 -1.260000000000000000e+02 -1.118000000000000000e+03
-6.120000000000000000e+03 1.712000000000000000e+03 1.340800000000000000e+04 -3.936000000000000000e+03 -1.140000000000000000e+02 -1.181000000000000000e+03
-6.456000000000000000e+03 1.516000000000000000e+03 1.345600000000000000e+04 -3.984000000000000000e+03 -2.260000000000000000e+02 -1.315000000000000000e+03
-6.080000000000000000e+03 1.312000000000000000e+03 1.337600000000000000e+04 -3.952000000000000000e+03 -2.200000000000000000e+02 -1.316000000000000000e+03
-6.156000000000000000e+03 1.192000000000000000e+03 1.314000000000000000e+04 -3.936000000000000000e+03 -2.370000000000000000e+02 -1.242000000000000000e+03
-5.992000000000000000e+03 1.392000000000000000e+03 1.299200000000000000e+04 -3.936000000000000000e+03 -2.420000000000000000e+02 -1.053000000000000000e+03
-5.464000000000000000e+03 1.444000000000000000e+03 1.288800000000000000e+04 -3.952000000000000000e+03 -2.200000000000000000e+02 -6.790000000000000000e+02
-5.192000000000000000e+03 1.528000000000000000e+03 1.307200000000000000e+04 -3.952000000000000000e+03 -2.370000000000000000e+02 -3.730000000000000000e+02
-5.024000000000000000e+03 1.380000000000000000e+03 1.328000000000000000e+04 -3.920000000000000000e+03 -2.550000000000000000e+02 -2.200000000000000000e+02
-5.092000000000000000e+03 1.296000000000000000e+03 1.322400000000000000e+04 -3.952000000000000000e+03 -2.570000000000000000e+02 -8.100000000000000000e+01
-5.176000000000000000e+03 1.280000000000000000e+03 1.316400000000000000e+04 -3.936000000000000000e+03 -2.130000000000000000e+02 5.900000000000000000e+01
-5.140000000000000000e+03 1.224000000000000000e+03 1.300800000000000000e+04 -3.984000000000000000e+03 -1.930000000000000000e+02 2.980000000000000000e+02
-5.076000000000000000e+03 1.256000000000000000e+03 1.298400000000000000e+04 -3.952000000000000000e+03 -1.580000000000000000e+02 6.770000000000000000e+02
-5.240000000000000000e+03 1.192000000000000000e+03 1.320800000000000000e+04 -3.952000000000000000e+03 -1.770000000000000000e+02 1.087000000000000000e+03
-5.328000000000000000e+03 1.316000000000000000e+03 1.298800000000000000e+04 -3.952000000000000000e+03 -1.870000000000000000e+02 1.439000000000000000e+03
-5.388000000000000000e+03 1.208000000000000000e+03 1.312400000000000000e+04 -3.984000000000000000e+03 -2.060000000000000000e+02 1.773000000000000000e+03
-5.740000000000000000e+03 1.396000000000000000e+03 1.300800000000000000e+04 -3.968000000000000000e+03 -2.410000000000000000e+02 2.017000000000000000e+03
