1.040000000000000000e+03 2.276000000000000000e+03 1.432000000000000000e+04 -3.872000000000000000e+03 -3.130000000000000000e+02 5.210000000000000000e+02
6.880000000000000000e+02 2.232000000000000000e+03 1.434000000000000000e+04 -3.872000000000000000e+03 -3.390000000000000000e+02 2.960000000000000000e+02
7.200000000000000000e+02 2.276000000000000000e+03 1.448400000000000000e+04 -3.888000000000000000e+03 -3.360000000000000000e+02 2.400000000000000000e+01
6.560000000000000000e+02 2.132000000000000000e+03 1.460400000000000000e+04 -3.936000000000000000e+03 -3.680000000000000000e+02 -2.990000000000000000e+02
6.880000000000000000e+02 2.148000000000000000e+03 1.439200000000000000e+04 -3.936000000000000000e+03 -3.600000000000000000e+02 -6.560000000000000000e+02
4.960000000000000000e+02 2.112000000000000000e+03 1.446400000000000000e+04 -3.888000000000000000e+03 -3.080000000000000000e+02 -9.880000000000000000e+02
3.800000000000000000e+02 2.100000000000000000e+03 1.455600000000000000e+04 -3.952000000000000000e+03 -2.800000000000000000e+02 -1.262000000000000000e+03
3.000000000000000000e+02 2.080000000000000000e+03 1.438800000000000000e+04 -3.904000000000000000e+03 -2.660000000000000000e+02 -1.392000000000000000e+03
2.000000000000000000e+02 2.080000000000000000e+03 1.446000000000000000e+04 -3.872000000000000000e+03 -2.420000000000000000e+02 -1.465000000000000000e+03
-8.000000000000000000e+01 2.100000000000000000e+03 1.442000000000000000e+04 -3.904000000000000000e+03 -2.400000000000000000e+02 -1.539000000000000000e+03
-2.320000000000000000e+02 2.180000000000000000e+03 1.430000000000000000e+04 -3.888000000000000000e+03 -2.350000000000000000e+02 -1.620000000000000000e+03
-2.200000000000000000e+02 2.004000000000000000e+03 1.439200000000000000e+04 -3.904000000000000000e+03 -1.920000000000000000e+02 -1.680000000000000000e+03
-4.400000000000000000e+02 2.092000000000000000e+03 1.443600000000000000e+04 -3.888000000000000000e+03 -2.540000000000000000e+02 -1.625000000000000000e+03
-5.680000000000000000e+02 2.072000000000000000e+03 1.440400000000000000e+04 -3.904000000000000000e+03 -2.960000000000000000e+02 -1.591000000000000000e+03
-5.160000000000000000e+02 2.092000000000000000e+03 1.433200000000000000e+04 -3.888000000000000000e+03 -3.350000000000000000e+02 -1.592000000000000000e+03
-5.680000000000000000e+02 2.200000000000000000e+03 1.428000000000000000e+04 -3.872000000000000000e+03 -3.090000000000000000e+02 -1.517000000000000000e+03
-4.640000000000000000e+02 2.212000000000000000e+03 1.430000000000000000e+04 -3.888000000000000000e+03 -3.350000000000000000e+02 -1.461000000000000000e+03
-4.720000000000000000e+02 2.300000000000000000e+03 1.456000000000000000e+04 -3.920000000000000000e+03 -3.470000000000000000e+02 -1.451000000000000000e+03
-3.760000000000000000e+02 2.220000000000000000e+03 1.437600000000000000e+04 -3.888000000000000000e+03 -3.670000000000000000e+02 -1.482000000000000000e+03
-3.880000000000000000e+02 2.260000000000000000e+03 1.436400000000000000e+04 -3.920000000000000000e+03 -3.910000000000000000e+02 -1.438000000000000000e+03
-2.480000000000000000e+02 2.304000000000000000e+03 1.443600000000000000e+04 -3.888000000000000000e+03 -3.480000000000000000e+02 -1.374000000000000000e+03
-3.720000000000000000e+02 2.384000000000000000e+03 1.445200000000000000e+04 -3.904000000000000000e+03 -3.570000000000000000e+02 -1.196000000000000000e+03
-1.920000000000000000e+02 2.296000000000000000e+03 1.472000000000000000e+04 -3.888000000000000000e+03 -3.320000000000000000e+02 -8.960000000000000000e+02
-7.200000000000000000e+01 2.280000000000000000e+03 1.460800000000000000e+04 -3.888000000000000000e+03 -3.050000000000000000e+02 -6.430000000000000000e+02
-4.000000000000000000e+00 2.364000000000000000e+03 1.449200000000000000e+04 -3.920000000000000000e+03 -2.570000000000000000e+02 -3.570000000000000000e+02
4.000000000000000000e+00 2.276000000000000000e+03 1.449600000000000000e+04 -3.888000000000000000e+03 -2.470000000000000000e+02 -1.500000000000000000e+01
-2.000000000000000000e+01 2.264000000000000000e+03 1.451600000000000000e+04 -3.920000000000000000e+03 -2.670000000000000000e+02 3.380000000000000000e+02
4.000000000000000000e+00 2.280000000000000000e+03 1.482000000000000000e+04 -3.888000000000000000e+03 -2.740000000000000000e+02 6.980000000000000000e+02
-7.200000000000000000e+01 2.240000000000000000e+03 1.474400000000000000e+04 -3.920000000000000000e+03 -2.890000000000000000e+02 9.860000000000000000e+02
-9.600000000000000000e+01 2.332000000000000000e+03 1.451200000000000000e+04 -3.904000000000000000e+03 -2.570000000000000000e+02 1.232000000000000000e+03
-8.000000000000000000e+00 2.292000000000000000e+03 1.430800000000000000e+04 -3.888000000000000000e+03 -2.640000000000000000e+02 1.405000000000000000e+03
-2.040000000000000000e+02 2.188000000000000000e+03 1.449200000000000000e+04 -3.872000000000000000e+03 -3.160000000000000000e+02 1.574000000000000000e+03
-2.000000000000000000e+02 2.304000000000000000e+03 1.448400000000000000e+04 -3.920000000000000000e+03 -3.310000000000000000e+02 1.569000000000000000e+03
-1.920000000000000000e+02 2.316000000000000000e+03 1.464000000000000000e+04 -3.904000000000000000e+03 -3.980000000000000000e+02 1.364000000000000000e+03
-2.480000000000000000e+02 2.484000000000000000e+03 1.448000000000000000e+04 -3.920000000000000000e+03 -4.370000000000000000e+02 1.174000000000000000e+03
-2.680000000000000000e+02 2.372000000000000000e+03 1.439200000000000000e+04 -3.888000000000000000e+03 -4.650000000000000000e+02 9.810000000000000000e+02
-3.320000000000000000e+02 2.280000000000000000e+03 1.424800000000000000e+04 -3.872000000000000000e+03 -5.240000000000000000e+02 7.200000000000000000e+02
-1.800000000000000000e+02 2.308000000000000000e+03 1.428000000000000000e+04 -3.904000000000000000e+03 -6.000000000000000000e+02 4.930000000000000000e+02
-2.560000000000000000e+02 2.228000000000000000e+03 1.426800000000000000e+04 -3.904000000000000000e+03 -6.670000000000000000e+02 3.490000000000000000e+02
-1.400000000000000000e+02 2.292000000000000000e+03 1.421200000000000000e+04 -3.904000000000000000e+03 -6.080000000000000000e+02 3.040000000000000000e+02
-6.400000000000000000e+01 2.240000000000000000e+03 1.418400000000000000e+04 -3.920000000000000000e+03 -5.910000000000000000e+02 3.170000000000000000e+02
8.400000000000000000e+01 2.364000000000000000e+03 1.448000000000000000e+04 -3.920000000000000000e+03 -5.500000000000000000e+02 3.220000000000000000e+02
2.400000000000000000e+01 2.280000000000000000e+03 1.430800000000000000e+04 -3.904000000000000000e+03 -4.820000000000000000e+02 2.850000000000000000e+02
2.080000000000000000e+02 2.364000000000000000e+03 1.384400000000000000e+04 -3.872000000000000000e+03 -4.260000000000000000e+02 2.920000000000000000e+02
3.120000000000000000e+02 2.340000000000000000e+03 1.382000000000000000e+04 -3.904000000000000000e+03 -3.580000000000000000e+02 3.580000000000000000e+02
6.280000000000000000e+02 2.412000000000000000e+03 1.406800000000000000e+04 -3.904000000000000000e+03 -3.250000000000000000e+02 4.220000000000000000e+02
8.200000000000000000e+02 2.184000000000000000e+03 1.415200000000000000e+04 -3.872000000000000000e+03 -3.000000000000000000e+02 5.480000000000000000e+02
7.000000000000000000e+02 2.252000000000000000e+03 1.440400000000000000e+04 -3.888000000000000000e+03 -2.210000000000000000e+02 6.530000000000000000e+02
