-8.608000000000000000e+03 8.400000000000000000e+02 1.188400000000000000e+04 -3.968000000000000000e+03 -4.700000000000000000e+02 -2.740000000000000000e+02
-8.540000000000000000e+03 8.880000000000000000e+02 1.174000000000000000e+04 -3.952000000000000000e+03 -4.720000000000000000e+02 -2.370000000000000000e+02
-8.480000000000000000e+03 8.040000000000000000e+02 1.182400000000000000e+04 -3.936000000000000000e+03 -4.680000000000000000e+02 -1.970000000000000000e+02
-8.616000000000000000e+03 6.920000000000000000e+02 1.162400000000000000e+04 -3.952000000000000000e+03 -4.290000000000000000e+02 -5.700000000000000000e+01
-8.300000000000000000e+03 6.920000000000000000e+02 1.165200000000000000e+04 -3.984000000000000000e+03 -4.460000000000000000e+02 5.200000000000000000e+01
-8.536000000000000000e+03 -3.968000000000000000e+03 1.155200000000000000e+04 -3.952000000000000000e+03 -4.090000000000000000e+02 1.550000000000000000e+02
-8.520000000000000000e+03 7.560000000000000000e+02 1.165200000000000000e+04 -3.968000000000000000e+03 -3.770000000000000000e+02 2.180000000000000000e+02
-8.572000000000000000e+03 8.320000000000000000e+02 1.140800000000000000e+04 -3.984000000000000000e+03 -3.740000000000000000e+02 2.470000000000000000e+02
1.184400000000000000e+04 8.840000000000000000e+02 1.163200000000000000e+04 -3.968000000000000000e+03 -3.480000000000000000e+02 3.320000000000000000e+02
-8.672000000000000000e+03 7.560000000000000000e+02 1.173600000000000000e+04 -3.952000000000000000e+03 -3.460000000000000000e+02 4.110000000000000000e+02
-8.712000000000000000e+03 7.840000000000000000e+02 1.165200000000000000e+04 -3.984000000000000000e+03 -3.150000000000000000e+02 4.980000000000000000e+02
-8.784000000000000000e+03 6.360000000000000000e+02 1.164400000000000000e+04 -3.984000000000000000e+03 -2.840000000000000000e+02 5.890000000000000000e+02
-8.804000000000000000e+03 5.880000000000000000e+02 1.157600000000000000e+04 -3.936000000000000000e+03 -2.970000000000000000e+02 6.720000000000000000e+02
-8.684000000000000000e+03 6.080000000000000000e+02 1.156400000000000000e+04 -3.984000000000000000e+03 -2.500000000000000000e+02 7.180000000000000000e+02
-8.712000000000000000e+03 5.560000000000000000e+02 1.133200000000000000e+04 -3.952000000000000000e+03 -2.390000000000000000e+02 7.270000000000000000e+02
-8.964000000000000000e+03 5.400000000000000000e+02 1.144000000000000000e+04 -3.952000000000000000e+03 -1.610000000000000000e+02 6.590000000000000000e+02
-8.784000000000000000e+03 2.680000000000000000e+02 1.153600000000000000e+04 -4.000000000000000000e+03 -1.330000000000000000e+02 6.300000000000000000e+02
-9.028000000000000000e+03 3.360000000000000000e+02 1.129200000000000000e+04 -3.968000000000000000e+03 -7.400000000000000000e+01 6.230000000000000000e+02
-9.120000000000000000e+03 3.200000000000000000e+02 1.139600000000000000e+04 -3.936000000000000000e+03 -5.900000000000000000e+01 5.960000000000000000e+02
-9.012000000000000000e+03 4.680000000000000000e+02 1.148400000000000000e+04 -3.952000000000000000e+03 -3.500000000000000000e+01 5.590000000000000000e+02
-8.832000000000000000e+03 4.920000000000000000e+02 1.179200000000000000e+04 -3.952000000000000000e+03 -2.700000000000000000e+01 4.710000000000000000e+02
-8.860000000000000000e+03 5.320000000000000000e+02 1.174400000000000000e+04 -3.952000000000000000e+03 1.000000000000000000e+01 4.040000000000000000e+02
-8.956000000000000000e+03 5.200000000000000000e+02 1.144000000000000000e+04 -3.952000000000000000e+03 -1.100000000000000000e+01 2.900000000000000000e+02
-9.108000000000000000e+03 4.360000000000000000e+02 1.104400000000000000e+04 -3.968000000000000000e+03 1.300000000000000000e+01 2.420000000000000000e+02
-9.012000000000000000e+03 4.920000000000000000e+02 1.132000000000000000e+04 -3.984000000000000000e+03 2.600000000000000000e+01 2.160000000000000000e+02
-8.928000000000000000e+03 5.360000000000000000e+02 1.133200000000000000e+04 -3.952000000000000000e+03 -3.000000000000000000e+00 1.560000000000000000e+02
-8.744000000000000000e+03 4.040000000000000000e+02 1.174000000000000000e+04 -3.952000000000000000e+03 -1.700000000000000000e+01 3.300000000000000000e+01
-8.756000000000000000e+03 3.760000000000000000e+02 1.173600000000000000e+04 -3.920000000000000000e+03 -2.300000000000000000e+01 -1.080000000000000000e+02
-8.636000000000000000e+03 3.880000000000000000e+02 1.191200000000000000e+04 -3.952000000000000000e+03 1.600000000000000000e+01 -2.040000000000000000e+02
-8.852000000000000000e+03 2.960000000000000000e+02 1.159200000000000000e+04 -3.984000000000000000e+03 0.000000000000000000e+00 -3.170000000000000000e+02
-8.612000000000000000e+03 3.680000000000000000e+02 1.142000000000000000e+04 -3.952000000000000000e+03 -2.300000000000000000e+01 -2.920000000000000000e+02
-8.516000000000000000e+03 2.960000000000000000e+02 1.157600000000000000e+04 -3.968000000000000000e+03 -5.700000000000000000e+01 -2.010000000000000000e+02
-8.284000000000000000e+03 3.520000000000000000e+02 1.143600000000000000e+04 -3.936000000000000000e+03 -4.300000000000000000e+01 -6.800000000000000000e+01
-8.560000000000000000e+03 4.200000000000000000e+02 1.185200000000000000e+04 -3.984000000000000000e+03 -7.800000000000000000e+01 -4.000000000000000000e+01
-8.588000000000000000e+03 4.400000000000000000e+02 1.180400000000000000e+04 -3.952000000000000000e+03 -9.100000000000000000e+01 -1.000000000000000000e+00
-8.728000000000000000e+03 4.160000000000000000e+02 1.174400000000000000e+04 -3.920000000000000000e+03 -8.900000000000000000e+01 -1.310000000000000000e+02
-8.916000000000000000e+03 3.120000000000000000e+02 1.163200000000000000e+04 -3.984000000000000000e+03 -9.700000000000000000e+01 -3.390000000000000000e+02
-8.620000000000000000e+03 3.640000000000000000e+02 1.149600000000000000e+04 -3.984000000000000000e+03 -5.300000000000000000e+01 -5.260000000000000000e+02
-8.628000000000000000e+03 4.920000000000000000e+02 1.182800000000000000e+04 -3.984000000000000000e+03 -6.300000000000000000e+01 -7.910000000000000000e+02
-8.588000000000000000e+03 5.200000000000000000e+02 1.197600000000000000e+04 -3.968000000000000000e+03 -3.900000000000000000e+01 -1.044000000000000000e+03
-8.744000000000000000e+03 5.000000000000000000e+02 1.159200000000000000e+04 -3.968000000000000000e+03 -1.030000000000000000e+02 -1.312000000000000000e+03
-8.628000000000000000e+03 5.800000000000000000e+02 1.149200000000000000e+04 -3.968000000000000000e+03 -1.240000000000000000e+02 -1.607000000000000000e+03
-8.816000000000000000e+03 5.320000000000000000e+02 1.143200000000000000e+04 -3.968000000000000000e+03 -1.630000000000000000e+02 -1.834000000000000000e+03
-8.820000000000000000e+03 6.080000000000000000e+02 1.152000000000000000e+04 -3.936000000000000000e+03 -1.260000000000000000e+02 -2.023000000000000000e+03
-8.684000000000000000e+03 7.640000000000000000e+02 1.155600000000000000e+04 -3.968000000000000000e+03 -1.700000000000000000e+02 -2.225000000000000000e+03
-8.516000000000000000e+03 8.240000000000000000e+02 1.150000000000000000e+04 -3.952000000000000000e+03 -2.030000000000000000e+02 -2.360000000000000000e+03
-8.888000000000000000e+03 7.200000000000000000e+02 1.134000000000000000e+04 -4.000000000000000000e+03 -1.630000000000000000e+02 -2.462000000000000000e+03
-8.752000000000000000e+03 5.720000000000000000e+02 1.145600000000000000e+04 -3.952000000000000000e+03 -1.140000000000000000e+02 -2.429000000000000000e+03
-8.872000000000000000e+03 4.600000000000000000e+02 1.163600000000000000e+04 -3.984000000000000000e+03 -1.070000000000000000e+02 -2.326000000000000000e+03
-8.744000000000000000e+03 4.640000000000000000e+02 1.208800000000000000e+04 -3.968000000000000000e+03 -9.200000000000000000e+01 -2.222000000000000000e+03
-8.884000000000000000e+03 5.880000000000000000e+02 1.160000000000000000e+04 -3.936000000000000000e+03 -4.800000000000000000e+01 -2.080000000000000000e+03
-9.128000000000000000e+03 5.400000000000000000e+02 1.142400000000000000e+04 -3.952000000000000000e+03 -1.800000000000000000e+01 -1.862000000000000000e+03
-9.032000000000000000e+03 6.720000000000000000e+02 1.124400000000000000e+04 -3.984000000000000000e+03 7.000000000000000000e+00 -1.609000000000000000e+03
-8.916000000000000000e+03 8.200000000000000000e+02 1.138400000000000000e+04 -3.952000000000000000e+03 3.700000000000000000e+01 -1.358000000000000000e+03
-8.988000000000000000e+03 8.480000000000000000e+02 1.172400000000000000e+04 -3.984000000000000000e+03 1.070000000000000000e+02 -1.121000000000000000e+03
