-3.304000000000000000e+03 1.524000000000000000e+03 1.396000000000000000e+04 -4.176000000000000000e+03 -2.300000000000000000e+02 5.400000000000000000e+01
-3.248000000000000000e+03 1.504000000000000000e+03 1.408800000000000000e+04 -4.192000000000000000e+03 -2.340000000000000000e+02 4.200000000000000000e+01
-3.352000000000000000e+03 1.632000000000000000e+03 1.387200000000000000e+04 -4.160000000000000000e+03 -2.370000000000000000e+02 3.400000000000000000e+01
-3.324000000000000000e+03 1.508000000000000000e+03 1.398400000000000000e+04 -4.208000000000000000e+03 -2.380000000000000000e+02 3.600000000000000000e+01
-3.408000000000000000e+03 1.568000000000000000e+03 1.411200000000000000e+04 -4.192000000000000000e+03 -2.130000000000000000e+02 8.900000000000000000e+01
-3.340000000000000000e+03 1.616000000000000000e+03 1.408400000000000000e+04 -4.176000000000000000e+03 -2.320000000000000000e+02 2.010000000000000000e+02
-3.436000000000000000e+03 1.552000000000000000e+03 1.405200000000000000e+04 -4.192000000000000000e+03 -2.590000000000000000e+02 3.390000000000000000e+02
-3.512000000000000000e+03 1.520000000000000000e+03 1.390400000000000000e+04 -4.176000000000000000e+03 -2.770000000000000000e+02 4.110000000000000000e+02
-3.516000000000000000e+03 1.620000000000000000e+03 1.391200000000000000e+04 -4.192000000000000000e+03 -2.720000000000000000e+02 4.780000000000000000e+02
-3.432000000000000000e+03 1.572000000000000000e+03 1.407600000000000000e+04 -4.160000000000000000e+03 -2.900000000000000000e+02 4.770000000000000000e+02
-3.500000000000000000e+03 1.620000000000000000e+03 1.423600000000000000e+04 -4.192000000000000000e+03 -2.990000000000000000e+02 4.180000000000000000e+02
-3.360000000000000000e+03 1.564000000000000000e+03 1.401600000000000000e+04 -4.160000000000000000e+03 -2.850000000000000000e+02 2.620000000000000000e+02
-3.340000000000000000e+03 1.620000000000000000e+03 1.402400000000000000e+04 -4.176000000000000000e+03 -3.060000000000000000e+02 6.500000000000000000e+01
-3.332000000000000000e+03 1.692000000000000000e+03 1.406800000000000000e+04 -4.208000000000000000e+03 -2.670000000000000000e+02 -1.410000000000000000e+02
-3.176000000000000000e+03 1.552000000000000000e+03 1.404400000000000000e+04 -4.176000000000000000e+03 -2.360000000000000000e+02 -3.160000000000000000e+02
-3.324000000000000000e+03 1.680000000000000000e+03 1.425200000000000000e+04 -4.208000000000000000e+03 -2.170000000000000000e+02 -4.210000000000000000e+02
-3.244000000000000000e+03 1.692000000000000000e+03 1.406000000000000000e+04 -4.192000000000000000e+03 -2.030000000000000000e+02 -3.710000000000000000e+02
-3.484000000000000000e+03 1.544000000000000000e+03 1.394800000000000000e+04 -4.192000000000000000e+03 -2.050000000000000000e+02 -3.110000000000000000e+02
-3.316000000000000000e+03 1.592000000000000000e+03 1.412000000000000000e+04 -4.208000000000000000e+03 -2.410000000000000000e+02 -1.590000000000000000e+02
-3.368000000000000000e+03 1.536000000000000000e+03 1.414000000000000000e+04 -4.208000000000000000e+03 -2.430000000000000000e+02 -1.300000000000000000e+01
-3.560000000000000000e+03 1.520000000000000000e+03 1.408000000000000000e+04 -4.192000000000000000e+03 -2.690000000000000000e+02 1.340000000000000000e+02
-3.532000000000000000e+03 1.516000000000000000e+03 1.407600000000000000e+04 -4.224000000000000000e+03 -2.970000000000000000e+02 2.340000000000000000e+02
-3.524000000000000000e+03 1.572000000000000000e+03 1.402400000000000000e+04 -4.144000000000000000e+03 -3.220000000000000000e+02 2.770000000000000000e+02
-3.308000000000000000e+03 1.652000000000000000e+03 1.406400000000000000e+04 -4.160000000000000000e+03 -3.250000000000000000e+02 2.210000000000000000e+02
-3.264000000000000000e+03 1.664000000000000000e+03 1.398400000000000000e+04 -4.192000000000000000e+03 -3.020000000000000000e+02 1.100000000000000000e+01
-3.200000000000000000e+03 1.640000000000000000e+03 1.402800000000000000e+04 -4.192000000000000000e+03 -3.180000000000000000e+02 -2.560000000000000000e+02
-3.192000000000000000e+03 1.664000000000000000e+03 1.414800000000000000e+04 -4.160000000000000000e+03 -2.830000000000000000e+02 -4.570000000000000000e+02
-3.124000000000000000e+03 1.580000000000000000e+03 1.433600000000000000e+04 -4.176000000000000000e+03 -2.440000000000000000e+02 -6.050000000000000000e+02
-3.076000000000000000e+03 1.688000000000000000e+03 1.451600000000000000e+04 -4.192000000000000000e+03 -2.200000000000000000e+02 -6.420000000000000000e+02
-3.212000000000000000e+03 1.688000000000000000e+03 1.448800000000000000e+04 -4.176000000000000000e+03 -1.830000000000000000e+02 -5.850000000000000000e+02
-3.220000000000000000e+03 1.732000000000000000e+03 1.404400000000000000e+04 -4.208000000000000000e+03 -2.450000000000000000e+02 -4.560000000000000000e+02
-3.352000000000000000e+03 1.560000000000000000e+03 1.381200000000000000e+04 -4.192000000000000000e+03 -2.580000000000000000e+02 -3.270000000000000000e+02
-3.156000000000000000e+03 1.568000000000000000e+03 1.402800000000000000e+04 -4.192000000000000000e+03 -2.660000000000000000e+02 -1.690000000000000000e+02
-3.072000000000000000e+03 1.576000000000000000e+03 1.409600000000000000e+04 -4.176000000000000000e+03 -2.710000000000000000e+02 3.600000000000000000e+01
-2.864000000000000000e+03 1.588000000000000000e+03 1.439600000000000000e+04 -4.208000000000000000e+03 -2.800000000000000000e+02 1.520000000000000000e+02
-2.884000000000000000e+03 1.620000000000000000e+03 1.436400000000000000e+04 -4.192000000000000000e+03 -3.020000000000000000e+02 2.320000000000000000e+02
-2.904000000000000000e+03 1.580000000000000000e+03 1.413600000000000000e+04 -4.192000000000000000e+03 -3.170000000000000000e+02 1.820000000000000000e+02
-2.840000000000000000e+03 1.664000000000000000e+03 1.391600000000000000e+04 -4.176000000000000000e+03 -3.110000000000000000e+02 5.700000000000000000e+01
-2.824000000000000000e+03 1.544000000000000000e+03 1.409600000000000000e+04 -4.176000000000000000e+03 -2.910000000000000000e+02 -1.160000000000000000e+02
-2.732000000000000000e+03 1.668000000000000000e+03 1.421600000000000000e+04 -4.176000000000000000e+03 -2.810000000000000000e+02 -2.870000000000000000e+02
-2.696000000000000000e+03 1.572000000000000000e+03 1.441600000000000000e+04 -4.208000000000000000e+03 -2.000000000000000000e+02 -4.170000000000000000e+02
-2.804000000000000000e+03 1.800000000000000000e+03 1.439600000000000000e+04 -4.192000000000000000e+03 -1.360000000000000000e+02 -5.410000000000000000e+02
-2.668000000000000000e+03 1.684000000000000000e+03 1.402000000000000000e+04 -4.192000000000000000e+03 -1.370000000000000000e+02 -5.650000000000000000e+02
-2.892000000000000000e+03 1.604000000000000000e+03 1.398000000000000000e+04 -4.176000000000000000e+03 -1.110000000000000000e+02 -5.110000000000000000e+02
-2.856000000000000000e+03 1.616000000000000000e+03 1.389200000000000000e+04 -4.208000000000000000e+03 -1.200000000000000000e+02 -4.550000000000000000e+02
-2.756000000000000000e+03 1.468000000000000000e+03 1.408000000000000000e+04 -4.192000000000000000e+03 -1.060000000000000000e+02 -3.360000000000000000e+02
-2.680000000000000000e+03 1.468000000000000000e+03 1.436400000000000000e+04 -4.192000000000000000e+03 -1.310000000000000000e+02 -1.460000000000000000e+02
-2.624000000000000000e+03 1.620000000000000000e+03 1.432800000000000000e+04 -4.176000000000000000e+03 -1.550000000000000000e+02 8.800000000000000000e+01
-2.420000000000000000e+03 1.672000000000000000e+03 1.408400000000000000e+04 -4.176000000000000000e+03 -1.780000000000000000e+02 3.210000000000000000e+02
-2.476000000000000000e+03 1.580000000000000000e+03 1.396000000000000000e+04 -4.144000000000000000e+03 -2.410000000000000000e+02 5.380000000000000000e+02
-2.396000000000000000e+03 1.712000000000000000e+03 1.419600000000000000e+04 -4.160000000000000000e+03 -1.540000000000000000e+02 5.830000000000000000e+02
-2.612000000000000000e+03 1.940000000000000000e+03 1.405600000000000000e+04 -4.176000000000000000e+03 -2.400000000000000000e+02 6.900000000000000000e+02
-2.316000000000000000e+03 1.848000000000000000e+03 1.412400000000000000e+04 -4.176000000000000000e+03 -2.350000000000000000e+02 7.290000000000000000e+02
-2.212000000000000000e+03 1.848000000000000000e+03 1.404000000000000000e+04 -4.176000000000000000e+03 -2.810000000000000000e+02 7.280000000000000000e+02
-2.148000000000000000e+03 1.752000000000000000e+03 1.494000000000000000e+04 -4.192000000000000000e+03 -2.770000000000000000e+02 6.510000000000000000e+02
-2.340000000000000000e+03 1.936000000000000000e+03 1.436800000000000000e+04 -4.192000000000000000e+03 -2.980000000000000000e+02 6.740000000000000000e+02
-2.396000000000000000e+03 1.728000000000000000e+03 1.436000000000000000e+04 -4.160000000000000000e+03 -3.210000000000000000e+02 5.910000000000000000e+02
-2.804000000000000000e+03 1.776000000000000000e+03 1.433200000000000000e+04 -4.192000000000000000e+03 -3.400000000000000000e+02 -2.300000000000000000e+01
-2.340000000000000000e+03 1.776000000000000000e+03 1.408400000000000000e+04 -4.208000000000000000e+03 -2.490000000000000000e+02 1.350000000000000000e+02
-2.548000000000000000e+03 1.656000000000000000e+03 1.437600000000000000e+04 -4.176000000000000000e+03 -2.520000000000000000e+02 -1.580000000000000000e+02
-2.600000000000000000e+03 1.856000000000000000e+03 1.453600000000000000e+04 -4.208000000000000000e+03 -2.410000000000000000e+02 -4.180000000000000000e+02
-2.544000000000000000e+03 1.788000000000000000e+03 1.457200000000000000e+04 -4.208000000000000000e+03 -2.400000000000000000e+02 -7.180000000000000000e+02
-2.600000000000000000e+03 1.724000000000000000e+03 1.426000000000000000e+04 -4.224000000000000000e+03 -2.630000000000000000e+02 -1.139000000000000000e+03
-2.616000000000000000e+03 1.832000000000000000e+03 1.430400000000000000e+04 -4.176000000000000000e+03 -2.730000000000000000e+02 -1.345000000000000000e+03
-2.628000000000000000e+03 1.688000000000000000e+03 1.454400000000000000e+04 -4.176000000000000000e+03 -3.200000000000000000e+02 -1.507000000000000000e+03
-2.956000000000000000e+03 1.772000000000000000e+03 1.461200000000000000e+04 -4.160000000000000000e+03 -3.510000000000000000e+02 -1.269000000000000000e+03
-2.876000000000000000e+03 1.880000000000000000e+03 1.479200000000000000e+04 -4.208000000000000000e+03 -3.470000000000000000e+02 -7.290000000000000000e+02
-2.632000000000000000e+03 1.768000000000000000e+03 1.413600000000000000e+04 -4.192000000000000000e+03 -4.090000000000000000e+02 -9.790000000000000000e+02
-2.888000000000000000e+03 1.896000000000000000e+03 1.399600000000000000e+04 -4.176000000000000000e+03 -3.700000000000000000e+02 -8.480000000000000000e+02
-2.356000000000000000e+03 1.796000000000000000e+03 1.397600000000000000e+04 -4.176000000000000000e+03 -3.340000000000000000e+02 -5.600000000000000000e+02
-2.432000000000000000e+03 1.592000000000000000e+03 1.427200000000000000e+04 -4.144000000000000000e+03 -4.120000000000000000e+02 -2.630000000000000000e+02
-2.204000000000000000e+03 1.640000000000000000e+03 1.464400000000000000e+04 -4.176000000000000000e+03 -4.280000000000000000e+02 3.200000000000000000e+01
-1.892000000000000000e+03 1.536000000000000000e+03 1.430000000000000000e+04 -4.192000000000000000e+03 -4.120000000000000000e+02 -6.000000000000000000e+00
-2.052000000000000000e+03 1.608000000000000000e+03 1.371200000000000000e+04 -4.160000000000000000e+03 -3.700000000000000000e+02 1.350000000000000000e+02
-1.640000000000000000e+03 1.340000000000000000e+03 1.398000000000000000e+04 -4.192000000000000000e+03 -2.850000000000000000e+02 -1.600000000000000000e+02
-1.636000000000000000e+03 1.496000000000000000e+03 1.406000000000000000e+04 -4.176000000000000000e+03 -2.370000000000000000e+02 -1.400000000000000000e+02
-1.396000000000000000e+03 1.432000000000000000e+03 1.419200000000000000e+04 -4.192000000000000000e+03 -1.850000000000000000e+02 -3.880000000000000000e+02
-1.624000000000000000e+03 1.512000000000000000e+03 1.482000000000000000e+04 -4.208000000000000000e+03 -7.700000000000000000e+01 -8.510000000000000000e+02
