6.560000000000000000e+02 1.980000000000000000e+03 1.443200000000000000e+04 -4.128000000000000000e+03 -2.890000000000000000e+02 1.350000000000000000e+02
8.160000000000000000e+02 1.944000000000000000e+03 1.439200000000000000e+04 -4.112000000000000000e+03 -2.880000000000000000e+02 1.690000000000000000e+02
7.320000000000000000e+02 1.880000000000000000e+03 1.452800000000000000e+04 -4.112000000000000000e+03 -2.820000000000000000e+02 1.750000000000000000e+02
7.080000000000000000e+02 1.928000000000000000e+03 1.448400000000000000e+04 -4.144000000000000000e+03 -2.370000000000000000e+02 2.240000000000000000e+02
7.160000000000000000e+02 1.864000000000000000e+03 1.436800000000000000e+04 -4.128000000000000000e+03 -2.740000000000000000e+02 2.230000000000000000e+02
4.920000000000000000e+02 1.856000000000000000e+03 1.445200000000000000e+04 -4.096000000000000000e+03 -2.770000000000000000e+02 2.540000000000000000e+02
5.080000000000000000e+02 1.916000000000000000e+03 1.436400000000000000e+04 -4.128000000000000000e+03 -2.810000000000000000e+02 2.530000000000000000e+02
4.920000000000000000e+02 1.956000000000000000e+03 1.453200000000000000e+04 -4.112000000000000000e+03 -2.600000000000000000e+02 2.300000000000000000e+02
6.680000000000000000e+02 1.972000000000000000e+03 1.446400000000000000e+04 -4.144000000000000000e+03 -2.880000000000000000e+02 2.270000000000000000e+02
7.080000000000000000e+02 1.920000000000000000e+03 1.462000000000000000e+04 -4.096000000000000000e+03 -2.910000000000000000e+02 2.320000000000000000e+02
7.560000000000000000e+02 1.864000000000000000e+03 1.458800000000000000e+04 -4.160000000000000000e+03 -2.810000000000000000e+02 2.070000000000000000e+02
7.080000000000000000e+02 1.920000000000000000e+03 1.463600000000000000e+04 -4.128000000000000000e+03 -2.870000000000000000e+02 1.480000000000000000e+02
6.400000000000000000e+02 1.976000000000000000e+03 1.448000000000000000e+04 -4.144000000000000000e+03 -2.700000000000000000e+02 1.210000000000000000e+02
7.440000000000000000e+02 1.924000000000000000e+03 1.453200000000000000e+04 -4.144000000000000000e+03 -2.880000000000000000e+02 6.400000000000000000e+01
7.760000000000000000e+02 1.884000000000000000e+03 1.453200000000000000e+04 -4.112000000000000000e+03 -2.720000000000000000e+02 6.200000000000000000e+01
5.880000000000000000e+02 1.896000000000000000e+03 1.452800000000000000e+04 -4.128000000000000000e+03 -2.790000000000000000e+02 8.100000000000000000e+01
5.800000000000000000e+02 1.904000000000000000e+03 1.442400000000000000e+04 -4.144000000000000000e+03 -2.770000000000000000e+02 1.640000000000000000e+02
5.960000000000000000e+02 1.960000000000000000e+03 1.435200000000000000e+04 -4.112000000000000000e+03 -2.840000000000000000e+02 2.230000000000000000e+02
5.720000000000000000e+02 1.852000000000000000e+03 1.446000000000000000e+04 -4.144000000000000000e+03 -2.820000000000000000e+02 2.790000000000000000e+02
4.600000000000000000e+02 1.976000000000000000e+03 1.445200000000000000e+04 -4.128000000000000000e+03 -2.860000000000000000e+02 2.900000000000000000e+02
4.720000000000000000e+02 1.896000000000000000e+03 1.451600000000000000e+04 -4.128000000000000000e+03 -2.490000000000000000e+02 2.400000000000000000e+02
5.840000000000000000e+02 1.932000000000000000e+03 1.439200000000000000e+04 -4.112000000000000000e+03 -2.760000000000000000e+02 1.810000000000000000e+02
5.440000000000000000e+02 1.956000000000000000e+03 1.437600000000000000e+04 -4.144000000000000000e+03 -2.510000000000000000e+02 8.800000000000000000e+01
6.160000000000000000e+02 1.880000000000000000e+03 1.452000000000000000e+04 -4.160000000000000000e+03 -2.680000000000000000e+02 1.100000000000000000e+01
5.800000000000000000e+02 1.940000000000000000e+03 1.446800000000000000e+04 -4.128000000000000000e+03 -2.920000000000000000e+02 3.300000000000000000e+01
6.160000000000000000e+02 1.836000000000000000e+03 1.438800000000000000e+04 -4.144000000000000000e+03 -2.930000000000000000e+02 5.500000000000000000e+01
7.080000000000000000e+02 1.900000000000000000e+03 1.455200000000000000e+04 -4.144000000000000000e+03 -3.090000000000000000e+02 8.600000000000000000e+01
6.720000000000000000e+02 1.988000000000000000e+03 1.441200000000000000e+04 -4.160000000000000000e+03 -2.790000000000000000e+02 1.460000000000000000e+02
6.600000000000000000e+02 1.900000000000000000e+03 1.461600000000000000e+04 -4.128000000000000000e+03 -2.510000000000000000e+02 2.680000000000000000e+02
6.360000000000000000e+02 1.996000000000000000e+03 1.454000000000000000e+04 -4.112000000000000000e+03 -2.740000000000000000e+02 2.880000000000000000e+02
6.880000000000000000e+02 1.996000000000000000e+03 1.442000000000000000e+04 -4.144000000000000000e+03 -2.690000000000000000e+02 3.190000000000000000e+02
6.360000000000000000e+02 1.968000000000000000e+03 1.448400000000000000e+04 -4.128000000000000000e+03 -2.490000000000000000e+02 2.880000000000000000e+02
5.760000000000000000e+02 1.948000000000000000e+03 1.440000000000000000e+04 -4.112000000000000000e+03 -2.700000000000000000e+02 2.610000000000000000e+02
6.080000000000000000e+02 1.904000000000000000e+03 1.461600000000000000e+04 -4.144000000000000000e+03 -2.920000000000000000e+02 2.670000000000000000e+02
4.560000000000000000e+02 2.008000000000000000e+03 1.446000000000000000e+04 -4.128000000000000000e+03 -2.750000000000000000e+02 2.040000000000000000e+02
5.160000000000000000e+02 1.864000000000000000e+03 1.435200000000000000e+04 -4.128000000000000000e+03 -2.960000000000000000e+02 9.800000000000000000e+01
5.200000000000000000e+02 1.864000000000000000e+03 1.446800000000000000e+04 -4.144000000000000000e+03 -2.780000000000000000e+02 0.000000000000000000e+00
5.800000000000000000e+02 1.860000000000000000e+03 1.443600000000000000e+04 -4.144000000000000000e+03 -2.920000000000000000e+02 -6.400000000000000000e+01
5.440000000000000000e+02 1.964000000000000000e+03 1.442000000000000000e+04 -4.160000000000000000e+03 -2.890000000000000000e+02 -8.600000000000000000e+01
6.520000000000000000e+02 2.040000000000000000e+03 1.453600000000000000e+04 -4.160000000000000000e+03 -3.000000000000000000e+02 -4.300000000000000000e+01
7.480000000000000000e+02 2.076000000000000000e+03 1.458400000000000000e+04 -4.144000000000000000e+03 -2.750000000000000000e+02 6.900000000000000000e+01
7.160000000000000000e+02 1.908000000000000000e+03 1.440400000000000000e+04 -4.144000000000000000e+03 -2.760000000000000000e+02 2.250000000000000000e+02
5.960000000000000000e+02 1.804000000000000000e+03 1.444400000000000000e+04 -4.128000000000000000e+03 -2.730000000000000000e+02 3.040000000000000000e+02
5.760000000000000000e+02 1.860000000000000000e+03 1.439600000000000000e+04 -4.128000000000000000e+03 -2.690000000000000000e+02 3.500000000000000000e+02
4.840000000000000000e+02 1.916000000000000000e+03 1.443200000000000000e+04 -4.144000000000000000e+03 -2.380000000000000000e+02 3.420000000000000000e+02
3.200000000000000000e+02 1.976000000000000000e+03 1.452000000000000000e+04 -4.112000000000000000e+03 -2.510000000000000000e+02 3.300000000000000000e+02
2.800000000000000000e+02 2.032000000000000000e+03 1.439600000000000000e+04 -4.128000000000000000e+03 -2.460000000000000000e+02 2.490000000000000000e+02
5.360000000000000000e+02 1.920000000000000000e+03 1.454000000000000000e+04 -4.128000000000000000e+03 -2.740000000000000000e+02 1.900000000000000000e+02
7.080000000000000000e+02 1.876000000000000000e+03 1.438000000000000000e+04 -4.128000000000000000e+03 -2.610000000000000000e+02 1.390000000000000000e+02
6.720000000000000000e+02 1.928000000000000000e+03 1.452000000000000000e+04 -4.144000000000000000e+03 -3.020000000000000000e+02 6.900000000000000000e+01
6.560000000000000000e+02 1.852000000000000000e+03 1.449600000000000000e+04 -4.112000000000000000e+03 -3.140000000000000000e+02 4.900000000000000000e+01
7.280000000000000000e+02 1.924000000000000000e+03 1.444400000000000000e+04 -4.128000000000000000e+03 -2.880000000000000000e+02 7.100000000000000000e+01
6.960000000000000000e+02 1.952000000000000000e+03 1.454400000000000000e+04 -4.112000000000000000e+03 -2.970000000000000000e+02 5.100000000000000000e+01
6.800000000000000000e+02 1.920000000000000000e+03 1.460000000000000000e+04 -4.112000000000000000e+03 -3.010000000000000000e+02 6.100000000000000000e+01
5.400000000000000000e+02 1.936000000000000000e+03 1.446000000000000000e+04 -4.144000000000000000e+03 -2.730000000000000000e+02 7.600000000000000000e+01
5.560000000000000000e+02 1.744000000000000000e+03 1.466000000000000000e+04 -4.144000000000000000e+03 -2.630000000000000000e+02 9.500000000000000000e+01
6.600000000000000000e+02 1.776000000000000000e+03 1.440800000000000000e+04 -4.128000000000000000e+03 -2.610000000000000000e+02 1.460000000000000000e+02
