-2.856000000000000000e+03 1.548000000000000000e+03 1.413200000000000000e+04 -3.888000000000000000e+03 -2.000000000000000000e+00 2.390000000000000000e+02
-2.756000000000000000e+03 1.380000000000000000e+03 1.380000000000000000e+04 -3.904000000000000000e+03 -1.600000000000000000e+01 4.680000000000000000e+02
-2.664000000000000000e+03 1.384000000000000000e+03 1.472800000000000000e+04 -3.920000000000000000e+03 -1.050000000000000000e+02 7.060000000000000000e+02
-2.904000000000000000e+03 1.468000000000000000e+03 1.478800000000000000e+04 -3.872000000000000000e+03 -1.190000000000000000e+02 9.540000000000000000e+02
-2.912000000000000000e+03 1.380000000000000000e+03 1.435600000000000000e+04 -3.904000000000000000e+03 -2.380000000000000000e+02 1.206000000000000000e+03
-2.900000000000000000e+03 1.328000000000000000e+03 1.362800000000000000e+04 -3.904000000000000000e+03 -2.860000000000000000e+02 1.392000000000000000e+03
-2.244000000000000000e+03 1.584000000000000000e+03 1.345200000000000000e+04 -3.888000000000000000e+03 -3.280000000000000000e+02 1.502000000000000000e+03
-2.600000000000000000e+03 1.592000000000000000e+03 1.370000000000000000e+04 -3.872000000000000000e+03 -3.560000000000000000e+02 1.576000000000000000e+03
-2.196000000000000000e+03 1.500000000000000000e+03 1.410000000000000000e+04 -3.888000000000000000e+03 -3.770000000000000000e+02 1.581000000000000000e+03
-2.240000000000000000e+03 1.628000000000000000e+03 1.416800000000000000e+04 -3.888000000000000000e+03 -3.470000000000000000e+02 1.541000000000000000e+03
-1.976000000000000000e+03 1.608000000000000000e+03 1.400400000000000000e+04 -3.888000000000000000e+03 -3.490000000000000000e+02 1.371000000000000000e+03
-2.112000000000000000e+03 1.564000000000000000e+03 1.439600000000000000e+04 -3.920000000000000000e+03 -3.040000000000000000e+02 1.135000000000000000e+03
-2.332000000000000000e+03 1.464000000000000000e+03 1.434000000000000000e+04 -3.888000000000000000e+03 -2.430000000000000000e+02 8.170000000000000000e+02
-2.260000000000000000e+03 1.440000000000000000e+03 1.446400000000000000e+04 -3.888000000000000000e+03 -1.810000000000000000e+02 5.670000000000000000e+02
-1.892000000000000000e+03 1.420000000000000000e+03 1.438800000000000000e+04 -3.920000000000000000e+03 -1.150000000000000000e+02 3.580000000000000000e+02
-1.876000000000000000e+03 1.592000000000000000e+03 1.429200000000000000e+04 -3.888000000000000000e+03 -5.600000000000000000e+01 2.740000000000000000e+02
-2.128000000000000000e+03 1.460000000000000000e+03 1.426000000000000000e+04 -3.872000000000000000e+03 -2.200000000000000000e+01 2.170000000000000000e+02
-1.980000000000000000e+03 1.456000000000000000e+03 1.444400000000000000e+04 -3.888000000000000000e+03 -2.200000000000000000e+01 1.320000000000000000e+02
-1.880000000000000000e+03 1.596000000000000000e+03 1.422000000000000000e+04 -3.872000000000000000e+03 -7.700000000000000000e+01 5.000000000000000000e+00
-1.900000000000000000e+03 1.568000000000000000e+03 1.399600000000000000e+04 -3.888000000000000000e+03 -6.800000000000000000e+01 -9.400000000000000000e+01
-1.980000000000000000e+03 1.548000000000000000e+03 1.412800000000000000e+04 -3.904000000000000000e+03 -9.000000000000000000e+01 -1.480000000000000000e+02
-2.060000000000000000e+03 1.592000000000000000e+03 1.385600000000000000e+04 -3.872000000000000000e+03 -1.200000000000000000e+02 -1.450000000000000000e+02
-2.160000000000000000e+03 1.716000000000000000e+03 1.414400000000000000e+04 -3.888000000000000000e+03 -1.560000000000000000e+02 -1.680000000000000000e+02
-2.088000000000000000e+03 1.680000000000000000e+03 1.416000000000000000e+04 -3.872000000000000000e+03 -2.080000000000000000e+02 -2.390000000000000000e+02
-2.128000000000000000e+03 1.584000000000000000e+03 1.388800000000000000e+04 -3.888000000000000000e+03 -1.910000000000000000e+02 -2.220000000000000000e+02
-2.268000000000000000e+03 1.552000000000000000e+03 1.407600000000000000e+04 -3.888000000000000000e+03 -2.380000000000000000e+02 -3.080000000000000000e+02
-2.308000000000000000e+03 1.504000000000000000e+03 1.419600000000000000e+04 -3.904000000000000000e+03 -2.700000000000000000e+02 -4.150000000000000000e+02
-2.504000000000000000e+03 1.688000000000000000e+03 1.448800000000000000e+04 -3.888000000000000000e+03 -3.100000000000000000e+02 -5.160000000000000000e+02
-2.560000000000000000e+03 1.644000000000000000e+03 1.414000000000000000e+04 -3.920000000000000000e+03 -3.340000000000000000e+02 -5.900000000000000000e+02
-2.772000000000000000e+03 1.684000000000000000e+03 1.428000000000000000e+04 -3.888000000000000000e+03 -3.410000000000000000e+02 -6.290000000000000000e+02
-2.868000000000000000e+03 1.720000000000000000e+03 1.431200000000000000e+04 -3.872000000000000000e+03 -3.320000000000000000e+02 -6.200000000000000000e+02
-3.068000000000000000e+03 1.656000000000000000e+03 1.435200000000000000e+04 -3.888000000000000000e+03 -3.040000000000000000e+02 -5.830000000000000000e+02
-2.988000000000000000e+03 1.716000000000000000e+03 1.412400000000000000e+04 -3.920000000000000000e+03 -3.330000000000000000e+02 -4.770000000000000000e+02
-3.096000000000000000e+03 1.732000000000000000e+03 1.420000000000000000e+04 -3.904000000000000000e+03 -3.250000000000000000e+02 -2.890000000000000000e+02
-3.056000000000000000e+03 1.688000000000000000e+03 1.415600000000000000e+04 -3.888000000000000000e+03 -3.380000000000000000e+02 -9.100000000000000000e+01
-3.172000000000000000e+03 1.672000000000000000e+03 1.426000000000000000e+04 -3.888000000000000000e+03 -3.600000000000000000e+02 1.100000000000000000e+02
-3.056000000000000000e+03 1.644000000000000000e+03 1.428400000000000000e+04 -3.872000000000000000e+03 -3.990000000000000000e+02 2.350000000000000000e+02
-3.136000000000000000e+03 1.696000000000000000e+03 1.440800000000000000e+04 -3.920000000000000000e+03 -4.150000000000000000e+02 3.800000000000000000e+02
-3.188000000000000000e+03 1.740000000000000000e+03 1.422800000000000000e+04 -3.872000000000000000e+03 -4.160000000000000000e+02 4.630000000000000000e+02
-3.172000000000000000e+03 1.664000000000000000e+03 1.414800000000000000e+04 -3.904000000000000000e+03 -4.290000000000000000e+02 4.770000000000000000e+02
-3.160000000000000000e+03 1.924000000000000000e+03 1.399200000000000000e+04 -3.920000000000000000e+03 -4.410000000000000000e+02 4.370000000000000000e+02
-3.300000000000000000e+03 1.856000000000000000e+03 1.420400000000000000e+04 -3.920000000000000000e+03 -3.940000000000000000e+02 3.780000000000000000e+02
-3.304000000000000000e+03 1.840000000000000000e+03 1.418800000000000000e+04 -3.904000000000000000e+03 -3.780000000000000000e+02 2.980000000000000000e+02
-3.268000000000000000e+03 1.856000000000000000e+03 1.407600000000000000e+04 -3.888000000000000000e+03 -3.530000000000000000e+02 2.210000000000000000e+02
-3.072000000000000000e+03 1.616000000000000000e+03 1.414800000000000000e+04 -3.904000000000000000e+03 -3.310000000000000000e+02 1.520000000000000000e+02
-3.136000000000000000e+03 1.732000000000000000e+03 1.422800000000000000e+04 -3.920000000000000000e+03 -2.900000000000000000e+02 8.700000000000000000e+01
-3.160000000000000000e+03 1.828000000000000000e+03 1.418800000000000000e+04 -3.904000000000000000e+03 -2.540000000000000000e+02 6.200000000000000000e+01
-3.052000000000000000e+03 1.840000000000000000e+03 1.404800000000000000e+04 -3.888000000000000000e+03 -2.510000000000000000e+02 3.900000000000000000e+01
-2.840000000000000000e+03 1.924000000000000000e+03 1.411600000000000000e+04 -3.904000000000000000e+03 -2.500000000000000000e+02 5.200000000000000000e+01
-2.872000000000000000e+03 1.928000000000000000e+03 1.416000000000000000e+04 -3.920000000000000000e+03 -2.480000000000000000e+02 7.400000000000000000e+01
-2.796000000000000000e+03 1.904000000000000000e+03 1.392400000000000000e+04 -3.904000000000000000e+03 -2.470000000000000000e+02 1.250000000000000000e+02
-2.676000000000000000e+03 1.820000000000000000e+03 1.401600000000000000e+04 -3.888000000000000000e+03 -2.350000000000000000e+02 1.570000000000000000e+02
-2.536000000000000000e+03 1.816000000000000000e+03 1.407600000000000000e+04 -3.904000000000000000e+03 -2.690000000000000000e+02 2.000000000000000000e+02
-2.404000000000000000e+03 1.820000000000000000e+03 1.418000000000000000e+04 -3.888000000000000000e+03 -2.690000000000000000e+02 2.060000000000000000e+02
-2.492000000000000000e+03 1.692000000000000000e+03 1.408800000000000000e+04 -3.888000000000000000e+03 -2.740000000000000000e+02 2.300000000000000000e+02
-2.436000000000000000e+03 1.812000000000000000e+03 1.409600000000000000e+04 -3.904000000000000000e+03 -3.030000000000000000e+02 2.580000000000000000e+02
-2.308000000000000000e+03 1.640000000000000000e+03 1.398000000000000000e+04 -3.888000000000000000e+03 -3.200000000000000000e+02 2.420000000000000000e+02
-2.444000000000000000e+03 1.668000000000000000e+03 1.409200000000000000e+04 -3.872000000000000000e+03 -3.330000000000000000e+02 2.500000000000000000e+02
-2.440000000000000000e+03 1.652000000000000000e+03 1.418000000000000000e+04 -3.920000000000000000e+03 -3.460000000000000000e+02 2.860000000000000000e+02
-2.444000000000000000e+03 1.652000000000000000e+03 1.418800000000000000e+04 -3.888000000000000000e+03 -3.900000000000000000e+02 3.000000000000000000e+02
-2.560000000000000000e+03 1.832000000000000000e+03 1.409600000000000000e+04 -3.920000000000000000e+03 -3.400000000000000000e+02 3.330000000000000000e+02
-2.616000000000000000e+03 1.752000000000000000e+03 1.421200000000000000e+04 -3.888000000000000000e+03 -3.460000000000000000e+02 3.780000000000000000e+02
-2.524000000000000000e+03 1.756000000000000000e+03 1.420800000000000000e+04 -3.920000000000000000e+03 -3.620000000000000000e+02 3.940000000000000000e+02
