4.080000000000000000e+02 1.892000000000000000e+03 1.456000000000000000e+04 -4.144000000000000000e+03 -2.820000000000000000e+02 1.680000000000000000e+02
2.440000000000000000e+02 1.956000000000000000e+03 1.442000000000000000e+04 -4.176000000000000000e+03 -2.920000000000000000e+02 1.760000000000000000e+02
4.320000000000000000e+02 1.908000000000000000e+03 1.448000000000000000e+04 -4.144000000000000000e+03 -2.870000000000000000e+02 1.730000000000000000e+02
3.160000000000000000e+02 1.852000000000000000e+03 1.445600000000000000e+04 -4.176000000000000000e+03 -2.730000000000000000e+02 1.800000000000000000e+02
4.720000000000000000e+02 1.800000000000000000e+03 1.447200000000000000e+04 -4.128000000000000000e+03 -2.670000000000000000e+02 2.000000000000000000e+02
4.200000000000000000e+02 1.880000000000000000e+03 1.437600000000000000e+04 -4.160000000000000000e+03 -2.660000000000000000e+02 2.120000000000000000e+02
4.160000000000000000e+02 1.952000000000000000e+03 1.452800000000000000e+04 -4.144000000000000000e+03 -2.920000000000000000e+02 1.830000000000000000e+02
1.600000000000000000e+02 1.892000000000000000e+03 1.442800000000000000e+04 -4.144000000000000000e+03 -2.990000000000000000e+02 1.540000000000000000e+02
2.280000000000000000e+02 1.816000000000000000e+03 1.443600000000000000e+04 -4.176000000000000000e+03 -2.770000000000000000e+02 1.450000000000000000e+02
2.520000000000000000e+02 1.956000000000000000e+03 1.453200000000000000e+04 -4.144000000000000000e+03 -2.990000000000000000e+02 1.350000000000000000e+02
2.760000000000000000e+02 1.904000000000000000e+03 1.450400000000000000e+04 -4.144000000000000000e+03 -2.790000000000000000e+02 1.250000000000000000e+02
2.320000000000000000e+02 1.852000000000000000e+03 1.448400000000000000e+04 -4.192000000000000000e+03 -2.800000000000000000e+02 1.480000000000000000e+02
2.720000000000000000e+02 1.788000000000000000e+03 1.448800000000000000e+04 -4.192000000000000000e+03 -2.730000000000000000e+02 1.740000000000000000e+02
2.440000000000000000e+02 1.824000000000000000e+03 1.446000000000000000e+04 -4.160000000000000000e+03 -2.980000000000000000e+02 1.900000000000000000e+02
2.400000000000000000e+02 1.888000000000000000e+03 1.444400000000000000e+04 -4.144000000000000000e+03 -2.820000000000000000e+02 1.950000000000000000e+02
2.520000000000000000e+02 1.932000000000000000e+03 1.440800000000000000e+04 -4.176000000000000000e+03 -2.810000000000000000e+02 1.990000000000000000e+02
1.880000000000000000e+02 1.884000000000000000e+03 1.456000000000000000e+04 -4.144000000000000000e+03 -2.890000000000000000e+02 2.180000000000000000e+02
3.840000000000000000e+02 1.848000000000000000e+03 1.454400000000000000e+04 -4.144000000000000000e+03 -2.750000000000000000e+02 1.910000000000000000e+02
2.680000000000000000e+02 1.900000000000000000e+03 1.442800000000000000e+04 -4.160000000000000000e+03 -2.790000000000000000e+02 1.840000000000000000e+02
2.120000000000000000e+02 1.956000000000000000e+03 1.448400000000000000e+04 -4.160000000000000000e+03 -2.950000000000000000e+02 1.620000000000000000e+02
3.880000000000000000e+02 2.004000000000000000e+03 1.447200000000000000e+04 -4.160000000000000000e+03 -2.810000000000000000e+02 1.250000000000000000e+02
2.720000000000000000e+02 1.872000000000000000e+03 1.448400000000000000e+04 -4.128000000000000000e+03 -2.820000000000000000e+02 4.100000000000000000e+01
2.040000000000000000e+02 1.900000000000000000e+03 1.447600000000000000e+04 -4.176000000000000000e+03 -2.630000000000000000e+02 -6.900000000000000000e+01
6.800000000000000000e+01 1.848000000000000000e+03 1.443200000000000000e+04 -4.144000000000000000e+03 -2.450000000000000000e+02 -1.740000000000000000e+02
1.080000000000000000e+02 1.904000000000000000e+03 1.441200000000000000e+04 -4.144000000000000000e+03 -2.830000000000000000e+02 -2.140000000000000000e+02
2.920000000000000000e+02 1.952000000000000000e+03 1.450000000000000000e+04 -4.144000000000000000e+03 -2.430000000000000000e+02 -1.940000000000000000e+02
4.280000000000000000e+02 1.896000000000000000e+03 1.446800000000000000e+04 -4.128000000000000000e+03 -2.280000000000000000e+02 -1.510000000000000000e+02
5.240000000000000000e+02 1.948000000000000000e+03 1.434000000000000000e+04 -4.176000000000000000e+03 -2.300000000000000000e+02 -5.600000000000000000e+01
7.120000000000000000e+02 1.904000000000000000e+03 1.442000000000000000e+04 -4.160000000000000000e+03 -2.550000000000000000e+02 6.000000000000000000e+00
4.760000000000000000e+02 1.996000000000000000e+03 1.443600000000000000e+04 -4.176000000000000000e+03 -2.750000000000000000e+02 6.000000000000000000e+01
5.440000000000000000e+02 1.788000000000000000e+03 1.455600000000000000e+04 -4.144000000000000000e+03 -2.660000000000000000e+02 1.180000000000000000e+02
4.760000000000000000e+02 1.900000000000000000e+03 1.446000000000000000e+04 -4.160000000000000000e+03 -2.680000000000000000e+02 1.650000000000000000e+02
4.600000000000000000e+02 1.888000000000000000e+03 1.450400000000000000e+04 -4.144000000000000000e+03 -2.830000000000000000e+02 1.710000000000000000e+02
5.600000000000000000e+02 2.036000000000000000e+03 1.450400000000000000e+04 -4.176000000000000000e+03 -2.600000000000000000e+02 2.180000000000000000e+02
5.280000000000000000e+02 1.960000000000000000e+03 1.452000000000000000e+04 -4.128000000000000000e+03 -2.660000000000000000e+02 1.950000000000000000e+02
5.160000000000000000e+02 2.008000000000000000e+03 1.449200000000000000e+04 -4.160000000000000000e+03 -2.970000000000000000e+02 1.830000000000000000e+02
3.920000000000000000e+02 1.868000000000000000e+03 1.458000000000000000e+04 -4.160000000000000000e+03 -2.670000000000000000e+02 1.450000000000000000e+02
5.120000000000000000e+02 1.988000000000000000e+03 1.457600000000000000e+04 -4.144000000000000000e+03 -2.540000000000000000e+02 1.180000000000000000e+02
4.760000000000000000e+02 1.948000000000000000e+03 1.438800000000000000e+04 -4.144000000000000000e+03 -2.710000000000000000e+02 1.270000000000000000e+02
4.120000000000000000e+02 1.928000000000000000e+03 1.458400000000000000e+04 -4.176000000000000000e+03 -2.630000000000000000e+02 7.700000000000000000e+01
4.920000000000000000e+02 1.980000000000000000e+03 1.432000000000000000e+04 -4.144000000000000000e+03 -2.670000000000000000e+02 1.210000000000000000e+02
6.480000000000000000e+02 1.880000000000000000e+03 1.458400000000000000e+04 -4.128000000000000000e+03 -2.770000000000000000e+02 1.530000000000000000e+02
6.000000000000000000e+02 1.980000000000000000e+03 1.456000000000000000e+04 -4.176000000000000000e+03 -2.830000000000000000e+02 1.650000000000000000e+02
4.960000000000000000e+02 1.912000000000000000e+03 1.453200000000000000e+04 -4.144000000000000000e+03 -2.990000000000000000e+02 1.800000000000000000e+02
6.240000000000000000e+02 1.916000000000000000e+03 1.447200000000000000e+04 -4.160000000000000000e+03 -2.750000000000000000e+02 1.560000000000000000e+02
6.120000000000000000e+02 1.944000000000000000e+03 1.450800000000000000e+04 -4.192000000000000000e+03 -2.700000000000000000e+02 1.220000000000000000e+02
4.320000000000000000e+02 1.924000000000000000e+03 1.442000000000000000e+04 -4.160000000000000000e+03 -2.680000000000000000e+02 1.070000000000000000e+02
5.520000000000000000e+02 1.984000000000000000e+03 1.442000000000000000e+04 -4.160000000000000000e+03 -2.600000000000000000e+02 1.090000000000000000e+02
3.680000000000000000e+02 1.868000000000000000e+03 1.448000000000000000e+04 -4.176000000000000000e+03 -2.690000000000000000e+02 1.360000000000000000e+02
4.920000000000000000e+02 1.888000000000000000e+03 1.447200000000000000e+04 -4.176000000000000000e+03 -2.590000000000000000e+02 1.520000000000000000e+02
6.160000000000000000e+02 1.908000000000000000e+03 1.438400000000000000e+04 -4.144000000000000000e+03 -2.700000000000000000e+02 2.300000000000000000e+02
6.240000000000000000e+02 1.988000000000000000e+03 1.446400000000000000e+04 -4.160000000000000000e+03 -2.940000000000000000e+02 3.250000000000000000e+02
7.200000000000000000e+02 1.944000000000000000e+03 1.453600000000000000e+04 -4.192000000000000000e+03 -3.040000000000000000e+02 4.360000000000000000e+02
6.360000000000000000e+02 1.988000000000000000e+03 1.460400000000000000e+04 -4.160000000000000000e+03 -2.990000000000000000e+02 4.730000000000000000e+02
6.520000000000000000e+02 1.996000000000000000e+03 1.446400000000000000e+04 -4.176000000000000000e+03 -2.970000000000000000e+02 4.670000000000000000e+02
4.200000000000000000e+02 1.928000000000000000e+03 1.463600000000000000e+04 -4.176000000000000000e+03 -3.020000000000000000e+02 4.390000000000000000e+02
4.080000000000000000e+02 1.828000000000000000e+03 1.456000000000000000e+04 -4.144000000000000000e+03 -3.220000000000000000e+02 4.140000000000000000e+02
4.640000000000000000e+02 1.960000000000000000e+03 1.458400000000000000e+04 -4.144000000000000000e+03 -2.790000000000000000e+02 3.070000000000000000e+02
3.920000000000000000e+02 2.008000000000000000e+03 1.450400000000000000e+04 -4.160000000000000000e+03 -3.000000000000000000e+02 2.130000000000000000e+02
2.160000000000000000e+02 1.892000000000000000e+03 1.452400000000000000e+04 -4.160000000000000000e+03 -2.810000000000000000e+02 1.100000000000000000e+02
3.200000000000000000e+02 2.004000000000000000e+03 1.453200000000000000e+04 -4.160000000000000000e+03 -2.770000000000000000e+02 2.200000000000000000e+01
1.480000000000000000e+02 1.920000000000000000e+03 1.446800000000000000e+04 -4.176000000000000000e+03 -2.510000000000000000e+02 -8.700000000000000000e+01
2.360000000000000000e+02 1.872000000000000000e+03 1.450400000000000000e+04 -4.176000000000000000e+03 -2.600000000000000000e+02 -1.110000000000000000e+02
2.840000000000000000e+02 1.844000000000000000e+03 1.446400000000000000e+04 -4.160000000000000000e+03 -2.560000000000000000e+02 -9.800000000000000000e+01
3.960000000000000000e+02 1.912000000000000000e+03 1.458400000000000000e+04 -4.160000000000000000e+03 -2.500000000000000000e+02 -6.400000000000000000e+01
5.040000000000000000e+02 1.864000000000000000e+03 1.438800000000000000e+04 -4.144000000000000000e+03 -2.320000000000000000e+02 -3.000000000000000000e+00
5.880000000000000000e+02 1.904000000000000000e+03 1.446400000000000000e+04 -4.144000000000000000e+03 -2.590000000000000000e+02 4.200000000000000000e+01
5.760000000000000000e+02 2.000000000000000000e+03 1.456400000000000000e+04 -4.144000000000000000e+03 -2.480000000000000000e+02 1.180000000000000000e+02
5.880000000000000000e+02 1.992000000000000000e+03 1.443600000000000000e+04 -4.160000000000000000e+03 -2.770000000000000000e+02 1.180000000000000000e+02
7.040000000000000000e+02 1.884000000000000000e+03 1.446800000000000000e+04 -4.176000000000000000e+03 -2.710000000000000000e+02 1.130000000000000000e+02
5.320000000000000000e+02 2.004000000000000000e+03 1.464800000000000000e+04 -4.160000000000000000e+03 -2.760000000000000000e+02 1.090000000000000000e+02
5.280000000000000000e+02 1.948000000000000000e+03 1.452000000000000000e+04 -4.160000000000000000e+03 -2.770000000000000000e+02 1.630000000000000000e+02
5.800000000000000000e+02 2.048000000000000000e+03 1.448400000000000000e+04 -4.128000000000000000e+03 -2.850000000000000000e+02 1.810000000000000000e+02
6.040000000000000000e+02 1.952000000000000000e+03 1.435600000000000000e+04 -4.144000000000000000e+03 -2.810000000000000000e+02 1.800000000000000000e+02
5.200000000000000000e+02 1.956000000000000000e+03 1.442400000000000000e+04 -4.144000000000000000e+03 -2.860000000000000000e+02 2.260000000000000000e+02
6.120000000000000000e+02 1.940000000000000000e+03 1.451600000000000000e+04 -4.144000000000000000e+03 -3.020000000000000000e+02 2.150000000000000000e+02
5.000000000000000000e+02 1.924000000000000000e+03 1.459600000000000000e+04 -4.144000000000000000e+03 -2.870000000000000000e+02 2.150000000000000000e+02
3.960000000000000000e+02 1.840000000000000000e+03 1.447200000000000000e+04 -4.160000000000000000e+03 -2.760000000000000000e+02 2.100000000000000000e+02
4.480000000000000000e+02 1.900000000000000000e+03 1.449600000000000000e+04 -4.128000000000000000e+03 -2.830000000000000000e+02 1.930000000000000000e+02
4.640000000000000000e+02 1.924000000000000000e+03 1.446800000000000000e+04 -4.128000000000000000e+03 -2.850000000000000000e+02 1.630000000000000000e+02
4.400000000000000000e+02 1.896000000000000000e+03 1.453600000000000000e+04 -4.144000000000000000e+03 -3.000000000000000000e+02 1.020000000000000000e+02
