2.840000000000000000e+02 2.048000000000000000e+03 1.474400000000000000e+04 -4.176000000000000000e+03 -2.100000000000000000e+02 6.400000000000000000e+01
1.080000000000000000e+02 1.996000000000000000e+03 1.456400000000000000e+04 -4.192000000000000000e+03 -2.750000000000000000e+02 -8.600000000000000000e+01
-1.320000000000000000e+02 1.948000000000000000e+03 1.450800000000000000e+04 -4.208000000000000000e+03 -2.580000000000000000e+02 5.080000000000000000e+02
1.120000000000000000e+02 2.004000000000000000e+03 1.445200000000000000e+04 -4.224000000000000000e+03 -3.780000000000000000e+02 6.070000000000000000e+02
2.720000000000000000e+02 2.096000000000000000e+03 1.440400000000000000e+04 -4.224000000000000000e+03 -3.770000000000000000e+02 9.180000000000000000e+02
4.120000000000000000e+02 1.988000000000000000e+03 1.472800000000000000e+04 -4.256000000000000000e+03 -4.300000000000000000e+02 1.136000000000000000e+03
5.560000000000000000e+02 1.948000000000000000e+03 1.453200000000000000e+04 -4.224000000000000000e+03 -4.500000000000000000e+02 1.226000000000000000e+03
5.600000000000000000e+02 1.876000000000000000e+03 1.429600000000000000e+04 -4.224000000000000000e+03 -4.410000000000000000e+02 1.247000000000000000e+03
3.480000000000000000e+02 1.908000000000000000e+03 1.441200000000000000e+04 -4.240000000000000000e+03 -4.040000000000000000e+02 1.016000000000000000e+03
4.080000000000000000e+02 1.888000000000000000e+03 1.448400000000000000e+04 -4.256000000000000000e+03 -3.710000000000000000e+02 1.078000000000000000e+03
2.760000000000000000e+02 1.784000000000000000e+03 1.441600000000000000e+04 -4.224000000000000000e+03 -3.530000000000000000e+02 8.550000000000000000e+02
-1.400000000000000000e+02 1.848000000000000000e+03 1.428000000000000000e+04 -4.224000000000000000e+03 -2.890000000000000000e+02 7.150000000000000000e+02
4.800000000000000000e+01 1.700000000000000000e+03 1.447600000000000000e+04 -4.240000000000000000e+03 -2.350000000000000000e+02 5.720000000000000000e+02
-3.280000000000000000e+02 1.716000000000000000e+03 1.426000000000000000e+04 -4.224000000000000000e+03 -1.900000000000000000e+02 3.340000000000000000e+02
-2.360000000000000000e+02 1.840000000000000000e+03 1.457600000000000000e+04 -4.240000000000000000e+03 -1.420000000000000000e+02 2.020000000000000000e+02
-8.000000000000000000e+01 1.816000000000000000e+03 1.443600000000000000e+04 -4.208000000000000000e+03 -1.060000000000000000e+02 5.500000000000000000e+01
-3.200000000000000000e+02 1.852000000000000000e+03 1.447600000000000000e+04 -4.208000000000000000e+03 -1.300000000000000000e+02 -9.800000000000000000e+01
-2.520000000000000000e+02 1.924000000000000000e+03 1.450400000000000000e+04 -4.176000000000000000e+03 -8.600000000000000000e+01 -1.660000000000000000e+02
-2.840000000000000000e+02 1.908000000000000000e+03 1.420800000000000000e+04 -4.208000000000000000e+03 -1.020000000000000000e+02 -1.910000000000000000e+02
-3.000000000000000000e+02 2.008000000000000000e+03 1.444800000000000000e+04 -4.224000000000000000e+03 -9.600000000000000000e+01 -1.480000000000000000e+02
-4.800000000000000000e+01 1.988000000000000000e+03 1.422800000000000000e+04 -4.224000000000000000e+03 -1.200000000000000000e+02 3.600000000000000000e+01
-2.200000000000000000e+02 1.948000000000000000e+03 1.449200000000000000e+04 -4.256000000000000000e+03 -1.580000000000000000e+02 3.100000000000000000e+02
-1.680000000000000000e+02 1.936000000000000000e+03 1.471600000000000000e+04 -4.208000000000000000e+03 -2.130000000000000000e+02 3.060000000000000000e+02
-4.000000000000000000e+01 1.968000000000000000e+03 1.474000000000000000e+04 -4.208000000000000000e+03 -2.490000000000000000e+02 4.140000000000000000e+02
-9.200000000000000000e+01 2.032000000000000000e+03 1.451600000000000000e+04 -4.240000000000000000e+03 -2.790000000000000000e+02 4.310000000000000000e+02
1.080000000000000000e+02 2.044000000000000000e+03 1.460800000000000000e+04 -4.240000000000000000e+03 -2.850000000000000000e+02 4.370000000000000000e+02
-8.800000000000000000e+01 2.048000000000000000e+03 1.465600000000000000e+04 -4.224000000000000000e+03 -3.330000000000000000e+02 4.750000000000000000e+02
-2.280000000000000000e+02 2.088000000000000000e+03 1.459200000000000000e+04 -4.208000000000000000e+03 -3.540000000000000000e+02 5.760000000000000000e+02
-4.000000000000000000e+00 2.100000000000000000e+03 1.447600000000000000e+04 -4.240000000000000000e+03 -3.980000000000000000e+02 6.200000000000000000e+02
-1.120000000000000000e+02 2.068000000000000000e+03 1.467200000000000000e+04 -4.240000000000000000e+03 -4.220000000000000000e+02 6.080000000000000000e+02
-2.200000000000000000e+02 2.104000000000000000e+03 1.461200000000000000e+04 -4.208000000000000000e+03 -4.460000000000000000e+02 5.700000000000000000e+02
-1.600000000000000000e+02 1.984000000000000000e+03 1.468000000000000000e+04 -4.224000000000000000e+03 -4.710000000000000000e+02 5.410000000000000000e+02
-1.680000000000000000e+02 1.788000000000000000e+03 1.460400000000000000e+04 -4.208000000000000000e+03 -4.750000000000000000e+02 4.980000000000000000e+02
-3.480000000000000000e+02 1.836000000000000000e+03 1.428400000000000000e+04 -4.224000000000000000e+03 -4.590000000000000000e+02 3.720000000000000000e+02
-2.600000000000000000e+02 1.888000000000000000e+03 1.468800000000000000e+04 -4.208000000000000000e+03 -4.480000000000000000e+02 2.390000000000000000e+02
-5.280000000000000000e+02 1.808000000000000000e+03 1.451200000000000000e+04 -4.224000000000000000e+03 -4.420000000000000000e+02 3.100000000000000000e+01
-6.000000000000000000e+02 1.864000000000000000e+03 1.448000000000000000e+04 -4.240000000000000000e+03 -4.110000000000000000e+02 -3.200000000000000000e+01
-3.680000000000000000e+02 1.960000000000000000e+03 1.439200000000000000e+04 -4.208000000000000000e+03 -3.740000000000000000e+02 -3.200000000000000000e+01
-3.240000000000000000e+02 1.884000000000000000e+03 1.417600000000000000e+04 -4.224000000000000000e+03 -3.890000000000000000e+02 -1.700000000000000000e+01
2.400000000000000000e+01 1.908000000000000000e+03 1.443600000000000000e+04 -4.208000000000000000e+03 -3.500000000000000000e+02 2.800000000000000000e+01
6.800000000000000000e+01 1.712000000000000000e+03 1.448000000000000000e+04 -4.208000000000000000e+03 -3.840000000000000000e+02 3.000000000000000000e+00
-2.160000000000000000e+02 1.812000000000000000e+03 1.457200000000000000e+04 -4.192000000000000000e+03 -3.540000000000000000e+02 9.000000000000000000e+00
-8.800000000000000000e+01 1.756000000000000000e+03 1.420800000000000000e+04 -4.208000000000000000e+03 -3.180000000000000000e+02 5.600000000000000000e+01
-3.640000000000000000e+02 1.792000000000000000e+03 1.429600000000000000e+04 -4.208000000000000000e+03 -3.260000000000000000e+02 1.300000000000000000e+02
-2.960000000000000000e+02 1.868000000000000000e+03 1.436800000000000000e+04 -4.224000000000000000e+03 -2.830000000000000000e+02 2.590000000000000000e+02
-4.520000000000000000e+02 1.776000000000000000e+03 1.440800000000000000e+04 -4.240000000000000000e+03 -2.910000000000000000e+02 3.610000000000000000e+02
-2.720000000000000000e+02 1.952000000000000000e+03 1.460400000000000000e+04 -4.224000000000000000e+03 -2.880000000000000000e+02 4.230000000000000000e+02
-3.560000000000000000e+02 1.840000000000000000e+03 1.446800000000000000e+04 -4.240000000000000000e+03 -2.720000000000000000e+02 4.240000000000000000e+02
-2.840000000000000000e+02 1.844000000000000000e+03 1.437600000000000000e+04 -4.192000000000000000e+03 -2.630000000000000000e+02 4.750000000000000000e+02
-4.200000000000000000e+02 1.820000000000000000e+03 1.432000000000000000e+04 -4.240000000000000000e+03 -2.790000000000000000e+02 4.790000000000000000e+02
-5.400000000000000000e+02 1.804000000000000000e+03 1.430000000000000000e+04 -4.256000000000000000e+03 -2.350000000000000000e+02 5.040000000000000000e+02
-5.200000000000000000e+02 1.912000000000000000e+03 1.462800000000000000e+04 -4.208000000000000000e+03 -2.660000000000000000e+02 5.320000000000000000e+02
-3.680000000000000000e+02 1.924000000000000000e+03 1.439600000000000000e+04 -4.208000000000000000e+03 -2.660000000000000000e+02 5.930000000000000000e+02
-2.880000000000000000e+02 1.928000000000000000e+03 1.446000000000000000e+04 -4.192000000000000000e+03 -2.730000000000000000e+02 5.830000000000000000e+02
-3.480000000000000000e+02 1.940000000000000000e+03 1.450800000000000000e+04 -4.240000000000000000e+03 -2.780000000000000000e+02 5.230000000000000000e+02
-3.680000000000000000e+02 1.756000000000000000e+03 1.448400000000000000e+04 -4.224000000000000000e+03 -2.550000000000000000e+02 5.110000000000000000e+02
-4.120000000000000000e+02 1.712000000000000000e+03 1.454000000000000000e+04 -4.208000000000000000e+03 -2.470000000000000000e+02 4.240000000000000000e+02
-5.640000000000000000e+02 1.704000000000000000e+03 1.448400000000000000e+04 -4.208000000000000000e+03 -2.470000000000000000e+02 3.300000000000000000e+02
-7.000000000000000000e+02 1.800000000000000000e+03 1.464000000000000000e+04 -4.208000000000000000e+03 -2.350000000000000000e+02 1.680000000000000000e+02
-7.000000000000000000e+02 1.768000000000000000e+03 1.455600000000000000e+04 -4.240000000000000000e+03 -2.510000000000000000e+02 3.400000000000000000e+01
-6.000000000000000000e+02 1.728000000000000000e+03 1.452000000000000000e+04 -4.192000000000000000e+03 -2.270000000000000000e+02 -4.700000000000000000e+01
-7.320000000000000000e+02 1.840000000000000000e+03 1.438000000000000000e+04 -4.224000000000000000e+03 -2.040000000000000000e+02 -1.300000000000000000e+02
-6.680000000000000000e+02 1.824000000000000000e+03 1.470000000000000000e+04 -4.208000000000000000e+03 -2.510000000000000000e+02 -1.670000000000000000e+02
-6.560000000000000000e+02 1.948000000000000000e+03 1.464400000000000000e+04 -4.224000000000000000e+03 -2.700000000000000000e+02 -1.720000000000000000e+02
-4.760000000000000000e+02 1.840000000000000000e+03 1.434000000000000000e+04 -4.224000000000000000e+03 -2.590000000000000000e+02 -1.380000000000000000e+02
-4.560000000000000000e+02 1.712000000000000000e+03 1.442400000000000000e+04 -4.208000000000000000e+03 -2.840000000000000000e+02 1.050000000000000000e+02
-7.440000000000000000e+02 1.800000000000000000e+03 1.444000000000000000e+04 -4.208000000000000000e+03 -3.040000000000000000e+02 1.850000000000000000e+02
-7.360000000000000000e+02 1.792000000000000000e+03 1.444000000000000000e+04 -4.224000000000000000e+03 -3.190000000000000000e+02 3.950000000000000000e+02
-5.120000000000000000e+02 1.816000000000000000e+03 1.450800000000000000e+04 -4.208000000000000000e+03 -3.860000000000000000e+02 6.450000000000000000e+02
-5.640000000000000000e+02 1.896000000000000000e+03 1.432000000000000000e+04 -4.208000000000000000e+03 -4.100000000000000000e+02 8.230000000000000000e+02
-4.720000000000000000e+02 1.908000000000000000e+03 1.459200000000000000e+04 -4.224000000000000000e+03 -4.770000000000000000e+02 9.530000000000000000e+02
-2.880000000000000000e+02 1.884000000000000000e+03 1.437600000000000000e+04 -4.176000000000000000e+03 -4.610000000000000000e+02 9.700000000000000000e+02
-3.960000000000000000e+02 1.816000000000000000e+03 1.449600000000000000e+04 -4.192000000000000000e+03 -4.560000000000000000e+02 9.030000000000000000e+02
-4.440000000000000000e+02 1.720000000000000000e+03 1.448800000000000000e+04 -4.176000000000000000e+03 -4.690000000000000000e+02 8.630000000000000000e+02
-8.040000000000000000e+02 1.744000000000000000e+03 1.425600000000000000e+04 -4.224000000000000000e+03 -4.530000000000000000e+02 8.840000000000000000e+02
-7.360000000000000000e+02 1.776000000000000000e+03 1.434000000000000000e+04 -4.208000000000000000e+03 -4.650000000000000000e+02 7.920000000000000000e+02
-7.680000000000000000e+02 1.768000000000000000e+03 1.427600000000000000e+04 -4.208000000000000000e+03 -4.370000000000000000e+02 6.080000000000000000e+02
-8.360000000000000000e+02 1.800000000000000000e+03 1.484800000000000000e+04 -4.208000000000000000e+03 -4.410000000000000000e+02 4.810000000000000000e+02
-9.480000000000000000e+02 1.680000000000000000e+03 1.458000000000000000e+04 -4.224000000000000000e+03 -3.910000000000000000e+02 3.440000000000000000e+02
-1.080000000000000000e+03 1.584000000000000000e+03 1.448800000000000000e+04 -4.224000000000000000e+03 -3.620000000000000000e+02 2.090000000000000000e+02
-1.240000000000000000e+03 1.628000000000000000e+03 1.426400000000000000e+04 -4.256000000000000000e+03 -3.440000000000000000e+02 1.830000000000000000e+02
-1.104000000000000000e+03 1.716000000000000000e+03 1.411200000000000000e+04 -4.208000000000000000e+03 -3.290000000000000000e+02 2.090000000000000000e+02
