4.520000000000000000e+02 1.461200000000000000e+04 1.460000000000000000e+04 -4.160000000000000000e+03 -2.640000000000000000e+02 1.450000000000000000e+02
1.932000000000000000e+03 1.868000000000000000e+03 1.449600000000000000e+04 -4.128000000000000000e+03 -2.740000000000000000e+02 1.600000000000000000e+02
5.080000000000000000e+02 1.864000000000000000e+03 1.450800000000000000e+04 -4.160000000000000000e+03 -2.790000000000000000e+02 1.680000000000000000e+02
5.520000000000000000e+02 1.868000000000000000e+03 1.453600000000000000e+04 -4.176000000000000000e+03 -2.850000000000000000e+02 1.990000000000000000e+02
5.360000000000000000e+02 1.944000000000000000e+03 1.455200000000000000e+04 -4.144000000000000000e+03 -2.860000000000000000e+02 1.980000000000000000e+02
6.000000000000000000e+02 1.952000000000000000e+03 1.448800000000000000e+04 -4.112000000000000000e+03 -2.730000000000000000e+02 1.970000000000000000e+02
5.280000000000000000e+02 1.968000000000000000e+03 1.440000000000000000e+04 -4.176000000000000000e+03 -2.630000000000000000e+02 1.890000000000000000e+02
6.440000000000000000e+02 1.880000000000000000e+03 1.454000000000000000e+04 -4.160000000000000000e+03 -2.570000000000000000e+02 1.560000000000000000e+02
7.240000000000000000e+02 1.996000000000000000e+03 1.458800000000000000e+04 -4.128000000000000000e+03 -2.990000000000000000e+02 1.330000000000000000e+02
5.440000000000000000e+02 1.908000000000000000e+03 1.446000000000000000e+04 -4.160000000000000000e+03 -2.580000000000000000e+02 1.190000000000000000e+02
5.760000000000000000e+02 1.948000000000000000e+03 1.446800000000000000e+04 -4.176000000000000000e+03 -2.700000000000000000e+02 1.100000000000000000e+02
6.040000000000000000e+02 1.800000000000000000e+03 1.444000000000000000e+04 -4.176000000000000000e+03 -2.610000000000000000e+02 1.040000000000000000e+02
4.240000000000000000e+02 1.888000000000000000e+03 1.458000000000000000e+04 -4.144000000000000000e+03 -2.750000000000000000e+02 1.160000000000000000e+02
3.720000000000000000e+02 1.964000000000000000e+03 1.442400000000000000e+04 -4.144000000000000000e+03 -2.650000000000000000e+02 1.490000000000000000e+02
5.600000000000000000e+02 1.940000000000000000e+03 1.448800000000000000e+04 -4.160000000000000000e+03 -2.680000000000000000e+02 1.220000000000000000e+02
6.520000000000000000e+02 1.888000000000000000e+03 1.450800000000000000e+04 -4.128000000000000000e+03 -2.630000000000000000e+02 1.620000000000000000e+02
4.200000000000000000e+02 1.900000000000000000e+03 1.460800000000000000e+04 -4.160000000000000000e+03 -2.730000000000000000e+02 1.790000000000000000e+02
5.080000000000000000e+02 1.928000000000000000e+03 1.455200000000000000e+04 -4.176000000000000000e+03 -2.620000000000000000e+02 1.520000000000000000e+02
5.760000000000000000e+02 2.020000000000000000e+03 1.445200000000000000e+04 -4.144000000000000000e+03 -2.830000000000000000e+02 1.680000000000000000e+02
6.800000000000000000e+02 1.924000000000000000e+03 1.457600000000000000e+04 -4.176000000000000000e+03 -2.940000000000000000e+02 1.720000000000000000e+02
7.000000000000000000e+02 1.908000000000000000e+03 1.444000000000000000e+04 -4.176000000000000000e+03 -2.680000000000000000e+02 1.800000000000000000e+02
4.480000000000000000e+02 1.988000000000000000e+03 1.458400000000000000e+04 -4.160000000000000000e+03 -2.780000000000000000e+02 2.030000000000000000e+02
7.760000000000000000e+02 2.016000000000000000e+03 1.453200000000000000e+04 -4.128000000000000000e+03 -3.010000000000000000e+02 1.980000000000000000e+02
6.080000000000000000e+02 1.864000000000000000e+03 1.456800000000000000e+04 -4.160000000000000000e+03 -2.760000000000000000e+02 2.130000000000000000e+02
4.720000000000000000e+02 1.868000000000000000e+03 1.440800000000000000e+04 -4.176000000000000000e+03 -2.680000000000000000e+02 2.100000000000000000e+02
4.840000000000000000e+02 1.896000000000000000e+03 1.445200000000000000e+04 -4.176000000000000000e+03 -2.850000000000000000e+02 2.090000000000000000e+02
5.040000000000000000e+02 1.852000000000000000e+03 1.445600000000000000e+04 -4.144000000000000000e+03 -2.590000000000000000e+02 2.140000000000000000e+02
5.440000000000000000e+02 1.876000000000000000e+03 1.438800000000000000e+04 -4.144000000000000000e+03 -2.780000000000000000e+02 1.920000000000000000e+02
4.800000000000000000e+02 1.928000000000000000e+03 1.454400000000000000e+04 -4.160000000000000000e+03 -2.840000000000000000e+02 1.390000000000000000e+02
7.480000000000000000e+02 1.944000000000000000e+03 1.453600000000000000e+04 -4.160000000000000000e+03 -2.620000000000000000e+02 9.600000000000000000e+01
4.960000000000000000e+02 1.944000000000000000e+03 1.439200000000000000e+04 -4.176000000000000000e+03 -2.670000000000000000e+02 7.600000000000000000e+01
6.320000000000000000e+02 1.876000000000000000e+03 1.448800000000000000e+04 -4.144000000000000000e+03 -2.800000000000000000e+02 6.200000000000000000e+01
5.000000000000000000e+02 1.936000000000000000e+03 1.445600000000000000e+04 -4.144000000000000000e+03 -2.530000000000000000e+02 5.800000000000000000e+01
5.120000000000000000e+02 1.936000000000000000e+03 1.457600000000000000e+04 -4.160000000000000000e+03 -2.460000000000000000e+02 1.140000000000000000e+02
5.400000000000000000e+02 1.936000000000000000e+03 1.450000000000000000e+04 -4.144000000000000000e+03 -2.590000000000000000e+02 1.480000000000000000e+02
5.160000000000000000e+02 1.888000000000000000e+03 1.464800000000000000e+04 -4.160000000000000000e+03 -2.890000000000000000e+02 1.830000000000000000e+02
4.160000000000000000e+02 1.968000000000000000e+03 1.454800000000000000e+04 -4.160000000000000000e+03 -2.690000000000000000e+02 2.330000000000000000e+02
5.840000000000000000e+02 1.964000000000000000e+03 1.446400000000000000e+04 -4.144000000000000000e+03 -2.770000000000000000e+02 2.580000000000000000e+02
7.120000000000000000e+02 1.992000000000000000e+03 1.442400000000000000e+04 -4.176000000000000000e+03 -2.620000000000000000e+02 2.710000000000000000e+02
4.560000000000000000e+02 1.940000000000000000e+03 1.447200000000000000e+04 -4.144000000000000000e+03 -2.790000000000000000e+02 2.970000000000000000e+02
6.120000000000000000e+02 1.952000000000000000e+03 1.452400000000000000e+04 -4.160000000000000000e+03 -2.820000000000000000e+02 2.490000000000000000e+02
6.120000000000000000e+02 1.932000000000000000e+03 1.443600000000000000e+04 -4.192000000000000000e+03 -2.790000000000000000e+02 2.050000000000000000e+02
7.080000000000000000e+02 1.956000000000000000e+03 1.446000000000000000e+04 -4.128000000000000000e+03 -2.900000000000000000e+02 1.270000000000000000e+02
5.840000000000000000e+02 1.852000000000000000e+03 1.457200000000000000e+04 -4.160000000000000000e+03 -2.770000000000000000e+02 6.700000000000000000e+01
5.680000000000000000e+02 1.976000000000000000e+03 1.450400000000000000e+04 -4.144000000000000000e+03 -2.770000000000000000e+02 2.700000000000000000e+01
5.720000000000000000e+02 1.904000000000000000e+03 1.459600000000000000e+04 -4.176000000000000000e+03 -2.460000000000000000e+02 0.000000000000000000e+00
5.680000000000000000e+02 1.868000000000000000e+03 1.459600000000000000e+04 -4.144000000000000000e+03 -2.470000000000000000e+02 -2.500000000000000000e+01
4.480000000000000000e+02 2.032000000000000000e+03 1.446800000000000000e+04 -4.192000000000000000e+03 -2.710000000000000000e+02 -4.200000000000000000e+01
4.400000000000000000e+02 1.964000000000000000e+03 1.470000000000000000e+04 -4.144000000000000000e+03 -2.560000000000000000e+02 -6.900000000000000000e+01
5.880000000000000000e+02 1.860000000000000000e+03 1.443200000000000000e+04 -4.160000000000000000e+03 -2.350000000000000000e+02 -7.600000000000000000e+01
4.120000000000000000e+02 1.796000000000000000e+03 1.449200000000000000e+04 -4.144000000000000000e+03 -2.510000000000000000e+02 -1.400000000000000000e+01
5.880000000000000000e+02 1.836000000000000000e+03 1.451200000000000000e+04 -4.176000000000000000e+03 -2.530000000000000000e+02 1.500000000000000000e+01
4.000000000000000000e+02 1.980000000000000000e+03 1.443600000000000000e+04 -4.144000000000000000e+03 -2.670000000000000000e+02 3.800000000000000000e+01
6.120000000000000000e+02 1.968000000000000000e+03 1.452000000000000000e+04 -4.176000000000000000e+03 -2.480000000000000000e+02 7.300000000000000000e+01
4.360000000000000000e+02 1.964000000000000000e+03 1.438000000000000000e+04 -4.144000000000000000e+03 -2.560000000000000000e+02 8.500000000000000000e+01
4.680000000000000000e+02 1.972000000000000000e+03 1.453600000000000000e+04 -4.144000000000000000e+03 -2.820000000000000000e+02 1.380000000000000000e+02
6.960000000000000000e+02 2.060000000000000000e+03 1.452000000000000000e+04 -4.160000000000000000e+03 -2.680000000000000000e+02 1.850000000000000000e+02
7.560000000000000000e+02 2.004000000000000000e+03 1.451600000000000000e+04 -4.128000000000000000e+03 -2.730000000000000000e+02 1.830000000000000000e+02
6.560000000000000000e+02 1.944000000000000000e+03 1.442800000000000000e+04 -4.144000000000000000e+03 -2.810000000000000000e+02 2.010000000000000000e+02
6.640000000000000000e+02 1.908000000000000000e+03 1.449600000000000000e+04 -4.160000000000000000e+03 -2.730000000000000000e+02 2.350000000000000000e+02
7.880000000000000000e+02 1.932000000000000000e+03 1.446800000000000000e+04 -4.176000000000000000e+03 -2.920000000000000000e+02 2.150000000000000000e+02
7.400000000000000000e+02 1.880000000000000000e+03 1.464400000000000000e+04 -4.144000000000000000e+03 -2.750000000000000000e+02 1.820000000000000000e+02
7.960000000000000000e+02 1.996000000000000000e+03 1.459600000000000000e+04 -4.160000000000000000e+03 -2.730000000000000000e+02 1.470000000000000000e+02
7.840000000000000000e+02 1.972000000000000000e+03 1.458800000000000000e+04 -4.160000000000000000e+03 -2.920000000000000000e+02 1.180000000000000000e+02
7.360000000000000000e+02 1.940000000000000000e+03 1.445600000000000000e+04 -4.160000000000000000e+03 -2.890000000000000000e+02 1.390000000000000000e+02
7.160000000000000000e+02 1.980000000000000000e+03 1.450800000000000000e+04 -4.160000000000000000e+03 -2.750000000000000000e+02 1.600000000000000000e+02
6.320000000000000000e+02 2.064000000000000000e+03 1.459200000000000000e+04 -4.144000000000000000e+03 -2.750000000000000000e+02 2.100000000000000000e+02
4.760000000000000000e+02 1.936000000000000000e+03 1.458800000000000000e+04 -4.176000000000000000e+03 -2.750000000000000000e+02 1.900000000000000000e+02
6.560000000000000000e+02 1.980000000000000000e+03 1.456000000000000000e+04 -4.144000000000000000e+03 -2.830000000000000000e+02 2.080000000000000000e+02
6.240000000000000000e+02 1.972000000000000000e+03 1.434000000000000000e+04 -4.144000000000000000e+03 -2.790000000000000000e+02 1.860000000000000000e+02
7.360000000000000000e+02 1.872000000000000000e+03 1.438000000000000000e+04 -4.144000000000000000e+03 -2.700000000000000000e+02 1.550000000000000000e+02
5.400000000000000000e+02 1.944000000000000000e+03 1.447200000000000000e+04 -4.176000000000000000e+03 -2.570000000000000000e+02 5.200000000000000000e+01
8.160000000000000000e+02 1.856000000000000000e+03 1.453200000000000000e+04 -4.160000000000000000e+03 -2.620000000000000000e+02 -1.000000000000000000e+00
5.680000000000000000e+02 1.952000000000000000e+03 1.455200000000000000e+04 -4.160000000000000000e+03 -2.870000000000000000e+02 -4.700000000000000000e+01
6.520000000000000000e+02 1.948000000000000000e+03 1.444800000000000000e+04 -4.128000000000000000e+03 -2.750000000000000000e+02 -5.200000000000000000e+01
7.280000000000000000e+02 2.016000000000000000e+03 1.456000000000000000e+04 -4.176000000000000000e+03 -2.710000000000000000e+02 -3.800000000000000000e+01
