-6.900000000000000000e+03 8.160000000000000000e+02 1.263200000000000000e+04 -4.000000000000000000e+03 -2.970000000000000000e+02 7.470000000000000000e+02
-6.876000000000000000e+03 8.160000000000000000e+02 1.249200000000000000e+04 -3.984000000000000000e+03 -3.430000000000000000e+02 7.560000000000000000e+02
-7.096000000000000000e+03 8.080000000000000000e+02 1.254800000000000000e+04 -4.000000000000000000e+03 -3.540000000000000000e+02 6.990000000000000000e+02
-6.892000000000000000e+03 8.000000000000000000e+02 1.271200000000000000e+04 -3.984000000000000000e+03 -3.640000000000000000e+02 6.250000000000000000e+02
-6.996000000000000000e+03 9.120000000000000000e+02 1.285600000000000000e+04 -3.984000000000000000e+03 -3.870000000000000000e+02 5.190000000000000000e+02
-6.908000000000000000e+03 7.560000000000000000e+02 1.294400000000000000e+04 -3.952000000000000000e+03 -4.090000000000000000e+02 4.210000000000000000e+02
-6.800000000000000000e+03 8.360000000000000000e+02 1.289600000000000000e+04 -3.968000000000000000e+03 -3.990000000000000000e+02 2.660000000000000000e+02
-6.836000000000000000e+03 8.520000000000000000e+02 1.260400000000000000e+04 -4.016000000000000000e+03 -4.080000000000000000e+02 1.310000000000000000e+02
2.000000000000000000e+01 7.760000000000000000e+02 1.266000000000000000e+04 -3.968000000000000000e+03 -4.220000000000000000e+02 2.000000000000000000e+00
-7.172000000000000000e+03 5.320000000000000000e+02 1.267200000000000000e+04 -3.984000000000000000e+03 -3.520000000000000000e+02 -1.190000000000000000e+02
-7.356000000000000000e+03 5.240000000000000000e+02 1.244400000000000000e+04 -3.984000000000000000e+03 -3.630000000000000000e+02 -2.220000000000000000e+02
-7.396000000000000000e+03 6.240000000000000000e+02 1.252000000000000000e+04 -3.968000000000000000e+03 -3.290000000000000000e+02 -3.280000000000000000e+02
-7.260000000000000000e+03 8.400000000000000000e+02 1.263200000000000000e+04 -3.984000000000000000e+03 -2.930000000000000000e+02 -2.690000000000000000e+02
-7.360000000000000000e+03 8.080000000000000000e+02 1.240400000000000000e+04 -3.968000000000000000e+03 -2.580000000000000000e+02 -1.250000000000000000e+02
-7.304000000000000000e+03 8.320000000000000000e+02 1.220800000000000000e+04 -3.984000000000000000e+03 -2.550000000000000000e+02 -6.000000000000000000e+00
-7.208000000000000000e+03 6.720000000000000000e+02 1.250000000000000000e+04 -4.000000000000000000e+03 -2.170000000000000000e+02 1.160000000000000000e+02
-7.216000000000000000e+03 7.280000000000000000e+02 1.237200000000000000e+04 -3.952000000000000000e+03 -2.170000000000000000e+02 1.760000000000000000e+02
-7.340000000000000000e+03 7.040000000000000000e+02 1.236000000000000000e+04 -4.000000000000000000e+03 -1.970000000000000000e+02 2.430000000000000000e+02
-7.380000000000000000e+03 8.200000000000000000e+02 1.256000000000000000e+04 -4.016000000000000000e+03 -1.770000000000000000e+02 3.090000000000000000e+02
-7.204000000000000000e+03 6.600000000000000000e+02 1.270800000000000000e+04 -3.952000000000000000e+03 -1.680000000000000000e+02 3.830000000000000000e+02
-7.348000000000000000e+03 7.000000000000000000e+02 1.244800000000000000e+04 -3.968000000000000000e+03 -1.530000000000000000e+02 3.720000000000000000e+02
-7.336000000000000000e+03 7.360000000000000000e+02 1.252400000000000000e+04 -4.000000000000000000e+03 -1.700000000000000000e+02 3.590000000000000000e+02
-7.340000000000000000e+03 7.960000000000000000e+02 1.256000000000000000e+04 -4.000000000000000000e+03 -1.640000000000000000e+02 3.310000000000000000e+02
-7.204000000000000000e+03 9.040000000000000000e+02 1.239200000000000000e+04 -3.984000000000000000e+03 -1.560000000000000000e+02 3.580000000000000000e+02
-7.296000000000000000e+03 6.360000000000000000e+02 1.235600000000000000e+04 -3.984000000000000000e+03 -1.660000000000000000e+02 3.020000000000000000e+02
-7.096000000000000000e+03 7.520000000000000000e+02 1.259200000000000000e+04 -3.968000000000000000e+03 -1.680000000000000000e+02 2.980000000000000000e+02
-7.088000000000000000e+03 7.960000000000000000e+02 1.260000000000000000e+04 -4.016000000000000000e+03 -1.520000000000000000e+02 3.050000000000000000e+02
-7.244000000000000000e+03 6.840000000000000000e+02 1.252000000000000000e+04 -4.000000000000000000e+03 -1.690000000000000000e+02 3.250000000000000000e+02
-7.104000000000000000e+03 8.040000000000000000e+02 1.240800000000000000e+04 -3.984000000000000000e+03 -1.630000000000000000e+02 3.270000000000000000e+02
-7.112000000000000000e+03 9.160000000000000000e+02 1.233600000000000000e+04 -3.968000000000000000e+03 -2.080000000000000000e+02 2.910000000000000000e+02
-7.232000000000000000e+03 7.800000000000000000e+02 1.261600000000000000e+04 -4.016000000000000000e+03 -2.330000000000000000e+02 2.560000000000000000e+02
-7.264000000000000000e+03 8.920000000000000000e+02 1.266400000000000000e+04 -3.968000000000000000e+03 -2.310000000000000000e+02 1.810000000000000000e+02
-7.164000000000000000e+03 8.800000000000000000e+02 1.272000000000000000e+04 -3.952000000000000000e+03 -2.520000000000000000e+02 1.110000000000000000e+02
-7.116000000000000000e+03 9.240000000000000000e+02 1.250800000000000000e+04 -4.000000000000000000e+03 -2.580000000000000000e+02 3.000000000000000000e+01
-7.164000000000000000e+03 8.840000000000000000e+02 1.269600000000000000e+04 -3.984000000000000000e+03 -2.930000000000000000e+02 -1.260000000000000000e+02
-7.312000000000000000e+03 8.440000000000000000e+02 1.258400000000000000e+04 -3.968000000000000000e+03 -2.860000000000000000e+02 -3.160000000000000000e+02
-7.264000000000000000e+03 9.040000000000000000e+02 1.243600000000000000e+04 -3.952000000000000000e+03 -2.980000000000000000e+02 -4.420000000000000000e+02
-7.260000000000000000e+03 8.160000000000000000e+02 1.261600000000000000e+04 -3.968000000000000000e+03 -3.190000000000000000e+02 -5.220000000000000000e+02
-7.388000000000000000e+03 8.720000000000000000e+02 1.242000000000000000e+04 -3.952000000000000000e+03 -3.230000000000000000e+02 -5.480000000000000000e+02
-7.356000000000000000e+03 9.320000000000000000e+02 1.248400000000000000e+04 -3.968000000000000000e+03 -3.250000000000000000e+02 -6.240000000000000000e+02
-7.564000000000000000e+03 9.640000000000000000e+02 1.243600000000000000e+04 -4.016000000000000000e+03 -3.430000000000000000e+02 -6.340000000000000000e+02
-7.472000000000000000e+03 8.880000000000000000e+02 1.260800000000000000e+04 -4.000000000000000000e+03 -3.090000000000000000e+02 -6.520000000000000000e+02
-7.432000000000000000e+03 9.040000000000000000e+02 1.276000000000000000e+04 -3.984000000000000000e+03 -2.940000000000000000e+02 -7.040000000000000000e+02
-7.340000000000000000e+03 8.840000000000000000e+02 1.252000000000000000e+04 -3.984000000000000000e+03 -3.110000000000000000e+02 -7.800000000000000000e+02
-7.584000000000000000e+03 9.360000000000000000e+02 1.267600000000000000e+04 -3.984000000000000000e+03 -2.880000000000000000e+02 -8.650000000000000000e+02
-7.452000000000000000e+03 8.480000000000000000e+02 1.260800000000000000e+04 -3.984000000000000000e+03 -2.910000000000000000e+02 -8.920000000000000000e+02
-7.524000000000000000e+03 9.040000000000000000e+02 1.255600000000000000e+04 -4.000000000000000000e+03 -2.940000000000000000e+02 -8.940000000000000000e+02
-7.628000000000000000e+03 8.760000000000000000e+02 1.240400000000000000e+04 -4.000000000000000000e+03 -2.830000000000000000e+02 -8.590000000000000000e+02
-7.468000000000000000e+03 8.520000000000000000e+02 1.215600000000000000e+04 -3.952000000000000000e+03 -2.490000000000000000e+02 -7.610000000000000000e+02
-7.708000000000000000e+03 6.800000000000000000e+02 1.254400000000000000e+04 -3.984000000000000000e+03 -2.630000000000000000e+02 -6.470000000000000000e+02
-7.408000000000000000e+03 7.240000000000000000e+02 1.244400000000000000e+04 -4.000000000000000000e+03 -2.480000000000000000e+02 -4.730000000000000000e+02
-7.256000000000000000e+03 8.880000000000000000e+02 1.259200000000000000e+04 -4.000000000000000000e+03 -2.710000000000000000e+02 -2.570000000000000000e+02
-7.420000000000000000e+03 8.960000000000000000e+02 1.264800000000000000e+04 -3.968000000000000000e+03 -2.530000000000000000e+02 -3.400000000000000000e+01
-7.076000000000000000e+03 9.040000000000000000e+02 1.272000000000000000e+04 -3.984000000000000000e+03 -2.590000000000000000e+02 1.980000000000000000e+02
-7.236000000000000000e+03 8.760000000000000000e+02 1.290000000000000000e+04 -3.984000000000000000e+03 -2.480000000000000000e+02 4.530000000000000000e+02
-7.324000000000000000e+03 8.320000000000000000e+02 1.272800000000000000e+04 -3.968000000000000000e+03 -2.290000000000000000e+02 6.420000000000000000e+02
-7.112000000000000000e+03 7.960000000000000000e+02 1.266000000000000000e+04 -3.968000000000000000e+03 -2.280000000000000000e+02 8.110000000000000000e+02
-7.012000000000000000e+03 8.680000000000000000e+02 1.266000000000000000e+04 -3.984000000000000000e+03 -2.480000000000000000e+02 9.850000000000000000e+02
-7.160000000000000000e+03 7.600000000000000000e+02 1.284000000000000000e+04 -3.984000000000000000e+03 -2.640000000000000000e+02 1.086000000000000000e+03
-7.028000000000000000e+03 9.240000000000000000e+02 1.284000000000000000e+04 -3.984000000000000000e+03 -2.760000000000000000e+02 1.158000000000000000e+03
-6.784000000000000000e+03 8.520000000000000000e+02 1.300400000000000000e+04 -3.968000000000000000e+03 -2.870000000000000000e+02 1.182000000000000000e+03
-6.720000000000000000e+03 8.400000000000000000e+02 1.309200000000000000e+04 -4.000000000000000000e+03 -3.100000000000000000e+02 1.164000000000000000e+03
-6.680000000000000000e+03 9.880000000000000000e+02 1.297200000000000000e+04 -3.968000000000000000e+03 -3.190000000000000000e+02 1.184000000000000000e+03
-6.512000000000000000e+03 8.200000000000000000e+02 1.280000000000000000e+04 -4.016000000000000000e+03 -3.120000000000000000e+02 1.174000000000000000e+03
-6.424000000000000000e+03 7.960000000000000000e+02 1.276800000000000000e+04 -4.000000000000000000e+03 -3.160000000000000000e+02 1.142000000000000000e+03
-6.408000000000000000e+03 8.400000000000000000e+02 1.298400000000000000e+04 -3.984000000000000000e+03 -3.120000000000000000e+02 1.025000000000000000e+03
-6.304000000000000000e+03 7.400000000000000000e+02 1.300400000000000000e+04 -4.000000000000000000e+03 -3.230000000000000000e+02 9.020000000000000000e+02
-6.184000000000000000e+03 7.520000000000000000e+02 1.275600000000000000e+04 -3.984000000000000000e+03 -3.100000000000000000e+02 7.630000000000000000e+02
-6.296000000000000000e+03 7.520000000000000000e+02 1.292400000000000000e+04 -3.984000000000000000e+03 -2.950000000000000000e+02 6.510000000000000000e+02
-6.192000000000000000e+03 8.200000000000000000e+02 1.298000000000000000e+04 -3.984000000000000000e+03 -2.740000000000000000e+02 6.350000000000000000e+02
