6.440000000000000000e+02 1.980000000000000000e+03 1.451600000000000000e+04 -4.144000000000000000e+03 -2.840000000000000000e+02 1.630000000000000000e+02
7.200000000000000000e+02 1.872000000000000000e+03 1.455200000000000000e+04 -4.144000000000000000e+03 -2.670000000000000000e+02 1.590000000000000000e+02
5.880000000000000000e+02 1.956000000000000000e+03 1.450400000000000000e+04 -4.144000000000000000e+03 -2.900000000000000000e+02 1.680000000000000000e+02
6.400000000000000000e+02 2.004000000000000000e+03 1.450800000000000000e+04 -4.176000000000000000e+03 -2.920000000000000000e+02 1.550000000000000000e+02
6.800000000000000000e+02 1.940000000000000000e+03 1.445600000000000000e+04 -4.160000000000000000e+03 -2.800000000000000000e+02 1.590000000000000000e+02
7.640000000000000000e+02 1.940000000000000000e+03 1.453200000000000000e+04 -4.192000000000000000e+03 -2.870000000000000000e+02 1.660000000000000000e+02
6.760000000000000000e+02 1.972000000000000000e+03 1.446000000000000000e+04 -4.192000000000000000e+03 -2.790000000000000000e+02 1.660000000000000000e+02
7.080000000000000000e+02 1.936000000000000000e+03 1.447200000000000000e+04 -4.176000000000000000e+03 -2.770000000000000000e+02 1.670000000000000000e+02
5.480000000000000000e+02 2.036000000000000000e+03 1.460000000000000000e+04 -4.144000000000000000e+03 -2.650000000000000000e+02 1.630000000000000000e+02
6.240000000000000000e+02 1.960000000000000000e+03 1.449200000000000000e+04 -4.144000000000000000e+03 -2.770000000000000000e+02 1.800000000000000000e+02
6.880000000000000000e+02 1.936000000000000000e+03 1.446400000000000000e+04 -4.144000000000000000e+03 -2.860000000000000000e+02 1.730000000000000000e+02
5.840000000000000000e+02 1.888000000000000000e+03 1.448800000000000000e+04 -4.176000000000000000e+03 -2.590000000000000000e+02 1.990000000000000000e+02
6.240000000000000000e+02 1.892000000000000000e+03 1.452000000000000000e+04 -4.160000000000000000e+03 -2.680000000000000000e+02 1.610000000000000000e+02
7.720000000000000000e+02 2.044000000000000000e+03 1.451200000000000000e+04 -4.160000000000000000e+03 -2.760000000000000000e+02 1.810000000000000000e+02
7.000000000000000000e+02 1.968000000000000000e+03 1.435200000000000000e+04 -4.160000000000000000e+03 -2.870000000000000000e+02 1.900000000000000000e+02
8.160000000000000000e+02 1.992000000000000000e+03 1.448400000000000000e+04 -4.176000000000000000e+03 -2.780000000000000000e+02 1.710000000000000000e+02
7.480000000000000000e+02 1.936000000000000000e+03 1.456400000000000000e+04 -4.144000000000000000e+03 -2.850000000000000000e+02 1.830000000000000000e+02
7.240000000000000000e+02 2.056000000000000000e+03 1.444400000000000000e+04 -4.144000000000000000e+03 -2.770000000000000000e+02 1.720000000000000000e+02
7.600000000000000000e+02 1.900000000000000000e+03 1.456000000000000000e+04 -4.144000000000000000e+03 -2.670000000000000000e+02 1.800000000000000000e+02
7.640000000000000000e+02 1.984000000000000000e+03 1.446800000000000000e+04 -4.160000000000000000e+03 -2.820000000000000000e+02 1.860000000000000000e+02
7.960000000000000000e+02 2.024000000000000000e+03 1.441200000000000000e+04 -4.160000000000000000e+03 -2.880000000000000000e+02 1.640000000000000000e+02
7.880000000000000000e+02 2.032000000000000000e+03 1.454800000000000000e+04 -4.160000000000000000e+03 -2.670000000000000000e+02 1.740000000000000000e+02
7.720000000000000000e+02 1.932000000000000000e+03 1.440000000000000000e+04 -4.192000000000000000e+03 -2.740000000000000000e+02 1.680000000000000000e+02
6.080000000000000000e+02 1.952000000000000000e+03 1.453600000000000000e+04 -4.176000000000000000e+03 -2.770000000000000000e+02 1.680000000000000000e+02
6.720000000000000000e+02 1.912000000000000000e+03 1.454000000000000000e+04 -4.144000000000000000e+03 -2.750000000000000000e+02 1.690000000000000000e+02
7.080000000000000000e+02 1.824000000000000000e+03 1.467600000000000000e+04 -4.144000000000000000e+03 -2.760000000000000000e+02 1.470000000000000000e+02
6.560000000000000000e+02 1.940000000000000000e+03 1.447200000000000000e+04 -4.176000000000000000e+03 -2.630000000000000000e+02 1.690000000000000000e+02
5.080000000000000000e+02 2.052000000000000000e+03 1.439600000000000000e+04 -4.160000000000000000e+03 -2.890000000000000000e+02 1.680000000000000000e+02
7.960000000000000000e+02 2.056000000000000000e+03 1.450400000000000000e+04 -4.128000000000000000e+03 -2.670000000000000000e+02 1.620000000000000000e+02
7.880000000000000000e+02 2.048000000000000000e+03 1.446000000000000000e+04 -4.160000000000000000e+03 -2.960000000000000000e+02 1.740000000000000000e+02
7.560000000000000000e+02 1.916000000000000000e+03 1.452000000000000000e+04 -4.144000000000000000e+03 -2.790000000000000000e+02 1.710000000000000000e+02
7.840000000000000000e+02 2.000000000000000000e+03 1.450800000000000000e+04 -4.176000000000000000e+03 -2.690000000000000000e+02 1.740000000000000000e+02
6.960000000000000000e+02 1.976000000000000000e+03 1.440400000000000000e+04 -4.144000000000000000e+03 -2.730000000000000000e+02 1.620000000000000000e+02
7.000000000000000000e+02 1.864000000000000000e+03 1.444400000000000000e+04 -4.192000000000000000e+03 -2.930000000000000000e+02 1.740000000000000000e+02
6.960000000000000000e+02 1.932000000000000000e+03 1.440000000000000000e+04 -4.160000000000000000e+03 -2.830000000000000000e+02 1.590000000000000000e+02
7.320000000000000000e+02 1.964000000000000000e+03 1.442000000000000000e+04 -4.128000000000000000e+03 -2.580000000000000000e+02 1.850000000000000000e+02
7.160000000000000000e+02 1.940000000000000000e+03 1.445600000000000000e+04 -4.160000000000000000e+03 -2.670000000000000000e+02 1.720000000000000000e+02
7.480000000000000000e+02 1.988000000000000000e+03 1.452800000000000000e+04 -4.144000000000000000e+03 -2.880000000000000000e+02 1.730000000000000000e+02
6.800000000000000000e+02 1.916000000000000000e+03 1.445200000000000000e+04 -4.176000000000000000e+03 -2.810000000000000000e+02 1.600000000000000000e+02
8.000000000000000000e+02 1.936000000000000000e+03 1.444400000000000000e+04 -4.144000000000000000e+03 -2.700000000000000000e+02 1.530000000000000000e+02
6.600000000000000000e+02 1.884000000000000000e+03 1.455200000000000000e+04 -4.160000000000000000e+03 -2.680000000000000000e+02 1.390000000000000000e+02
6.960000000000000000e+02 2.032000000000000000e+03 1.448400000000000000e+04 -4.128000000000000000e+03 -3.010000000000000000e+02 1.400000000000000000e+02
6.160000000000000000e+02 1.924000000000000000e+03 1.443600000000000000e+04 -4.160000000000000000e+03 -2.690000000000000000e+02 1.620000000000000000e+02
7.760000000000000000e+02 1.940000000000000000e+03 1.442400000000000000e+04 -4.176000000000000000e+03 -2.810000000000000000e+02 1.570000000000000000e+02
7.880000000000000000e+02 1.932000000000000000e+03 1.447600000000000000e+04 -4.176000000000000000e+03 -2.890000000000000000e+02 1.540000000000000000e+02
6.880000000000000000e+02 1.912000000000000000e+03 1.437600000000000000e+04 -4.176000000000000000e+03 -2.970000000000000000e+02 1.710000000000000000e+02
7.480000000000000000e+02 1.896000000000000000e+03 1.442800000000000000e+04 -4.176000000000000000e+03 -2.740000000000000000e+02 1.660000000000000000e+02
5.640000000000000000e+02 1.980000000000000000e+03 1.445600000000000000e+04 -4.160000000000000000e+03 -2.800000000000000000e+02 1.700000000000000000e+02
7.280000000000000000e+02 1.936000000000000000e+03 1.464400000000000000e+04 -4.128000000000000000e+03 -2.740000000000000000e+02 1.760000000000000000e+02
7.160000000000000000e+02 2.060000000000000000e+03 1.444000000000000000e+04 -4.160000000000000000e+03 -2.810000000000000000e+02 1.580000000000000000e+02
5.720000000000000000e+02 1.964000000000000000e+03 1.449600000000000000e+04 -4.160000000000000000e+03 -2.770000000000000000e+02 1.560000000000000000e+02
7.600000000000000000e+02 1.968000000000000000e+03 1.450800000000000000e+04 -4.144000000000000000e+03 -2.810000000000000000e+02 1.840000000000000000e+02
8.040000000000000000e+02 2.024000000000000000e+03 1.436800000000000000e+04 -4.176000000000000000e+03 -2.670000000000000000e+02 1.790000000000000000e+02
7.480000000000000000e+02 1.988000000000000000e+03 1.464800000000000000e+04 -4.176000000000000000e+03 -2.720000000000000000e+02 1.770000000000000000e+02
8.760000000000000000e+02 1.948000000000000000e+03 1.444400000000000000e+04 -4.160000000000000000e+03 -2.470000000000000000e+02 1.620000000000000000e+02
7.800000000000000000e+02 1.840000000000000000e+03 1.443200000000000000e+04 -4.128000000000000000e+03 -2.710000000000000000e+02 1.640000000000000000e+02
6.200000000000000000e+02 2.008000000000000000e+03 1.448800000000000000e+04 -4.128000000000000000e+03 -2.840000000000000000e+02 1.680000000000000000e+02
6.160000000000000000e+02 2.044000000000000000e+03 1.447200000000000000e+04 -4.176000000000000000e+03 -2.800000000000000000e+02 1.660000000000000000e+02
6.800000000000000000e+02 1.980000000000000000e+03 1.452800000000000000e+04 -4.144000000000000000e+03 -2.820000000000000000e+02 1.700000000000000000e+02
7.560000000000000000e+02 2.000000000000000000e+03 1.446400000000000000e+04 -4.176000000000000000e+03 -2.620000000000000000e+02 1.660000000000000000e+02
7.800000000000000000e+02 1.980000000000000000e+03 1.453200000000000000e+04 -4.176000000000000000e+03 -2.720000000000000000e+02 1.570000000000000000e+02
7.640000000000000000e+02 2.008000000000000000e+03 1.456800000000000000e+04 -4.160000000000000000e+03 -2.820000000000000000e+02 1.770000000000000000e+02
7.200000000000000000e+02 1.888000000000000000e+03 1.454800000000000000e+04 -4.128000000000000000e+03 -2.600000000000000000e+02 1.740000000000000000e+02
7.280000000000000000e+02 2.000000000000000000e+03 1.446800000000000000e+04 -4.192000000000000000e+03 -2.570000000000000000e+02 1.690000000000000000e+02
7.680000000000000000e+02 2.036000000000000000e+03 1.456000000000000000e+04 -4.144000000000000000e+03 -2.770000000000000000e+02 1.690000000000000000e+02
7.000000000000000000e+02 1.968000000000000000e+03 1.448000000000000000e+04 -4.176000000000000000e+03 -2.730000000000000000e+02 1.680000000000000000e+02
6.200000000000000000e+02 1.964000000000000000e+03 1.450400000000000000e+04 -4.176000000000000000e+03 -2.720000000000000000e+02 1.790000000000000000e+02
9.040000000000000000e+02 1.892000000000000000e+03 1.446400000000000000e+04 -4.144000000000000000e+03 -2.740000000000000000e+02 1.930000000000000000e+02
