3.600000000000000000e+01 2.208000000000000000e+03 1.423600000000000000e+04 -4.080000000000000000e+03 -3.810000000000000000e+02 4.730000000000000000e+02
2.040000000000000000e+02 2.260000000000000000e+03 1.436800000000000000e+04 -4.096000000000000000e+03 -4.140000000000000000e+02 3.970000000000000000e+02
4.040000000000000000e+02 2.348000000000000000e+03 1.452800000000000000e+04 -4.080000000000000000e+03 -4.350000000000000000e+02 3.200000000000000000e+02
1.212000000000000000e+03 2.512000000000000000e+03 1.472400000000000000e+04 -4.064000000000000000e+03 -4.880000000000000000e+02 2.490000000000000000e+02
1.400000000000000000e+03 2.436000000000000000e+03 1.464800000000000000e+04 -4.080000000000000000e+03 -4.480000000000000000e+02 1.650000000000000000e+02
1.188000000000000000e+03 2.352000000000000000e+03 1.449200000000000000e+04 -4.064000000000000000e+03 -4.280000000000000000e+02 1.090000000000000000e+02
7.840000000000000000e+02 2.408000000000000000e+03 1.448000000000000000e+04 -4.080000000000000000e+03 -4.210000000000000000e+02 8.100000000000000000e+01
5.640000000000000000e+02 2.340000000000000000e+03 1.438000000000000000e+04 -4.080000000000000000e+03 -3.920000000000000000e+02 4.200000000000000000e+01
4.000000000000000000e+02 2.252000000000000000e+03 1.450800000000000000e+04 -4.080000000000000000e+03 -3.790000000000000000e+02 6.200000000000000000e+01
6.160000000000000000e+02 2.392000000000000000e+03 1.478000000000000000e+04 -4.064000000000000000e+03 -3.510000000000000000e+02 7.400000000000000000e+01
6.480000000000000000e+02 2.324000000000000000e+03 1.465600000000000000e+04 -4.064000000000000000e+03 -3.280000000000000000e+02 1.390000000000000000e+02
6.360000000000000000e+02 2.432000000000000000e+03 1.469200000000000000e+04 -4.064000000000000000e+03 -2.880000000000000000e+02 2.220000000000000000e+02
3.520000000000000000e+02 2.284000000000000000e+03 1.462000000000000000e+04 -4.080000000000000000e+03 -2.980000000000000000e+02 2.670000000000000000e+02
3.200000000000000000e+02 2.232000000000000000e+03 1.430800000000000000e+04 -4.080000000000000000e+03 -2.670000000000000000e+02 2.830000000000000000e+02
1.480000000000000000e+02 2.144000000000000000e+03 1.440000000000000000e+04 -4.048000000000000000e+03 -2.470000000000000000e+02 3.250000000000000000e+02
3.760000000000000000e+02 2.260000000000000000e+03 1.449200000000000000e+04 -4.064000000000000000e+03 -2.440000000000000000e+02 4.130000000000000000e+02
7.400000000000000000e+02 2.284000000000000000e+03 1.442000000000000000e+04 -4.064000000000000000e+03 -2.250000000000000000e+02 4.540000000000000000e+02
9.440000000000000000e+02 2.188000000000000000e+03 1.446800000000000000e+04 -4.064000000000000000e+03 -2.140000000000000000e+02 4.560000000000000000e+02
7.160000000000000000e+02 2.236000000000000000e+03 1.449600000000000000e+04 -4.080000000000000000e+03 -2.160000000000000000e+02 2.590000000000000000e+02
6.480000000000000000e+02 2.260000000000000000e+03 1.423600000000000000e+04 -4.048000000000000000e+03 -1.810000000000000000e+02 5.000000000000000000e+00
7.080000000000000000e+02 2.276000000000000000e+03 1.425600000000000000e+04 -4.080000000000000000e+03 -1.640000000000000000e+02 -2.670000000000000000e+02
7.400000000000000000e+02 2.368000000000000000e+03 1.459600000000000000e+04 -4.048000000000000000e+03 -1.790000000000000000e+02 -5.060000000000000000e+02
6.880000000000000000e+02 2.320000000000000000e+03 1.421600000000000000e+04 -4.048000000000000000e+03 -1.830000000000000000e+02 -7.150000000000000000e+02
9.120000000000000000e+02 2.268000000000000000e+03 1.445600000000000000e+04 -4.080000000000000000e+03 -1.890000000000000000e+02 -7.180000000000000000e+02
6.840000000000000000e+02 2.320000000000000000e+03 1.447200000000000000e+04 -4.096000000000000000e+03 -1.640000000000000000e+02 -6.390000000000000000e+02
6.440000000000000000e+02 2.320000000000000000e+03 1.448400000000000000e+04 -4.048000000000000000e+03 -1.230000000000000000e+02 -5.390000000000000000e+02
5.200000000000000000e+02 2.204000000000000000e+03 1.413600000000000000e+04 -4.048000000000000000e+03 -8.000000000000000000e+01 -5.340000000000000000e+02
4.040000000000000000e+02 2.236000000000000000e+03 1.425200000000000000e+04 -4.064000000000000000e+03 -3.600000000000000000e+01 -4.440000000000000000e+02
7.080000000000000000e+02 2.364000000000000000e+03 1.446400000000000000e+04 -4.064000000000000000e+03 -3.000000000000000000e+00 -2.790000000000000000e+02
5.000000000000000000e+02 2.296000000000000000e+03 1.446400000000000000e+04 -4.080000000000000000e+03 2.100000000000000000e+01 -1.310000000000000000e+02
5.480000000000000000e+02 2.252000000000000000e+03 1.437200000000000000e+04 -4.048000000000000000e+03 -2.500000000000000000e+01 4.800000000000000000e+01
5.680000000000000000e+02 2.300000000000000000e+03 1.432800000000000000e+04 -4.080000000000000000e+03 -4.600000000000000000e+01 2.360000000000000000e+02
6.480000000000000000e+02 2.224000000000000000e+03 1.446800000000000000e+04 -4.080000000000000000e+03 -5.000000000000000000e+01 3.780000000000000000e+02
6.360000000000000000e+02 2.216000000000000000e+03 1.444400000000000000e+04 -4.080000000000000000e+03 -4.600000000000000000e+01 5.380000000000000000e+02
4.960000000000000000e+02 2.228000000000000000e+03 1.440400000000000000e+04 -4.096000000000000000e+03 -8.000000000000000000e+01 5.790000000000000000e+02
6.960000000000000000e+02 2.284000000000000000e+03 1.427600000000000000e+04 -4.064000000000000000e+03 -8.100000000000000000e+01 4.940000000000000000e+02
7.320000000000000000e+02 2.236000000000000000e+03 1.457200000000000000e+04 -4.096000000000000000e+03 -1.480000000000000000e+02 3.320000000000000000e+02
7.960000000000000000e+02 2.200000000000000000e+03 1.441600000000000000e+04 -4.080000000000000000e+03 -1.850000000000000000e+02 1.870000000000000000e+02
5.960000000000000000e+02 2.324000000000000000e+03 1.442000000000000000e+04 -4.032000000000000000e+03 -2.430000000000000000e+02 3.800000000000000000e+01
7.400000000000000000e+02 2.256000000000000000e+03 1.434800000000000000e+04 -4.064000000000000000e+03 -2.540000000000000000e+02 -6.100000000000000000e+01
6.480000000000000000e+02 2.308000000000000000e+03 1.425600000000000000e+04 -4.064000000000000000e+03 -2.840000000000000000e+02 -1.140000000000000000e+02
7.080000000000000000e+02 2.224000000000000000e+03 1.445600000000000000e+04 -4.064000000000000000e+03 -3.030000000000000000e+02 -9.500000000000000000e+01
6.800000000000000000e+02 2.256000000000000000e+03 1.435200000000000000e+04 -4.032000000000000000e+03 -3.220000000000000000e+02 6.600000000000000000e+01
5.400000000000000000e+02 2.220000000000000000e+03 1.458400000000000000e+04 -4.064000000000000000e+03 -3.410000000000000000e+02 1.870000000000000000e+02
6.480000000000000000e+02 2.180000000000000000e+03 1.439200000000000000e+04 -4.096000000000000000e+03 -2.950000000000000000e+02 3.290000000000000000e+02
4.920000000000000000e+02 2.196000000000000000e+03 1.452800000000000000e+04 -4.064000000000000000e+03 -3.130000000000000000e+02 4.140000000000000000e+02
3.000000000000000000e+02 2.072000000000000000e+03 1.450000000000000000e+04 -4.064000000000000000e+03 -3.170000000000000000e+02 5.380000000000000000e+02
3.280000000000000000e+02 2.120000000000000000e+03 1.438400000000000000e+04 -4.080000000000000000e+03 -3.700000000000000000e+02 5.920000000000000000e+02
4.600000000000000000e+02 2.320000000000000000e+03 1.441200000000000000e+04 -4.080000000000000000e+03 -3.690000000000000000e+02 6.410000000000000000e+02
6.880000000000000000e+02 2.364000000000000000e+03 1.429200000000000000e+04 -4.064000000000000000e+03 -4.060000000000000000e+02 6.460000000000000000e+02
6.400000000000000000e+02 2.336000000000000000e+03 1.456800000000000000e+04 -4.064000000000000000e+03 -4.170000000000000000e+02 6.200000000000000000e+02
7.920000000000000000e+02 2.496000000000000000e+03 1.435200000000000000e+04 -4.080000000000000000e+03 -4.480000000000000000e+02 5.740000000000000000e+02
7.880000000000000000e+02 2.440000000000000000e+03 1.451200000000000000e+04 -4.080000000000000000e+03 -4.790000000000000000e+02 5.220000000000000000e+02
