-4.156000000000000000e+03 1.536000000000000000e+03 1.394000000000000000e+04 -3.920000000000000000e+03 -3.410000000000000000e+02 1.374000000000000000e+03
-4.124000000000000000e+03 1.552000000000000000e+03 1.388000000000000000e+04 -3.888000000000000000e+03 -3.310000000000000000e+02 1.424000000000000000e+03
-3.880000000000000000e+03 1.548000000000000000e+03 1.371200000000000000e+04 -3.888000000000000000e+03 -3.270000000000000000e+02 1.292000000000000000e+03
-3.752000000000000000e+03 1.376000000000000000e+03 1.376000000000000000e+04 -3.872000000000000000e+03 -2.960000000000000000e+02 1.098000000000000000e+03
-3.668000000000000000e+03 1.360000000000000000e+03 1.369600000000000000e+04 -3.904000000000000000e+03 -3.000000000000000000e+02 8.470000000000000000e+02
-3.540000000000000000e+03 1.472000000000000000e+03 1.373600000000000000e+04 -3.920000000000000000e+03 -2.690000000000000000e+02 5.780000000000000000e+02
-3.400000000000000000e+03 1.460000000000000000e+03 1.384800000000000000e+04 -3.904000000000000000e+03 -2.620000000000000000e+02 3.070000000000000000e+02
-3.188000000000000000e+03 1.436000000000000000e+03 1.379600000000000000e+04 -3.920000000000000000e+03 -2.350000000000000000e+02 9.800000000000000000e+01
-3.280000000000000000e+03 1.500000000000000000e+03 1.370400000000000000e+04 -3.904000000000000000e+03 -2.290000000000000000e+02 -1.800000000000000000e+01
-3.404000000000000000e+03 1.548000000000000000e+03 1.393200000000000000e+04 -3.920000000000000000e+03 -2.150000000000000000e+02 -8.000000000000000000e+01
-3.256000000000000000e+03 1.536000000000000000e+03 1.394800000000000000e+04 -3.888000000000000000e+03 -2.180000000000000000e+02 -8.700000000000000000e+01
-3.364000000000000000e+03 1.508000000000000000e+03 1.398400000000000000e+04 -3.920000000000000000e+03 -2.320000000000000000e+02 -1.340000000000000000e+02
-3.504000000000000000e+03 1.524000000000000000e+03 1.384400000000000000e+04 -3.904000000000000000e+03 -2.150000000000000000e+02 -1.240000000000000000e+02
-3.660000000000000000e+03 1.480000000000000000e+03 1.382400000000000000e+04 -3.920000000000000000e+03 -2.220000000000000000e+02 -7.500000000000000000e+01
-3.912000000000000000e+03 1.440000000000000000e+03 1.390400000000000000e+04 -3.920000000000000000e+03 -2.580000000000000000e+02 2.100000000000000000e+01
-4.164000000000000000e+03 1.528000000000000000e+03 1.394400000000000000e+04 -3.888000000000000000e+03 -2.510000000000000000e+02 1.700000000000000000e+02
-4.020000000000000000e+03 1.532000000000000000e+03 1.394800000000000000e+04 -3.936000000000000000e+03 -2.560000000000000000e+02 3.440000000000000000e+02
-4.176000000000000000e+03 1.408000000000000000e+03 1.390800000000000000e+04 -3.904000000000000000e+03 -2.910000000000000000e+02 4.470000000000000000e+02
-4.160000000000000000e+03 1.476000000000000000e+03 1.380800000000000000e+04 -3.936000000000000000e+03 -3.230000000000000000e+02 5.580000000000000000e+02
-4.332000000000000000e+03 1.544000000000000000e+03 1.389200000000000000e+04 -3.920000000000000000e+03 -3.110000000000000000e+02 6.570000000000000000e+02
-4.196000000000000000e+03 1.584000000000000000e+03 1.386400000000000000e+04 -3.920000000000000000e+03 -3.360000000000000000e+02 6.790000000000000000e+02
-4.204000000000000000e+03 1.684000000000000000e+03 1.392000000000000000e+04 -3.872000000000000000e+03 -3.240000000000000000e+02 6.640000000000000000e+02
-4.264000000000000000e+03 1.492000000000000000e+03 1.383600000000000000e+04 -3.936000000000000000e+03 -3.150000000000000000e+02 6.210000000000000000e+02
-4.200000000000000000e+03 1.540000000000000000e+03 1.378000000000000000e+04 -3.936000000000000000e+03 -3.310000000000000000e+02 4.910000000000000000e+02
-4.180000000000000000e+03 1.496000000000000000e+03 1.377200000000000000e+04 -3.904000000000000000e+03 -3.270000000000000000e+02 3.590000000000000000e+02
-4.068000000000000000e+03 1.628000000000000000e+03 1.370400000000000000e+04 -3.872000000000000000e+03 -3.000000000000000000e+02 1.980000000000000000e+02
-4.128000000000000000e+03 1.664000000000000000e+03 1.372800000000000000e+04 -3.872000000000000000e+03 -2.620000000000000000e+02 -4.000000000000000000e+00
-3.936000000000000000e+03 1.548000000000000000e+03 1.362000000000000000e+04 -3.904000000000000000e+03 -2.420000000000000000e+02 -1.270000000000000000e+02
-3.992000000000000000e+03 1.648000000000000000e+03 1.365200000000000000e+04 -3.872000000000000000e+03 -2.100000000000000000e+02 -3.060000000000000000e+02
-3.992000000000000000e+03 1.552000000000000000e+03 1.381600000000000000e+04 -3.936000000000000000e+03 -2.050000000000000000e+02 -3.730000000000000000e+02
-4.088000000000000000e+03 1.492000000000000000e+03 1.374400000000000000e+04 -3.952000000000000000e+03 -1.930000000000000000e+02 -3.650000000000000000e+02
-4.056000000000000000e+03 1.476000000000000000e+03 1.380400000000000000e+04 -3.904000000000000000e+03 -1.920000000000000000e+02 -3.630000000000000000e+02
-4.160000000000000000e+03 1.572000000000000000e+03 1.364000000000000000e+04 -3.920000000000000000e+03 -1.790000000000000000e+02 -2.870000000000000000e+02
-4.148000000000000000e+03 1.456000000000000000e+03 1.382000000000000000e+04 -3.920000000000000000e+03 -1.880000000000000000e+02 -1.970000000000000000e+02
-4.184000000000000000e+03 1.492000000000000000e+03 1.382400000000000000e+04 -3.904000000000000000e+03 -1.710000000000000000e+02 -2.800000000000000000e+01
-4.116000000000000000e+03 1.548000000000000000e+03 1.371200000000000000e+04 -3.936000000000000000e+03 -1.860000000000000000e+02 1.250000000000000000e+02
-4.260000000000000000e+03 1.492000000000000000e+03 1.367600000000000000e+04 -3.888000000000000000e+03 -2.110000000000000000e+02 2.640000000000000000e+02
-4.356000000000000000e+03 1.440000000000000000e+03 1.384800000000000000e+04 -3.920000000000000000e+03 -2.330000000000000000e+02 4.080000000000000000e+02
-4.452000000000000000e+03 1.508000000000000000e+03 1.370000000000000000e+04 -3.904000000000000000e+03 -2.240000000000000000e+02 4.930000000000000000e+02
-4.176000000000000000e+03 1.532000000000000000e+03 1.382800000000000000e+04 -3.952000000000000000e+03 -2.280000000000000000e+02 4.810000000000000000e+02
-4.208000000000000000e+03 1.532000000000000000e+03 1.364400000000000000e+04 -3.904000000000000000e+03 -2.690000000000000000e+02 5.100000000000000000e+02
-4.196000000000000000e+03 1.528000000000000000e+03 1.370800000000000000e+04 -3.888000000000000000e+03 -2.510000000000000000e+02 4.600000000000000000e+02
-4.320000000000000000e+03 1.488000000000000000e+03 1.369200000000000000e+04 -3.920000000000000000e+03 -2.490000000000000000e+02 4.000000000000000000e+02
-4.272000000000000000e+03 1.584000000000000000e+03 1.396000000000000000e+04 -3.888000000000000000e+03 -2.550000000000000000e+02 2.950000000000000000e+02
-3.968000000000000000e+03 1.580000000000000000e+03 1.380800000000000000e+04 -3.920000000000000000e+03 -2.420000000000000000e+02 2.270000000000000000e+02
-4.008000000000000000e+03 1.524000000000000000e+03 1.381600000000000000e+04 -3.920000000000000000e+03 -2.690000000000000000e+02 1.450000000000000000e+02
-4.024000000000000000e+03 1.524000000000000000e+03 1.373600000000000000e+04 -3.888000000000000000e+03 -2.460000000000000000e+02 1.480000000000000000e+02
-3.952000000000000000e+03 1.548000000000000000e+03 1.378400000000000000e+04 -3.888000000000000000e+03 -2.770000000000000000e+02 1.530000000000000000e+02
-3.952000000000000000e+03 1.564000000000000000e+03 1.378000000000000000e+04 -3.920000000000000000e+03 -2.620000000000000000e+02 1.680000000000000000e+02
-3.932000000000000000e+03 1.428000000000000000e+03 1.392800000000000000e+04 -3.888000000000000000e+03 -2.650000000000000000e+02 1.760000000000000000e+02
-3.884000000000000000e+03 1.568000000000000000e+03 1.386400000000000000e+04 -3.888000000000000000e+03 -2.810000000000000000e+02 1.740000000000000000e+02
-3.904000000000000000e+03 1.636000000000000000e+03 1.393600000000000000e+04 -3.920000000000000000e+03 -2.810000000000000000e+02 1.880000000000000000e+02
-3.976000000000000000e+03 1.600000000000000000e+03 1.373600000000000000e+04 -3.888000000000000000e+03 -3.100000000000000000e+02 1.920000000000000000e+02
-4.036000000000000000e+03 1.688000000000000000e+03 1.376400000000000000e+04 -3.888000000000000000e+03 -2.930000000000000000e+02 2.260000000000000000e+02
-4.116000000000000000e+03 1.668000000000000000e+03 1.378800000000000000e+04 -3.904000000000000000e+03 -3.180000000000000000e+02 2.450000000000000000e+02
-4.136000000000000000e+03 1.736000000000000000e+03 1.369600000000000000e+04 -3.904000000000000000e+03 -3.330000000000000000e+02 2.740000000000000000e+02
-4.076000000000000000e+03 1.564000000000000000e+03 1.388400000000000000e+04 -3.936000000000000000e+03 -3.080000000000000000e+02 3.700000000000000000e+02
-4.124000000000000000e+03 1.668000000000000000e+03 1.379600000000000000e+04 -3.904000000000000000e+03 -3.320000000000000000e+02 4.890000000000000000e+02
-4.044000000000000000e+03 1.616000000000000000e+03 1.378000000000000000e+04 -3.904000000000000000e+03 -2.980000000000000000e+02 5.350000000000000000e+02
-4.196000000000000000e+03 1.504000000000000000e+03 1.379600000000000000e+04 -3.904000000000000000e+03 -3.170000000000000000e+02 5.360000000000000000e+02
-4.176000000000000000e+03 1.556000000000000000e+03 1.382800000000000000e+04 -3.904000000000000000e+03 -2.790000000000000000e+02 4.320000000000000000e+02
-4.152000000000000000e+03 1.560000000000000000e+03 1.377200000000000000e+04 -3.904000000000000000e+03 -2.760000000000000000e+02 3.170000000000000000e+02
-4.176000000000000000e+03 1.692000000000000000e+03 1.376800000000000000e+04 -3.904000000000000000e+03 -2.590000000000000000e+02 1.630000000000000000e+02
-4.044000000000000000e+03 1.624000000000000000e+03 1.362800000000000000e+04 -3.936000000000000000e+03 -2.280000000000000000e+02 2.100000000000000000e+01
-4.184000000000000000e+03 1.596000000000000000e+03 1.368800000000000000e+04 -3.904000000000000000e+03 -2.100000000000000000e+02 -1.220000000000000000e+02
-4.108000000000000000e+03 1.656000000000000000e+03 1.370400000000000000e+04 -3.904000000000000000e+03 -1.960000000000000000e+02 -2.960000000000000000e+02
-4.076000000000000000e+03 1.576000000000000000e+03 1.380800000000000000e+04 -3.872000000000000000e+03 -1.760000000000000000e+02 -4.040000000000000000e+02
-4.032000000000000000e+03 1.604000000000000000e+03 1.376800000000000000e+04 -3.904000000000000000e+03 -1.740000000000000000e+02 -4.890000000000000000e+02
-4.116000000000000000e+03 1.684000000000000000e+03 1.380000000000000000e+04 -3.920000000000000000e+03 -2.030000000000000000e+02 -5.240000000000000000e+02
-3.972000000000000000e+03 1.564000000000000000e+03 1.368800000000000000e+04 -3.904000000000000000e+03 -2.370000000000000000e+02 -5.320000000000000000e+02
-4.136000000000000000e+03 1.608000000000000000e+03 1.368400000000000000e+04 -3.920000000000000000e+03 -2.770000000000000000e+02 -5.260000000000000000e+02
-4.292000000000000000e+03 1.584000000000000000e+03 1.386800000000000000e+04 -3.888000000000000000e+03 -3.050000000000000000e+02 -4.600000000000000000e+02
