-2.412000000000000000e+03 1.588000000000000000e+03 1.422400000000000000e+04 -3.888000000000000000e+03 -9.600000000000000000e+01 7.350000000000000000e+02
-2.476000000000000000e+03 1.624000000000000000e+03 1.419200000000000000e+04 -3.888000000000000000e+03 -1.670000000000000000e+02 9.610000000000000000e+02
-2.160000000000000000e+03 1.732000000000000000e+03 1.414400000000000000e+04 -3.904000000000000000e+03 -2.220000000000000000e+02 1.119000000000000000e+03
-2.120000000000000000e+03 1.704000000000000000e+03 1.426000000000000000e+04 -3.920000000000000000e+03 -2.800000000000000000e+02 1.111000000000000000e+03
-2.020000000000000000e+03 1.672000000000000000e+03 1.424400000000000000e+04 -3.920000000000000000e+03 -3.570000000000000000e+02 1.054000000000000000e+03
-1.832000000000000000e+03 1.772000000000000000e+03 1.419600000000000000e+04 -3.872000000000000000e+03 -3.870000000000000000e+02 9.220000000000000000e+02
-1.984000000000000000e+03 1.740000000000000000e+03 1.430800000000000000e+04 -3.920000000000000000e+03 -4.200000000000000000e+02 5.700000000000000000e+02
-1.860000000000000000e+03 1.720000000000000000e+03 1.437600000000000000e+04 -3.904000000000000000e+03 -4.430000000000000000e+02 4.760000000000000000e+02
-1.548000000000000000e+03 1.760000000000000000e+03 1.429200000000000000e+04 -3.920000000000000000e+03 -4.390000000000000000e+02 1.430000000000000000e+02
-1.560000000000000000e+03 1.856000000000000000e+03 1.444400000000000000e+04 -3.920000000000000000e+03 -4.550000000000000000e+02 -1.900000000000000000e+01
-1.280000000000000000e+03 1.860000000000000000e+03 1.457600000000000000e+04 -3.904000000000000000e+03 -4.460000000000000000e+02 -2.440000000000000000e+02
-1.244000000000000000e+03 1.924000000000000000e+03 1.459600000000000000e+04 -3.904000000000000000e+03 -4.430000000000000000e+02 -4.360000000000000000e+02
-1.160000000000000000e+03 1.860000000000000000e+03 1.466800000000000000e+04 -3.904000000000000000e+03 -4.450000000000000000e+02 -5.110000000000000000e+02
-1.204000000000000000e+03 1.920000000000000000e+03 1.448400000000000000e+04 -3.904000000000000000e+03 -4.230000000000000000e+02 -5.190000000000000000e+02
-1.200000000000000000e+03 1.952000000000000000e+03 1.457600000000000000e+04 -3.904000000000000000e+03 -4.110000000000000000e+02 -5.750000000000000000e+02
-1.332000000000000000e+03 1.956000000000000000e+03 1.446800000000000000e+04 -3.904000000000000000e+03 -3.970000000000000000e+02 -6.170000000000000000e+02
-1.256000000000000000e+03 1.956000000000000000e+03 1.442400000000000000e+04 -3.904000000000000000e+03 -3.680000000000000000e+02 -5.400000000000000000e+02
-1.304000000000000000e+03 1.988000000000000000e+03 1.442800000000000000e+04 -3.904000000000000000e+03 -3.140000000000000000e+02 -4.090000000000000000e+02
-1.544000000000000000e+03 1.928000000000000000e+03 1.451200000000000000e+04 -3.888000000000000000e+03 -3.160000000000000000e+02 -2.320000000000000000e+02
-1.708000000000000000e+03 2.092000000000000000e+03 1.454000000000000000e+04 -3.920000000000000000e+03 -2.810000000000000000e+02 -4.700000000000000000e+01
-1.792000000000000000e+03 2.044000000000000000e+03 1.449200000000000000e+04 -3.904000000000000000e+03 -2.810000000000000000e+02 1.640000000000000000e+02
-1.744000000000000000e+03 1.908000000000000000e+03 1.444400000000000000e+04 -3.904000000000000000e+03 -2.750000000000000000e+02 3.830000000000000000e+02
-1.844000000000000000e+03 1.860000000000000000e+03 1.421600000000000000e+04 -3.920000000000000000e+03 -2.440000000000000000e+02 5.340000000000000000e+02
-1.752000000000000000e+03 1.796000000000000000e+03 1.416800000000000000e+04 -3.872000000000000000e+03 -2.500000000000000000e+02 5.600000000000000000e+02
-1.940000000000000000e+03 1.776000000000000000e+03 1.429200000000000000e+04 -3.872000000000000000e+03 -2.160000000000000000e+02 4.160000000000000000e+02
-1.732000000000000000e+03 1.728000000000000000e+03 1.412000000000000000e+04 -3.920000000000000000e+03 -1.860000000000000000e+02 1.930000000000000000e+02
-1.804000000000000000e+03 1.760000000000000000e+03 1.422800000000000000e+04 -3.904000000000000000e+03 -2.290000000000000000e+02 -4.100000000000000000e+01
-1.748000000000000000e+03 1.684000000000000000e+03 1.420000000000000000e+04 -3.872000000000000000e+03 -1.780000000000000000e+02 -1.880000000000000000e+02
-1.644000000000000000e+03 1.744000000000000000e+03 1.412800000000000000e+04 -3.936000000000000000e+03 -1.540000000000000000e+02 -1.770000000000000000e+02
-1.512000000000000000e+03 1.676000000000000000e+03 1.414800000000000000e+04 -3.904000000000000000e+03 -1.620000000000000000e+02 -9.000000000000000000e+01
-1.516000000000000000e+03 1.664000000000000000e+03 1.418000000000000000e+04 -3.904000000000000000e+03 -1.730000000000000000e+02 -1.500000000000000000e+01
-1.452000000000000000e+03 1.692000000000000000e+03 1.430800000000000000e+04 -3.936000000000000000e+03 -1.990000000000000000e+02 5.900000000000000000e+01
-1.348000000000000000e+03 1.704000000000000000e+03 1.451200000000000000e+04 -3.904000000000000000e+03 -2.150000000000000000e+02 1.790000000000000000e+02
-1.484000000000000000e+03 1.728000000000000000e+03 1.440800000000000000e+04 -3.904000000000000000e+03 -2.240000000000000000e+02 2.960000000000000000e+02
-1.372000000000000000e+03 1.712000000000000000e+03 1.437600000000000000e+04 -3.904000000000000000e+03 -2.320000000000000000e+02 4.440000000000000000e+02
-1.260000000000000000e+03 1.720000000000000000e+03 1.441200000000000000e+04 -3.888000000000000000e+03 -2.780000000000000000e+02 6.270000000000000000e+02
-1.292000000000000000e+03 1.716000000000000000e+03 1.453600000000000000e+04 -3.936000000000000000e+03 -2.790000000000000000e+02 7.350000000000000000e+02
-1.480000000000000000e+03 1.656000000000000000e+03 1.460800000000000000e+04 -3.936000000000000000e+03 -2.930000000000000000e+02 8.270000000000000000e+02
-1.552000000000000000e+03 1.692000000000000000e+03 1.420800000000000000e+04 -3.952000000000000000e+03 -2.900000000000000000e+02 9.140000000000000000e+02
-1.392000000000000000e+03 1.660000000000000000e+03 1.440400000000000000e+04 -3.920000000000000000e+03 -2.530000000000000000e+02 9.680000000000000000e+02
-1.180000000000000000e+03 1.864000000000000000e+03 1.431200000000000000e+04 -3.920000000000000000e+03 -2.910000000000000000e+02 9.590000000000000000e+02
-1.312000000000000000e+03 1.864000000000000000e+03 1.415600000000000000e+04 -3.920000000000000000e+03 -2.780000000000000000e+02 8.870000000000000000e+02
-1.248000000000000000e+03 1.948000000000000000e+03 1.450000000000000000e+04 -3.920000000000000000e+03 -2.560000000000000000e+02 7.810000000000000000e+02
-1.376000000000000000e+03 1.936000000000000000e+03 1.440800000000000000e+04 -3.920000000000000000e+03 -2.520000000000000000e+02 6.360000000000000000e+02
-1.368000000000000000e+03 2.004000000000000000e+03 1.415600000000000000e+04 -3.920000000000000000e+03 -2.280000000000000000e+02 5.340000000000000000e+02
-1.208000000000000000e+03 1.844000000000000000e+03 1.405600000000000000e+04 -3.888000000000000000e+03 -2.390000000000000000e+02 3.440000000000000000e+02
-1.252000000000000000e+03 1.924000000000000000e+03 1.434800000000000000e+04 -3.920000000000000000e+03 -2.320000000000000000e+02 2.280000000000000000e+02
-1.248000000000000000e+03 1.752000000000000000e+03 1.431600000000000000e+04 -3.920000000000000000e+03 -2.100000000000000000e+02 8.600000000000000000e+01
-1.228000000000000000e+03 1.860000000000000000e+03 1.409600000000000000e+04 -3.952000000000000000e+03 -1.860000000000000000e+02 -1.200000000000000000e+01
-1.264000000000000000e+03 1.744000000000000000e+03 1.417600000000000000e+04 -3.920000000000000000e+03 -1.690000000000000000e+02 -9.800000000000000000e+01
-1.396000000000000000e+03 1.864000000000000000e+03 1.425600000000000000e+04 -3.920000000000000000e+03 -1.340000000000000000e+02 -1.100000000000000000e+02
-1.324000000000000000e+03 1.992000000000000000e+03 1.449200000000000000e+04 -3.888000000000000000e+03 -1.590000000000000000e+02 -6.700000000000000000e+01
-1.316000000000000000e+03 2.028000000000000000e+03 1.438400000000000000e+04 -3.920000000000000000e+03 -1.260000000000000000e+02 -1.100000000000000000e+01
-1.316000000000000000e+03 1.916000000000000000e+03 1.440000000000000000e+04 -3.920000000000000000e+03 -1.240000000000000000e+02 9.800000000000000000e+01
-1.652000000000000000e+03 1.892000000000000000e+03 1.449600000000000000e+04 -3.936000000000000000e+03 -1.360000000000000000e+02 1.470000000000000000e+02
-1.592000000000000000e+03 1.852000000000000000e+03 1.426400000000000000e+04 -3.904000000000000000e+03 -1.400000000000000000e+02 2.560000000000000000e+02
-1.740000000000000000e+03 1.844000000000000000e+03 1.426800000000000000e+04 -3.904000000000000000e+03 -1.510000000000000000e+02 3.660000000000000000e+02
-1.792000000000000000e+03 1.768000000000000000e+03 1.446000000000000000e+04 -3.920000000000000000e+03 -1.660000000000000000e+02 4.740000000000000000e+02
-1.860000000000000000e+03 1.772000000000000000e+03 1.432800000000000000e+04 -3.904000000000000000e+03 -1.540000000000000000e+02 6.470000000000000000e+02
-1.928000000000000000e+03 1.876000000000000000e+03 1.416000000000000000e+04 -3.904000000000000000e+03 -1.440000000000000000e+02 7.480000000000000000e+02
-2.004000000000000000e+03 1.968000000000000000e+03 1.425200000000000000e+04 -3.920000000000000000e+03 -1.530000000000000000e+02 8.460000000000000000e+02
-1.948000000000000000e+03 2.020000000000000000e+03 1.420000000000000000e+04 -3.920000000000000000e+03 -2.030000000000000000e+02 9.600000000000000000e+02
-1.860000000000000000e+03 1.944000000000000000e+03 1.426400000000000000e+04 -3.888000000000000000e+03 -2.090000000000000000e+02 1.073000000000000000e+03
-1.916000000000000000e+03 1.876000000000000000e+03 1.428800000000000000e+04 -3.920000000000000000e+03 -2.090000000000000000e+02 1.167000000000000000e+03
-1.868000000000000000e+03 1.968000000000000000e+03 1.439600000000000000e+04 -3.920000000000000000e+03 -2.300000000000000000e+02 1.236000000000000000e+03
-1.712000000000000000e+03 1.888000000000000000e+03 1.429200000000000000e+04 -3.920000000000000000e+03 -2.540000000000000000e+02 1.241000000000000000e+03
-1.824000000000000000e+03 1.796000000000000000e+03 1.417600000000000000e+04 -3.920000000000000000e+03 -2.650000000000000000e+02 1.219000000000000000e+03
-1.792000000000000000e+03 1.880000000000000000e+03 1.400400000000000000e+04 -3.920000000000000000e+03 -2.610000000000000000e+02 1.224000000000000000e+03
-1.704000000000000000e+03 1.904000000000000000e+03 1.428000000000000000e+04 -3.888000000000000000e+03 -2.840000000000000000e+02 1.119000000000000000e+03
-1.920000000000000000e+03 1.904000000000000000e+03 1.431200000000000000e+04 -3.888000000000000000e+03 -3.250000000000000000e+02 9.580000000000000000e+02
