-5.940000000000000000e+03 8.440000000000000000e+02 1.332800000000000000e+04 -3.968000000000000000e+03 7.000000000000000000e+01 -1.460000000000000000e+02
-6.260000000000000000e+03 6.440000000000000000e+02 1.345600000000000000e+04 -3.920000000000000000e+03 -4.200000000000000000e+01 8.900000000000000000e+01
-5.996000000000000000e+03 6.680000000000000000e+02 1.321200000000000000e+04 -3.920000000000000000e+03 -1.460000000000000000e+02 3.480000000000000000e+02
-6.052000000000000000e+03 9.840000000000000000e+02 1.317200000000000000e+04 -3.920000000000000000e+03 -2.260000000000000000e+02 5.480000000000000000e+02
-6.016000000000000000e+03 1.184000000000000000e+03 1.380000000000000000e+04 -3.920000000000000000e+03 -3.370000000000000000e+02 6.860000000000000000e+02
-6.040000000000000000e+03 1.180000000000000000e+03 1.354000000000000000e+04 -3.920000000000000000e+03 -4.010000000000000000e+02 7.620000000000000000e+02
-5.936000000000000000e+03 1.344000000000000000e+03 1.367600000000000000e+04 -3.920000000000000000e+03 -4.720000000000000000e+02 6.720000000000000000e+02
-5.932000000000000000e+03 1.240000000000000000e+03 1.346800000000000000e+04 -3.920000000000000000e+03 -4.870000000000000000e+02 5.990000000000000000e+02
-5.856000000000000000e+03 1.244000000000000000e+03 1.339600000000000000e+04 -3.888000000000000000e+03 -5.200000000000000000e+02 4.760000000000000000e+02
-5.768000000000000000e+03 1.384000000000000000e+03 1.340800000000000000e+04 -3.920000000000000000e+03 -5.100000000000000000e+02 3.200000000000000000e+02
-5.724000000000000000e+03 1.312000000000000000e+03 1.338800000000000000e+04 -3.920000000000000000e+03 -4.900000000000000000e+02 7.900000000000000000e+01
-5.764000000000000000e+03 1.240000000000000000e+03 1.330000000000000000e+04 -3.920000000000000000e+03 -4.480000000000000000e+02 -1.000000000000000000e+02
-5.856000000000000000e+03 1.332000000000000000e+03 1.316800000000000000e+04 -3.936000000000000000e+03 -3.830000000000000000e+02 -3.000000000000000000e+02
-5.764000000000000000e+03 1.324000000000000000e+03 1.318800000000000000e+04 -3.936000000000000000e+03 -3.130000000000000000e+02 -3.760000000000000000e+02
-6.068000000000000000e+03 1.220000000000000000e+03 1.301200000000000000e+04 -3.952000000000000000e+03 -2.340000000000000000e+02 -3.720000000000000000e+02
-6.124000000000000000e+03 1.248000000000000000e+03 1.288400000000000000e+04 -3.920000000000000000e+03 -1.760000000000000000e+02 -2.360000000000000000e+02
-5.892000000000000000e+03 1.172000000000000000e+03 1.294000000000000000e+04 -3.936000000000000000e+03 -1.330000000000000000e+02 -7.900000000000000000e+01
-6.028000000000000000e+03 1.028000000000000000e+03 1.290800000000000000e+04 -3.920000000000000000e+03 -1.040000000000000000e+02 8.900000000000000000e+01
-5.860000000000000000e+03 1.072000000000000000e+03 1.278800000000000000e+04 -3.968000000000000000e+03 -9.300000000000000000e+01 2.190000000000000000e+02
-5.772000000000000000e+03 1.024000000000000000e+03 1.296000000000000000e+04 -3.936000000000000000e+03 -1.000000000000000000e+02 3.800000000000000000e+02
-5.960000000000000000e+03 1.060000000000000000e+03 1.310800000000000000e+04 -3.904000000000000000e+03 -1.400000000000000000e+02 5.580000000000000000e+02
-5.780000000000000000e+03 1.140000000000000000e+03 1.290400000000000000e+04 -3.936000000000000000e+03 -1.920000000000000000e+02 7.040000000000000000e+02
-5.728000000000000000e+03 1.044000000000000000e+03 1.316400000000000000e+04 -3.936000000000000000e+03 -2.670000000000000000e+02 7.480000000000000000e+02
-5.660000000000000000e+03 1.156000000000000000e+03 1.333600000000000000e+04 -3.968000000000000000e+03 -2.860000000000000000e+02 8.100000000000000000e+02
-5.624000000000000000e+03 1.108000000000000000e+03 1.331600000000000000e+04 -3.936000000000000000e+03 -3.270000000000000000e+02 8.300000000000000000e+02
-5.724000000000000000e+03 1.172000000000000000e+03 1.333600000000000000e+04 -3.936000000000000000e+03 -3.490000000000000000e+02 7.920000000000000000e+02
-5.740000000000000000e+03 1.148000000000000000e+03 1.326000000000000000e+04 -3.936000000000000000e+03 -3.780000000000000000e+02 6.910000000000000000e+02
-5.672000000000000000e+03 1.216000000000000000e+03 1.313600000000000000e+04 -3.936000000000000000e+03 -3.530000000000000000e+02 4.870000000000000000e+02
-5.816000000000000000e+03 1.292000000000000000e+03 1.327200000000000000e+04 -3.936000000000000000e+03 -3.470000000000000000e+02 2.050000000000000000e+02
-5.840000000000000000e+03 1.256000000000000000e+03 1.321200000000000000e+04 -3.920000000000000000e+03 -2.780000000000000000e+02 -4.100000000000000000e+01
-5.732000000000000000e+03 1.212000000000000000e+03 1.323200000000000000e+04 -3.920000000000000000e+03 -2.470000000000000000e+02 -2.450000000000000000e+02
-5.848000000000000000e+03 1.204000000000000000e+03 1.297600000000000000e+04 -3.920000000000000000e+03 -2.180000000000000000e+02 -3.110000000000000000e+02
-5.856000000000000000e+03 1.176000000000000000e+03 1.298000000000000000e+04 -3.936000000000000000e+03 -2.070000000000000000e+02 -3.110000000000000000e+02
-6.152000000000000000e+03 1.076000000000000000e+03 1.303600000000000000e+04 -3.936000000000000000e+03 -2.060000000000000000e+02 -3.210000000000000000e+02
-6.196000000000000000e+03 1.224000000000000000e+03 1.310000000000000000e+04 -3.920000000000000000e+03 -2.130000000000000000e+02 -2.520000000000000000e+02
-5.992000000000000000e+03 1.180000000000000000e+03 1.306800000000000000e+04 -3.952000000000000000e+03 -2.690000000000000000e+02 -1.900000000000000000e+02
-6.176000000000000000e+03 1.192000000000000000e+03 1.302400000000000000e+04 -3.904000000000000000e+03 -3.240000000000000000e+02 -1.230000000000000000e+02
-6.340000000000000000e+03 1.276000000000000000e+03 1.304800000000000000e+04 -3.936000000000000000e+03 -3.540000000000000000e+02 -2.200000000000000000e+01
-6.332000000000000000e+03 1.280000000000000000e+03 1.316000000000000000e+04 -3.920000000000000000e+03 -3.400000000000000000e+02 7.900000000000000000e+01
-6.236000000000000000e+03 1.320000000000000000e+03 1.330800000000000000e+04 -3.936000000000000000e+03 -3.530000000000000000e+02 1.870000000000000000e+02
-6.168000000000000000e+03 1.196000000000000000e+03 1.316800000000000000e+04 -3.904000000000000000e+03 -3.550000000000000000e+02 2.990000000000000000e+02
-6.092000000000000000e+03 1.292000000000000000e+03 1.296800000000000000e+04 -3.920000000000000000e+03 -3.430000000000000000e+02 4.250000000000000000e+02
-5.892000000000000000e+03 1.300000000000000000e+03 1.305600000000000000e+04 -3.920000000000000000e+03 -3.400000000000000000e+02 4.930000000000000000e+02
-6.084000000000000000e+03 1.268000000000000000e+03 1.303200000000000000e+04 -3.952000000000000000e+03 -3.560000000000000000e+02 4.810000000000000000e+02
-5.916000000000000000e+03 1.188000000000000000e+03 1.298800000000000000e+04 -3.920000000000000000e+03 -3.210000000000000000e+02 4.520000000000000000e+02
-5.820000000000000000e+03 1.164000000000000000e+03 1.309200000000000000e+04 -3.952000000000000000e+03 -3.090000000000000000e+02 3.630000000000000000e+02
-5.872000000000000000e+03 1.300000000000000000e+03 1.308000000000000000e+04 -3.920000000000000000e+03 -2.970000000000000000e+02 2.760000000000000000e+02
-5.804000000000000000e+03 1.268000000000000000e+03 1.304000000000000000e+04 -3.920000000000000000e+03 -2.800000000000000000e+02 1.080000000000000000e+02
-5.864000000000000000e+03 1.308000000000000000e+03 1.323600000000000000e+04 -3.920000000000000000e+03 -2.590000000000000000e+02 -6.000000000000000000e+01
-5.828000000000000000e+03 1.240000000000000000e+03 1.310800000000000000e+04 -3.920000000000000000e+03 -2.360000000000000000e+02 -2.370000000000000000e+02
-5.872000000000000000e+03 1.124000000000000000e+03 1.321200000000000000e+04 -3.920000000000000000e+03 -2.250000000000000000e+02 -3.810000000000000000e+02
-5.868000000000000000e+03 1.200000000000000000e+03 1.313200000000000000e+04 -3.952000000000000000e+03 -2.150000000000000000e+02 -4.460000000000000000e+02
-6.036000000000000000e+03 1.172000000000000000e+03 1.314000000000000000e+04 -3.936000000000000000e+03 -2.210000000000000000e+02 -4.220000000000000000e+02
-6.256000000000000000e+03 1.120000000000000000e+03 1.319600000000000000e+04 -3.904000000000000000e+03 -2.320000000000000000e+02 -3.070000000000000000e+02
-6.072000000000000000e+03 1.092000000000000000e+03 1.326000000000000000e+04 -3.952000000000000000e+03 -3.050000000000000000e+02 -1.330000000000000000e+02
-6.176000000000000000e+03 1.168000000000000000e+03 1.319600000000000000e+04 -3.920000000000000000e+03 -3.390000000000000000e+02 2.200000000000000000e+01
-6.056000000000000000e+03 1.176000000000000000e+03 1.341200000000000000e+04 -3.936000000000000000e+03 -3.780000000000000000e+02 9.800000000000000000e+01
-6.092000000000000000e+03 1.312000000000000000e+03 1.337600000000000000e+04 -3.952000000000000000e+03 -4.170000000000000000e+02 2.220000000000000000e+02
-5.860000000000000000e+03 1.312000000000000000e+03 1.337600000000000000e+04 -3.936000000000000000e+03 -4.470000000000000000e+02 3.710000000000000000e+02
-5.932000000000000000e+03 1.192000000000000000e+03 1.331200000000000000e+04 -3.920000000000000000e+03 -4.660000000000000000e+02 4.990000000000000000e+02
-5.920000000000000000e+03 1.220000000000000000e+03 1.350800000000000000e+04 -3.936000000000000000e+03 -5.070000000000000000e+02 5.050000000000000000e+02
-5.820000000000000000e+03 1.332000000000000000e+03 1.324800000000000000e+04 -3.920000000000000000e+03 -4.740000000000000000e+02 4.470000000000000000e+02
-5.864000000000000000e+03 1.276000000000000000e+03 1.342800000000000000e+04 -3.936000000000000000e+03 -4.350000000000000000e+02 3.920000000000000000e+02
-5.844000000000000000e+03 1.260000000000000000e+03 1.328400000000000000e+04 -3.952000000000000000e+03 -3.880000000000000000e+02 3.710000000000000000e+02
-5.576000000000000000e+03 1.244000000000000000e+03 1.309600000000000000e+04 -3.936000000000000000e+03 -3.330000000000000000e+02 3.300000000000000000e+02
-5.728000000000000000e+03 1.164000000000000000e+03 1.316000000000000000e+04 -3.920000000000000000e+03 -3.050000000000000000e+02 2.260000000000000000e+02
-5.696000000000000000e+03 1.172000000000000000e+03 1.299200000000000000e+04 -3.968000000000000000e+03 -2.750000000000000000e+02 1.280000000000000000e+02
-5.680000000000000000e+03 1.140000000000000000e+03 1.305600000000000000e+04 -3.920000000000000000e+03 -2.290000000000000000e+02 6.800000000000000000e+01
-5.784000000000000000e+03 1.120000000000000000e+03 1.307200000000000000e+04 -3.920000000000000000e+03 -1.910000000000000000e+02 1.300000000000000000e+01
-5.792000000000000000e+03 1.128000000000000000e+03 1.315200000000000000e+04 -3.968000000000000000e+03 -1.190000000000000000e+02 -2.300000000000000000e+01
-5.696000000000000000e+03 1.076000000000000000e+03 1.317600000000000000e+04 -3.904000000000000000e+03 -1.040000000000000000e+02 -8.200000000000000000e+01
-5.736000000000000000e+03 1.140000000000000000e+03 1.301600000000000000e+04 -3.936000000000000000e+03 -1.340000000000000000e+02 -1.260000000000000000e+02
-6.036000000000000000e+03 1.108000000000000000e+03 1.292800000000000000e+04 -3.952000000000000000e+03 -1.220000000000000000e+02 -1.110000000000000000e+02
-5.892000000000000000e+03 1.076000000000000000e+03 1.326800000000000000e+04 -3.920000000000000000e+03 -9.900000000000000000e+01 -9.800000000000000000e+01
-6.004000000000000000e+03 1.112000000000000000e+03 1.327200000000000000e+04 -3.920000000000000000e+03 -1.630000000000000000e+02 -6.600000000000000000e+01
-5.784000000000000000e+03 8.920000000000000000e+02 1.325600000000000000e+04 -3.920000000000000000e+03 -1.590000000000000000e+02 -7.600000000000000000e+01
-6.048000000000000000e+03 1.056000000000000000e+03 1.322800000000000000e+04 -3.904000000000000000e+03 -2.090000000000000000e+02 -7.000000000000000000e+01
