5.960000000000000000e+02 1.928000000000000000e+03 1.461600000000000000e+04 -4.144000000000000000e+03 -2.670000000000000000e+02 4.000000000000000000e+01
6.560000000000000000e+02 1.880000000000000000e+03 1.443200000000000000e+04 -4.176000000000000000e+03 -2.530000000000000000e+02 1.230000000000000000e+02
6.160000000000000000e+02 1.912000000000000000e+03 1.452800000000000000e+04 -4.192000000000000000e+03 -2.510000000000000000e+02 1.460000000000000000e+02
4.840000000000000000e+02 1.912000000000000000e+03 1.448000000000000000e+04 -4.160000000000000000e+03 -2.710000000000000000e+02 1.500000000000000000e+02
6.120000000000000000e+02 1.872000000000000000e+03 1.456000000000000000e+04 -4.144000000000000000e+03 -2.560000000000000000e+02 2.130000000000000000e+02
4.440000000000000000e+02 1.924000000000000000e+03 1.445200000000000000e+04 -4.144000000000000000e+03 -2.510000000000000000e+02 2.530000000000000000e+02
5.520000000000000000e+02 1.932000000000000000e+03 1.459600000000000000e+04 -4.176000000000000000e+03 -2.690000000000000000e+02 2.670000000000000000e+02
4.880000000000000000e+02 1.960000000000000000e+03 1.448800000000000000e+04 -4.208000000000000000e+03 -2.900000000000000000e+02 2.320000000000000000e+02
6.320000000000000000e+02 2.024000000000000000e+03 1.462800000000000000e+04 -4.144000000000000000e+03 -2.810000000000000000e+02 2.110000000000000000e+02
7.480000000000000000e+02 1.956000000000000000e+03 1.437600000000000000e+04 -4.176000000000000000e+03 -2.760000000000000000e+02 1.710000000000000000e+02
7.040000000000000000e+02 1.976000000000000000e+03 1.445200000000000000e+04 -4.176000000000000000e+03 -3.060000000000000000e+02 1.580000000000000000e+02
7.080000000000000000e+02 1.968000000000000000e+03 1.450400000000000000e+04 -4.176000000000000000e+03 -2.970000000000000000e+02 1.060000000000000000e+02
8.360000000000000000e+02 1.888000000000000000e+03 1.460800000000000000e+04 -4.192000000000000000e+03 -2.770000000000000000e+02 1.100000000000000000e+01
7.920000000000000000e+02 1.840000000000000000e+03 1.445200000000000000e+04 -4.144000000000000000e+03 -2.830000000000000000e+02 6.000000000000000000e+00
6.160000000000000000e+02 2.012000000000000000e+03 1.447600000000000000e+04 -4.160000000000000000e+03 -2.730000000000000000e+02 -3.000000000000000000e+00
7.880000000000000000e+02 1.960000000000000000e+03 1.448000000000000000e+04 -4.160000000000000000e+03 -2.630000000000000000e+02 3.300000000000000000e+01
7.080000000000000000e+02 1.980000000000000000e+03 1.451600000000000000e+04 -4.176000000000000000e+03 -2.790000000000000000e+02 7.800000000000000000e+01
7.240000000000000000e+02 1.972000000000000000e+03 1.441200000000000000e+04 -4.176000000000000000e+03 -2.470000000000000000e+02 1.130000000000000000e+02
7.160000000000000000e+02 1.864000000000000000e+03 1.466400000000000000e+04 -4.176000000000000000e+03 -2.620000000000000000e+02 1.250000000000000000e+02
4.280000000000000000e+02 1.988000000000000000e+03 1.456000000000000000e+04 -4.160000000000000000e+03 -2.690000000000000000e+02 6.800000000000000000e+01
6.000000000000000000e+02 1.924000000000000000e+03 1.450400000000000000e+04 -4.160000000000000000e+03 -2.600000000000000000e+02 2.800000000000000000e+01
7.560000000000000000e+02 1.812000000000000000e+03 1.458000000000000000e+04 -4.208000000000000000e+03 -2.560000000000000000e+02 1.200000000000000000e+01
6.160000000000000000e+02 1.780000000000000000e+03 1.450400000000000000e+04 -4.160000000000000000e+03 -2.630000000000000000e+02 -3.000000000000000000e+01
5.840000000000000000e+02 1.844000000000000000e+03 1.446800000000000000e+04 -4.144000000000000000e+03 -2.590000000000000000e+02 -4.100000000000000000e+01
4.840000000000000000e+02 1.916000000000000000e+03 1.453200000000000000e+04 -4.160000000000000000e+03 -2.570000000000000000e+02 1.000000000000000000e+00
5.960000000000000000e+02 2.012000000000000000e+03 1.454000000000000000e+04 -4.160000000000000000e+03 -2.630000000000000000e+02 8.500000000000000000e+01
6.160000000000000000e+02 2.056000000000000000e+03 1.447600000000000000e+04 -4.160000000000000000e+03 -2.710000000000000000e+02 1.600000000000000000e+02
7.480000000000000000e+02 1.960000000000000000e+03 1.456400000000000000e+04 -4.160000000000000000e+03 -2.410000000000000000e+02 2.930000000000000000e+02
6.480000000000000000e+02 1.960000000000000000e+03 1.440400000000000000e+04 -4.160000000000000000e+03 -2.440000000000000000e+02 3.460000000000000000e+02
6.600000000000000000e+02 1.936000000000000000e+03 1.448400000000000000e+04 -4.176000000000000000e+03 -2.730000000000000000e+02 4.020000000000000000e+02
7.600000000000000000e+02 1.832000000000000000e+03 1.455200000000000000e+04 -4.160000000000000000e+03 -2.880000000000000000e+02 3.950000000000000000e+02
7.760000000000000000e+02 1.984000000000000000e+03 1.464400000000000000e+04 -4.160000000000000000e+03 -2.970000000000000000e+02 3.480000000000000000e+02
7.320000000000000000e+02 1.968000000000000000e+03 1.445600000000000000e+04 -4.160000000000000000e+03 -3.070000000000000000e+02 2.570000000000000000e+02
7.520000000000000000e+02 1.920000000000000000e+03 1.436000000000000000e+04 -4.144000000000000000e+03 -2.980000000000000000e+02 1.850000000000000000e+02
6.120000000000000000e+02 2.008000000000000000e+03 1.436800000000000000e+04 -4.160000000000000000e+03 -3.220000000000000000e+02 7.900000000000000000e+01
9.080000000000000000e+02 2.104000000000000000e+03 1.442800000000000000e+04 -4.144000000000000000e+03 -2.840000000000000000e+02 -6.700000000000000000e+01
1.020000000000000000e+03 1.972000000000000000e+03 1.446800000000000000e+04 -4.176000000000000000e+03 -2.900000000000000000e+02 -1.120000000000000000e+02
1.084000000000000000e+03 1.968000000000000000e+03 1.429600000000000000e+04 -4.144000000000000000e+03 -2.690000000000000000e+02 -5.400000000000000000e+01
1.112000000000000000e+03 1.828000000000000000e+03 1.438000000000000000e+04 -4.144000000000000000e+03 -2.580000000000000000e+02 1.520000000000000000e+02
9.600000000000000000e+02 1.752000000000000000e+03 1.458000000000000000e+04 -4.128000000000000000e+03 -2.580000000000000000e+02 2.890000000000000000e+02
8.840000000000000000e+02 1.840000000000000000e+03 1.460400000000000000e+04 -4.160000000000000000e+03 -2.680000000000000000e+02 2.740000000000000000e+02
8.760000000000000000e+02 1.912000000000000000e+03 1.447600000000000000e+04 -4.144000000000000000e+03 -2.790000000000000000e+02 1.920000000000000000e+02
8.920000000000000000e+02 1.916000000000000000e+03 1.444800000000000000e+04 -4.176000000000000000e+03 -2.630000000000000000e+02 1.490000000000000000e+02
6.720000000000000000e+02 2.000000000000000000e+03 1.450400000000000000e+04 -4.160000000000000000e+03 -2.660000000000000000e+02 1.590000000000000000e+02
4.400000000000000000e+02 1.980000000000000000e+03 1.453600000000000000e+04 -4.160000000000000000e+03 -2.720000000000000000e+02 2.210000000000000000e+02
7.240000000000000000e+02 1.948000000000000000e+03 1.448000000000000000e+04 -4.144000000000000000e+03 -2.830000000000000000e+02 2.920000000000000000e+02
5.160000000000000000e+02 1.932000000000000000e+03 1.432400000000000000e+04 -4.144000000000000000e+03 -2.780000000000000000e+02 3.490000000000000000e+02
4.200000000000000000e+02 1.956000000000000000e+03 1.450400000000000000e+04 -4.160000000000000000e+03 -2.820000000000000000e+02 4.280000000000000000e+02
8.040000000000000000e+02 1.856000000000000000e+03 1.456400000000000000e+04 -4.144000000000000000e+03 -2.820000000000000000e+02 3.800000000000000000e+02
9.640000000000000000e+02 1.832000000000000000e+03 1.450400000000000000e+04 -4.176000000000000000e+03 -2.850000000000000000e+02 3.290000000000000000e+02
1.112000000000000000e+03 1.900000000000000000e+03 1.450400000000000000e+04 -4.176000000000000000e+03 -3.110000000000000000e+02 2.300000000000000000e+02
1.000000000000000000e+03 2.008000000000000000e+03 1.444800000000000000e+04 -4.160000000000000000e+03 -2.910000000000000000e+02 9.700000000000000000e+01
5.840000000000000000e+02 2.032000000000000000e+03 1.452000000000000000e+04 -4.144000000000000000e+03 -3.050000000000000000e+02 -3.900000000000000000e+01
4.720000000000000000e+02 2.024000000000000000e+03 1.437600000000000000e+04 -4.160000000000000000e+03 -2.980000000000000000e+02 -9.800000000000000000e+01
7.040000000000000000e+02 2.056000000000000000e+03 1.438400000000000000e+04 -4.128000000000000000e+03 -2.570000000000000000e+02 -1.350000000000000000e+02
7.440000000000000000e+02 1.896000000000000000e+03 1.435600000000000000e+04 -4.176000000000000000e+03 -2.480000000000000000e+02 -1.230000000000000000e+02
9.040000000000000000e+02 1.924000000000000000e+03 1.450400000000000000e+04 -4.176000000000000000e+03 -2.450000000000000000e+02 -2.110000000000000000e+02
9.760000000000000000e+02 1.756000000000000000e+03 1.452800000000000000e+04 -4.144000000000000000e+03 -2.530000000000000000e+02 -2.900000000000000000e+02
8.160000000000000000e+02 1.860000000000000000e+03 1.443600000000000000e+04 -4.144000000000000000e+03 -2.310000000000000000e+02 -3.090000000000000000e+02
8.040000000000000000e+02 1.964000000000000000e+03 1.458000000000000000e+04 -4.176000000000000000e+03 -2.300000000000000000e+02 -2.850000000000000000e+02
6.400000000000000000e+02 2.048000000000000000e+03 1.451600000000000000e+04 -4.176000000000000000e+03 -2.340000000000000000e+02 -3.200000000000000000e+02
3.800000000000000000e+02 2.044000000000000000e+03 1.453200000000000000e+04 -4.176000000000000000e+03 -2.280000000000000000e+02 -3.710000000000000000e+02
4.960000000000000000e+02 1.968000000000000000e+03 1.456400000000000000e+04 -4.176000000000000000e+03 -2.310000000000000000e+02 -2.740000000000000000e+02
3.960000000000000000e+02 2.016000000000000000e+03 1.441600000000000000e+04 -4.176000000000000000e+03 -2.240000000000000000e+02 -2.000000000000000000e+02
3.960000000000000000e+02 1.944000000000000000e+03 1.442000000000000000e+04 -4.192000000000000000e+03 -2.260000000000000000e+02 -1.360000000000000000e+02
8.360000000000000000e+02 1.804000000000000000e+03 1.459600000000000000e+04 -4.176000000000000000e+03 -1.970000000000000000e+02 9.600000000000000000e+01
7.920000000000000000e+02 1.896000000000000000e+03 1.449200000000000000e+04 -4.160000000000000000e+03 -2.150000000000000000e+02 3.840000000000000000e+02
7.200000000000000000e+02 1.904000000000000000e+03 1.446400000000000000e+04 -4.160000000000000000e+03 -2.430000000000000000e+02 6.660000000000000000e+02
7.400000000000000000e+02 2.120000000000000000e+03 1.443200000000000000e+04 -4.176000000000000000e+03 -2.500000000000000000e+02 8.160000000000000000e+02
6.880000000000000000e+02 1.936000000000000000e+03 1.448000000000000000e+04 -4.192000000000000000e+03 -2.720000000000000000e+02 8.430000000000000000e+02
1.032000000000000000e+03 1.940000000000000000e+03 1.445600000000000000e+04 -4.160000000000000000e+03 -3.000000000000000000e+02 7.740000000000000000e+02
