5.920000000000000000e+02 1.864000000000000000e+03 1.460800000000000000e+04 -4.128000000000000000e+03 -2.870000000000000000e+02 1.960000000000000000e+02
5.800000000000000000e+02 1.860000000000000000e+03 1.442000000000000000e+04 -4.160000000000000000e+03 -2.780000000000000000e+02 2.080000000000000000e+02
4.160000000000000000e+02 1.880000000000000000e+03 1.444000000000000000e+04 -4.160000000000000000e+03 -2.750000000000000000e+02 2.190000000000000000e+02
4.920000000000000000e+02 1.880000000000000000e+03 1.450400000000000000e+04 -4.176000000000000000e+03 -2.700000000000000000e+02 2.040000000000000000e+02
5.240000000000000000e+02 1.900000000000000000e+03 1.453200000000000000e+04 -4.176000000000000000e+03 -2.690000000000000000e+02 1.890000000000000000e+02
4.920000000000000000e+02 1.956000000000000000e+03 1.452400000000000000e+04 -4.176000000000000000e+03 -2.660000000000000000e+02 1.540000000000000000e+02
6.480000000000000000e+02 1.912000000000000000e+03 1.463200000000000000e+04 -4.176000000000000000e+03 -2.880000000000000000e+02 1.480000000000000000e+02
4.440000000000000000e+02 1.928000000000000000e+03 1.446800000000000000e+04 -4.144000000000000000e+03 -2.560000000000000000e+02 1.490000000000000000e+02
5.760000000000000000e+02 1.920000000000000000e+03 1.443600000000000000e+04 -4.160000000000000000e+03 -2.710000000000000000e+02 1.250000000000000000e+02
4.480000000000000000e+02 1.920000000000000000e+03 1.445600000000000000e+04 -4.160000000000000000e+03 -2.630000000000000000e+02 1.090000000000000000e+02
6.480000000000000000e+02 1.900000000000000000e+03 1.446800000000000000e+04 -4.160000000000000000e+03 -2.670000000000000000e+02 1.040000000000000000e+02
5.400000000000000000e+02 1.932000000000000000e+03 1.448400000000000000e+04 -4.160000000000000000e+03 -2.650000000000000000e+02 1.310000000000000000e+02
7.160000000000000000e+02 1.920000000000000000e+03 1.453200000000000000e+04 -4.128000000000000000e+03 -2.660000000000000000e+02 1.220000000000000000e+02
3.880000000000000000e+02 2.004000000000000000e+03 1.456000000000000000e+04 -4.160000000000000000e+03 -2.700000000000000000e+02 1.270000000000000000e+02
6.040000000000000000e+02 1.976000000000000000e+03 1.448400000000000000e+04 -4.144000000000000000e+03 -2.720000000000000000e+02 1.620000000000000000e+02
6.120000000000000000e+02 1.948000000000000000e+03 1.440400000000000000e+04 -4.176000000000000000e+03 -2.690000000000000000e+02 1.740000000000000000e+02
5.280000000000000000e+02 1.920000000000000000e+03 1.459600000000000000e+04 -4.176000000000000000e+03 -2.930000000000000000e+02 1.890000000000000000e+02
4.160000000000000000e+02 1.920000000000000000e+03 1.454400000000000000e+04 -4.144000000000000000e+03 -2.680000000000000000e+02 1.620000000000000000e+02
4.600000000000000000e+02 1.828000000000000000e+03 1.449600000000000000e+04 -4.144000000000000000e+03 -2.900000000000000000e+02 1.510000000000000000e+02
6.640000000000000000e+02 1.884000000000000000e+03 1.456400000000000000e+04 -4.160000000000000000e+03 -2.840000000000000000e+02 1.220000000000000000e+02
5.520000000000000000e+02 1.868000000000000000e+03 1.457200000000000000e+04 -4.160000000000000000e+03 -2.800000000000000000e+02 1.000000000000000000e+02
4.320000000000000000e+02 1.908000000000000000e+03 1.444400000000000000e+04 -4.128000000000000000e+03 -2.760000000000000000e+02 8.500000000000000000e+01
6.200000000000000000e+02 1.896000000000000000e+03 1.444000000000000000e+04 -4.160000000000000000e+03 -2.440000000000000000e+02 9.800000000000000000e+01
3.680000000000000000e+02 1.956000000000000000e+03 1.445600000000000000e+04 -4.176000000000000000e+03 -2.540000000000000000e+02 1.230000000000000000e+02
4.800000000000000000e+02 2.000000000000000000e+03 1.453600000000000000e+04 -4.144000000000000000e+03 -2.790000000000000000e+02 1.480000000000000000e+02
5.160000000000000000e+02 1.812000000000000000e+03 1.433600000000000000e+04 -4.160000000000000000e+03 -2.770000000000000000e+02 1.860000000000000000e+02
3.760000000000000000e+02 1.804000000000000000e+03 1.444000000000000000e+04 -4.176000000000000000e+03 -2.780000000000000000e+02 2.110000000000000000e+02
4.880000000000000000e+02 1.764000000000000000e+03 1.447600000000000000e+04 -4.160000000000000000e+03 -2.780000000000000000e+02 2.390000000000000000e+02
4.600000000000000000e+02 1.928000000000000000e+03 1.446400000000000000e+04 -4.128000000000000000e+03 -2.830000000000000000e+02 2.580000000000000000e+02
6.720000000000000000e+02 1.872000000000000000e+03 1.446400000000000000e+04 -4.160000000000000000e+03 -2.850000000000000000e+02 2.250000000000000000e+02
6.360000000000000000e+02 1.936000000000000000e+03 1.444400000000000000e+04 -4.160000000000000000e+03 -2.800000000000000000e+02 2.180000000000000000e+02
4.200000000000000000e+02 1.876000000000000000e+03 1.437600000000000000e+04 -4.160000000000000000e+03 -2.730000000000000000e+02 1.800000000000000000e+02
5.000000000000000000e+02 1.900000000000000000e+03 1.462000000000000000e+04 -4.144000000000000000e+03 -2.980000000000000000e+02 1.560000000000000000e+02
4.720000000000000000e+02 1.920000000000000000e+03 1.447600000000000000e+04 -4.144000000000000000e+03 -2.820000000000000000e+02 1.190000000000000000e+02
4.480000000000000000e+02 1.880000000000000000e+03 1.451600000000000000e+04 -4.144000000000000000e+03 -2.550000000000000000e+02 6.100000000000000000e+01
6.120000000000000000e+02 1.928000000000000000e+03 1.444400000000000000e+04 -4.144000000000000000e+03 -2.770000000000000000e+02 9.100000000000000000e+01
4.240000000000000000e+02 1.908000000000000000e+03 1.436000000000000000e+04 -4.160000000000000000e+03 -2.790000000000000000e+02 8.100000000000000000e+01
4.560000000000000000e+02 1.912000000000000000e+03 1.462400000000000000e+04 -4.144000000000000000e+03 -2.670000000000000000e+02 1.000000000000000000e+02
5.360000000000000000e+02 1.844000000000000000e+03 1.446800000000000000e+04 -4.144000000000000000e+03 -2.700000000000000000e+02 1.400000000000000000e+02
4.800000000000000000e+02 1.856000000000000000e+03 1.454400000000000000e+04 -4.160000000000000000e+03 -2.740000000000000000e+02 1.590000000000000000e+02
4.160000000000000000e+02 1.932000000000000000e+03 1.436400000000000000e+04 -4.128000000000000000e+03 -2.600000000000000000e+02 1.580000000000000000e+02
6.360000000000000000e+02 1.892000000000000000e+03 1.437200000000000000e+04 -4.128000000000000000e+03 -2.620000000000000000e+02 1.970000000000000000e+02
5.280000000000000000e+02 1.920000000000000000e+03 1.445200000000000000e+04 -4.160000000000000000e+03 -2.780000000000000000e+02 1.890000000000000000e+02
6.720000000000000000e+02 1.920000000000000000e+03 1.456000000000000000e+04 -4.144000000000000000e+03 -2.880000000000000000e+02 1.770000000000000000e+02
5.200000000000000000e+02 1.940000000000000000e+03 1.442400000000000000e+04 -4.176000000000000000e+03 -2.920000000000000000e+02 1.810000000000000000e+02
6.560000000000000000e+02 1.976000000000000000e+03 1.438000000000000000e+04 -4.176000000000000000e+03 -2.590000000000000000e+02 1.600000000000000000e+02
6.280000000000000000e+02 1.892000000000000000e+03 1.452000000000000000e+04 -4.144000000000000000e+03 -2.780000000000000000e+02 1.440000000000000000e+02
6.400000000000000000e+02 1.948000000000000000e+03 1.457600000000000000e+04 -4.160000000000000000e+03 -2.720000000000000000e+02 1.220000000000000000e+02
5.520000000000000000e+02 1.928000000000000000e+03 1.449200000000000000e+04 -4.160000000000000000e+03 -2.910000000000000000e+02 1.430000000000000000e+02
5.760000000000000000e+02 1.880000000000000000e+03 1.444000000000000000e+04 -4.160000000000000000e+03 -2.570000000000000000e+02 1.490000000000000000e+02
6.160000000000000000e+02 1.988000000000000000e+03 1.438400000000000000e+04 -4.160000000000000000e+03 -2.740000000000000000e+02 1.420000000000000000e+02
5.760000000000000000e+02 1.980000000000000000e+03 1.454000000000000000e+04 -4.144000000000000000e+03 -2.730000000000000000e+02 1.560000000000000000e+02
5.880000000000000000e+02 1.924000000000000000e+03 1.452800000000000000e+04 -4.144000000000000000e+03 -2.630000000000000000e+02 1.890000000000000000e+02
5.000000000000000000e+02 1.944000000000000000e+03 1.449600000000000000e+04 -4.144000000000000000e+03 -2.950000000000000000e+02 2.000000000000000000e+02
5.760000000000000000e+02 1.964000000000000000e+03 1.437600000000000000e+04 -4.176000000000000000e+03 -2.810000000000000000e+02 2.170000000000000000e+02
7.480000000000000000e+02 1.976000000000000000e+03 1.444400000000000000e+04 -4.160000000000000000e+03 -2.860000000000000000e+02 2.360000000000000000e+02
6.760000000000000000e+02 1.892000000000000000e+03 1.451200000000000000e+04 -4.176000000000000000e+03 -3.100000000000000000e+02 2.390000000000000000e+02
5.000000000000000000e+02 1.960000000000000000e+03 1.451600000000000000e+04 -4.160000000000000000e+03 -2.800000000000000000e+02 2.310000000000000000e+02
5.760000000000000000e+02 1.924000000000000000e+03 1.452800000000000000e+04 -4.128000000000000000e+03 -2.840000000000000000e+02 2.200000000000000000e+02
6.600000000000000000e+02 1.916000000000000000e+03 1.448400000000000000e+04 -4.176000000000000000e+03 -2.820000000000000000e+02 1.970000000000000000e+02
4.920000000000000000e+02 1.948000000000000000e+03 1.438000000000000000e+04 -4.144000000000000000e+03 -2.970000000000000000e+02 1.630000000000000000e+02
7.280000000000000000e+02 1.992000000000000000e+03 1.450000000000000000e+04 -4.144000000000000000e+03 -2.610000000000000000e+02 1.500000000000000000e+02
5.800000000000000000e+02 1.952000000000000000e+03 1.442000000000000000e+04 -4.176000000000000000e+03 -2.640000000000000000e+02 1.090000000000000000e+02
6.000000000000000000e+02 1.916000000000000000e+03 1.456800000000000000e+04 -4.144000000000000000e+03 -2.740000000000000000e+02 1.080000000000000000e+02
5.480000000000000000e+02 1.908000000000000000e+03 1.463200000000000000e+04 -4.128000000000000000e+03 -2.690000000000000000e+02 8.600000000000000000e+01
5.920000000000000000e+02 1.876000000000000000e+03 1.440000000000000000e+04 -4.160000000000000000e+03 -2.700000000000000000e+02 8.500000000000000000e+01
5.920000000000000000e+02 1.924000000000000000e+03 1.447200000000000000e+04 -4.144000000000000000e+03 -2.690000000000000000e+02 1.460000000000000000e+02
5.280000000000000000e+02 1.892000000000000000e+03 1.450400000000000000e+04 -4.112000000000000000e+03 -2.430000000000000000e+02 1.630000000000000000e+02
4.080000000000000000e+02 1.932000000000000000e+03 1.442000000000000000e+04 -4.160000000000000000e+03 -2.430000000000000000e+02 1.920000000000000000e+02
7.000000000000000000e+02 1.852000000000000000e+03 1.455200000000000000e+04 -4.128000000000000000e+03 -2.800000000000000000e+02 2.150000000000000000e+02
4.120000000000000000e+02 2.008000000000000000e+03 1.447600000000000000e+04 -4.160000000000000000e+03 -2.770000000000000000e+02 2.220000000000000000e+02
6.960000000000000000e+02 1.992000000000000000e+03 1.446800000000000000e+04 -4.128000000000000000e+03 -2.790000000000000000e+02 2.050000000000000000e+02
6.920000000000000000e+02 1.900000000000000000e+03 1.441600000000000000e+04 -4.144000000000000000e+03 -2.950000000000000000e+02 2.140000000000000000e+02
5.560000000000000000e+02 1.936000000000000000e+03 1.454400000000000000e+04 -4.176000000000000000e+03 -2.720000000000000000e+02 1.990000000000000000e+02
6.600000000000000000e+02 1.984000000000000000e+03 1.445600000000000000e+04 -4.176000000000000000e+03 -2.830000000000000000e+02 1.800000000000000000e+02
5.200000000000000000e+02 1.948000000000000000e+03 1.457600000000000000e+04 -4.128000000000000000e+03 -2.720000000000000000e+02 1.510000000000000000e+02
6.520000000000000000e+02 1.968000000000000000e+03 1.446800000000000000e+04 -4.160000000000000000e+03 -2.720000000000000000e+02 1.350000000000000000e+02
