-3.460000000000000000e+03 1.328000000000000000e+03 1.406400000000000000e+04 -3.904000000000000000e+03 -2.550000000000000000e+02 -3.220000000000000000e+02
-3.456000000000000000e+03 1.272000000000000000e+03 1.401600000000000000e+04 -3.904000000000000000e+03 -2.740000000000000000e+02 -2.720000000000000000e+02
-3.644000000000000000e+03 1.264000000000000000e+03 1.386800000000000000e+04 -3.904000000000000000e+03 -2.930000000000000000e+02 -1.400000000000000000e+02
-3.488000000000000000e+03 1.268000000000000000e+03 1.394800000000000000e+04 -3.872000000000000000e+03 -3.150000000000000000e+02 -4.500000000000000000e+01
-3.440000000000000000e+03 1.364000000000000000e+03 1.390000000000000000e+04 -3.904000000000000000e+03 -3.970000000000000000e+02 1.400000000000000000e+01
-3.508000000000000000e+03 1.464000000000000000e+03 1.384400000000000000e+04 -3.920000000000000000e+03 -4.690000000000000000e+02 -1.270000000000000000e+02
-3.588000000000000000e+03 1.352000000000000000e+03 1.384000000000000000e+04 -3.904000000000000000e+03 -4.820000000000000000e+02 -2.440000000000000000e+02
-3.408000000000000000e+03 1.384000000000000000e+03 1.396800000000000000e+04 -3.920000000000000000e+03 -4.650000000000000000e+02 -2.770000000000000000e+02
-3.400000000000000000e+03 1.328000000000000000e+03 1.389600000000000000e+04 -3.920000000000000000e+03 -4.550000000000000000e+02 -2.210000000000000000e+02
-3.384000000000000000e+03 1.360000000000000000e+03 1.390000000000000000e+04 -3.920000000000000000e+03 -4.330000000000000000e+02 -8.600000000000000000e+01
-3.372000000000000000e+03 1.328000000000000000e+03 1.393200000000000000e+04 -3.904000000000000000e+03 -2.980000000000000000e+02 -1.000000000000000000e+01
-3.284000000000000000e+03 1.400000000000000000e+03 1.418800000000000000e+04 -3.904000000000000000e+03 -1.960000000000000000e+02 1.290000000000000000e+02
-3.208000000000000000e+03 1.324000000000000000e+03 1.432800000000000000e+04 -3.920000000000000000e+03 -1.650000000000000000e+02 1.970000000000000000e+02
-3.284000000000000000e+03 1.416000000000000000e+03 1.413200000000000000e+04 -3.888000000000000000e+03 -1.550000000000000000e+02 3.610000000000000000e+02
-3.312000000000000000e+03 1.288000000000000000e+03 1.411600000000000000e+04 -3.888000000000000000e+03 -1.840000000000000000e+02 5.510000000000000000e+02
-3.284000000000000000e+03 1.404000000000000000e+03 1.420400000000000000e+04 -3.904000000000000000e+03 -2.100000000000000000e+02 7.480000000000000000e+02
-3.492000000000000000e+03 1.452000000000000000e+03 1.435600000000000000e+04 -3.888000000000000000e+03 -2.210000000000000000e+02 9.290000000000000000e+02
-3.544000000000000000e+03 1.556000000000000000e+03 1.388000000000000000e+04 -3.888000000000000000e+03 -2.680000000000000000e+02 1.032000000000000000e+03
-3.676000000000000000e+03 1.436000000000000000e+03 1.344000000000000000e+04 -3.904000000000000000e+03 -2.710000000000000000e+02 1.105000000000000000e+03
-3.460000000000000000e+03 1.384000000000000000e+03 1.398000000000000000e+04 -3.904000000000000000e+03 -2.500000000000000000e+02 1.048000000000000000e+03
-3.444000000000000000e+03 1.316000000000000000e+03 1.421200000000000000e+04 -3.904000000000000000e+03 -2.260000000000000000e+02 9.070000000000000000e+02
-3.444000000000000000e+03 1.248000000000000000e+03 1.386000000000000000e+04 -3.904000000000000000e+03 -2.670000000000000000e+02 7.670000000000000000e+02
-3.728000000000000000e+03 1.300000000000000000e+03 1.340400000000000000e+04 -3.920000000000000000e+03 -2.900000000000000000e+02 6.250000000000000000e+02
-3.864000000000000000e+03 1.448000000000000000e+03 1.353200000000000000e+04 -3.920000000000000000e+03 -3.330000000000000000e+02 5.140000000000000000e+02
-3.872000000000000000e+03 1.496000000000000000e+03 1.392400000000000000e+04 -3.920000000000000000e+03 -3.620000000000000000e+02 3.230000000000000000e+02
-3.712000000000000000e+03 1.584000000000000000e+03 1.413200000000000000e+04 -3.920000000000000000e+03 -4.030000000000000000e+02 1.620000000000000000e+02
-3.832000000000000000e+03 1.468000000000000000e+03 1.408800000000000000e+04 -3.920000000000000000e+03 -4.520000000000000000e+02 -1.200000000000000000e+01
-3.572000000000000000e+03 1.308000000000000000e+03 1.410000000000000000e+04 -3.920000000000000000e+03 -4.690000000000000000e+02 -2.390000000000000000e+02
-3.512000000000000000e+03 1.312000000000000000e+03 1.426000000000000000e+04 -3.904000000000000000e+03 -4.910000000000000000e+02 -5.190000000000000000e+02
-3.512000000000000000e+03 1.380000000000000000e+03 1.401200000000000000e+04 -3.920000000000000000e+03 -4.830000000000000000e+02 -7.650000000000000000e+02
-3.552000000000000000e+03 1.316000000000000000e+03 1.372000000000000000e+04 -3.856000000000000000e+03 -4.840000000000000000e+02 -8.720000000000000000e+02
-3.544000000000000000e+03 1.408000000000000000e+03 1.381600000000000000e+04 -3.920000000000000000e+03 -4.380000000000000000e+02 -8.450000000000000000e+02
-3.400000000000000000e+03 1.340000000000000000e+03 1.404400000000000000e+04 -3.888000000000000000e+03 -4.210000000000000000e+02 -6.970000000000000000e+02
-3.116000000000000000e+03 1.388000000000000000e+03 1.396800000000000000e+04 -3.920000000000000000e+03 -3.340000000000000000e+02 -5.730000000000000000e+02
-3.196000000000000000e+03 1.272000000000000000e+03 1.422400000000000000e+04 -3.920000000000000000e+03 -3.340000000000000000e+02 -4.230000000000000000e+02
-3.180000000000000000e+03 1.248000000000000000e+03 1.407600000000000000e+04 -3.888000000000000000e+03 -2.780000000000000000e+02 -2.870000000000000000e+02
-3.224000000000000000e+03 1.236000000000000000e+03 1.397200000000000000e+04 -3.888000000000000000e+03 -2.390000000000000000e+02 -1.450000000000000000e+02
-3.176000000000000000e+03 1.336000000000000000e+03 1.414000000000000000e+04 -3.888000000000000000e+03 -2.220000000000000000e+02 3.200000000000000000e+01
-3.268000000000000000e+03 1.308000000000000000e+03 1.436000000000000000e+04 -3.856000000000000000e+03 -2.060000000000000000e+02 1.300000000000000000e+02
-3.240000000000000000e+03 1.208000000000000000e+03 1.425600000000000000e+04 -3.904000000000000000e+03 -2.220000000000000000e+02 2.900000000000000000e+02
-3.164000000000000000e+03 1.328000000000000000e+03 1.404400000000000000e+04 -3.904000000000000000e+03 -2.250000000000000000e+02 4.470000000000000000e+02
-3.012000000000000000e+03 1.228000000000000000e+03 1.410000000000000000e+04 -3.888000000000000000e+03 -2.270000000000000000e+02 6.330000000000000000e+02
-3.216000000000000000e+03 1.308000000000000000e+03 1.389200000000000000e+04 -3.888000000000000000e+03 -1.960000000000000000e+02 7.600000000000000000e+02
-3.320000000000000000e+03 1.312000000000000000e+03 1.380000000000000000e+04 -3.904000000000000000e+03 -1.870000000000000000e+02 8.940000000000000000e+02
-3.496000000000000000e+03 1.344000000000000000e+03 1.376000000000000000e+04 -3.904000000000000000e+03 -1.950000000000000000e+02 9.660000000000000000e+02
-3.624000000000000000e+03 1.332000000000000000e+03 1.392000000000000000e+04 -3.888000000000000000e+03 -1.840000000000000000e+02 9.850000000000000000e+02
-3.852000000000000000e+03 1.484000000000000000e+03 1.398400000000000000e+04 -3.936000000000000000e+03 -1.790000000000000000e+02 9.190000000000000000e+02
-3.532000000000000000e+03 1.428000000000000000e+03 1.382800000000000000e+04 -3.936000000000000000e+03 -2.100000000000000000e+02 7.780000000000000000e+02
-3.676000000000000000e+03 1.412000000000000000e+03 1.361600000000000000e+04 -3.888000000000000000e+03 -2.300000000000000000e+02 5.970000000000000000e+02
-3.820000000000000000e+03 1.368000000000000000e+03 1.374000000000000000e+04 -3.920000000000000000e+03 -2.830000000000000000e+02 4.070000000000000000e+02
-3.884000000000000000e+03 1.236000000000000000e+03 1.388000000000000000e+04 -3.888000000000000000e+03 -3.210000000000000000e+02 2.280000000000000000e+02
-3.832000000000000000e+03 1.104000000000000000e+03 1.408400000000000000e+04 -3.856000000000000000e+03 -3.090000000000000000e+02 6.100000000000000000e+01
-3.772000000000000000e+03 1.120000000000000000e+03 1.392000000000000000e+04 -3.920000000000000000e+03 -3.360000000000000000e+02 -9.100000000000000000e+01
-3.980000000000000000e+03 1.220000000000000000e+03 1.386000000000000000e+04 -3.888000000000000000e+03 -3.060000000000000000e+02 -2.640000000000000000e+02
-3.724000000000000000e+03 1.236000000000000000e+03 1.391200000000000000e+04 -3.888000000000000000e+03 -3.160000000000000000e+02 -3.100000000000000000e+02
-3.600000000000000000e+03 1.204000000000000000e+03 1.381600000000000000e+04 -3.920000000000000000e+03 -3.130000000000000000e+02 -3.830000000000000000e+02
-3.568000000000000000e+03 1.156000000000000000e+03 1.378800000000000000e+04 -3.888000000000000000e+03 -3.040000000000000000e+02 -2.820000000000000000e+02
