-3.004000000000000000e+03 1.588000000000000000e+03 1.401200000000000000e+04 -3.904000000000000000e+03 -2.910000000000000000e+02 5.900000000000000000e+02
-3.048000000000000000e+03 1.624000000000000000e+03 1.402400000000000000e+04 -3.872000000000000000e+03 -3.130000000000000000e+02 6.270000000000000000e+02
-2.972000000000000000e+03 1.548000000000000000e+03 1.409600000000000000e+04 -3.920000000000000000e+03 -3.490000000000000000e+02 6.460000000000000000e+02
-3.076000000000000000e+03 1.636000000000000000e+03 1.415200000000000000e+04 -3.888000000000000000e+03 -3.490000000000000000e+02 6.420000000000000000e+02
-3.200000000000000000e+03 1.576000000000000000e+03 1.399600000000000000e+04 -3.888000000000000000e+03 -3.630000000000000000e+02 6.030000000000000000e+02
-3.180000000000000000e+03 1.536000000000000000e+03 1.405200000000000000e+04 -3.920000000000000000e+03 -3.540000000000000000e+02 5.270000000000000000e+02
-3.176000000000000000e+03 1.432000000000000000e+03 1.406800000000000000e+04 -3.872000000000000000e+03 -3.380000000000000000e+02 4.640000000000000000e+02
-3.316000000000000000e+03 1.468000000000000000e+03 1.393200000000000000e+04 -3.888000000000000000e+03 -2.970000000000000000e+02 3.350000000000000000e+02
-3.448000000000000000e+03 1.544000000000000000e+03 1.392000000000000000e+04 -3.904000000000000000e+03 -2.950000000000000000e+02 1.950000000000000000e+02
-3.472000000000000000e+03 1.660000000000000000e+03 1.406000000000000000e+04 -3.872000000000000000e+03 -3.220000000000000000e+02 7.300000000000000000e+01
-3.412000000000000000e+03 1.720000000000000000e+03 1.395200000000000000e+04 -3.872000000000000000e+03 -2.700000000000000000e+02 -4.600000000000000000e+01
-3.696000000000000000e+03 1.524000000000000000e+03 1.398400000000000000e+04 -3.888000000000000000e+03 -2.610000000000000000e+02 -1.780000000000000000e+02
-3.672000000000000000e+03 1.588000000000000000e+03 1.402000000000000000e+04 -3.904000000000000000e+03 -2.650000000000000000e+02 -3.070000000000000000e+02
-3.612000000000000000e+03 1.500000000000000000e+03 1.392400000000000000e+04 -3.888000000000000000e+03 -2.430000000000000000e+02 -3.550000000000000000e+02
-3.672000000000000000e+03 1.528000000000000000e+03 1.416800000000000000e+04 -3.904000000000000000e+03 -2.350000000000000000e+02 -3.490000000000000000e+02
-3.704000000000000000e+03 1.448000000000000000e+03 1.395200000000000000e+04 -3.872000000000000000e+03 -2.140000000000000000e+02 -2.760000000000000000e+02
-3.516000000000000000e+03 1.472000000000000000e+03 1.387200000000000000e+04 -3.904000000000000000e+03 -2.020000000000000000e+02 -1.000000000000000000e+02
-3.472000000000000000e+03 1.416000000000000000e+03 1.393200000000000000e+04 -3.904000000000000000e+03 -1.770000000000000000e+02 4.100000000000000000e+01
-3.476000000000000000e+03 1.580000000000000000e+03 1.385600000000000000e+04 -3.936000000000000000e+03 -1.690000000000000000e+02 2.170000000000000000e+02
-3.356000000000000000e+03 1.512000000000000000e+03 1.402800000000000000e+04 -3.904000000000000000e+03 -2.070000000000000000e+02 3.410000000000000000e+02
-3.304000000000000000e+03 1.648000000000000000e+03 1.404000000000000000e+04 -3.920000000000000000e+03 -2.080000000000000000e+02 4.840000000000000000e+02
-3.400000000000000000e+03 1.596000000000000000e+03 1.397200000000000000e+04 -3.888000000000000000e+03 -2.220000000000000000e+02 5.200000000000000000e+02
-3.292000000000000000e+03 1.564000000000000000e+03 1.390800000000000000e+04 -3.856000000000000000e+03 -2.270000000000000000e+02 5.590000000000000000e+02
-3.180000000000000000e+03 1.496000000000000000e+03 1.410400000000000000e+04 -3.888000000000000000e+03 -2.290000000000000000e+02 5.190000000000000000e+02
-3.220000000000000000e+03 1.396000000000000000e+03 1.391200000000000000e+04 -3.872000000000000000e+03 -2.400000000000000000e+02 5.000000000000000000e+02
-3.168000000000000000e+03 1.472000000000000000e+03 1.388800000000000000e+04 -3.888000000000000000e+03 -2.570000000000000000e+02 3.700000000000000000e+02
-3.028000000000000000e+03 1.556000000000000000e+03 1.404000000000000000e+04 -3.904000000000000000e+03 -2.660000000000000000e+02 2.210000000000000000e+02
-3.276000000000000000e+03 1.496000000000000000e+03 1.401200000000000000e+04 -3.872000000000000000e+03 -2.720000000000000000e+02 1.070000000000000000e+02
-3.252000000000000000e+03 1.476000000000000000e+03 1.392400000000000000e+04 -3.920000000000000000e+03 -2.620000000000000000e+02 -6.700000000000000000e+01
-3.244000000000000000e+03 1.368000000000000000e+03 1.403200000000000000e+04 -3.856000000000000000e+03 -2.720000000000000000e+02 -1.560000000000000000e+02
-3.312000000000000000e+03 1.468000000000000000e+03 1.397600000000000000e+04 -3.888000000000000000e+03 -2.630000000000000000e+02 -2.000000000000000000e+02
-3.332000000000000000e+03 1.368000000000000000e+03 1.393200000000000000e+04 -3.888000000000000000e+03 -2.270000000000000000e+02 -1.450000000000000000e+02
-3.344000000000000000e+03 1.344000000000000000e+03 1.395200000000000000e+04 -3.888000000000000000e+03 -2.240000000000000000e+02 -5.300000000000000000e+01
-3.564000000000000000e+03 1.376000000000000000e+03 1.373600000000000000e+04 -3.888000000000000000e+03 -2.100000000000000000e+02 7.700000000000000000e+01
-3.504000000000000000e+03 1.452000000000000000e+03 1.396400000000000000e+04 -3.920000000000000000e+03 -2.270000000000000000e+02 1.570000000000000000e+02
-3.520000000000000000e+03 1.472000000000000000e+03 1.408400000000000000e+04 -3.888000000000000000e+03 -2.270000000000000000e+02 2.720000000000000000e+02
-3.568000000000000000e+03 1.344000000000000000e+03 1.395600000000000000e+04 -3.888000000000000000e+03 -2.470000000000000000e+02 3.790000000000000000e+02
-3.520000000000000000e+03 1.244000000000000000e+03 1.396000000000000000e+04 -3.888000000000000000e+03 -2.850000000000000000e+02 4.800000000000000000e+02
-3.552000000000000000e+03 1.436000000000000000e+03 1.413200000000000000e+04 -3.888000000000000000e+03 -3.110000000000000000e+02 5.300000000000000000e+02
-3.688000000000000000e+03 1.304000000000000000e+03 1.414800000000000000e+04 -3.920000000000000000e+03 -3.170000000000000000e+02 5.430000000000000000e+02
-3.620000000000000000e+03 1.456000000000000000e+03 1.399600000000000000e+04 -3.888000000000000000e+03 -3.120000000000000000e+02 5.360000000000000000e+02
-3.492000000000000000e+03 1.420000000000000000e+03 1.403200000000000000e+04 -3.936000000000000000e+03 -3.340000000000000000e+02 5.770000000000000000e+02
-3.336000000000000000e+03 1.520000000000000000e+03 1.406400000000000000e+04 -3.872000000000000000e+03 -3.460000000000000000e+02 5.650000000000000000e+02
-3.308000000000000000e+03 1.388000000000000000e+03 1.403600000000000000e+04 -3.872000000000000000e+03 -3.500000000000000000e+02 5.330000000000000000e+02
-3.276000000000000000e+03 1.440000000000000000e+03 1.392800000000000000e+04 -3.888000000000000000e+03 -3.320000000000000000e+02 4.730000000000000000e+02
-3.324000000000000000e+03 1.464000000000000000e+03 1.420000000000000000e+04 -3.856000000000000000e+03 -3.340000000000000000e+02 3.760000000000000000e+02
-3.208000000000000000e+03 1.548000000000000000e+03 1.417200000000000000e+04 -3.888000000000000000e+03 -3.450000000000000000e+02 3.140000000000000000e+02
-3.164000000000000000e+03 1.452000000000000000e+03 1.394000000000000000e+04 -3.888000000000000000e+03 -3.450000000000000000e+02 2.540000000000000000e+02
-3.216000000000000000e+03 1.468000000000000000e+03 1.406800000000000000e+04 -3.888000000000000000e+03 -3.240000000000000000e+02 1.400000000000000000e+02
-3.312000000000000000e+03 1.484000000000000000e+03 1.396400000000000000e+04 -3.888000000000000000e+03 -3.110000000000000000e+02 8.700000000000000000e+01
-3.264000000000000000e+03 1.444000000000000000e+03 1.396000000000000000e+04 -3.872000000000000000e+03 -3.150000000000000000e+02 -9.000000000000000000e+00
-3.388000000000000000e+03 1.416000000000000000e+03 1.396800000000000000e+04 -3.872000000000000000e+03 -3.240000000000000000e+02 -3.900000000000000000e+01
-3.492000000000000000e+03 1.436000000000000000e+03 1.412400000000000000e+04 -3.904000000000000000e+03 -3.080000000000000000e+02 -4.800000000000000000e+01
-3.504000000000000000e+03 1.608000000000000000e+03 1.398800000000000000e+04 -3.904000000000000000e+03 -2.910000000000000000e+02 -2.400000000000000000e+01
