-2.592000000000000000e+03 1.416000000000000000e+03 1.405600000000000000e+04 -3.888000000000000000e+03 -1.690000000000000000e+02 -4.260000000000000000e+02
-2.512000000000000000e+03 1.432000000000000000e+03 1.419600000000000000e+04 -3.888000000000000000e+03 -2.120000000000000000e+02 -4.080000000000000000e+02
-2.464000000000000000e+03 1.564000000000000000e+03 1.414000000000000000e+04 -3.888000000000000000e+03 -2.100000000000000000e+02 -3.120000000000000000e+02
-2.560000000000000000e+03 1.536000000000000000e+03 1.416000000000000000e+04 -3.888000000000000000e+03 -2.170000000000000000e+02 -1.620000000000000000e+02
-2.672000000000000000e+03 1.548000000000000000e+03 1.424800000000000000e+04 -3.904000000000000000e+03 -2.590000000000000000e+02 -9.200000000000000000e+01
-2.704000000000000000e+03 1.528000000000000000e+03 1.420400000000000000e+04 -3.888000000000000000e+03 -3.060000000000000000e+02 1.300000000000000000e+01
-2.796000000000000000e+03 1.436000000000000000e+03 1.428400000000000000e+04 -3.920000000000000000e+03 -3.380000000000000000e+02 1.720000000000000000e+02
-2.796000000000000000e+03 1.444000000000000000e+03 1.437600000000000000e+04 -3.904000000000000000e+03 -3.390000000000000000e+02 3.180000000000000000e+02
8.000000000000000000e+00 1.372000000000000000e+03 1.424800000000000000e+04 -3.888000000000000000e+03 -3.000000000000000000e+02 4.590000000000000000e+02
-2.840000000000000000e+03 1.528000000000000000e+03 1.428000000000000000e+04 -3.920000000000000000e+03 -3.200000000000000000e+02 6.360000000000000000e+02
-2.928000000000000000e+03 1.584000000000000000e+03 1.405200000000000000e+04 -3.904000000000000000e+03 -3.180000000000000000e+02 7.810000000000000000e+02
-3.052000000000000000e+03 1.576000000000000000e+03 1.417200000000000000e+04 -3.888000000000000000e+03 -3.180000000000000000e+02 8.710000000000000000e+02
-3.008000000000000000e+03 1.552000000000000000e+03 1.424400000000000000e+04 -3.856000000000000000e+03 -3.450000000000000000e+02 9.270000000000000000e+02
-2.992000000000000000e+03 1.592000000000000000e+03 1.444400000000000000e+04 -3.904000000000000000e+03 -3.220000000000000000e+02 8.610000000000000000e+02
-2.896000000000000000e+03 1.756000000000000000e+03 1.428000000000000000e+04 -3.872000000000000000e+03 -3.560000000000000000e+02 8.160000000000000000e+02
-3.068000000000000000e+03 1.756000000000000000e+03 1.421600000000000000e+04 -3.904000000000000000e+03 -3.850000000000000000e+02 6.840000000000000000e+02
-3.012000000000000000e+03 1.760000000000000000e+03 1.388000000000000000e+04 -3.936000000000000000e+03 -3.910000000000000000e+02 5.600000000000000000e+02
-2.908000000000000000e+03 1.744000000000000000e+03 1.389600000000000000e+04 -3.872000000000000000e+03 -3.970000000000000000e+02 3.770000000000000000e+02
-2.696000000000000000e+03 1.724000000000000000e+03 1.399200000000000000e+04 -3.904000000000000000e+03 -4.070000000000000000e+02 1.420000000000000000e+02
-2.576000000000000000e+03 1.764000000000000000e+03 1.416800000000000000e+04 -3.904000000000000000e+03 -3.830000000000000000e+02 -4.100000000000000000e+01
-2.508000000000000000e+03 1.692000000000000000e+03 1.416400000000000000e+04 -3.904000000000000000e+03 -3.820000000000000000e+02 -2.370000000000000000e+02
-2.512000000000000000e+03 1.764000000000000000e+03 1.416400000000000000e+04 -3.872000000000000000e+03 -3.620000000000000000e+02 -3.720000000000000000e+02
-2.552000000000000000e+03 1.676000000000000000e+03 1.424800000000000000e+04 -3.904000000000000000e+03 -3.350000000000000000e+02 -4.660000000000000000e+02
-2.696000000000000000e+03 1.636000000000000000e+03 1.409600000000000000e+04 -3.904000000000000000e+03 -3.400000000000000000e+02 -4.790000000000000000e+02
-2.512000000000000000e+03 1.656000000000000000e+03 1.410400000000000000e+04 -3.904000000000000000e+03 -3.150000000000000000e+02 -4.100000000000000000e+02
-2.556000000000000000e+03 1.564000000000000000e+03 1.432800000000000000e+04 -3.872000000000000000e+03 -2.990000000000000000e+02 -3.360000000000000000e+02
-2.680000000000000000e+03 1.524000000000000000e+03 1.399600000000000000e+04 -3.904000000000000000e+03 -3.060000000000000000e+02 -2.490000000000000000e+02
-2.716000000000000000e+03 1.592000000000000000e+03 1.426000000000000000e+04 -3.872000000000000000e+03 -2.910000000000000000e+02 -8.900000000000000000e+01
-2.756000000000000000e+03 1.548000000000000000e+03 1.409200000000000000e+04 -3.936000000000000000e+03 -2.730000000000000000e+02 6.500000000000000000e+01
-2.824000000000000000e+03 1.544000000000000000e+03 1.407200000000000000e+04 -3.888000000000000000e+03 -2.560000000000000000e+02 2.890000000000000000e+02
-2.896000000000000000e+03 1.608000000000000000e+03 1.412000000000000000e+04 -3.920000000000000000e+03 -2.560000000000000000e+02 4.570000000000000000e+02
-3.092000000000000000e+03 1.644000000000000000e+03 1.419200000000000000e+04 -3.872000000000000000e+03 -2.180000000000000000e+02 5.990000000000000000e+02
-3.116000000000000000e+03 1.752000000000000000e+03 1.396000000000000000e+04 -3.920000000000000000e+03 -2.140000000000000000e+02 7.140000000000000000e+02
-3.300000000000000000e+03 1.492000000000000000e+03 1.411600000000000000e+04 -3.904000000000000000e+03 -1.920000000000000000e+02 6.990000000000000000e+02
-3.392000000000000000e+03 1.552000000000000000e+03 1.396000000000000000e+04 -3.904000000000000000e+03 -1.980000000000000000e+02 6.770000000000000000e+02
-3.284000000000000000e+03 1.528000000000000000e+03 1.388400000000000000e+04 -3.936000000000000000e+03 -1.690000000000000000e+02 5.420000000000000000e+02
-3.476000000000000000e+03 1.472000000000000000e+03 1.398800000000000000e+04 -3.888000000000000000e+03 -1.270000000000000000e+02 4.390000000000000000e+02
-3.344000000000000000e+03 1.392000000000000000e+03 1.404800000000000000e+04 -3.856000000000000000e+03 -1.010000000000000000e+02 2.610000000000000000e+02
-3.268000000000000000e+03 1.488000000000000000e+03 1.403200000000000000e+04 -3.888000000000000000e+03 -9.500000000000000000e+01 7.300000000000000000e+01
-3.176000000000000000e+03 1.500000000000000000e+03 1.390000000000000000e+04 -3.888000000000000000e+03 -8.600000000000000000e+01 -1.600000000000000000e+02
-3.116000000000000000e+03 1.540000000000000000e+03 1.388000000000000000e+04 -3.888000000000000000e+03 -6.600000000000000000e+01 -3.260000000000000000e+02
-2.932000000000000000e+03 1.552000000000000000e+03 1.402800000000000000e+04 -3.904000000000000000e+03 -4.700000000000000000e+01 -4.540000000000000000e+02
-3.064000000000000000e+03 1.548000000000000000e+03 1.397200000000000000e+04 -3.904000000000000000e+03 -6.500000000000000000e+01 -5.450000000000000000e+02
-2.820000000000000000e+03 1.560000000000000000e+03 1.396400000000000000e+04 -3.872000000000000000e+03 -5.700000000000000000e+01 -5.500000000000000000e+02
-2.692000000000000000e+03 1.472000000000000000e+03 1.395200000000000000e+04 -3.888000000000000000e+03 -3.400000000000000000e+01 -5.760000000000000000e+02
-2.708000000000000000e+03 1.428000000000000000e+03 1.392400000000000000e+04 -3.904000000000000000e+03 -6.200000000000000000e+01 -4.820000000000000000e+02
-2.652000000000000000e+03 1.432000000000000000e+03 1.411600000000000000e+04 -3.904000000000000000e+03 -6.000000000000000000e+01 -3.980000000000000000e+02
-2.824000000000000000e+03 1.532000000000000000e+03 1.404000000000000000e+04 -3.872000000000000000e+03 -8.900000000000000000e+01 -2.700000000000000000e+02
-2.716000000000000000e+03 1.380000000000000000e+03 1.409600000000000000e+04 -3.920000000000000000e+03 -1.450000000000000000e+02 -1.220000000000000000e+02
-2.952000000000000000e+03 1.508000000000000000e+03 1.421600000000000000e+04 -3.888000000000000000e+03 -1.320000000000000000e+02 9.200000000000000000e+01
-2.912000000000000000e+03 1.536000000000000000e+03 1.426400000000000000e+04 -3.888000000000000000e+03 -1.650000000000000000e+02 3.080000000000000000e+02
-2.968000000000000000e+03 1.616000000000000000e+03 1.423600000000000000e+04 -3.872000000000000000e+03 -2.120000000000000000e+02 5.270000000000000000e+02
-3.116000000000000000e+03 1.608000000000000000e+03 1.416800000000000000e+04 -3.904000000000000000e+03 -2.220000000000000000e+02 7.380000000000000000e+02
-3.076000000000000000e+03 1.560000000000000000e+03 1.408800000000000000e+04 -3.888000000000000000e+03 -2.670000000000000000e+02 9.190000000000000000e+02
-3.152000000000000000e+03 1.628000000000000000e+03 1.402800000000000000e+04 -3.904000000000000000e+03 -2.830000000000000000e+02 1.040000000000000000e+03
-3.188000000000000000e+03 1.580000000000000000e+03 1.430400000000000000e+04 -3.920000000000000000e+03 -3.050000000000000000e+02 1.050000000000000000e+03
-3.236000000000000000e+03 1.548000000000000000e+03 1.427200000000000000e+04 -3.920000000000000000e+03 -3.380000000000000000e+02 9.020000000000000000e+02
-3.080000000000000000e+03 1.640000000000000000e+03 1.413600000000000000e+04 -3.904000000000000000e+03 -3.920000000000000000e+02 6.390000000000000000e+02
-3.040000000000000000e+03 1.688000000000000000e+03 1.407200000000000000e+04 -3.872000000000000000e+03 -3.500000000000000000e+02 3.680000000000000000e+02
-3.172000000000000000e+03 1.744000000000000000e+03 1.420400000000000000e+04 -3.888000000000000000e+03 -3.370000000000000000e+02 9.400000000000000000e+01
-3.000000000000000000e+03 1.696000000000000000e+03 1.414000000000000000e+04 -3.888000000000000000e+03 -3.470000000000000000e+02 -1.080000000000000000e+02
-2.912000000000000000e+03 1.788000000000000000e+03 1.404000000000000000e+04 -3.888000000000000000e+03 -3.460000000000000000e+02 -2.510000000000000000e+02
-2.776000000000000000e+03 1.888000000000000000e+03 1.415600000000000000e+04 -3.888000000000000000e+03 -3.390000000000000000e+02 -2.350000000000000000e+02
-2.820000000000000000e+03 1.840000000000000000e+03 1.398000000000000000e+04 -3.904000000000000000e+03 -3.090000000000000000e+02 -2.370000000000000000e+02
-2.724000000000000000e+03 1.808000000000000000e+03 1.417600000000000000e+04 -3.872000000000000000e+03 -3.020000000000000000e+02 -1.430000000000000000e+02
-2.720000000000000000e+03 1.788000000000000000e+03 1.418400000000000000e+04 -3.904000000000000000e+03 -3.230000000000000000e+02 -1.150000000000000000e+02
-2.604000000000000000e+03 1.828000000000000000e+03 1.430400000000000000e+04 -3.904000000000000000e+03 -3.340000000000000000e+02 -1.450000000000000000e+02
