5.712000000000000000e+03 2.836000000000000000e+03 1.349200000000000000e+04 -3.888000000000000000e+03 -2.860000000000000000e+02 -1.072000000000000000e+03
5.700000000000000000e+03 2.776000000000000000e+03 1.342400000000000000e+04 -3.856000000000000000e+03 -2.290000000000000000e+02 -1.088000000000000000e+03
5.912000000000000000e+03 2.744000000000000000e+03 1.322800000000000000e+04 -3.872000000000000000e+03 -2.420000000000000000e+02 -9.810000000000000000e+02
5.920000000000000000e+03 2.672000000000000000e+03 1.337200000000000000e+04 -3.888000000000000000e+03 -2.090000000000000000e+02 -8.430000000000000000e+02
6.172000000000000000e+03 2.668000000000000000e+03 1.340400000000000000e+04 -3.888000000000000000e+03 -2.120000000000000000e+02 -6.910000000000000000e+02
5.984000000000000000e+03 2.544000000000000000e+03 1.331600000000000000e+04 -3.872000000000000000e+03 -2.020000000000000000e+02 -4.740000000000000000e+02
6.108000000000000000e+03 2.460000000000000000e+03 1.332800000000000000e+04 -3.872000000000000000e+03 -2.240000000000000000e+02 -2.870000000000000000e+02
6.096000000000000000e+03 2.540000000000000000e+03 1.334800000000000000e+04 -3.888000000000000000e+03 -2.760000000000000000e+02 -4.100000000000000000e+01
5.868000000000000000e+03 2.496000000000000000e+03 1.318400000000000000e+04 -3.840000000000000000e+03 -3.630000000000000000e+02 8.300000000000000000e+01
5.824000000000000000e+03 2.420000000000000000e+03 1.321600000000000000e+04 -3.856000000000000000e+03 -4.590000000000000000e+02 1.580000000000000000e+02
6.036000000000000000e+03 2.252000000000000000e+03 1.326400000000000000e+04 -3.888000000000000000e+03 -5.260000000000000000e+02 1.680000000000000000e+02
6.100000000000000000e+03 2.272000000000000000e+03 1.317200000000000000e+04 -3.872000000000000000e+03 -5.380000000000000000e+02 2.130000000000000000e+02
6.256000000000000000e+03 2.412000000000000000e+03 1.335600000000000000e+04 -3.872000000000000000e+03 -5.280000000000000000e+02 3.210000000000000000e+02
6.380000000000000000e+03 2.428000000000000000e+03 1.330800000000000000e+04 -3.872000000000000000e+03 -4.880000000000000000e+02 4.490000000000000000e+02
6.296000000000000000e+03 2.496000000000000000e+03 1.333600000000000000e+04 -3.872000000000000000e+03 -4.300000000000000000e+02 5.320000000000000000e+02
6.276000000000000000e+03 2.560000000000000000e+03 1.336400000000000000e+04 -3.872000000000000000e+03 -3.610000000000000000e+02 6.240000000000000000e+02
6.356000000000000000e+03 2.508000000000000000e+03 1.340000000000000000e+04 -3.888000000000000000e+03 -3.270000000000000000e+02 6.490000000000000000e+02
6.356000000000000000e+03 2.456000000000000000e+03 1.340400000000000000e+04 -3.920000000000000000e+03 -2.950000000000000000e+02 6.410000000000000000e+02
6.260000000000000000e+03 2.452000000000000000e+03 1.351600000000000000e+04 -3.904000000000000000e+03 -2.480000000000000000e+02 6.450000000000000000e+02
6.392000000000000000e+03 2.352000000000000000e+03 1.360000000000000000e+04 -3.888000000000000000e+03 -2.560000000000000000e+02 6.100000000000000000e+02
6.356000000000000000e+03 2.424000000000000000e+03 1.361600000000000000e+04 -3.856000000000000000e+03 -2.610000000000000000e+02 5.940000000000000000e+02
6.444000000000000000e+03 2.276000000000000000e+03 1.372400000000000000e+04 -3.856000000000000000e+03 -2.480000000000000000e+02 5.630000000000000000e+02
6.440000000000000000e+03 2.344000000000000000e+03 1.375600000000000000e+04 -3.856000000000000000e+03 -2.730000000000000000e+02 6.120000000000000000e+02
6.308000000000000000e+03 2.364000000000000000e+03 1.336000000000000000e+04 -3.840000000000000000e+03 -2.420000000000000000e+02 6.000000000000000000e+02
6.540000000000000000e+03 2.212000000000000000e+03 1.330400000000000000e+04 -3.856000000000000000e+03 -2.260000000000000000e+02 5.900000000000000000e+02
6.484000000000000000e+03 2.272000000000000000e+03 1.362800000000000000e+04 -3.872000000000000000e+03 -1.920000000000000000e+02 5.500000000000000000e+02
6.320000000000000000e+03 2.172000000000000000e+03 1.400000000000000000e+04 -3.888000000000000000e+03 -1.600000000000000000e+02 4.890000000000000000e+02
6.268000000000000000e+03 2.268000000000000000e+03 1.386400000000000000e+04 -3.856000000000000000e+03 -1.800000000000000000e+02 3.790000000000000000e+02
6.220000000000000000e+03 2.264000000000000000e+03 1.348000000000000000e+04 -3.872000000000000000e+03 -2.090000000000000000e+02 2.150000000000000000e+02
6.148000000000000000e+03 2.312000000000000000e+03 1.282800000000000000e+04 -3.872000000000000000e+03 -2.120000000000000000e+02 -4.400000000000000000e+01
6.224000000000000000e+03 2.180000000000000000e+03 1.281200000000000000e+04 -3.888000000000000000e+03 -1.970000000000000000e+02 -2.180000000000000000e+02
6.180000000000000000e+03 2.304000000000000000e+03 1.298400000000000000e+04 -3.872000000000000000e+03 -2.310000000000000000e+02 -3.360000000000000000e+02
5.924000000000000000e+03 2.300000000000000000e+03 1.300400000000000000e+04 -3.840000000000000000e+03 -2.300000000000000000e+02 -4.400000000000000000e+02
5.856000000000000000e+03 2.444000000000000000e+03 1.287200000000000000e+04 -3.856000000000000000e+03 -2.420000000000000000e+02 -5.210000000000000000e+02
5.764000000000000000e+03 2.552000000000000000e+03 1.270000000000000000e+04 -3.872000000000000000e+03 -2.050000000000000000e+02 -5.930000000000000000e+02
5.808000000000000000e+03 2.496000000000000000e+03 1.286400000000000000e+04 -3.872000000000000000e+03 -2.050000000000000000e+02 -5.430000000000000000e+02
6.204000000000000000e+03 2.536000000000000000e+03 1.314400000000000000e+04 -3.856000000000000000e+03 -2.210000000000000000e+02 -4.080000000000000000e+02
6.388000000000000000e+03 2.512000000000000000e+03 1.317200000000000000e+04 -3.872000000000000000e+03 -2.230000000000000000e+02 -1.750000000000000000e+02
6.472000000000000000e+03 2.412000000000000000e+03 1.330000000000000000e+04 -3.856000000000000000e+03 -2.110000000000000000e+02 3.600000000000000000e+01
6.440000000000000000e+03 2.492000000000000000e+03 1.337600000000000000e+04 -3.856000000000000000e+03 -1.940000000000000000e+02 2.250000000000000000e+02
6.416000000000000000e+03 2.392000000000000000e+03 1.315200000000000000e+04 -3.872000000000000000e+03 -1.920000000000000000e+02 3.660000000000000000e+02
6.420000000000000000e+03 2.328000000000000000e+03 1.312800000000000000e+04 -3.872000000000000000e+03 -1.940000000000000000e+02 4.970000000000000000e+02
6.796000000000000000e+03 2.420000000000000000e+03 1.298000000000000000e+04 -3.856000000000000000e+03 -2.110000000000000000e+02 6.510000000000000000e+02
6.808000000000000000e+03 2.320000000000000000e+03 1.301200000000000000e+04 -3.888000000000000000e+03 -2.340000000000000000e+02 6.480000000000000000e+02
