1.088000000000000000e+03 2.596000000000000000e+03 1.450800000000000000e+04 -4.048000000000000000e+03 -3.310000000000000000e+02 -2.020000000000000000e+02
9.040000000000000000e+02 2.560000000000000000e+03 1.445600000000000000e+04 -4.032000000000000000e+03 -3.050000000000000000e+02 -4.430000000000000000e+02
7.760000000000000000e+02 2.588000000000000000e+03 1.436000000000000000e+04 -4.048000000000000000e+03 -3.060000000000000000e+02 -5.330000000000000000e+02
9.240000000000000000e+02 2.548000000000000000e+03 1.452800000000000000e+04 -4.064000000000000000e+03 -3.080000000000000000e+02 -4.510000000000000000e+02
1.116000000000000000e+03 2.544000000000000000e+03 1.457200000000000000e+04 -4.032000000000000000e+03 -5.040000000000000000e+02 -2.940000000000000000e+02
1.200000000000000000e+03 2.452000000000000000e+03 1.418800000000000000e+04 -2.800000000000000000e+02 -2.640000000000000000e+02 -1.240000000000000000e+02
4.960000000000000000e+02 1.400000000000000000e+04 -4.032000000000000000e+03 -4.032000000000000000e+03 -2.770000000000000000e+02 -4.500000000000000000e+01
1.280000000000000000e+03 2.448000000000000000e+03 1.402400000000000000e+04 -4.064000000000000000e+03 -2.570000000000000000e+02 6.700000000000000000e+01
1.320000000000000000e+03 2.416000000000000000e+03 1.424800000000000000e+04 -4.064000000000000000e+03 -2.850000000000000000e+02 1.080000000000000000e+02
1.604000000000000000e+03 2.548000000000000000e+03 1.435200000000000000e+04 -4.032000000000000000e+03 -2.980000000000000000e+02 1.580000000000000000e+02
1.496000000000000000e+03 2.520000000000000000e+03 1.445200000000000000e+04 -4.048000000000000000e+03 -2.720000000000000000e+02 2.580000000000000000e+02
1.224000000000000000e+03 2.628000000000000000e+03 1.448000000000000000e+04 -4.064000000000000000e+03 -2.800000000000000000e+02 3.440000000000000000e+02
1.260000000000000000e+03 2.528000000000000000e+03 1.434400000000000000e+04 -4.016000000000000000e+03 -2.830000000000000000e+02 4.200000000000000000e+02
1.216000000000000000e+03 2.544000000000000000e+03 1.405600000000000000e+04 -4.064000000000000000e+03 -3.000000000000000000e+02 4.630000000000000000e+02
1.376000000000000000e+03 2.624000000000000000e+03 1.431200000000000000e+04 -4.048000000000000000e+03 -2.880000000000000000e+02 4.560000000000000000e+02
1.460000000000000000e+03 2.676000000000000000e+03 1.427200000000000000e+04 -4.048000000000000000e+03 -2.710000000000000000e+02 4.310000000000000000e+02
1.424000000000000000e+03 2.520000000000000000e+03 1.449600000000000000e+04 -4.048000000000000000e+03 -3.000000000000000000e+02 3.730000000000000000e+02
1.388000000000000000e+03 2.560000000000000000e+03 1.451200000000000000e+04 -4.032000000000000000e+03 -2.730000000000000000e+02 3.520000000000000000e+02
1.336000000000000000e+03 2.544000000000000000e+03 1.437200000000000000e+04 -4.048000000000000000e+03 -2.430000000000000000e+02 2.540000000000000000e+02
1.396000000000000000e+03 2.628000000000000000e+03 1.431200000000000000e+04 -4.048000000000000000e+03 -2.450000000000000000e+02 1.650000000000000000e+02
1.284000000000000000e+03 2.532000000000000000e+03 1.412000000000000000e+04 -4.032000000000000000e+03 -1.990000000000000000e+02 1.360000000000000000e+02
1.360000000000000000e+03 2.612000000000000000e+03 1.419200000000000000e+04 -4.048000000000000000e+03 -2.020000000000000000e+02 2.000000000000000000e+01
1.328000000000000000e+03 2.540000000000000000e+03 1.436800000000000000e+04 -4.064000000000000000e+03 -1.820000000000000000e+02 -6.400000000000000000e+01
1.308000000000000000e+03 2.536000000000000000e+03 1.440400000000000000e+04 -4.032000000000000000e+03 -1.550000000000000000e+02 -1.050000000000000000e+02
1.120000000000000000e+03 2.488000000000000000e+03 1.446000000000000000e+04 -4.048000000000000000e+03 -1.540000000000000000e+02 -1.390000000000000000e+02
1.232000000000000000e+03 2.676000000000000000e+03 1.452000000000000000e+04 -4.048000000000000000e+03 -1.510000000000000000e+02 -1.290000000000000000e+02
1.172000000000000000e+03 2.628000000000000000e+03 1.440800000000000000e+04 -4.064000000000000000e+03 -1.300000000000000000e+02 -1.700000000000000000e+02
1.292000000000000000e+03 2.528000000000000000e+03 1.436400000000000000e+04 -4.064000000000000000e+03 -1.180000000000000000e+02 -1.790000000000000000e+02
1.120000000000000000e+03 2.576000000000000000e+03 1.436000000000000000e+04 -4.032000000000000000e+03 -1.330000000000000000e+02 -1.480000000000000000e+02
1.232000000000000000e+03 2.488000000000000000e+03 1.428000000000000000e+04 -4.032000000000000000e+03 -1.400000000000000000e+02 -9.600000000000000000e+01
1.144000000000000000e+03 2.512000000000000000e+03 1.435600000000000000e+04 -4.032000000000000000e+03 -1.570000000000000000e+02 -3.700000000000000000e+01
1.148000000000000000e+03 2.628000000000000000e+03 1.444400000000000000e+04 -4.064000000000000000e+03 -1.430000000000000000e+02 7.100000000000000000e+01
1.332000000000000000e+03 2.728000000000000000e+03 1.438800000000000000e+04 -4.032000000000000000e+03 -1.740000000000000000e+02 1.270000000000000000e+02
1.568000000000000000e+03 2.740000000000000000e+03 1.448400000000000000e+04 -4.080000000000000000e+03 -1.960000000000000000e+02 2.170000000000000000e+02
1.608000000000000000e+03 2.764000000000000000e+03 1.443200000000000000e+04 -4.032000000000000000e+03 -2.380000000000000000e+02 2.560000000000000000e+02
1.404000000000000000e+03 2.692000000000000000e+03 1.427600000000000000e+04 -4.048000000000000000e+03 -2.530000000000000000e+02 2.700000000000000000e+02
1.504000000000000000e+03 2.644000000000000000e+03 1.441600000000000000e+04 -4.032000000000000000e+03 -2.600000000000000000e+02 2.910000000000000000e+02
1.324000000000000000e+03 2.656000000000000000e+03 1.436800000000000000e+04 -4.048000000000000000e+03 -2.680000000000000000e+02 2.910000000000000000e+02
1.412000000000000000e+03 2.656000000000000000e+03 1.446000000000000000e+04 -4.048000000000000000e+03 -2.790000000000000000e+02 2.100000000000000000e+02
1.528000000000000000e+03 2.664000000000000000e+03 1.430400000000000000e+04 -4.064000000000000000e+03 -2.900000000000000000e+02 1.660000000000000000e+02
1.476000000000000000e+03 2.568000000000000000e+03 1.450000000000000000e+04 -4.048000000000000000e+03 -2.700000000000000000e+02 1.290000000000000000e+02
1.524000000000000000e+03 2.680000000000000000e+03 1.437200000000000000e+04 -4.016000000000000000e+03 -2.850000000000000000e+02 8.900000000000000000e+01
1.372000000000000000e+03 2.756000000000000000e+03 1.438000000000000000e+04 -4.064000000000000000e+03 -2.750000000000000000e+02 5.300000000000000000e+01
1.380000000000000000e+03 2.568000000000000000e+03 1.430400000000000000e+04 -4.064000000000000000e+03 -2.780000000000000000e+02 1.300000000000000000e+01
1.396000000000000000e+03 2.680000000000000000e+03 1.423200000000000000e+04 -4.048000000000000000e+03 -2.970000000000000000e+02 -3.600000000000000000e+01
1.468000000000000000e+03 2.804000000000000000e+03 1.436800000000000000e+04 -4.048000000000000000e+03 -2.720000000000000000e+02 -6.100000000000000000e+01
1.504000000000000000e+03 2.712000000000000000e+03 1.441200000000000000e+04 -4.064000000000000000e+03 -2.700000000000000000e+02 -3.000000000000000000e+01
1.424000000000000000e+03 2.672000000000000000e+03 1.452000000000000000e+04 -4.064000000000000000e+03 -2.530000000000000000e+02 2.300000000000000000e+01
1.360000000000000000e+03 2.668000000000000000e+03 1.441600000000000000e+04 -4.048000000000000000e+03 -2.770000000000000000e+02 1.900000000000000000e+02
1.356000000000000000e+03 2.740000000000000000e+03 1.455200000000000000e+04 -4.080000000000000000e+03 -3.150000000000000000e+02 3.140000000000000000e+02
1.564000000000000000e+03 2.768000000000000000e+03 1.446800000000000000e+04 -4.032000000000000000e+03 -3.200000000000000000e+02 3.940000000000000000e+02
1.600000000000000000e+03 2.656000000000000000e+03 1.452400000000000000e+04 -4.064000000000000000e+03 -3.610000000000000000e+02 4.650000000000000000e+02
1.556000000000000000e+03 2.672000000000000000e+03 1.443200000000000000e+04 -4.032000000000000000e+03 -3.780000000000000000e+02 5.100000000000000000e+02
1.356000000000000000e+03 2.580000000000000000e+03 1.411200000000000000e+04 -4.048000000000000000e+03 -3.550000000000000000e+02 4.560000000000000000e+02
1.392000000000000000e+03 2.608000000000000000e+03 1.427200000000000000e+04 -4.032000000000000000e+03 -3.600000000000000000e+02 4.030000000000000000e+02
1.472000000000000000e+03 2.664000000000000000e+03 1.416000000000000000e+04 -4.032000000000000000e+03 -3.660000000000000000e+02 3.600000000000000000e+02
1.452000000000000000e+03 2.668000000000000000e+03 1.441600000000000000e+04 -4.048000000000000000e+03 -3.450000000000000000e+02 2.720000000000000000e+02
1.368000000000000000e+03 2.664000000000000000e+03 1.433200000000000000e+04 -4.032000000000000000e+03 -3.170000000000000000e+02 1.820000000000000000e+02
1.420000000000000000e+03 2.612000000000000000e+03 1.434000000000000000e+04 -4.048000000000000000e+03 -2.980000000000000000e+02 8.300000000000000000e+01
1.348000000000000000e+03 2.552000000000000000e+03 1.434000000000000000e+04 -4.048000000000000000e+03 -2.760000000000000000e+02 -1.100000000000000000e+01
1.308000000000000000e+03 2.576000000000000000e+03 1.429600000000000000e+04 -4.064000000000000000e+03 -2.410000000000000000e+02 -3.700000000000000000e+01
1.256000000000000000e+03 2.556000000000000000e+03 1.431200000000000000e+04 -4.032000000000000000e+03 -2.550000000000000000e+02 -7.600000000000000000e+01
1.320000000000000000e+03 2.616000000000000000e+03 1.435600000000000000e+04 -4.032000000000000000e+03 -2.240000000000000000e+02 -5.500000000000000000e+01
1.352000000000000000e+03 2.632000000000000000e+03 1.434400000000000000e+04 -4.048000000000000000e+03 -2.240000000000000000e+02 4.500000000000000000e+01
1.328000000000000000e+03 2.684000000000000000e+03 1.443200000000000000e+04 -4.032000000000000000e+03 -2.070000000000000000e+02 1.550000000000000000e+02
1.220000000000000000e+03 2.584000000000000000e+03 1.436400000000000000e+04 -4.048000000000000000e+03 -2.410000000000000000e+02 3.180000000000000000e+02
1.532000000000000000e+03 2.516000000000000000e+03 1.434400000000000000e+04 -4.064000000000000000e+03 -2.520000000000000000e+02 4.260000000000000000e+02
1.416000000000000000e+03 2.728000000000000000e+03 1.430000000000000000e+04 -4.016000000000000000e+03 -3.220000000000000000e+02 4.790000000000000000e+02
1.416000000000000000e+03 2.728000000000000000e+03 1.435600000000000000e+04 -4.032000000000000000e+03 -2.950000000000000000e+02 4.960000000000000000e+02
1.556000000000000000e+03 2.856000000000000000e+03 1.424800000000000000e+04 -4.064000000000000000e+03 -3.010000000000000000e+02 4.800000000000000000e+02
1.348000000000000000e+03 2.620000000000000000e+03 1.413200000000000000e+04 -4.048000000000000000e+03 -2.570000000000000000e+02 3.880000000000000000e+02
1.424000000000000000e+03 2.512000000000000000e+03 1.417600000000000000e+04 -4.064000000000000000e+03 -2.600000000000000000e+02 2.840000000000000000e+02
1.468000000000000000e+03 2.556000000000000000e+03 1.420400000000000000e+04 -4.048000000000000000e+03 -2.600000000000000000e+02 1.420000000000000000e+02
1.372000000000000000e+03 2.572000000000000000e+03 1.467600000000000000e+04 -4.080000000000000000e+03 -2.580000000000000000e+02 2.200000000000000000e+01
1.288000000000000000e+03 2.664000000000000000e+03 1.483200000000000000e+04 -4.064000000000000000e+03 -2.230000000000000000e+02 -9.100000000000000000e+01
1.192000000000000000e+03 2.580000000000000000e+03 1.444000000000000000e+04 -4.016000000000000000e+03 -2.080000000000000000e+02 -1.920000000000000000e+02
9.280000000000000000e+02 2.600000000000000000e+03 1.399200000000000000e+04 -4.048000000000000000e+03 -2.100000000000000000e+02 -2.270000000000000000e+02
1.016000000000000000e+03 2.592000000000000000e+03 1.404800000000000000e+04 -4.032000000000000000e+03 -1.780000000000000000e+02 -2.180000000000000000e+02
1.136000000000000000e+03 2.808000000000000000e+03 1.454800000000000000e+04 -4.016000000000000000e+03 -2.240000000000000000e+02 -2.050000000000000000e+02
