2.224000000000000000e+03 2.216000000000000000e+03 1.430000000000000000e+04 -4.144000000000000000e+03 -2.760000000000000000e+02 4.010000000000000000e+02
2.420000000000000000e+03 2.132000000000000000e+03 1.425200000000000000e+04 -4.160000000000000000e+03 -2.990000000000000000e+02 5.090000000000000000e+02
2.356000000000000000e+03 2.016000000000000000e+03 1.420000000000000000e+04 -4.208000000000000000e+03 -3.070000000000000000e+02 5.290000000000000000e+02
2.340000000000000000e+03 2.068000000000000000e+03 1.444800000000000000e+04 -4.192000000000000000e+03 -3.030000000000000000e+02 6.150000000000000000e+02
2.124000000000000000e+03 2.080000000000000000e+03 1.438000000000000000e+04 -4.144000000000000000e+03 -3.380000000000000000e+02 6.240000000000000000e+02
2.144000000000000000e+03 2.116000000000000000e+03 1.421200000000000000e+04 -4.144000000000000000e+03 -3.380000000000000000e+02 6.430000000000000000e+02
2.152000000000000000e+03 2.088000000000000000e+03 1.453600000000000000e+04 -4.160000000000000000e+03 -3.210000000000000000e+02 6.180000000000000000e+02
2.060000000000000000e+03 1.988000000000000000e+03 1.443600000000000000e+04 -4.144000000000000000e+03 -3.130000000000000000e+02 5.880000000000000000e+02
2.020000000000000000e+03 2.072000000000000000e+03 1.448000000000000000e+04 -4.176000000000000000e+03 -3.150000000000000000e+02 5.570000000000000000e+02
1.852000000000000000e+03 2.104000000000000000e+03 1.443200000000000000e+04 -4.128000000000000000e+03 -3.260000000000000000e+02 5.240000000000000000e+02
1.800000000000000000e+03 2.076000000000000000e+03 1.443600000000000000e+04 -4.176000000000000000e+03 -3.170000000000000000e+02 4.600000000000000000e+02
1.792000000000000000e+03 2.140000000000000000e+03 1.442000000000000000e+04 -4.192000000000000000e+03 -2.910000000000000000e+02 3.930000000000000000e+02
1.684000000000000000e+03 2.092000000000000000e+03 1.442000000000000000e+04 -4.192000000000000000e+03 -2.990000000000000000e+02 3.280000000000000000e+02
1.640000000000000000e+03 2.076000000000000000e+03 1.443200000000000000e+04 -4.144000000000000000e+03 -2.830000000000000000e+02 2.660000000000000000e+02
1.572000000000000000e+03 2.060000000000000000e+03 1.435600000000000000e+04 -4.160000000000000000e+03 -2.810000000000000000e+02 1.820000000000000000e+02
1.572000000000000000e+03 2.116000000000000000e+03 1.444800000000000000e+04 -4.176000000000000000e+03 -2.780000000000000000e+02 1.210000000000000000e+02
1.608000000000000000e+03 2.112000000000000000e+03 1.452400000000000000e+04 -4.176000000000000000e+03 -2.710000000000000000e+02 7.800000000000000000e+01
1.624000000000000000e+03 2.096000000000000000e+03 1.453200000000000000e+04 -4.160000000000000000e+03 -2.730000000000000000e+02 1.200000000000000000e+01
1.716000000000000000e+03 2.048000000000000000e+03 1.447200000000000000e+04 -4.176000000000000000e+03 -2.540000000000000000e+02 -2.700000000000000000e+01
1.508000000000000000e+03 2.064000000000000000e+03 1.465200000000000000e+04 -4.144000000000000000e+03 -2.480000000000000000e+02 -3.500000000000000000e+01
1.684000000000000000e+03 2.068000000000000000e+03 1.442000000000000000e+04 -4.160000000000000000e+03 -2.610000000000000000e+02 -5.900000000000000000e+01
1.488000000000000000e+03 2.076000000000000000e+03 1.445200000000000000e+04 -4.144000000000000000e+03 -2.490000000000000000e+02 -4.900000000000000000e+01
1.560000000000000000e+03 1.980000000000000000e+03 1.462000000000000000e+04 -4.160000000000000000e+03 -2.390000000000000000e+02 -6.600000000000000000e+01
1.692000000000000000e+03 2.100000000000000000e+03 1.448000000000000000e+04 -4.176000000000000000e+03 -2.670000000000000000e+02 -6.300000000000000000e+01
1.724000000000000000e+03 2.036000000000000000e+03 1.438000000000000000e+04 -4.176000000000000000e+03 -2.630000000000000000e+02 -1.200000000000000000e+01
1.732000000000000000e+03 2.032000000000000000e+03 1.445200000000000000e+04 -4.160000000000000000e+03 -2.660000000000000000e+02 -2.000000000000000000e+00
1.684000000000000000e+03 2.096000000000000000e+03 1.444400000000000000e+04 -4.144000000000000000e+03 -2.450000000000000000e+02 9.000000000000000000e+00
1.936000000000000000e+03 2.080000000000000000e+03 1.447200000000000000e+04 -4.160000000000000000e+03 -2.580000000000000000e+02 5.300000000000000000e+01
1.816000000000000000e+03 2.068000000000000000e+03 1.429200000000000000e+04 -4.160000000000000000e+03 -2.690000000000000000e+02 8.600000000000000000e+01
1.752000000000000000e+03 2.084000000000000000e+03 1.448000000000000000e+04 -4.192000000000000000e+03 -2.600000000000000000e+02 1.190000000000000000e+02
1.952000000000000000e+03 2.104000000000000000e+03 1.432000000000000000e+04 -4.192000000000000000e+03 -2.680000000000000000e+02 1.720000000000000000e+02
1.868000000000000000e+03 2.048000000000000000e+03 1.443200000000000000e+04 -4.160000000000000000e+03 -2.830000000000000000e+02 1.990000000000000000e+02
1.824000000000000000e+03 2.048000000000000000e+03 1.441600000000000000e+04 -4.192000000000000000e+03 -2.950000000000000000e+02 2.080000000000000000e+02
1.824000000000000000e+03 2.064000000000000000e+03 1.453200000000000000e+04 -4.176000000000000000e+03 -2.770000000000000000e+02 2.470000000000000000e+02
2.052000000000000000e+03 2.112000000000000000e+03 1.466800000000000000e+04 -4.160000000000000000e+03 -2.650000000000000000e+02 2.670000000000000000e+02
1.880000000000000000e+03 2.012000000000000000e+03 1.436000000000000000e+04 -4.176000000000000000e+03 -3.020000000000000000e+02 2.930000000000000000e+02
1.884000000000000000e+03 2.152000000000000000e+03 1.434400000000000000e+04 -4.160000000000000000e+03 -2.920000000000000000e+02 2.730000000000000000e+02
2.008000000000000000e+03 2.000000000000000000e+03 1.434000000000000000e+04 -4.176000000000000000e+03 -2.910000000000000000e+02 2.980000000000000000e+02
1.968000000000000000e+03 2.200000000000000000e+03 1.432000000000000000e+04 -4.176000000000000000e+03 -2.910000000000000000e+02 2.770000000000000000e+02
1.876000000000000000e+03 1.976000000000000000e+03 1.447200000000000000e+04 -4.160000000000000000e+03 -2.860000000000000000e+02 2.620000000000000000e+02
1.836000000000000000e+03 2.096000000000000000e+03 1.452800000000000000e+04 -4.176000000000000000e+03 -2.850000000000000000e+02 2.560000000000000000e+02
1.876000000000000000e+03 2.060000000000000000e+03 1.449600000000000000e+04 -4.160000000000000000e+03 -2.860000000000000000e+02 2.220000000000000000e+02
1.752000000000000000e+03 2.052000000000000000e+03 1.448400000000000000e+04 -4.144000000000000000e+03 -2.640000000000000000e+02 2.230000000000000000e+02
1.744000000000000000e+03 2.068000000000000000e+03 1.440000000000000000e+04 -4.176000000000000000e+03 -2.880000000000000000e+02 1.590000000000000000e+02
1.788000000000000000e+03 2.116000000000000000e+03 1.438000000000000000e+04 -4.192000000000000000e+03 -2.700000000000000000e+02 1.540000000000000000e+02
1.860000000000000000e+03 2.088000000000000000e+03 1.438000000000000000e+04 -4.144000000000000000e+03 -2.700000000000000000e+02 1.290000000000000000e+02
1.836000000000000000e+03 2.092000000000000000e+03 1.447200000000000000e+04 -4.160000000000000000e+03 -2.730000000000000000e+02 1.390000000000000000e+02
1.752000000000000000e+03 2.200000000000000000e+03 1.434800000000000000e+04 -4.176000000000000000e+03 -2.760000000000000000e+02 9.300000000000000000e+01
1.744000000000000000e+03 2.020000000000000000e+03 1.448800000000000000e+04 -4.144000000000000000e+03 -2.940000000000000000e+02 1.130000000000000000e+02
1.744000000000000000e+03 2.028000000000000000e+03 1.447600000000000000e+04 -4.128000000000000000e+03 -2.660000000000000000e+02 9.300000000000000000e+01
1.680000000000000000e+03 2.044000000000000000e+03 1.434400000000000000e+04 -4.160000000000000000e+03 -2.920000000000000000e+02 1.090000000000000000e+02
1.792000000000000000e+03 2.024000000000000000e+03 1.430400000000000000e+04 -4.176000000000000000e+03 -2.870000000000000000e+02 6.900000000000000000e+01
1.784000000000000000e+03 2.028000000000000000e+03 1.448000000000000000e+04 -4.144000000000000000e+03 -2.710000000000000000e+02 1.080000000000000000e+02
1.684000000000000000e+03 2.112000000000000000e+03 1.435600000000000000e+04 -4.144000000000000000e+03 -2.670000000000000000e+02 8.200000000000000000e+01
1.756000000000000000e+03 2.028000000000000000e+03 1.434400000000000000e+04 -4.144000000000000000e+03 -2.780000000000000000e+02 1.030000000000000000e+02
1.812000000000000000e+03 2.172000000000000000e+03 1.429200000000000000e+04 -4.192000000000000000e+03 -2.720000000000000000e+02 1.520000000000000000e+02
1.868000000000000000e+03 2.036000000000000000e+03 1.454000000000000000e+04 -4.160000000000000000e+03 -2.770000000000000000e+02 1.160000000000000000e+02
1.772000000000000000e+03 2.136000000000000000e+03 1.441600000000000000e+04 -4.144000000000000000e+03 -2.620000000000000000e+02 1.580000000000000000e+02
1.904000000000000000e+03 2.044000000000000000e+03 1.439600000000000000e+04 -4.176000000000000000e+03 -2.590000000000000000e+02 1.790000000000000000e+02
1.760000000000000000e+03 1.968000000000000000e+03 1.454400000000000000e+04 -4.144000000000000000e+03 -2.720000000000000000e+02 2.020000000000000000e+02
1.740000000000000000e+03 2.088000000000000000e+03 1.432000000000000000e+04 -4.208000000000000000e+03 -2.750000000000000000e+02 1.930000000000000000e+02
1.900000000000000000e+03 2.000000000000000000e+03 1.446000000000000000e+04 -4.192000000000000000e+03 -2.710000000000000000e+02 1.920000000000000000e+02
1.828000000000000000e+03 2.120000000000000000e+03 1.426400000000000000e+04 -4.144000000000000000e+03 -3.080000000000000000e+02 2.130000000000000000e+02
1.856000000000000000e+03 2.060000000000000000e+03 1.436800000000000000e+04 -4.176000000000000000e+03 -2.740000000000000000e+02 1.810000000000000000e+02
1.864000000000000000e+03 2.056000000000000000e+03 1.439200000000000000e+04 -4.144000000000000000e+03 -2.730000000000000000e+02 1.920000000000000000e+02
1.760000000000000000e+03 2.068000000000000000e+03 1.425600000000000000e+04 -4.144000000000000000e+03 -2.690000000000000000e+02 2.230000000000000000e+02
1.812000000000000000e+03 2.100000000000000000e+03 1.448000000000000000e+04 -4.160000000000000000e+03 -2.610000000000000000e+02 1.980000000000000000e+02
1.880000000000000000e+03 2.084000000000000000e+03 1.440000000000000000e+04 -4.176000000000000000e+03 -2.790000000000000000e+02 1.970000000000000000e+02
1.712000000000000000e+03 2.132000000000000000e+03 1.432000000000000000e+04 -4.192000000000000000e+03 -3.000000000000000000e+02 2.030000000000000000e+02
1.808000000000000000e+03 2.020000000000000000e+03 1.448800000000000000e+04 -4.144000000000000000e+03 -2.850000000000000000e+02 1.610000000000000000e+02
1.880000000000000000e+03 2.108000000000000000e+03 1.447200000000000000e+04 -4.176000000000000000e+03 -2.710000000000000000e+02 1.770000000000000000e+02
1.792000000000000000e+03 2.084000000000000000e+03 1.437600000000000000e+04 -4.160000000000000000e+03 -2.720000000000000000e+02 1.590000000000000000e+02
1.760000000000000000e+03 2.060000000000000000e+03 1.439600000000000000e+04 -4.176000000000000000e+03 -2.860000000000000000e+02 1.650000000000000000e+02
1.816000000000000000e+03 1.964000000000000000e+03 1.440400000000000000e+04 -4.160000000000000000e+03 -2.690000000000000000e+02 1.510000000000000000e+02
1.692000000000000000e+03 2.036000000000000000e+03 1.443200000000000000e+04 -4.144000000000000000e+03 -2.670000000000000000e+02 1.410000000000000000e+02
1.644000000000000000e+03 2.136000000000000000e+03 1.444000000000000000e+04 -4.160000000000000000e+03 -2.810000000000000000e+02 1.320000000000000000e+02
1.760000000000000000e+03 1.980000000000000000e+03 1.438000000000000000e+04 -4.176000000000000000e+03 -2.790000000000000000e+02 1.450000000000000000e+02
1.820000000000000000e+03 1.996000000000000000e+03 1.449600000000000000e+04 -4.208000000000000000e+03 -2.660000000000000000e+02 1.460000000000000000e+02
1.864000000000000000e+03 2.192000000000000000e+03 1.435200000000000000e+04 -4.160000000000000000e+03 -2.580000000000000000e+02 1.500000000000000000e+02
1.944000000000000000e+03 2.128000000000000000e+03 1.443200000000000000e+04 -4.176000000000000000e+03 -2.760000000000000000e+02 1.530000000000000000e+02
1.776000000000000000e+03 2.012000000000000000e+03 1.430000000000000000e+04 -4.192000000000000000e+03 -2.800000000000000000e+02 1.430000000000000000e+02
