2.268000000000000000e+03 2.588000000000000000e+03 1.409600000000000000e+04 -4.048000000000000000e+03 -4.160000000000000000e+02 9.430000000000000000e+02
2.204000000000000000e+03 2.616000000000000000e+03 1.408000000000000000e+04 -4.048000000000000000e+03 -3.740000000000000000e+02 9.440000000000000000e+02
2.900000000000000000e+01 1.610000000000000000e+02 1.427200000000000000e+04 -4.032000000000000000e+03 -3.800000000000000000e+02 9.590000000000000000e+02
2.204000000000000000e+03 2.544000000000000000e+03 1.425200000000000000e+04 -4.032000000000000000e+03 -3.620000000000000000e+02 9.840000000000000000e+02
2.204000000000000000e+03 2.640000000000000000e+03 1.420000000000000000e+04 -4.048000000000000000e+03 -3.670000000000000000e+02 1.014000000000000000e+03
2.184000000000000000e+03 2.540000000000000000e+03 1.410000000000000000e+04 -4.048000000000000000e+03 -3.310000000000000000e+02 9.900000000000000000e+02
1.924000000000000000e+03 2.432000000000000000e+03 1.415200000000000000e+04 -4.048000000000000000e+03 -3.350000000000000000e+02 9.480000000000000000e+02
1.920000000000000000e+03 2.360000000000000000e+03 1.428800000000000000e+04 -4.048000000000000000e+03 -3.120000000000000000e+02 8.150000000000000000e+02
1.828000000000000000e+03 2.416000000000000000e+03 1.438400000000000000e+04 -4.032000000000000000e+03 -3.100000000000000000e+02 6.070000000000000000e+02
1.680000000000000000e+03 2.520000000000000000e+03 1.452400000000000000e+04 -4.048000000000000000e+03 -3.070000000000000000e+02 4.070000000000000000e+02
1.868000000000000000e+03 2.476000000000000000e+03 1.438000000000000000e+04 -4.080000000000000000e+03 -2.970000000000000000e+02 2.090000000000000000e+02
1.740000000000000000e+03 2.556000000000000000e+03 1.423200000000000000e+04 -4.016000000000000000e+03 -2.400000000000000000e+02 -3.000000000000000000e+00
1.896000000000000000e+03 2.516000000000000000e+03 1.423600000000000000e+04 -4.032000000000000000e+03 -2.220000000000000000e+02 -1.900000000000000000e+02
1.956000000000000000e+03 2.436000000000000000e+03 1.382000000000000000e+04 -4.080000000000000000e+03 -1.660000000000000000e+02 -3.620000000000000000e+02
1.912000000000000000e+03 2.472000000000000000e+03 1.415200000000000000e+04 -4.048000000000000000e+03 -1.330000000000000000e+02 -4.720000000000000000e+02
1.956000000000000000e+03 2.520000000000000000e+03 1.428400000000000000e+04 -4.032000000000000000e+03 -1.060000000000000000e+02 -5.840000000000000000e+02
2.044000000000000000e+03 2.504000000000000000e+03 1.454400000000000000e+04 -3.984000000000000000e+03 -1.010000000000000000e+02 -7.040000000000000000e+02
1.768000000000000000e+03 2.672000000000000000e+03 1.434000000000000000e+04 -4.032000000000000000e+03 -7.000000000000000000e+01 -7.670000000000000000e+02
1.704000000000000000e+03 2.600000000000000000e+03 1.426800000000000000e+04 -4.048000000000000000e+03 -4.500000000000000000e+01 -7.920000000000000000e+02
1.608000000000000000e+03 2.560000000000000000e+03 1.423600000000000000e+04 -4.000000000000000000e+03 -4.800000000000000000e+01 -7.690000000000000000e+02
1.436000000000000000e+03 2.612000000000000000e+03 1.436400000000000000e+04 -4.064000000000000000e+03 -3.300000000000000000e+01 -6.760000000000000000e+02
1.488000000000000000e+03 2.556000000000000000e+03 1.444400000000000000e+04 -4.016000000000000000e+03 -3.700000000000000000e+01 -6.520000000000000000e+02
1.688000000000000000e+03 2.600000000000000000e+03 1.451200000000000000e+04 -4.064000000000000000e+03 -7.300000000000000000e+01 -5.520000000000000000e+02
1.616000000000000000e+03 2.568000000000000000e+03 1.441200000000000000e+04 -4.048000000000000000e+03 -7.200000000000000000e+01 -3.910000000000000000e+02
1.624000000000000000e+03 2.540000000000000000e+03 1.424000000000000000e+04 -4.064000000000000000e+03 -6.100000000000000000e+01 -1.810000000000000000e+02
1.648000000000000000e+03 2.552000000000000000e+03 1.437600000000000000e+04 -4.048000000000000000e+03 -1.270000000000000000e+02 6.300000000000000000e+01
1.680000000000000000e+03 2.484000000000000000e+03 1.446000000000000000e+04 -4.000000000000000000e+03 -1.180000000000000000e+02 3.130000000000000000e+02
1.820000000000000000e+03 2.512000000000000000e+03 1.449200000000000000e+04 -4.048000000000000000e+03 -1.820000000000000000e+02 5.300000000000000000e+02
1.948000000000000000e+03 2.600000000000000000e+03 1.454000000000000000e+04 -4.032000000000000000e+03 -1.700000000000000000e+02 7.070000000000000000e+02
2.024000000000000000e+03 2.756000000000000000e+03 1.437600000000000000e+04 -4.016000000000000000e+03 -2.250000000000000000e+02 7.750000000000000000e+02
1.688000000000000000e+03 2.768000000000000000e+03 1.431200000000000000e+04 -4.032000000000000000e+03 -2.410000000000000000e+02 7.960000000000000000e+02
1.708000000000000000e+03 2.700000000000000000e+03 1.424400000000000000e+04 -4.048000000000000000e+03 -2.810000000000000000e+02 7.240000000000000000e+02
1.436000000000000000e+03 2.640000000000000000e+03 1.422800000000000000e+04 -4.032000000000000000e+03 -2.800000000000000000e+02 6.180000000000000000e+02
1.524000000000000000e+03 2.664000000000000000e+03 1.419600000000000000e+04 -4.016000000000000000e+03 -3.050000000000000000e+02 4.990000000000000000e+02
1.972000000000000000e+03 2.616000000000000000e+03 1.431600000000000000e+04 -4.048000000000000000e+03 -2.870000000000000000e+02 3.910000000000000000e+02
2.052000000000000000e+03 2.692000000000000000e+03 1.426800000000000000e+04 -4.032000000000000000e+03 -2.870000000000000000e+02 3.000000000000000000e+02
2.376000000000000000e+03 2.664000000000000000e+03 1.425600000000000000e+04 -4.048000000000000000e+03 -2.750000000000000000e+02 2.840000000000000000e+02
2.080000000000000000e+03 2.716000000000000000e+03 1.424400000000000000e+04 -4.064000000000000000e+03 -2.710000000000000000e+02 2.190000000000000000e+02
2.080000000000000000e+03 2.800000000000000000e+03 1.434000000000000000e+04 -4.032000000000000000e+03 -2.780000000000000000e+02 1.130000000000000000e+02
1.928000000000000000e+03 2.788000000000000000e+03 1.426800000000000000e+04 -4.048000000000000000e+03 -2.940000000000000000e+02 1.800000000000000000e+01
1.936000000000000000e+03 2.816000000000000000e+03 1.449200000000000000e+04 -4.032000000000000000e+03 -2.980000000000000000e+02 -9.600000000000000000e+01
1.948000000000000000e+03 2.888000000000000000e+03 1.452000000000000000e+04 -4.016000000000000000e+03 -2.900000000000000000e+02 -2.200000000000000000e+02
1.912000000000000000e+03 2.852000000000000000e+03 1.433200000000000000e+04 -4.048000000000000000e+03 -2.740000000000000000e+02 -3.140000000000000000e+02
1.876000000000000000e+03 2.804000000000000000e+03 1.436400000000000000e+04 -4.032000000000000000e+03 -2.890000000000000000e+02 -3.560000000000000000e+02
2.044000000000000000e+03 2.820000000000000000e+03 1.438800000000000000e+04 -4.048000000000000000e+03 -2.810000000000000000e+02 -3.430000000000000000e+02
2.104000000000000000e+03 2.700000000000000000e+03 1.443600000000000000e+04 -4.016000000000000000e+03 -3.120000000000000000e+02 -2.370000000000000000e+02
1.824000000000000000e+03 2.700000000000000000e+03 1.459600000000000000e+04 -4.048000000000000000e+03 -2.890000000000000000e+02 -1.030000000000000000e+02
1.844000000000000000e+03 2.628000000000000000e+03 1.433600000000000000e+04 -4.000000000000000000e+03 -2.930000000000000000e+02 2.100000000000000000e+01
1.844000000000000000e+03 2.720000000000000000e+03 1.440400000000000000e+04 -4.032000000000000000e+03 -3.250000000000000000e+02 1.210000000000000000e+02
1.700000000000000000e+03 2.516000000000000000e+03 1.443200000000000000e+04 -4.032000000000000000e+03 -3.320000000000000000e+02 2.590000000000000000e+02
1.788000000000000000e+03 2.724000000000000000e+03 1.438000000000000000e+04 -4.064000000000000000e+03 -3.360000000000000000e+02 3.820000000000000000e+02
1.616000000000000000e+03 2.624000000000000000e+03 1.444800000000000000e+04 -4.016000000000000000e+03 -3.740000000000000000e+02 4.570000000000000000e+02
1.764000000000000000e+03 2.728000000000000000e+03 1.446000000000000000e+04 -4.016000000000000000e+03 -3.710000000000000000e+02 4.730000000000000000e+02
1.804000000000000000e+03 2.712000000000000000e+03 1.424800000000000000e+04 -4.016000000000000000e+03 -3.750000000000000000e+02 3.960000000000000000e+02
1.856000000000000000e+03 2.840000000000000000e+03 1.434400000000000000e+04 -4.032000000000000000e+03 -4.270000000000000000e+02 2.730000000000000000e+02
2.036000000000000000e+03 2.776000000000000000e+03 1.426400000000000000e+04 -4.048000000000000000e+03 -3.880000000000000000e+02 1.930000000000000000e+02
2.060000000000000000e+03 2.740000000000000000e+03 1.417600000000000000e+04 -4.032000000000000000e+03 -3.720000000000000000e+02 1.370000000000000000e+02
1.904000000000000000e+03 2.640000000000000000e+03 1.422400000000000000e+04 -4.048000000000000000e+03 -3.730000000000000000e+02 4.800000000000000000e+01
2.180000000000000000e+03 2.680000000000000000e+03 1.436400000000000000e+04 -4.048000000000000000e+03 -3.310000000000000000e+02 -5.500000000000000000e+01
2.092000000000000000e+03 2.704000000000000000e+03 1.449600000000000000e+04 -4.032000000000000000e+03 -3.340000000000000000e+02 -1.430000000000000000e+02
2.000000000000000000e+03 2.748000000000000000e+03 1.445600000000000000e+04 -4.016000000000000000e+03 -3.080000000000000000e+02 -2.330000000000000000e+02
2.060000000000000000e+03 2.680000000000000000e+03 1.409600000000000000e+04 -4.032000000000000000e+03 -2.820000000000000000e+02 -2.890000000000000000e+02
1.904000000000000000e+03 2.556000000000000000e+03 1.426000000000000000e+04 -4.032000000000000000e+03 -2.580000000000000000e+02 -2.260000000000000000e+02
1.680000000000000000e+03 2.576000000000000000e+03 1.441600000000000000e+04 -4.048000000000000000e+03 -2.950000000000000000e+02 -8.800000000000000000e+01
2.028000000000000000e+03 2.804000000000000000e+03 1.414800000000000000e+04 -4.048000000000000000e+03 -2.780000000000000000e+02 3.200000000000000000e+01
2.280000000000000000e+03 2.700000000000000000e+03 1.423600000000000000e+04 -4.064000000000000000e+03 -2.710000000000000000e+02 1.610000000000000000e+02
2.364000000000000000e+03 2.792000000000000000e+03 1.411600000000000000e+04 -4.032000000000000000e+03 -2.810000000000000000e+02 2.700000000000000000e+02
2.152000000000000000e+03 2.592000000000000000e+03 1.438000000000000000e+04 -4.032000000000000000e+03 -2.790000000000000000e+02 4.320000000000000000e+02
1.976000000000000000e+03 2.736000000000000000e+03 1.445200000000000000e+04 -4.064000000000000000e+03 -2.830000000000000000e+02 5.450000000000000000e+02
1.700000000000000000e+03 2.564000000000000000e+03 1.448800000000000000e+04 -4.064000000000000000e+03 -2.860000000000000000e+02 6.770000000000000000e+02
1.720000000000000000e+03 2.668000000000000000e+03 1.426400000000000000e+04 -4.048000000000000000e+03 -3.200000000000000000e+02 7.120000000000000000e+02
1.984000000000000000e+03 2.560000000000000000e+03 1.420000000000000000e+04 -4.080000000000000000e+03 -3.140000000000000000e+02 7.260000000000000000e+02
2.112000000000000000e+03 2.524000000000000000e+03 1.438000000000000000e+04 -4.032000000000000000e+03 -3.390000000000000000e+02 7.210000000000000000e+02
