2.020000000000000000e+03 2.700000000000000000e+03 1.431200000000000000e+04 -4.080000000000000000e+03 -4.530000000000000000e+02 6.390000000000000000e+02
2.280000000000000000e+03 2.844000000000000000e+03 1.436400000000000000e+04 -4.096000000000000000e+03 -5.210000000000000000e+02 3.370000000000000000e+02
2.084000000000000000e+03 2.720000000000000000e+03 1.439200000000000000e+04 -4.048000000000000000e+03 -6.240000000000000000e+02 -1.000000000000000000e+01
1.668000000000000000e+03 2.492000000000000000e+03 1.444800000000000000e+04 -4.080000000000000000e+03 -5.960000000000000000e+02 -3.570000000000000000e+02
1.700000000000000000e+03 2.444000000000000000e+03 1.450400000000000000e+04 -4.064000000000000000e+03 -5.660000000000000000e+02 -6.530000000000000000e+02
1.804000000000000000e+03 2.304000000000000000e+03 1.434000000000000000e+04 -4.080000000000000000e+03 -5.430000000000000000e+02 -8.500000000000000000e+02
1.772000000000000000e+03 2.416000000000000000e+03 1.460400000000000000e+04 -4.096000000000000000e+03 -5.090000000000000000e+02 -8.440000000000000000e+02
1.544000000000000000e+03 2.412000000000000000e+03 1.436000000000000000e+04 -4.080000000000000000e+03 -4.640000000000000000e+02 -6.910000000000000000e+02
1.564000000000000000e+03 2.464000000000000000e+03 1.446000000000000000e+04 -4.064000000000000000e+03 -4.160000000000000000e+02 -5.510000000000000000e+02
1.384000000000000000e+03 2.460000000000000000e+03 1.448000000000000000e+04 -4.080000000000000000e+03 -3.850000000000000000e+02 -3.560000000000000000e+02
1.360000000000000000e+03 2.560000000000000000e+03 1.442000000000000000e+04 -4.064000000000000000e+03 -3.270000000000000000e+02 -1.210000000000000000e+02
1.224000000000000000e+03 2.568000000000000000e+03 1.463200000000000000e+04 -4.064000000000000000e+03 -2.700000000000000000e+02 9.700000000000000000e+01
1.208000000000000000e+03 2.664000000000000000e+03 1.449600000000000000e+04 -4.080000000000000000e+03 -2.250000000000000000e+02 2.850000000000000000e+02
1.096000000000000000e+03 2.552000000000000000e+03 1.439200000000000000e+04 -4.080000000000000000e+03 -2.250000000000000000e+02 4.590000000000000000e+02
1.076000000000000000e+03 2.548000000000000000e+03 1.448400000000000000e+04 -4.096000000000000000e+03 -1.540000000000000000e+02 5.950000000000000000e+02
1.112000000000000000e+03 2.508000000000000000e+03 1.438800000000000000e+04 -4.064000000000000000e+03 -1.650000000000000000e+02 6.220000000000000000e+02
8.800000000000000000e+02 2.388000000000000000e+03 1.479600000000000000e+04 -4.048000000000000000e+03 -2.030000000000000000e+02 6.460000000000000000e+02
6.200000000000000000e+02 2.256000000000000000e+03 1.453200000000000000e+04 -4.048000000000000000e+03 -2.080000000000000000e+02 5.350000000000000000e+02
6.720000000000000000e+02 2.324000000000000000e+03 1.454000000000000000e+04 -4.096000000000000000e+03 -2.210000000000000000e+02 3.510000000000000000e+02
4.760000000000000000e+02 2.180000000000000000e+03 1.442000000000000000e+04 -4.064000000000000000e+03 -2.660000000000000000e+02 1.450000000000000000e+02
3.400000000000000000e+02 2.172000000000000000e+03 1.434000000000000000e+04 -4.080000000000000000e+03 -3.260000000000000000e+02 -2.400000000000000000e+01
1.480000000000000000e+02 2.224000000000000000e+03 1.450400000000000000e+04 -4.096000000000000000e+03 -3.250000000000000000e+02 -2.140000000000000000e+02
1.160000000000000000e+02 2.268000000000000000e+03 1.450000000000000000e+04 -4.080000000000000000e+03 -3.120000000000000000e+02 -4.030000000000000000e+02
-1.200000000000000000e+01 2.324000000000000000e+03 1.430000000000000000e+04 -4.080000000000000000e+03 -2.900000000000000000e+02 -5.250000000000000000e+02
4.800000000000000000e+01 2.276000000000000000e+03 1.432400000000000000e+04 -4.064000000000000000e+03 -2.420000000000000000e+02 -5.820000000000000000e+02
2.600000000000000000e+02 2.344000000000000000e+03 1.451200000000000000e+04 -4.096000000000000000e+03 -2.100000000000000000e+02 -6.060000000000000000e+02
7.600000000000000000e+01 2.288000000000000000e+03 1.455600000000000000e+04 -4.080000000000000000e+03 -1.920000000000000000e+02 -5.760000000000000000e+02
1.600000000000000000e+01 2.180000000000000000e+03 1.431600000000000000e+04 -4.112000000000000000e+03 -1.560000000000000000e+02 -5.110000000000000000e+02
1.240000000000000000e+02 2.236000000000000000e+03 1.389200000000000000e+04 -4.064000000000000000e+03 -1.200000000000000000e+02 -3.940000000000000000e+02
4.480000000000000000e+02 2.148000000000000000e+03 1.409600000000000000e+04 -4.096000000000000000e+03 -1.350000000000000000e+02 -2.960000000000000000e+02
6.360000000000000000e+02 2.240000000000000000e+03 1.446800000000000000e+04 -4.064000000000000000e+03 -7.900000000000000000e+01 -1.890000000000000000e+02
6.440000000000000000e+02 2.108000000000000000e+03 1.440800000000000000e+04 -4.080000000000000000e+03 -6.900000000000000000e+01 -6.000000000000000000e+01
7.800000000000000000e+02 2.076000000000000000e+03 1.452800000000000000e+04 -4.080000000000000000e+03 -7.500000000000000000e+01 8.800000000000000000e+01
7.920000000000000000e+02 2.240000000000000000e+03 1.404400000000000000e+04 -4.112000000000000000e+03 -1.410000000000000000e+02 2.980000000000000000e+02
1.032000000000000000e+03 2.200000000000000000e+03 1.417200000000000000e+04 -4.064000000000000000e+03 -1.570000000000000000e+02 5.180000000000000000e+02
9.960000000000000000e+02 2.344000000000000000e+03 1.402800000000000000e+04 -4.064000000000000000e+03 -1.400000000000000000e+02 6.300000000000000000e+02
8.800000000000000000e+02 2.464000000000000000e+03 1.439600000000000000e+04 -4.112000000000000000e+03 -1.570000000000000000e+02 6.420000000000000000e+02
6.920000000000000000e+02 2.360000000000000000e+03 1.461200000000000000e+04 -4.064000000000000000e+03 -2.080000000000000000e+02 5.200000000000000000e+02
7.760000000000000000e+02 2.420000000000000000e+03 1.457600000000000000e+04 -4.096000000000000000e+03 -2.400000000000000000e+02 3.200000000000000000e+02
6.120000000000000000e+02 2.284000000000000000e+03 1.442800000000000000e+04 -4.048000000000000000e+03 -3.130000000000000000e+02 7.400000000000000000e+01
7.200000000000000000e+02 2.440000000000000000e+03 1.444400000000000000e+04 -4.080000000000000000e+03 -3.260000000000000000e+02 -1.550000000000000000e+02
7.640000000000000000e+02 2.424000000000000000e+03 1.461200000000000000e+04 -4.096000000000000000e+03 -3.860000000000000000e+02 -3.660000000000000000e+02
5.360000000000000000e+02 2.336000000000000000e+03 1.457600000000000000e+04 -4.112000000000000000e+03 -3.980000000000000000e+02 -4.280000000000000000e+02
4.160000000000000000e+02 2.280000000000000000e+03 1.448000000000000000e+04 -4.064000000000000000e+03 -4.210000000000000000e+02 -4.360000000000000000e+02
4.760000000000000000e+02 2.292000000000000000e+03 1.455200000000000000e+04 -4.064000000000000000e+03 -3.770000000000000000e+02 -3.850000000000000000e+02
6.560000000000000000e+02 2.448000000000000000e+03 1.440400000000000000e+04 -4.080000000000000000e+03 -3.690000000000000000e+02 -3.080000000000000000e+02
7.640000000000000000e+02 2.440000000000000000e+03 1.431200000000000000e+04 -4.096000000000000000e+03 -3.380000000000000000e+02 -2.130000000000000000e+02
7.840000000000000000e+02 2.400000000000000000e+03 1.446400000000000000e+04 -4.048000000000000000e+03 -3.090000000000000000e+02 -8.900000000000000000e+01
7.920000000000000000e+02 2.492000000000000000e+03 1.474000000000000000e+04 -4.096000000000000000e+03 -2.820000000000000000e+02 5.000000000000000000e+01
7.080000000000000000e+02 2.364000000000000000e+03 1.476000000000000000e+04 -4.080000000000000000e+03 -2.600000000000000000e+02 1.510000000000000000e+02
9.320000000000000000e+02 2.456000000000000000e+03 1.448000000000000000e+04 -4.080000000000000000e+03 -2.560000000000000000e+02 1.790000000000000000e+02
1.176000000000000000e+03 2.540000000000000000e+03 1.427200000000000000e+04 -4.096000000000000000e+03 -2.650000000000000000e+02 1.920000000000000000e+02
1.048000000000000000e+03 2.484000000000000000e+03 1.424800000000000000e+04 -4.048000000000000000e+03 -2.600000000000000000e+02 2.070000000000000000e+02
1.104000000000000000e+03 2.512000000000000000e+03 1.442800000000000000e+04 -4.096000000000000000e+03 -2.520000000000000000e+02 2.520000000000000000e+02
1.040000000000000000e+03 2.516000000000000000e+03 1.430800000000000000e+04 -4.112000000000000000e+03 -2.570000000000000000e+02 2.630000000000000000e+02
1.100000000000000000e+03 2.448000000000000000e+03 1.442000000000000000e+04 -4.096000000000000000e+03 -2.780000000000000000e+02 2.520000000000000000e+02
1.200000000000000000e+03 2.380000000000000000e+03 1.459600000000000000e+04 -4.080000000000000000e+03 -2.700000000000000000e+02 2.260000000000000000e+02
1.100000000000000000e+03 2.392000000000000000e+03 1.454000000000000000e+04 -4.080000000000000000e+03 -2.600000000000000000e+02 2.060000000000000000e+02
1.124000000000000000e+03 2.264000000000000000e+03 1.470800000000000000e+04 -4.096000000000000000e+03 -2.540000000000000000e+02 1.860000000000000000e+02
