-8.504000000000000000e+03 9.560000000000000000e+02 1.168400000000000000e+04 -4.000000000000000000e+03 -1.590000000000000000e+02 -1.240000000000000000e+03
-8.532000000000000000e+03 8.680000000000000000e+02 1.163200000000000000e+04 -3.984000000000000000e+03 -1.700000000000000000e+02 -1.477000000000000000e+03
-8.684000000000000000e+03 8.800000000000000000e+02 1.186800000000000000e+04 -3.968000000000000000e+03 -1.220000000000000000e+02 -1.687000000000000000e+03
-8.908000000000000000e+03 6.760000000000000000e+02 1.187600000000000000e+04 -4.016000000000000000e+03 -1.390000000000000000e+02 -1.754000000000000000e+03
-8.704000000000000000e+03 5.760000000000000000e+02 1.152400000000000000e+04 -3.968000000000000000e+03 -1.390000000000000000e+02 -1.686000000000000000e+03
-8.780000000000000000e+03 6.240000000000000000e+02 1.146400000000000000e+04 -3.952000000000000000e+03 -1.380000000000000000e+02 -1.588000000000000000e+03
-8.964000000000000000e+03 5.760000000000000000e+02 1.174800000000000000e+04 -3.984000000000000000e+03 -1.110000000000000000e+02 -1.410000000000000000e+03
-9.164000000000000000e+03 5.280000000000000000e+02 1.179600000000000000e+04 -3.968000000000000000e+03 -1.440000000000000000e+02 -1.180000000000000000e+03
-9.052000000000000000e+03 5.960000000000000000e+02 1.190800000000000000e+04 -3.968000000000000000e+03 -1.350000000000000000e+02 -9.260000000000000000e+02
-8.908000000000000000e+03 6.040000000000000000e+02 1.202400000000000000e+04 -3.968000000000000000e+03 -1.810000000000000000e+02 -6.040000000000000000e+02
-8.560000000000000000e+03 7.840000000000000000e+02 1.177600000000000000e+04 -4.016000000000000000e+03 -2.160000000000000000e+02 -2.970000000000000000e+02
-8.544000000000000000e+03 7.040000000000000000e+02 1.217600000000000000e+04 -3.984000000000000000e+03 -2.530000000000000000e+02 -1.600000000000000000e+01
-8.724000000000000000e+03 6.840000000000000000e+02 1.194000000000000000e+04 -4.000000000000000000e+03 -2.540000000000000000e+02 2.920000000000000000e+02
-8.932000000000000000e+03 6.120000000000000000e+02 1.203600000000000000e+04 -4.032000000000000000e+03 -2.800000000000000000e+02 6.110000000000000000e+02
-8.580000000000000000e+03 7.160000000000000000e+02 1.199600000000000000e+04 -3.984000000000000000e+03 -3.270000000000000000e+02 9.280000000000000000e+02
-8.400000000000000000e+03 7.440000000000000000e+02 1.214000000000000000e+04 -4.016000000000000000e+03 -3.650000000000000000e+02 1.194000000000000000e+03
-8.460000000000000000e+03 8.240000000000000000e+02 1.226800000000000000e+04 -3.984000000000000000e+03 -4.280000000000000000e+02 1.398000000000000000e+03
-8.384000000000000000e+03 7.480000000000000000e+02 1.233600000000000000e+04 -3.952000000000000000e+03 -4.740000000000000000e+02 1.555000000000000000e+03
-7.908000000000000000e+03 7.960000000000000000e+02 1.233600000000000000e+04 -3.968000000000000000e+03 -5.110000000000000000e+02 1.643000000000000000e+03
-7.744000000000000000e+03 8.600000000000000000e+02 1.237600000000000000e+04 -3.984000000000000000e+03 -5.670000000000000000e+02 1.675000000000000000e+03
-7.880000000000000000e+03 1.040000000000000000e+03 1.240800000000000000e+04 -3.968000000000000000e+03 -6.170000000000000000e+02 1.673000000000000000e+03
-7.436000000000000000e+03 1.080000000000000000e+03 1.242400000000000000e+04 -4.016000000000000000e+03 -6.430000000000000000e+02 1.661000000000000000e+03
-7.428000000000000000e+03 1.072000000000000000e+03 1.247200000000000000e+04 -4.000000000000000000e+03 -6.380000000000000000e+02 1.508000000000000000e+03
-7.420000000000000000e+03 9.760000000000000000e+02 1.238400000000000000e+04 -4.016000000000000000e+03 -6.560000000000000000e+02 1.387000000000000000e+03
-7.316000000000000000e+03 8.640000000000000000e+02 1.222800000000000000e+04 -4.016000000000000000e+03 -6.540000000000000000e+02 1.179000000000000000e+03
-7.236000000000000000e+03 6.760000000000000000e+02 1.214800000000000000e+04 -3.984000000000000000e+03 -6.260000000000000000e+02 9.370000000000000000e+02
-7.376000000000000000e+03 6.920000000000000000e+02 1.239200000000000000e+04 -3.984000000000000000e+03 -6.280000000000000000e+02 7.080000000000000000e+02
-7.560000000000000000e+03 5.040000000000000000e+02 1.216400000000000000e+04 -3.984000000000000000e+03 -6.200000000000000000e+02 4.610000000000000000e+02
-7.604000000000000000e+03 5.440000000000000000e+02 1.208400000000000000e+04 -3.984000000000000000e+03 -6.020000000000000000e+02 2.440000000000000000e+02
-7.600000000000000000e+03 7.600000000000000000e+02 1.190800000000000000e+04 -3.984000000000000000e+03 -5.740000000000000000e+02 -1.400000000000000000e+01
-7.880000000000000000e+03 7.640000000000000000e+02 1.175600000000000000e+04 -4.016000000000000000e+03 -5.620000000000000000e+02 -2.130000000000000000e+02
-7.856000000000000000e+03 5.960000000000000000e+02 1.185600000000000000e+04 -3.952000000000000000e+03 -5.370000000000000000e+02 -3.760000000000000000e+02
-7.836000000000000000e+03 5.960000000000000000e+02 1.198000000000000000e+04 -4.016000000000000000e+03 -5.050000000000000000e+02 -5.270000000000000000e+02
-7.992000000000000000e+03 4.640000000000000000e+02 1.205600000000000000e+04 -3.984000000000000000e+03 -4.790000000000000000e+02 -6.320000000000000000e+02
-8.104000000000000000e+03 3.560000000000000000e+02 1.174400000000000000e+04 -4.000000000000000000e+03 -4.490000000000000000e+02 -7.310000000000000000e+02
-8.352000000000000000e+03 4.480000000000000000e+02 1.186000000000000000e+04 -3.984000000000000000e+03 -4.400000000000000000e+02 -8.280000000000000000e+02
-8.500000000000000000e+03 3.520000000000000000e+02 1.169200000000000000e+04 -3.968000000000000000e+03 -4.190000000000000000e+02 -8.410000000000000000e+02
-8.632000000000000000e+03 3.920000000000000000e+02 1.166400000000000000e+04 -3.984000000000000000e+03 -3.880000000000000000e+02 -8.500000000000000000e+02
-8.772000000000000000e+03 3.560000000000000000e+02 1.170800000000000000e+04 -3.984000000000000000e+03 -3.720000000000000000e+02 -8.360000000000000000e+02
-8.660000000000000000e+03 3.800000000000000000e+02 1.159200000000000000e+04 -3.984000000000000000e+03 -3.370000000000000000e+02 -7.660000000000000000e+02
-8.720000000000000000e+03 2.720000000000000000e+02 1.185600000000000000e+04 -3.984000000000000000e+03 -3.060000000000000000e+02 -6.130000000000000000e+02
-8.768000000000000000e+03 4.000000000000000000e+02 1.172400000000000000e+04 -3.984000000000000000e+03 -2.850000000000000000e+02 -3.750000000000000000e+02
-8.804000000000000000e+03 1.280000000000000000e+02 1.178400000000000000e+04 -4.000000000000000000e+03 -2.580000000000000000e+02 -1.220000000000000000e+02
-8.840000000000000000e+03 2.280000000000000000e+02 1.172800000000000000e+04 -4.000000000000000000e+03 -2.480000000000000000e+02 1.510000000000000000e+02
-8.836000000000000000e+03 1.800000000000000000e+02 1.170800000000000000e+04 -3.968000000000000000e+03 -2.180000000000000000e+02 3.150000000000000000e+02
-8.644000000000000000e+03 2.760000000000000000e+02 1.186400000000000000e+04 -3.984000000000000000e+03 -1.800000000000000000e+02 4.260000000000000000e+02
-8.632000000000000000e+03 2.600000000000000000e+02 1.194800000000000000e+04 -3.984000000000000000e+03 -1.740000000000000000e+02 4.740000000000000000e+02
-8.376000000000000000e+03 2.920000000000000000e+02 1.195600000000000000e+04 -4.000000000000000000e+03 -1.870000000000000000e+02 5.240000000000000000e+02
-8.596000000000000000e+03 1.680000000000000000e+02 1.171600000000000000e+04 -4.000000000000000000e+03 -1.510000000000000000e+02 5.760000000000000000e+02
-8.464000000000000000e+03 2.520000000000000000e+02 1.168800000000000000e+04 -3.952000000000000000e+03 -1.570000000000000000e+02 6.600000000000000000e+02
-8.364000000000000000e+03 3.440000000000000000e+02 1.161200000000000000e+04 -3.984000000000000000e+03 -1.440000000000000000e+02 7.850000000000000000e+02
-8.308000000000000000e+03 3.560000000000000000e+02 1.177600000000000000e+04 -3.984000000000000000e+03 -1.630000000000000000e+02 8.430000000000000000e+02
-8.272000000000000000e+03 2.440000000000000000e+02 1.193200000000000000e+04 -4.000000000000000000e+03 -1.630000000000000000e+02 8.470000000000000000e+02
-8.056000000000000000e+03 1.880000000000000000e+02 1.207200000000000000e+04 -3.984000000000000000e+03 -1.890000000000000000e+02 7.240000000000000000e+02
-8.036000000000000000e+03 1.560000000000000000e+02 1.223200000000000000e+04 -3.984000000000000000e+03 -2.350000000000000000e+02 5.840000000000000000e+02
-7.996000000000000000e+03 2.120000000000000000e+02 1.226800000000000000e+04 -4.016000000000000000e+03 -2.250000000000000000e+02 4.180000000000000000e+02
-7.944000000000000000e+03 1.960000000000000000e+02 1.222400000000000000e+04 -3.968000000000000000e+03 -2.590000000000000000e+02 3.100000000000000000e+02
-7.964000000000000000e+03 3.680000000000000000e+02 1.193600000000000000e+04 -4.016000000000000000e+03 -2.580000000000000000e+02 1.870000000000000000e+02
-8.116000000000000000e+03 2.760000000000000000e+02 1.174000000000000000e+04 -3.968000000000000000e+03 -2.540000000000000000e+02 8.000000000000000000e+01
-8.244000000000000000e+03 2.760000000000000000e+02 1.193600000000000000e+04 -3.968000000000000000e+03 -2.770000000000000000e+02 -3.600000000000000000e+01
-8.268000000000000000e+03 1.760000000000000000e+02 1.194800000000000000e+04 -3.984000000000000000e+03 -2.710000000000000000e+02 -1.720000000000000000e+02
-8.048000000000000000e+03 2.800000000000000000e+02 1.225200000000000000e+04 -3.968000000000000000e+03 -2.700000000000000000e+02 -2.740000000000000000e+02
-8.012000000000000000e+03 2.760000000000000000e+02 1.230800000000000000e+04 -3.984000000000000000e+03 -2.350000000000000000e+02 -3.790000000000000000e+02
-7.780000000000000000e+03 3.280000000000000000e+02 1.211600000000000000e+04 -3.968000000000000000e+03 -2.250000000000000000e+02 -4.050000000000000000e+02
-8.040000000000000000e+03 2.760000000000000000e+02 1.184000000000000000e+04 -3.984000000000000000e+03 -2.200000000000000000e+02 -4.120000000000000000e+02
-8.104000000000000000e+03 3.480000000000000000e+02 1.174800000000000000e+04 -4.000000000000000000e+03 -2.000000000000000000e+02 -3.730000000000000000e+02
-8.432000000000000000e+03 2.320000000000000000e+02 1.188400000000000000e+04 -3.984000000000000000e+03 -1.880000000000000000e+02 -2.910000000000000000e+02
-8.376000000000000000e+03 4.040000000000000000e+02 1.200000000000000000e+04 -3.984000000000000000e+03 -1.920000000000000000e+02 -1.840000000000000000e+02
-8.236000000000000000e+03 2.800000000000000000e+02 1.201600000000000000e+04 -3.984000000000000000e+03 -1.930000000000000000e+02 -5.100000000000000000e+01
-8.464000000000000000e+03 3.040000000000000000e+02 1.206400000000000000e+04 -4.016000000000000000e+03 -1.970000000000000000e+02 1.330000000000000000e+02
-8.300000000000000000e+03 2.400000000000000000e+02 1.210400000000000000e+04 -3.984000000000000000e+03 -1.690000000000000000e+02 2.780000000000000000e+02
-8.324000000000000000e+03 2.720000000000000000e+02 1.195200000000000000e+04 -3.984000000000000000e+03 -1.770000000000000000e+02 5.020000000000000000e+02
