-7.472000000000000000e+03 8.840000000000000000e+02 1.272000000000000000e+04 -4.000000000000000000e+03 -4.970000000000000000e+02 9.130000000000000000e+02
-7.660000000000000000e+03 1.040000000000000000e+03 1.258000000000000000e+04 -3.984000000000000000e+03 -5.190000000000000000e+02 8.540000000000000000e+02
-7.816000000000000000e+03 1.092000000000000000e+03 1.194800000000000000e+04 -3.968000000000000000e+03 -4.940000000000000000e+02 8.110000000000000000e+02
-7.472000000000000000e+03 1.148000000000000000e+03 1.151200000000000000e+04 -3.968000000000000000e+03 -4.800000000000000000e+02 7.770000000000000000e+02
-7.380000000000000000e+03 1.220000000000000000e+03 1.161200000000000000e+04 -3.968000000000000000e+03 -4.650000000000000000e+02 8.220000000000000000e+02
-7.788000000000000000e+03 1.308000000000000000e+03 1.191200000000000000e+04 -4.000000000000000000e+03 -4.680000000000000000e+02 8.970000000000000000e+02
-8.080000000000000000e+03 1.240000000000000000e+03 1.187200000000000000e+04 -3.936000000000000000e+03 -4.660000000000000000e+02 9.530000000000000000e+02
-8.476000000000000000e+03 1.024000000000000000e+03 1.144400000000000000e+04 -3.968000000000000000e+03 -4.240000000000000000e+02 9.650000000000000000e+02
-8.440000000000000000e+03 9.840000000000000000e+02 1.154000000000000000e+04 -3.936000000000000000e+03 -4.160000000000000000e+02 9.860000000000000000e+02
-8.168000000000000000e+03 9.880000000000000000e+02 1.155600000000000000e+04 -3.968000000000000000e+03 -4.250000000000000000e+02 9.710000000000000000e+02
-8.128000000000000000e+03 9.560000000000000000e+02 1.135600000000000000e+04 -3.968000000000000000e+03 -4.330000000000000000e+02 9.980000000000000000e+02
-8.128000000000000000e+03 8.600000000000000000e+02 1.134800000000000000e+04 -3.968000000000000000e+03 -4.420000000000000000e+02 9.810000000000000000e+02
-8.552000000000000000e+03 8.760000000000000000e+02 1.131600000000000000e+04 -3.984000000000000000e+03 -4.580000000000000000e+02 1.034000000000000000e+03
-8.732000000000000000e+03 9.680000000000000000e+02 1.118400000000000000e+04 -3.984000000000000000e+03 -4.880000000000000000e+02 1.119000000000000000e+03
-8.904000000000000000e+03 8.720000000000000000e+02 1.121600000000000000e+04 -3.968000000000000000e+03 -4.990000000000000000e+02 1.220000000000000000e+03
-8.972000000000000000e+03 9.360000000000000000e+02 1.128400000000000000e+04 -3.968000000000000000e+03 -4.850000000000000000e+02 1.271000000000000000e+03
-8.968000000000000000e+03 7.080000000000000000e+02 1.126000000000000000e+04 -3.984000000000000000e+03 -4.790000000000000000e+02 1.352000000000000000e+03
-9.076000000000000000e+03 7.800000000000000000e+02 1.092400000000000000e+04 -4.000000000000000000e+03 -4.940000000000000000e+02 1.406000000000000000e+03
-9.240000000000000000e+03 8.360000000000000000e+02 1.108000000000000000e+04 -3.984000000000000000e+03 -4.990000000000000000e+02 1.428000000000000000e+03
-9.208000000000000000e+03 9.080000000000000000e+02 1.101200000000000000e+04 -3.968000000000000000e+03 -4.910000000000000000e+02 1.430000000000000000e+03
-9.260000000000000000e+03 1.008000000000000000e+03 1.082800000000000000e+04 -3.984000000000000000e+03 -4.970000000000000000e+02 1.395000000000000000e+03
-9.364000000000000000e+03 9.440000000000000000e+02 1.070400000000000000e+04 -3.968000000000000000e+03 -4.960000000000000000e+02 1.325000000000000000e+03
-9.220000000000000000e+03 8.760000000000000000e+02 1.070000000000000000e+04 -4.016000000000000000e+03 -4.960000000000000000e+02 1.251000000000000000e+03
-9.392000000000000000e+03 8.520000000000000000e+02 1.077200000000000000e+04 -3.936000000000000000e+03 -4.830000000000000000e+02 1.144000000000000000e+03
-9.596000000000000000e+03 8.640000000000000000e+02 1.088800000000000000e+04 -4.000000000000000000e+03 -5.020000000000000000e+02 1.062000000000000000e+03
-9.408000000000000000e+03 8.440000000000000000e+02 1.060800000000000000e+04 -3.952000000000000000e+03 -4.880000000000000000e+02 9.690000000000000000e+02
-9.532000000000000000e+03 8.400000000000000000e+02 1.069200000000000000e+04 -3.968000000000000000e+03 -4.930000000000000000e+02 8.390000000000000000e+02
-9.524000000000000000e+03 8.480000000000000000e+02 1.067600000000000000e+04 -3.952000000000000000e+03 -5.010000000000000000e+02 7.480000000000000000e+02
-9.744000000000000000e+03 9.800000000000000000e+02 1.024000000000000000e+04 -3.984000000000000000e+03 -5.190000000000000000e+02 6.520000000000000000e+02
-9.804000000000000000e+03 9.880000000000000000e+02 1.016000000000000000e+04 -3.968000000000000000e+03 -5.250000000000000000e+02 5.810000000000000000e+02
-9.884000000000000000e+03 8.560000000000000000e+02 9.980000000000000000e+03 -4.000000000000000000e+03 -4.990000000000000000e+02 5.800000000000000000e+02
-1.008400000000000000e+04 9.680000000000000000e+02 1.012400000000000000e+04 -4.000000000000000000e+03 -4.860000000000000000e+02 5.320000000000000000e+02
-9.892000000000000000e+03 7.880000000000000000e+02 1.025200000000000000e+04 -3.984000000000000000e+03 -5.030000000000000000e+02 5.430000000000000000e+02
-1.003600000000000000e+04 7.360000000000000000e+02 1.034000000000000000e+04 -4.000000000000000000e+03 -5.230000000000000000e+02 4.590000000000000000e+02
-1.000800000000000000e+04 6.760000000000000000e+02 1.036000000000000000e+04 -3.952000000000000000e+03 -4.680000000000000000e+02 4.330000000000000000e+02
-9.956000000000000000e+03 8.160000000000000000e+02 1.032000000000000000e+04 -3.968000000000000000e+03 -4.770000000000000000e+02 3.130000000000000000e+02
-1.009600000000000000e+04 8.120000000000000000e+02 9.736000000000000000e+03 -4.000000000000000000e+03 -4.500000000000000000e+02 2.770000000000000000e+02
-1.022800000000000000e+04 8.000000000000000000e+02 9.812000000000000000e+03 -3.968000000000000000e+03 -4.590000000000000000e+02 1.970000000000000000e+02
-1.007200000000000000e+04 7.400000000000000000e+02 9.900000000000000000e+03 -3.968000000000000000e+03 -4.490000000000000000e+02 1.410000000000000000e+02
-1.038400000000000000e+04 6.200000000000000000e+02 9.560000000000000000e+03 -3.984000000000000000e+03 -4.370000000000000000e+02 1.050000000000000000e+02
-1.058000000000000000e+04 8.200000000000000000e+02 9.632000000000000000e+03 -3.968000000000000000e+03 -4.600000000000000000e+02 1.040000000000000000e+02
-1.093600000000000000e+04 8.720000000000000000e+02 9.812000000000000000e+03 -3.984000000000000000e+03 -4.780000000000000000e+02 1.680000000000000000e+02
-1.099200000000000000e+04 9.040000000000000000e+02 9.732000000000000000e+03 -3.968000000000000000e+03 -4.540000000000000000e+02 1.810000000000000000e+02
-1.098800000000000000e+04 9.320000000000000000e+02 9.992000000000000000e+03 -3.984000000000000000e+03 -4.650000000000000000e+02 1.800000000000000000e+02
-1.113200000000000000e+04 9.320000000000000000e+02 9.804000000000000000e+03 -3.984000000000000000e+03 -4.440000000000000000e+02 1.100000000000000000e+02
-1.139600000000000000e+04 8.400000000000000000e+02 9.740000000000000000e+03 -3.984000000000000000e+03 -4.200000000000000000e+02 -4.800000000000000000e+01
-1.107600000000000000e+04 8.600000000000000000e+02 9.552000000000000000e+03 -3.968000000000000000e+03 -4.390000000000000000e+02 -1.720000000000000000e+02
-1.116800000000000000e+04 7.160000000000000000e+02 9.500000000000000000e+03 -3.984000000000000000e+03 -4.360000000000000000e+02 -2.680000000000000000e+02
-1.124400000000000000e+04 6.880000000000000000e+02 9.444000000000000000e+03 -3.968000000000000000e+03 -4.130000000000000000e+02 -4.100000000000000000e+02
-1.094800000000000000e+04 6.040000000000000000e+02 9.412000000000000000e+03 -3.984000000000000000e+03 -3.770000000000000000e+02 -5.190000000000000000e+02
-1.104400000000000000e+04 5.440000000000000000e+02 9.572000000000000000e+03 -3.968000000000000000e+03 -3.700000000000000000e+02 -6.340000000000000000e+02
-1.096800000000000000e+04 6.520000000000000000e+02 9.628000000000000000e+03 -3.984000000000000000e+03 -2.980000000000000000e+02 -7.430000000000000000e+02
-1.145600000000000000e+04 8.120000000000000000e+02 9.744000000000000000e+03 -3.984000000000000000e+03 -2.900000000000000000e+02 -9.120000000000000000e+02
-1.128800000000000000e+04 7.320000000000000000e+02 9.408000000000000000e+03 -3.984000000000000000e+03 -2.690000000000000000e+02 -1.149000000000000000e+03
-1.130800000000000000e+04 7.720000000000000000e+02 9.132000000000000000e+03 -3.968000000000000000e+03 -2.250000000000000000e+02 -1.360000000000000000e+03
-1.143200000000000000e+04 5.840000000000000000e+02 9.192000000000000000e+03 -3.952000000000000000e+03 -2.020000000000000000e+02 -1.575000000000000000e+03
-1.146400000000000000e+04 5.640000000000000000e+02 9.148000000000000000e+03 -3.968000000000000000e+03 -1.740000000000000000e+02 -1.712000000000000000e+03
-1.138000000000000000e+04 4.640000000000000000e+02 9.364000000000000000e+03 -3.952000000000000000e+03 -1.120000000000000000e+02 -1.847000000000000000e+03
-1.147600000000000000e+04 5.480000000000000000e+02 9.764000000000000000e+03 -4.000000000000000000e+03 -5.000000000000000000e+01 -1.948000000000000000e+03
-1.163200000000000000e+04 4.920000000000000000e+02 9.708000000000000000e+03 -3.952000000000000000e+03 -2.700000000000000000e+01 -2.134000000000000000e+03
-1.143600000000000000e+04 4.560000000000000000e+02 9.444000000000000000e+03 -3.936000000000000000e+03 1.500000000000000000e+01 -2.292000000000000000e+03
-1.110800000000000000e+04 4.480000000000000000e+02 9.664000000000000000e+03 -3.968000000000000000e+03 6.800000000000000000e+01 -2.532000000000000000e+03
-1.099600000000000000e+04 4.920000000000000000e+02 9.640000000000000000e+03 -3.984000000000000000e+03 6.900000000000000000e+01 -2.794000000000000000e+03
-1.114400000000000000e+04 4.720000000000000000e+02 9.460000000000000000e+03 -3.952000000000000000e+03 9.500000000000000000e+01 -2.952000000000000000e+03
