-6.520000000000000000e+03 9.120000000000000000e+02 1.310800000000000000e+04 -3.984000000000000000e+03 -2.720000000000000000e+02 2.970000000000000000e+02
7.840000000000000000e+02 6.520000000000000000e+02 1.303600000000000000e+04 -3.984000000000000000e+03 -2.700000000000000000e+02 4.000000000000000000e+02
-6.532000000000000000e+03 6.640000000000000000e+02 1.311600000000000000e+04 -3.968000000000000000e+03 -2.640000000000000000e+02 5.120000000000000000e+02
-6.524000000000000000e+03 6.520000000000000000e+02 1.304800000000000000e+04 -4.000000000000000000e+03 -2.870000000000000000e+02 5.750000000000000000e+02
-6.520000000000000000e+03 7.760000000000000000e+02 1.276400000000000000e+04 -3.984000000000000000e+03 -2.860000000000000000e+02 6.230000000000000000e+02
-6.580000000000000000e+03 8.160000000000000000e+02 1.297600000000000000e+04 -3.984000000000000000e+03 -2.960000000000000000e+02 5.910000000000000000e+02
-6.512000000000000000e+03 7.760000000000000000e+02 1.305200000000000000e+04 -3.984000000000000000e+03 -3.050000000000000000e+02 5.770000000000000000e+02
-6.360000000000000000e+03 7.520000000000000000e+02 1.326400000000000000e+04 -4.000000000000000000e+03 -3.350000000000000000e+02 5.790000000000000000e+02
-6.452000000000000000e+03 8.240000000000000000e+02 1.321600000000000000e+04 -4.000000000000000000e+03 -3.330000000000000000e+02 6.180000000000000000e+02
-6.220000000000000000e+03 9.040000000000000000e+02 1.324400000000000000e+04 -4.016000000000000000e+03 -3.660000000000000000e+02 5.760000000000000000e+02
-6.152000000000000000e+03 8.560000000000000000e+02 1.314800000000000000e+04 -3.952000000000000000e+03 -3.720000000000000000e+02 5.460000000000000000e+02
-5.932000000000000000e+03 9.440000000000000000e+02 1.298000000000000000e+04 -3.968000000000000000e+03 -3.870000000000000000e+02 4.960000000000000000e+02
-5.868000000000000000e+03 9.720000000000000000e+02 1.332400000000000000e+04 -3.984000000000000000e+03 -3.750000000000000000e+02 4.220000000000000000e+02
-5.968000000000000000e+03 9.440000000000000000e+02 1.310800000000000000e+04 -3.984000000000000000e+03 -4.030000000000000000e+02 3.270000000000000000e+02
-5.972000000000000000e+03 8.440000000000000000e+02 1.320000000000000000e+04 -3.968000000000000000e+03 -3.820000000000000000e+02 2.110000000000000000e+02
-5.940000000000000000e+03 8.880000000000000000e+02 1.304800000000000000e+04 -3.984000000000000000e+03 -3.570000000000000000e+02 1.540000000000000000e+02
-5.856000000000000000e+03 8.960000000000000000e+02 1.326000000000000000e+04 -3.968000000000000000e+03 -3.670000000000000000e+02 8.200000000000000000e+01
-5.692000000000000000e+03 9.880000000000000000e+02 1.323200000000000000e+04 -4.016000000000000000e+03 -3.560000000000000000e+02 2.400000000000000000e+01
-5.804000000000000000e+03 9.280000000000000000e+02 1.338800000000000000e+04 -4.000000000000000000e+03 -3.250000000000000000e+02 5.200000000000000000e+01
-5.700000000000000000e+03 9.000000000000000000e+02 1.329600000000000000e+04 -4.016000000000000000e+03 -3.120000000000000000e+02 1.500000000000000000e+01
-5.896000000000000000e+03 8.600000000000000000e+02 1.308400000000000000e+04 -3.984000000000000000e+03 -3.070000000000000000e+02 2.600000000000000000e+01
-5.688000000000000000e+03 8.880000000000000000e+02 1.310000000000000000e+04 -3.984000000000000000e+03 -2.640000000000000000e+02 -3.900000000000000000e+01
-5.860000000000000000e+03 9.640000000000000000e+02 1.312800000000000000e+04 -3.968000000000000000e+03 -2.420000000000000000e+02 -5.800000000000000000e+01
-6.004000000000000000e+03 9.040000000000000000e+02 1.302000000000000000e+04 -3.984000000000000000e+03 -2.110000000000000000e+02 -6.600000000000000000e+01
-5.964000000000000000e+03 9.440000000000000000e+02 1.296000000000000000e+04 -3.968000000000000000e+03 -2.230000000000000000e+02 -6.300000000000000000e+01
-6.116000000000000000e+03 7.520000000000000000e+02 1.321200000000000000e+04 -3.984000000000000000e+03 -2.130000000000000000e+02 -3.500000000000000000e+01
-5.984000000000000000e+03 8.920000000000000000e+02 1.304400000000000000e+04 -4.000000000000000000e+03 -2.230000000000000000e+02 3.400000000000000000e+01
-5.920000000000000000e+03 7.080000000000000000e+02 1.316400000000000000e+04 -3.984000000000000000e+03 -1.980000000000000000e+02 7.700000000000000000e+01
-6.088000000000000000e+03 8.320000000000000000e+02 1.304400000000000000e+04 -3.984000000000000000e+03 -1.940000000000000000e+02 1.820000000000000000e+02
-6.096000000000000000e+03 7.280000000000000000e+02 1.312400000000000000e+04 -3.968000000000000000e+03 -2.090000000000000000e+02 2.480000000000000000e+02
-6.292000000000000000e+03 7.640000000000000000e+02 1.306800000000000000e+04 -3.952000000000000000e+03 -1.990000000000000000e+02 3.350000000000000000e+02
-6.220000000000000000e+03 8.600000000000000000e+02 1.300000000000000000e+04 -3.984000000000000000e+03 -2.100000000000000000e+02 3.840000000000000000e+02
-6.228000000000000000e+03 8.720000000000000000e+02 1.300400000000000000e+04 -3.984000000000000000e+03 -2.350000000000000000e+02 4.380000000000000000e+02
-6.240000000000000000e+03 8.440000000000000000e+02 1.290800000000000000e+04 -3.984000000000000000e+03 -2.400000000000000000e+02 4.950000000000000000e+02
-6.320000000000000000e+03 8.080000000000000000e+02 1.309200000000000000e+04 -3.984000000000000000e+03 -2.620000000000000000e+02 5.350000000000000000e+02
-6.292000000000000000e+03 7.960000000000000000e+02 1.317200000000000000e+04 -3.984000000000000000e+03 -2.610000000000000000e+02 5.600000000000000000e+02
-6.148000000000000000e+03 8.520000000000000000e+02 1.306000000000000000e+04 -3.936000000000000000e+03 -2.670000000000000000e+02 5.510000000000000000e+02
-6.236000000000000000e+03 8.680000000000000000e+02 1.321600000000000000e+04 -3.984000000000000000e+03 -2.720000000000000000e+02 5.420000000000000000e+02
-6.180000000000000000e+03 8.640000000000000000e+02 1.318400000000000000e+04 -3.984000000000000000e+03 -2.760000000000000000e+02 5.170000000000000000e+02
-6.112000000000000000e+03 8.320000000000000000e+02 1.310400000000000000e+04 -3.968000000000000000e+03 -2.810000000000000000e+02 4.650000000000000000e+02
-6.172000000000000000e+03 8.080000000000000000e+02 1.296400000000000000e+04 -4.000000000000000000e+03 -3.010000000000000000e+02 4.460000000000000000e+02
-6.020000000000000000e+03 8.800000000000000000e+02 1.301200000000000000e+04 -3.920000000000000000e+03 -2.860000000000000000e+02 3.840000000000000000e+02
-6.252000000000000000e+03 8.000000000000000000e+02 1.300800000000000000e+04 -3.984000000000000000e+03 -2.970000000000000000e+02 4.660000000000000000e+02
-6.164000000000000000e+03 8.200000000000000000e+02 1.316000000000000000e+04 -3.968000000000000000e+03 -2.900000000000000000e+02 5.300000000000000000e+02
-6.192000000000000000e+03 7.160000000000000000e+02 1.308800000000000000e+04 -3.984000000000000000e+03 -2.870000000000000000e+02 5.830000000000000000e+02
-6.140000000000000000e+03 8.400000000000000000e+02 1.312400000000000000e+04 -3.968000000000000000e+03 -3.020000000000000000e+02 6.650000000000000000e+02
-6.108000000000000000e+03 8.320000000000000000e+02 1.306400000000000000e+04 -3.952000000000000000e+03 -2.790000000000000000e+02 6.640000000000000000e+02
-6.000000000000000000e+03 7.400000000000000000e+02 1.315200000000000000e+04 -3.968000000000000000e+03 -2.580000000000000000e+02 6.450000000000000000e+02
-6.072000000000000000e+03 8.160000000000000000e+02 1.316000000000000000e+04 -3.952000000000000000e+03 -2.510000000000000000e+02 5.410000000000000000e+02
-5.964000000000000000e+03 8.200000000000000000e+02 1.309200000000000000e+04 -3.968000000000000000e+03 -2.420000000000000000e+02 4.010000000000000000e+02
-6.064000000000000000e+03 8.640000000000000000e+02 1.303600000000000000e+04 -3.984000000000000000e+03 -2.110000000000000000e+02 2.490000000000000000e+02
-6.132000000000000000e+03 8.720000000000000000e+02 1.300000000000000000e+04 -3.968000000000000000e+03 -2.270000000000000000e+02 1.230000000000000000e+02
-6.108000000000000000e+03 7.400000000000000000e+02 1.307600000000000000e+04 -3.984000000000000000e+03 -2.010000000000000000e+02 8.000000000000000000e+00
-6.184000000000000000e+03 8.760000000000000000e+02 1.300800000000000000e+04 -3.936000000000000000e+03 -1.970000000000000000e+02 -4.600000000000000000e+01
-6.116000000000000000e+03 6.280000000000000000e+02 1.282000000000000000e+04 -3.984000000000000000e+03 -1.590000000000000000e+02 -1.230000000000000000e+02
-6.204000000000000000e+03 7.920000000000000000e+02 1.273600000000000000e+04 -3.984000000000000000e+03 -1.500000000000000000e+02 -1.970000000000000000e+02
-6.316000000000000000e+03 7.760000000000000000e+02 1.294800000000000000e+04 -3.952000000000000000e+03 -9.500000000000000000e+01 -2.040000000000000000e+02
-6.284000000000000000e+03 7.360000000000000000e+02 1.309600000000000000e+04 -3.968000000000000000e+03 -5.500000000000000000e+01 -1.940000000000000000e+02
-6.288000000000000000e+03 8.000000000000000000e+02 1.288800000000000000e+04 -3.984000000000000000e+03 -4.800000000000000000e+01 -1.590000000000000000e+02
-6.252000000000000000e+03 6.680000000000000000e+02 1.268000000000000000e+04 -3.984000000000000000e+03 -3.700000000000000000e+01 -1.540000000000000000e+02
-6.188000000000000000e+03 6.920000000000000000e+02 1.278000000000000000e+04 -3.968000000000000000e+03 -1.900000000000000000e+01 -1.160000000000000000e+02
-6.384000000000000000e+03 6.840000000000000000e+02 1.262400000000000000e+04 -3.984000000000000000e+03 -1.600000000000000000e+01 -1.050000000000000000e+02
-6.556000000000000000e+03 7.160000000000000000e+02 1.271600000000000000e+04 -4.016000000000000000e+03 -1.100000000000000000e+01 -1.080000000000000000e+02
-6.712000000000000000e+03 6.560000000000000000e+02 1.297600000000000000e+04 -3.952000000000000000e+03 2.000000000000000000e+00 -1.160000000000000000e+02
-6.540000000000000000e+03 6.240000000000000000e+02 1.304400000000000000e+04 -3.984000000000000000e+03 -1.000000000000000000e+01 -1.110000000000000000e+02
