-1.312000000000000000e+03 1.672000000000000000e+03 1.439600000000000000e+04 -4.112000000000000000e+03 -3.540000000000000000e+02 2.790000000000000000e+02
-1.316000000000000000e+03 1.688000000000000000e+03 1.442800000000000000e+04 -4.112000000000000000e+03 -3.320000000000000000e+02 8.700000000000000000e+01
-1.368000000000000000e+03 1.592000000000000000e+03 1.448000000000000000e+04 -4.112000000000000000e+03 -2.660000000000000000e+02 -1.320000000000000000e+02
-1.228000000000000000e+03 1.636000000000000000e+03 1.436400000000000000e+04 -4.112000000000000000e+03 -2.540000000000000000e+02 -3.230000000000000000e+02
-1.448000000000000000e+03 1.692000000000000000e+03 1.445200000000000000e+04 -4.144000000000000000e+03 -2.350000000000000000e+02 -4.380000000000000000e+02
-1.684000000000000000e+03 1.756000000000000000e+03 1.424000000000000000e+04 -4.160000000000000000e+03 -2.310000000000000000e+02 -4.720000000000000000e+02
-1.648000000000000000e+03 1.836000000000000000e+03 1.432800000000000000e+04 -4.160000000000000000e+03 -2.250000000000000000e+02 -4.120000000000000000e+02
-1.396000000000000000e+03 1.704000000000000000e+03 1.447200000000000000e+04 -4.112000000000000000e+03 -2.080000000000000000e+02 -3.270000000000000000e+02
-1.388000000000000000e+03 1.616000000000000000e+03 1.446000000000000000e+04 -4.144000000000000000e+03 -2.260000000000000000e+02 -6.500000000000000000e+01
-1.324000000000000000e+03 1.632000000000000000e+03 1.442800000000000000e+04 -4.096000000000000000e+03 -2.440000000000000000e+02 4.000000000000000000e+01
-1.020000000000000000e+03 1.664000000000000000e+03 1.445600000000000000e+04 -4.128000000000000000e+03 -2.750000000000000000e+02 2.390000000000000000e+02
-1.260000000000000000e+03 1.636000000000000000e+03 1.437600000000000000e+04 -4.128000000000000000e+03 -2.860000000000000000e+02 4.310000000000000000e+02
-1.232000000000000000e+03 1.592000000000000000e+03 1.438800000000000000e+04 -4.160000000000000000e+03 -3.060000000000000000e+02 5.810000000000000000e+02
-1.300000000000000000e+03 1.604000000000000000e+03 1.428000000000000000e+04 -4.112000000000000000e+03 -3.250000000000000000e+02 6.440000000000000000e+02
-1.480000000000000000e+03 1.636000000000000000e+03 1.422400000000000000e+04 -4.144000000000000000e+03 -3.170000000000000000e+02 5.980000000000000000e+02
-1.608000000000000000e+03 1.692000000000000000e+03 1.442000000000000000e+04 -4.128000000000000000e+03 -3.120000000000000000e+02 4.520000000000000000e+02
-1.668000000000000000e+03 1.716000000000000000e+03 1.417200000000000000e+04 -4.128000000000000000e+03 -2.540000000000000000e+02 2.620000000000000000e+02
-1.612000000000000000e+03 1.796000000000000000e+03 1.440800000000000000e+04 -4.128000000000000000e+03 -2.410000000000000000e+02 1.280000000000000000e+02
-1.696000000000000000e+03 1.760000000000000000e+03 1.418800000000000000e+04 -4.128000000000000000e+03 -2.210000000000000000e+02 2.200000000000000000e+01
-1.724000000000000000e+03 1.712000000000000000e+03 1.438800000000000000e+04 -4.160000000000000000e+03 -2.080000000000000000e+02 -4.600000000000000000e+01
-1.568000000000000000e+03 1.792000000000000000e+03 1.434800000000000000e+04 -4.080000000000000000e+03 -2.280000000000000000e+02 -1.010000000000000000e+02
-1.468000000000000000e+03 1.684000000000000000e+03 1.436000000000000000e+04 -4.112000000000000000e+03 -2.070000000000000000e+02 -6.700000000000000000e+01
-1.060000000000000000e+03 1.684000000000000000e+03 1.450400000000000000e+04 -4.128000000000000000e+03 -2.080000000000000000e+02 -8.500000000000000000e+01
-1.172000000000000000e+03 1.620000000000000000e+03 1.425600000000000000e+04 -4.128000000000000000e+03 -2.240000000000000000e+02 -6.000000000000000000e+00
-1.288000000000000000e+03 1.712000000000000000e+03 1.436800000000000000e+04 -4.128000000000000000e+03 -2.510000000000000000e+02 7.000000000000000000e+01
-1.264000000000000000e+03 1.724000000000000000e+03 1.434800000000000000e+04 -4.096000000000000000e+03 -2.340000000000000000e+02 2.410000000000000000e+02
-1.368000000000000000e+03 1.724000000000000000e+03 1.452000000000000000e+04 -4.112000000000000000e+03 -2.680000000000000000e+02 3.690000000000000000e+02
-1.480000000000000000e+03 1.752000000000000000e+03 1.442000000000000000e+04 -4.112000000000000000e+03 -2.890000000000000000e+02 4.150000000000000000e+02
-1.476000000000000000e+03 1.720000000000000000e+03 1.451200000000000000e+04 -4.112000000000000000e+03 -3.160000000000000000e+02 4.420000000000000000e+02
-1.596000000000000000e+03 1.744000000000000000e+03 1.431200000000000000e+04 -4.128000000000000000e+03 -3.240000000000000000e+02 3.830000000000000000e+02
-1.488000000000000000e+03 1.720000000000000000e+03 1.454400000000000000e+04 -4.128000000000000000e+03 -3.080000000000000000e+02 2.470000000000000000e+02
-1.448000000000000000e+03 1.660000000000000000e+03 1.432400000000000000e+04 -4.128000000000000000e+03 -3.200000000000000000e+02 1.490000000000000000e+02
-1.380000000000000000e+03 1.720000000000000000e+03 1.446800000000000000e+04 -4.128000000000000000e+03 -3.160000000000000000e+02 1.400000000000000000e+01
-1.524000000000000000e+03 1.704000000000000000e+03 1.445200000000000000e+04 -4.128000000000000000e+03 -2.660000000000000000e+02 -1.140000000000000000e+02
-1.436000000000000000e+03 1.636000000000000000e+03 1.419600000000000000e+04 -4.096000000000000000e+03 -2.520000000000000000e+02 -1.550000000000000000e+02
-1.500000000000000000e+03 1.708000000000000000e+03 1.434000000000000000e+04 -4.144000000000000000e+03 -2.490000000000000000e+02 -1.270000000000000000e+02
-1.416000000000000000e+03 1.728000000000000000e+03 1.441200000000000000e+04 -4.128000000000000000e+03 -2.580000000000000000e+02 -7.200000000000000000e+01
-1.276000000000000000e+03 1.796000000000000000e+03 1.452400000000000000e+04 -4.112000000000000000e+03 -2.450000000000000000e+02 2.500000000000000000e+01
-1.268000000000000000e+03 1.812000000000000000e+03 1.443200000000000000e+04 -4.112000000000000000e+03 -2.600000000000000000e+02 1.240000000000000000e+02
-1.224000000000000000e+03 1.792000000000000000e+03 1.428000000000000000e+04 -4.128000000000000000e+03 -2.440000000000000000e+02 2.010000000000000000e+02
-1.244000000000000000e+03 1.672000000000000000e+03 1.442400000000000000e+04 -4.144000000000000000e+03 -2.440000000000000000e+02 2.740000000000000000e+02
-1.312000000000000000e+03 1.692000000000000000e+03 1.426000000000000000e+04 -4.160000000000000000e+03 -2.610000000000000000e+02 3.160000000000000000e+02
-1.160000000000000000e+03 1.688000000000000000e+03 1.434400000000000000e+04 -4.144000000000000000e+03 -2.740000000000000000e+02 3.400000000000000000e+02
-1.352000000000000000e+03 1.764000000000000000e+03 1.445200000000000000e+04 -4.160000000000000000e+03 -2.760000000000000000e+02 3.730000000000000000e+02
-1.644000000000000000e+03 1.780000000000000000e+03 1.432800000000000000e+04 -4.144000000000000000e+03 -2.940000000000000000e+02 3.320000000000000000e+02
-1.824000000000000000e+03 1.684000000000000000e+03 1.422800000000000000e+04 -4.144000000000000000e+03 -2.780000000000000000e+02 2.380000000000000000e+02
-1.612000000000000000e+03 1.732000000000000000e+03 1.433200000000000000e+04 -4.144000000000000000e+03 -2.710000000000000000e+02 2.320000000000000000e+02
-1.484000000000000000e+03 1.664000000000000000e+03 1.440800000000000000e+04 -4.112000000000000000e+03 -2.830000000000000000e+02 1.650000000000000000e+02
-1.316000000000000000e+03 1.768000000000000000e+03 1.442800000000000000e+04 -4.112000000000000000e+03 -2.450000000000000000e+02 8.800000000000000000e+01
-1.332000000000000000e+03 1.620000000000000000e+03 1.446800000000000000e+04 -4.080000000000000000e+03 -2.480000000000000000e+02 8.100000000000000000e+01
-1.196000000000000000e+03 1.852000000000000000e+03 1.429200000000000000e+04 -4.096000000000000000e+03 -2.220000000000000000e+02 1.150000000000000000e+02
-1.276000000000000000e+03 1.756000000000000000e+03 1.438000000000000000e+04 -4.128000000000000000e+03 -2.070000000000000000e+02 1.550000000000000000e+02
-1.204000000000000000e+03 1.808000000000000000e+03 1.447600000000000000e+04 -4.112000000000000000e+03 -2.590000000000000000e+02 1.970000000000000000e+02
-1.308000000000000000e+03 1.772000000000000000e+03 1.439200000000000000e+04 -4.128000000000000000e+03 -2.530000000000000000e+02 3.010000000000000000e+02
-1.416000000000000000e+03 1.688000000000000000e+03 1.452800000000000000e+04 -4.128000000000000000e+03 -2.570000000000000000e+02 3.240000000000000000e+02
-1.252000000000000000e+03 1.716000000000000000e+03 1.430800000000000000e+04 -4.112000000000000000e+03 -2.770000000000000000e+02 3.700000000000000000e+02
-1.300000000000000000e+03 1.700000000000000000e+03 1.435200000000000000e+04 -4.096000000000000000e+03 -2.970000000000000000e+02 3.010000000000000000e+02
-1.328000000000000000e+03 1.624000000000000000e+03 1.430000000000000000e+04 -4.144000000000000000e+03 -3.010000000000000000e+02 2.430000000000000000e+02
-1.336000000000000000e+03 1.728000000000000000e+03 1.440000000000000000e+04 -4.128000000000000000e+03 -3.000000000000000000e+02 1.650000000000000000e+02
-1.336000000000000000e+03 1.744000000000000000e+03 1.434000000000000000e+04 -4.112000000000000000e+03 -2.780000000000000000e+02 9.500000000000000000e+01
-1.516000000000000000e+03 1.808000000000000000e+03 1.421200000000000000e+04 -4.144000000000000000e+03 -2.520000000000000000e+02 4.000000000000000000e+01
-1.392000000000000000e+03 1.800000000000000000e+03 1.417200000000000000e+04 -4.144000000000000000e+03 -2.890000000000000000e+02 4.800000000000000000e+01
-1.332000000000000000e+03 1.796000000000000000e+03 1.447200000000000000e+04 -4.144000000000000000e+03 -2.920000000000000000e+02 4.000000000000000000e+01
-1.352000000000000000e+03 1.800000000000000000e+03 1.462000000000000000e+04 -4.128000000000000000e+03 -2.760000000000000000e+02 8.600000000000000000e+01
-1.216000000000000000e+03 1.820000000000000000e+03 1.447200000000000000e+04 -4.144000000000000000e+03 -2.820000000000000000e+02 9.800000000000000000e+01
-1.204000000000000000e+03 1.832000000000000000e+03 1.430000000000000000e+04 -4.144000000000000000e+03 -2.640000000000000000e+02 1.870000000000000000e+02
-1.392000000000000000e+03 1.692000000000000000e+03 1.443600000000000000e+04 -4.128000000000000000e+03 -2.880000000000000000e+02 1.990000000000000000e+02
-1.260000000000000000e+03 1.684000000000000000e+03 1.442000000000000000e+04 -4.144000000000000000e+03 -2.870000000000000000e+02 2.380000000000000000e+02
-1.304000000000000000e+03 1.712000000000000000e+03 1.446000000000000000e+04 -4.128000000000000000e+03 -3.140000000000000000e+02 2.520000000000000000e+02
-1.376000000000000000e+03 1.772000000000000000e+03 1.440800000000000000e+04 -4.096000000000000000e+03 -3.210000000000000000e+02 2.310000000000000000e+02
-1.472000000000000000e+03 1.776000000000000000e+03 1.438800000000000000e+04 -4.096000000000000000e+03 -2.890000000000000000e+02 1.980000000000000000e+02
