2.588000000000000000e+03 2.532000000000000000e+03 1.436400000000000000e+04 -4.160000000000000000e+03 -2.940000000000000000e+02 1.500000000000000000e+02
2.176000000000000000e+03 2.208000000000000000e+03 1.438000000000000000e+04 -4.176000000000000000e+03 -2.420000000000000000e+02 7.000000000000000000e+01
2.144000000000000000e+03 1.776000000000000000e+03 1.441200000000000000e+04 -4.192000000000000000e+03 -2.750000000000000000e+02 4.200000000000000000e+01
2.096000000000000000e+03 1.708000000000000000e+03 1.458800000000000000e+04 -4.144000000000000000e+03 -2.780000000000000000e+02 4.500000000000000000e+01
1.984000000000000000e+03 1.880000000000000000e+03 1.440400000000000000e+04 -4.192000000000000000e+03 -2.660000000000000000e+02 5.700000000000000000e+01
1.928000000000000000e+03 2.312000000000000000e+03 1.453200000000000000e+04 -4.160000000000000000e+03 -2.920000000000000000e+02 1.290000000000000000e+02
1.804000000000000000e+03 2.584000000000000000e+03 1.444800000000000000e+04 -4.208000000000000000e+03 -2.820000000000000000e+02 2.250000000000000000e+02
1.764000000000000000e+03 2.640000000000000000e+03 1.448000000000000000e+04 -4.160000000000000000e+03 -2.680000000000000000e+02 2.690000000000000000e+02
1.816000000000000000e+03 2.376000000000000000e+03 1.428400000000000000e+04 -4.176000000000000000e+03 -2.850000000000000000e+02 3.680000000000000000e+02
1.572000000000000000e+03 2.160000000000000000e+03 1.457200000000000000e+04 -4.160000000000000000e+03 -2.670000000000000000e+02 4.510000000000000000e+02
1.520000000000000000e+03 2.076000000000000000e+03 1.446800000000000000e+04 -4.192000000000000000e+03 -2.530000000000000000e+02 4.850000000000000000e+02
1.504000000000000000e+03 1.976000000000000000e+03 1.438400000000000000e+04 -4.144000000000000000e+03 -2.760000000000000000e+02 4.750000000000000000e+02
1.688000000000000000e+03 2.280000000000000000e+03 1.433200000000000000e+04 -4.176000000000000000e+03 -2.540000000000000000e+02 4.920000000000000000e+02
1.448000000000000000e+03 2.416000000000000000e+03 1.447200000000000000e+04 -4.176000000000000000e+03 -2.590000000000000000e+02 5.250000000000000000e+02
1.644000000000000000e+03 2.408000000000000000e+03 1.438800000000000000e+04 -4.192000000000000000e+03 -2.770000000000000000e+02 5.100000000000000000e+02
1.744000000000000000e+03 2.340000000000000000e+03 1.435600000000000000e+04 -4.160000000000000000e+03 -2.450000000000000000e+02 4.720000000000000000e+02
1.724000000000000000e+03 2.212000000000000000e+03 1.441600000000000000e+04 -4.176000000000000000e+03 -2.550000000000000000e+02 3.490000000000000000e+02
1.636000000000000000e+03 1.980000000000000000e+03 1.432000000000000000e+04 -4.192000000000000000e+03 -2.490000000000000000e+02 7.160000000000000000e+02
1.528000000000000000e+03 1.996000000000000000e+03 1.455600000000000000e+04 -4.176000000000000000e+03 -2.360000000000000000e+02 -1.500000000000000000e+02
1.700000000000000000e+03 2.188000000000000000e+03 1.438400000000000000e+04 -4.192000000000000000e+03 -4.400000000000000000e+01 1.560000000000000000e+02
1.880000000000000000e+03 2.276000000000000000e+03 1.446800000000000000e+04 -4.176000000000000000e+03 1.310000000000000000e+03 1.080000000000000000e+02
1.816000000000000000e+03 2.356000000000000000e+03 1.452800000000000000e+04 -4.176000000000000000e+03 -6.720000000000000000e+02 -2.770000000000000000e+02
1.892000000000000000e+03 2.348000000000000000e+03 1.431600000000000000e+04 -4.192000000000000000e+03 1.620000000000000000e+03 -2.350000000000000000e+02
1.976000000000000000e+03 2.240000000000000000e+03 1.440400000000000000e+04 -4.176000000000000000e+03 -1.122000000000000000e+03 2.260000000000000000e+02
1.688000000000000000e+03 2.200000000000000000e+03 1.432000000000000000e+04 -4.192000000000000000e+03 -1.019000000000000000e+03 5.430000000000000000e+02
1.620000000000000000e+03 2.128000000000000000e+03 1.438000000000000000e+04 -4.160000000000000000e+03 -1.260000000000000000e+03 8.470000000000000000e+02
1.736000000000000000e+03 2.132000000000000000e+03 1.440800000000000000e+04 -4.192000000000000000e+03 -1.307000000000000000e+03 1.272000000000000000e+03
1.772000000000000000e+03 2.244000000000000000e+03 1.506000000000000000e+04 -4.176000000000000000e+03 -1.348000000000000000e+03 1.472000000000000000e+03
1.524000000000000000e+03 2.236000000000000000e+03 8.296000000000000000e+03 -4.176000000000000000e+03 -1.364000000000000000e+03 1.493000000000000000e+03
1.536000000000000000e+03 2.204000000000000000e+03 1.477200000000000000e+04 -4.176000000000000000e+03 -1.357000000000000000e+03 1.536000000000000000e+03
1.392000000000000000e+03 2.532000000000000000e+03 2.076800000000000000e+04 -4.160000000000000000e+03 -1.037000000000000000e+03 1.676000000000000000e+03
1.248000000000000000e+03 3.200000000000000000e+01 2.426800000000000000e+04 -4.160000000000000000e+03 -7.550000000000000000e+02 1.782000000000000000e+03
1.848000000000000000e+03 8.212000000000000000e+03 2.289600000000000000e+04 -4.160000000000000000e+03 -5.190000000000000000e+02 1.728000000000000000e+03
6.980000000000000000e+03 5.684000000000000000e+03 2.172400000000000000e+04 -4.160000000000000000e+03 -1.970000000000000000e+02 1.953000000000000000e+03
1.950400000000000000e+04 3.472000000000000000e+03 2.075600000000000000e+04 -4.192000000000000000e+03 5.600000000000000000e+01 5.825000000000000000e+03
5.020000000000000000e+03 3.396000000000000000e+03 2.006400000000000000e+04 -4.144000000000000000e+03 2.590000000000000000e+02 -1.698000000000000000e+03
1.900000000000000000e+03 3.100000000000000000e+03 1.792400000000000000e+04 -4.192000000000000000e+03 1.920000000000000000e+02 2.331000000000000000e+03
1.744000000000000000e+03 2.948000000000000000e+03 1.558800000000000000e+04 -4.240000000000000000e+03 6.950000000000000000e+02 2.112000000000000000e+03
2.268000000000000000e+03 2.952000000000000000e+03 1.330000000000000000e+04 -4.192000000000000000e+03 5.790000000000000000e+02 2.365000000000000000e+03
2.656000000000000000e+03 2.272000000000000000e+03 1.033200000000000000e+04 -4.176000000000000000e+03 3.310000000000000000e+02 3.771000000000000000e+03
2.896000000000000000e+03 1.060000000000000000e+03 5.904000000000000000e+03 -4.192000000000000000e+03 1.170000000000000000e+02 1.163000000000000000e+03
2.920000000000000000e+03 7.280000000000000000e+02 3.048000000000000000e+03 -4.160000000000000000e+03 2.030000000000000000e+02 -1.140000000000000000e+02
2.372000000000000000e+03 7.800000000000000000e+02 9.280000000000000000e+02 -4.208000000000000000e+03 3.170000000000000000e+02 8.750000000000000000e+02
2.152000000000000000e+03 4.440000000000000000e+02 1.128000000000000000e+03 -4.176000000000000000e+03 2.930000000000000000e+02 5.190000000000000000e+02
1.968000000000000000e+03 3.640000000000000000e+02 -2.864000000000000000e+03 -4.192000000000000000e+03 1.280000000000000000e+02 3.200000000000000000e+02
1.172000000000000000e+03 4.800000000000000000e+01 1.107200000000000000e+04 -4.160000000000000000e+03 3.040000000000000000e+02 -2.520000000000000000e+02
1.420000000000000000e+03 3.760000000000000000e+02 1.135200000000000000e+04 -4.176000000000000000e+03 3.330000000000000000e+02 -6.450000000000000000e+02
1.480000000000000000e+03 9.520000000000000000e+02 1.710000000000000000e+04 -4.160000000000000000e+03 2.220000000000000000e+02 -9.790000000000000000e+02
1.352000000000000000e+03 2.264000000000000000e+03 1.366400000000000000e+04 -4.160000000000000000e+03 7.100000000000000000e+01 -1.250000000000000000e+03
2.720000000000000000e+02 2.756000000000000000e+03 1.460800000000000000e+04 -4.160000000000000000e+03 -2.010000000000000000e+02 -1.481000000000000000e+03
-1.296800000000000000e+04 2.648000000000000000e+03 1.424800000000000000e+04 -4.176000000000000000e+03 -2.220000000000000000e+02 -1.824000000000000000e+03
8.496000000000000000e+03 1.736000000000000000e+03 1.435600000000000000e+04 -4.192000000000000000e+03 -5.230000000000000000e+02 -2.096000000000000000e+03
6.452000000000000000e+03 1.652000000000000000e+03 1.346800000000000000e+04 -4.192000000000000000e+03 -6.450000000000000000e+02 -2.425000000000000000e+03
2.632000000000000000e+03 1.424000000000000000e+03 1.387200000000000000e+04 -4.192000000000000000e+03 -4.690000000000000000e+02 -2.541000000000000000e+03
-5.632000000000000000e+03 1.896000000000000000e+03 1.392800000000000000e+04 -4.176000000000000000e+03 -5.890000000000000000e+02 -2.447000000000000000e+03
-2.220000000000000000e+03 1.864000000000000000e+03 1.365200000000000000e+04 -4.192000000000000000e+03 -5.180000000000000000e+02 -2.235000000000000000e+03
1.560000000000000000e+03 2.336000000000000000e+03 1.250400000000000000e+04 -4.192000000000000000e+03 -4.750000000000000000e+02 -1.776000000000000000e+03
1.912000000000000000e+03 2.700000000000000000e+03 9.888000000000000000e+03 -4.192000000000000000e+03 -4.840000000000000000e+02 -1.613000000000000000e+03
1.320000000000000000e+02 2.828000000000000000e+03 8.416000000000000000e+03 -4.192000000000000000e+03 -2.120000000000000000e+02 -1.266000000000000000e+03
-2.344000000000000000e+03 3.044000000000000000e+03 7.220000000000000000e+03 -4.144000000000000000e+03 -5.880000000000000000e+02 -9.720000000000000000e+02
-1.980000000000000000e+03 2.616000000000000000e+03 8.328000000000000000e+03 -4.176000000000000000e+03 -3.970000000000000000e+02 -7.480000000000000000e+02
-1.080000000000000000e+03 2.328000000000000000e+03 1.108800000000000000e+04 -4.176000000000000000e+03 -4.400000000000000000e+02 -4.500000000000000000e+02
-5.120000000000000000e+02 1.864000000000000000e+03 1.139600000000000000e+04 -4.176000000000000000e+03 -5.920000000000000000e+02 -2.340000000000000000e+02
-6.240000000000000000e+02 1.296000000000000000e+03 1.344000000000000000e+04 -4.176000000000000000e+03 -5.060000000000000000e+02 2.110000000000000000e+02
-1.548000000000000000e+03 1.744000000000000000e+03 1.279200000000000000e+04 -4.192000000000000000e+03 -5.720000000000000000e+02 8.390000000000000000e+02
-1.396000000000000000e+03 1.448000000000000000e+03 1.622000000000000000e+04 -4.192000000000000000e+03 -5.290000000000000000e+02 1.619000000000000000e+03
-9.440000000000000000e+02 1.756000000000000000e+03 1.735200000000000000e+04 -4.176000000000000000e+03 2.510000000000000000e+02 1.834000000000000000e+03
-2.800000000000000000e+02 1.264000000000000000e+03 1.643200000000000000e+04 -4.160000000000000000e+03 2.184000000000000000e+03 -2.423000000000000000e+03
6.040000000000000000e+02 2.028000000000000000e+03 1.757200000000000000e+04 -4.176000000000000000e+03 1.100000000000000000e+02 -1.728000000000000000e+03
9.480000000000000000e+02 2.764000000000000000e+03 1.776800000000000000e+04 -4.176000000000000000e+03 5.014000000000000000e+03 -1.111000000000000000e+03
