-1.920000000000000000e+02 2.776000000000000000e+03 1.460400000000000000e+04 -4.640000000000000000e+03 -3.140000000000000000e+02 -3.000000000000000000e+01
-5.880000000000000000e+02 2.596000000000000000e+03 1.476000000000000000e+04 -4.640000000000000000e+03 -3.420000000000000000e+02 3.420000000000000000e+02
-7.880000000000000000e+02 2.556000000000000000e+03 1.410800000000000000e+04 -4.624000000000000000e+03 -3.220000000000000000e+02 3.870000000000000000e+02
-1.112000000000000000e+03 2.284000000000000000e+03 1.429200000000000000e+04 -4.624000000000000000e+03 -3.430000000000000000e+02 1.870000000000000000e+02
-9.960000000000000000e+02 2.404000000000000000e+03 1.429600000000000000e+04 -4.640000000000000000e+03 -3.220000000000000000e+02 1.760000000000000000e+02
-9.520000000000000000e+02 2.188000000000000000e+03 1.447600000000000000e+04 -4.656000000000000000e+03 -3.110000000000000000e+02 1.970000000000000000e+02
-1.036000000000000000e+03 3.096000000000000000e+03 1.435200000000000000e+04 -4.624000000000000000e+03 -3.040000000000000000e+02 6.340000000000000000e+02
-2.060000000000000000e+03 2.788000000000000000e+03 1.436400000000000000e+04 -4.624000000000000000e+03 -2.770000000000000000e+02 1.113000000000000000e+03
-8.800000000000000000e+01 2.640000000000000000e+03 1.445600000000000000e+04 -4.624000000000000000e+03 -2.820000000000000000e+02 1.056000000000000000e+03
-1.200000000000000000e+02 2.352000000000000000e+03 1.458000000000000000e+04 -4.624000000000000000e+03 -2.420000000000000000e+02 5.225000000000000000e+03
-4.200000000000000000e+02 2.244000000000000000e+03 1.435200000000000000e+04 -4.656000000000000000e+03 -2.710000000000000000e+02 -7.420000000000000000e+02
1.240000000000000000e+02 2.440000000000000000e+03 1.441200000000000000e+04 -4.656000000000000000e+03 -3.210000000000000000e+02 -3.440000000000000000e+02
5.800000000000000000e+02 2.720000000000000000e+03 1.440000000000000000e+04 -4.608000000000000000e+03 -1.650000000000000000e+02 7.000000000000000000e+02
-1.304000000000000000e+03 2.340000000000000000e+03 1.449600000000000000e+04 -4.624000000000000000e+03 3.470000000000000000e+02 8.070000000000000000e+02
-7.280000000000000000e+02 2.420000000000000000e+03 1.452400000000000000e+04 -4.624000000000000000e+03 -4.990000000000000000e+02 5.170000000000000000e+02
-7.280000000000000000e+02 2.820000000000000000e+03 1.443200000000000000e+04 -4.656000000000000000e+03 1.157000000000000000e+03 3.800000000000000000e+02
-3.028000000000000000e+03 2.252000000000000000e+03 1.442400000000000000e+04 -4.608000000000000000e+03 -6.540000000000000000e+02 1.108000000000000000e+03
-1.136000000000000000e+03 2.448000000000000000e+03 1.432800000000000000e+04 -4.656000000000000000e+03 -4.590000000000000000e+02 1.630000000000000000e+03
-9.400000000000000000e+02 2.324000000000000000e+03 1.446000000000000000e+04 -4.624000000000000000e+03 -3.840000000000000000e+02 1.780000000000000000e+03
-2.096000000000000000e+03 2.328000000000000000e+03 1.461200000000000000e+04 -4.624000000000000000e+03 -6.000000000000000000e+02 1.587000000000000000e+03
-1.200000000000000000e+03 2.408000000000000000e+03 1.446000000000000000e+04 -4.656000000000000000e+03 -7.270000000000000000e+02 1.210000000000000000e+03
-4.280000000000000000e+02 2.484000000000000000e+03 1.443600000000000000e+04 -4.624000000000000000e+03 -7.430000000000000000e+02 1.825000000000000000e+03
-2.920000000000000000e+02 2.524000000000000000e+03 1.430400000000000000e+04 -4.640000000000000000e+03 -7.430000000000000000e+02 1.815000000000000000e+03
-2.320000000000000000e+02 2.376000000000000000e+03 1.409600000000000000e+04 -4.656000000000000000e+03 -8.000000000000000000e+02 1.961000000000000000e+03
2.240000000000000000e+02 2.336000000000000000e+03 1.456000000000000000e+04 -4.608000000000000000e+03 -9.590000000000000000e+02 2.777000000000000000e+03
8.000000000000000000e+00 2.168000000000000000e+03 2.306000000000000000e+04 -4.656000000000000000e+03 -8.440000000000000000e+02 2.086000000000000000e+03
-1.132000000000000000e+03 2.348000000000000000e+03 1.437200000000000000e+04 -4.656000000000000000e+03 -7.220000000000000000e+02 1.465000000000000000e+03
-9.320000000000000000e+02 2.476000000000000000e+03 9.864000000000000000e+03 -4.640000000000000000e+03 -4.430000000000000000e+02 1.207000000000000000e+03
-6.640000000000000000e+02 2.436000000000000000e+03 1.961600000000000000e+04 -4.640000000000000000e+03 -4.100000000000000000e+01 1.247000000000000000e+03
-8.280000000000000000e+02 2.520000000000000000e+03 1.985600000000000000e+04 -4.640000000000000000e+03 2.540000000000000000e+02 1.466000000000000000e+03
3.720000000000000000e+02 2.120000000000000000e+03 2.072400000000000000e+04 -4.640000000000000000e+03 3.720000000000000000e+02 1.526000000000000000e+03
1.040000000000000000e+02 1.188000000000000000e+03 2.034000000000000000e+04 -4.656000000000000000e+03 6.440000000000000000e+02 1.292000000000000000e+03
-1.389600000000000000e+04 8.400000000000000000e+03 2.020400000000000000e+04 -4.640000000000000000e+03 7.620000000000000000e+02 6.970000000000000000e+02
5.880000000000000000e+03 5.400000000000000000e+02 1.828000000000000000e+04 -4.640000000000000000e+03 3.590000000000000000e+02 6.010000000000000000e+02
1.872000000000000000e+03 1.232000000000000000e+03 1.514000000000000000e+04 -4.624000000000000000e+03 1.150000000000000000e+02 4.700000000000000000e+02
-1.356000000000000000e+03 4.816000000000000000e+03 1.118000000000000000e+04 -4.656000000000000000e+03 9.600000000000000000e+01 -4.000000000000000000e+00
6.400000000000000000e+02 3.592000000000000000e+03 6.296000000000000000e+03 -4.624000000000000000e+03 1.470000000000000000e+02 -1.730000000000000000e+02
-1.120000000000000000e+02 3.588000000000000000e+03 3.060000000000000000e+03 -4.624000000000000000e+03 2.900000000000000000e+01 -8.580000000000000000e+02
-7.760000000000000000e+02 3.704000000000000000e+03 1.728000000000000000e+03 -4.640000000000000000e+03 7.300000000000000000e+01 -8.880000000000000000e+02
-8.440000000000000000e+02 3.576000000000000000e+03 1.652000000000000000e+03 -4.608000000000000000e+03 -7.100000000000000000e+01 -5.920000000000000000e+02
-6.600000000000000000e+02 3.312000000000000000e+03 5.324000000000000000e+03 -4.624000000000000000e+03 -1.660000000000000000e+02 -5.830000000000000000e+02
-7.800000000000000000e+02 2.748000000000000000e+03 8.124000000000000000e+03 -4.656000000000000000e+03 -3.530000000000000000e+02 -1.008000000000000000e+03
-5.960000000000000000e+02 2.000000000000000000e+03 1.157600000000000000e+04 -4.640000000000000000e+03 -5.910000000000000000e+02 -1.011000000000000000e+03
-4.120000000000000000e+02 8.000000000000000000e+02 1.363200000000000000e+04 -4.624000000000000000e+03 -4.210000000000000000e+02 -1.049000000000000000e+03
-3.200000000000000000e+02 4.000000000000000000e+01 1.732800000000000000e+04 -4.656000000000000000e+03 -1.350000000000000000e+02 -1.193000000000000000e+03
-4.120000000000000000e+02 -1.320000000000000000e+02 1.503200000000000000e+04 -4.624000000000000000e+03 -4.030000000000000000e+02 -1.853000000000000000e+03
4.400000000000000000e+01 -1.968000000000000000e+03 1.296800000000000000e+04 -4.656000000000000000e+03 -5.550000000000000000e+02 -2.267000000000000000e+03
-4.600000000000000000e+02 -8.120000000000000000e+02 1.234400000000000000e+04 -4.656000000000000000e+03 -6.850000000000000000e+02 -2.487000000000000000e+03
-1.876000000000000000e+03 4.040000000000000000e+02 1.239200000000000000e+04 -4.624000000000000000e+03 -5.950000000000000000e+02 -3.141000000000000000e+03
-5.352000000000000000e+03 1.520000000000000000e+03 1.230800000000000000e+04 -4.640000000000000000e+03 -4.070000000000000000e+02 -3.030000000000000000e+03
-4.828000000000000000e+03 2.188000000000000000e+03 1.337200000000000000e+04 -4.656000000000000000e+03 -5.330000000000000000e+02 -1.306000000000000000e+03
-2.696000000000000000e+03 3.852000000000000000e+03 1.105200000000000000e+04 -4.656000000000000000e+03 -6.470000000000000000e+02 1.070000000000000000e+02
-1.144000000000000000e+03 3.952000000000000000e+03 9.588000000000000000e+03 -4.640000000000000000e+03 -6.650000000000000000e+02 -4.730000000000000000e+02
-1.236000000000000000e+03 3.524000000000000000e+03 5.472000000000000000e+03 -4.656000000000000000e+03 -5.980000000000000000e+02 -5.620000000000000000e+02
-1.448000000000000000e+03 3.200000000000000000e+03 3.236000000000000000e+03 -4.624000000000000000e+03 -8.790000000000000000e+02 -8.690000000000000000e+02
-2.132000000000000000e+03 3.188000000000000000e+03 7.320000000000000000e+03 -4.608000000000000000e+03 1.632000000000000000e+03 -6.060000000000000000e+02
-2.220000000000000000e+03 2.800000000000000000e+03 1.255600000000000000e+04 -4.624000000000000000e+03 2.183000000000000000e+03 -5.900000000000000000e+02
-2.056000000000000000e+03 2.836000000000000000e+03 1.444000000000000000e+04 -4.624000000000000000e+03 2.711000000000000000e+03 -6.050000000000000000e+02
-1.272000000000000000e+03 3.288000000000000000e+03 1.576400000000000000e+04 -4.640000000000000000e+03 5.880000000000000000e+02 -3.320000000000000000e+02
