3.864000000000000000e+03 2.472000000000000000e+03 1.403200000000000000e+04 -4.624000000000000000e+03 -3.000000000000000000e+02 2.950000000000000000e+02
3.812000000000000000e+03 2.452000000000000000e+03 1.392400000000000000e+04 -4.640000000000000000e+03 -2.560000000000000000e+02 3.600000000000000000e+02
3.768000000000000000e+03 2.324000000000000000e+03 1.410400000000000000e+04 -4.592000000000000000e+03 -2.690000000000000000e+02 3.550000000000000000e+02
3.716000000000000000e+03 2.312000000000000000e+03 1.424400000000000000e+04 -4.624000000000000000e+03 -2.670000000000000000e+02 3.060000000000000000e+02
3.352000000000000000e+03 2.232000000000000000e+03 1.446800000000000000e+04 -4.640000000000000000e+03 -2.660000000000000000e+02 1.800000000000000000e+02
3.584000000000000000e+03 2.292000000000000000e+03 1.438400000000000000e+04 -4.624000000000000000e+03 -2.810000000000000000e+02 1.070000000000000000e+02
3.508000000000000000e+03 2.220000000000000000e+03 1.438000000000000000e+04 -4.608000000000000000e+03 -2.330000000000000000e+02 1.500000000000000000e+01
3.376000000000000000e+03 2.220000000000000000e+03 1.412800000000000000e+04 -4.624000000000000000e+03 -2.550000000000000000e+02 -3.100000000000000000e+01
3.600000000000000000e+03 2.316000000000000000e+03 1.418000000000000000e+04 -4.624000000000000000e+03 -2.920000000000000000e+02 -1.000000000000000000e+00
3.752000000000000000e+03 2.272000000000000000e+03 1.426800000000000000e+04 -4.624000000000000000e+03 -2.810000000000000000e+02 2.000000000000000000e+01
3.796000000000000000e+03 2.228000000000000000e+03 1.421600000000000000e+04 -4.624000000000000000e+03 -2.820000000000000000e+02 9.200000000000000000e+01
3.876000000000000000e+03 2.196000000000000000e+03 1.410800000000000000e+04 -4.608000000000000000e+03 -2.620000000000000000e+02 1.570000000000000000e+02
3.744000000000000000e+03 2.260000000000000000e+03 1.416800000000000000e+04 -4.640000000000000000e+03 -2.740000000000000000e+02 1.930000000000000000e+02
3.772000000000000000e+03 2.232000000000000000e+03 1.413200000000000000e+04 -4.624000000000000000e+03 -2.810000000000000000e+02 2.200000000000000000e+02
3.784000000000000000e+03 2.332000000000000000e+03 1.414000000000000000e+04 -4.608000000000000000e+03 -3.020000000000000000e+02 1.950000000000000000e+02
3.760000000000000000e+03 2.352000000000000000e+03 1.403600000000000000e+04 -4.592000000000000000e+03 -2.340000000000000000e+02 7.800000000000000000e+01
3.384000000000000000e+03 2.416000000000000000e+03 1.428000000000000000e+04 -4.624000000000000000e+03 -2.460000000000000000e+02 -3.000000000000000000e+00
3.400000000000000000e+03 2.696000000000000000e+03 1.405600000000000000e+04 -4.624000000000000000e+03 -2.210000000000000000e+02 -4.300000000000000000e+01
3.536000000000000000e+03 2.444000000000000000e+03 1.410800000000000000e+04 -4.624000000000000000e+03 -3.290000000000000000e+02 -6.600000000000000000e+01
3.828000000000000000e+03 2.464000000000000000e+03 1.421200000000000000e+04 -4.592000000000000000e+03 -2.830000000000000000e+02 -2.800000000000000000e+01
4.024000000000000000e+03 2.416000000000000000e+03 1.428000000000000000e+04 -4.624000000000000000e+03 -2.480000000000000000e+02 9.000000000000000000e+00
3.980000000000000000e+03 2.192000000000000000e+03 1.411600000000000000e+04 -4.640000000000000000e+03 -2.980000000000000000e+02 1.320000000000000000e+02
3.868000000000000000e+03 2.084000000000000000e+03 1.414000000000000000e+04 -4.592000000000000000e+03 -2.630000000000000000e+02 2.050000000000000000e+02
3.780000000000000000e+03 2.072000000000000000e+03 1.410400000000000000e+04 -4.640000000000000000e+03 -2.850000000000000000e+02 2.410000000000000000e+02
3.924000000000000000e+03 2.256000000000000000e+03 1.426000000000000000e+04 -4.640000000000000000e+03 -2.730000000000000000e+02 3.140000000000000000e+02
3.900000000000000000e+03 2.280000000000000000e+03 1.408800000000000000e+04 -4.592000000000000000e+03 -2.390000000000000000e+02 2.940000000000000000e+02
3.828000000000000000e+03 2.312000000000000000e+03 1.409600000000000000e+04 -4.608000000000000000e+03 -2.690000000000000000e+02 3.280000000000000000e+02
3.684000000000000000e+03 2.396000000000000000e+03 1.398800000000000000e+04 -4.608000000000000000e+03 -3.030000000000000000e+02 2.890000000000000000e+02
3.680000000000000000e+03 2.424000000000000000e+03 1.427200000000000000e+04 -4.624000000000000000e+03 -3.040000000000000000e+02 2.560000000000000000e+02
3.696000000000000000e+03 2.388000000000000000e+03 1.428000000000000000e+04 -4.608000000000000000e+03 -3.320000000000000000e+02 2.380000000000000000e+02
3.724000000000000000e+03 2.352000000000000000e+03 1.417600000000000000e+04 -4.592000000000000000e+03 -3.090000000000000000e+02 2.760000000000000000e+02
3.780000000000000000e+03 2.232000000000000000e+03 1.416400000000000000e+04 -4.624000000000000000e+03 -2.420000000000000000e+02 3.040000000000000000e+02
3.256000000000000000e+03 1.492000000000000000e+03 1.370400000000000000e+04 -4.608000000000000000e+03 4.200000000000000000e+02 3.890000000000000000e+02
2.892000000000000000e+03 9.600000000000000000e+01 2.494000000000000000e+04 -4.608000000000000000e+03 8.710000000000000000e+02 7.910000000000000000e+02
-7.688000000000000000e+03 7.216000000000000000e+03 3.276700000000000000e+04 -4.592000000000000000e+03 1.377000000000000000e+03 2.260000000000000000e+02
3.100000000000000000e+03 3.100000000000000000e+03 2.221200000000000000e+04 -4.640000000000000000e+03 6.410000000000000000e+02 -1.800000000000000000e+02
5.228000000000000000e+03 3.944000000000000000e+03 1.898000000000000000e+04 -4.656000000000000000e+03 -5.880000000000000000e+02 3.870000000000000000e+02
5.016000000000000000e+03 4.272000000000000000e+03 2.079200000000000000e+04 -4.608000000000000000e+03 -3.540000000000000000e+02 7.150000000000000000e+02
4.468000000000000000e+03 3.468000000000000000e+03 1.917600000000000000e+04 -4.640000000000000000e+03 -7.800000000000000000e+02 9.370000000000000000e+02
4.328000000000000000e+03 3.276000000000000000e+03 1.880000000000000000e+04 -4.592000000000000000e+03 -9.110000000000000000e+02 1.368000000000000000e+03
4.156000000000000000e+03 2.660000000000000000e+03 1.759200000000000000e+04 -4.608000000000000000e+03 -8.710000000000000000e+02 4.186000000000000000e+03
7.992000000000000000e+03 5.436000000000000000e+03 1.035200000000000000e+04 -4.608000000000000000e+03 -2.238000000000000000e+03 3.491000000000000000e+03
1.908400000000000000e+04 4.700000000000000000e+03 1.257200000000000000e+04 -4.608000000000000000e+03 -1.265000000000000000e+03 1.128000000000000000e+03
1.124400000000000000e+04 3.272000000000000000e+03 1.006000000000000000e+04 -4.640000000000000000e+03 -1.361000000000000000e+03 8.730000000000000000e+02
2.744000000000000000e+03 9.840000000000000000e+02 8.724000000000000000e+03 -4.624000000000000000e+03 -1.207000000000000000e+03 1.394000000000000000e+03
-5.312000000000000000e+03 -7.520000000000000000e+02 8.852000000000000000e+03 -4.592000000000000000e+03 -9.620000000000000000e+02 1.558000000000000000e+03
2.072000000000000000e+03 -7.120000000000000000e+02 2.824000000000000000e+03 -4.640000000000000000e+03 -5.900000000000000000e+01 1.314000000000000000e+03
6.056000000000000000e+03 8.240000000000000000e+02 1.660000000000000000e+03 -4.624000000000000000e+03 -3.040000000000000000e+02 1.411000000000000000e+03
3.412000000000000000e+03 4.760000000000000000e+02 2.824000000000000000e+03 -4.624000000000000000e+03 -2.490000000000000000e+02 4.329000000000000000e+03
-2.396000000000000000e+03 -2.720000000000000000e+02 8.752000000000000000e+03 -4.592000000000000000e+03 -1.610000000000000000e+02 3.439000000000000000e+03
-5.280000000000000000e+03 1.132000000000000000e+03 1.341600000000000000e+04 -4.640000000000000000e+03 2.790000000000000000e+02 -1.800000000000000000e+02
2.688000000000000000e+03 2.544000000000000000e+03 1.360400000000000000e+04 -4.608000000000000000e+03 2.150000000000000000e+02 1.597000000000000000e+03
3.808000000000000000e+03 3.424000000000000000e+03 1.750400000000000000e+04 -4.624000000000000000e+03 -3.040000000000000000e+02 2.136000000000000000e+03
3.696000000000000000e+03 1.956000000000000000e+03 1.418800000000000000e+04 -4.640000000000000000e+03 -4.830000000000000000e+02 1.661000000000000000e+03
2.092000000000000000e+03 1.064000000000000000e+03 1.000800000000000000e+04 -4.640000000000000000e+03 -2.050000000000000000e+02 1.330000000000000000e+03
2.668000000000000000e+03 1.484000000000000000e+03 6.876000000000000000e+03 -4.624000000000000000e+03 -1.300000000000000000e+01 2.714000000000000000e+03
3.680000000000000000e+02 1.256000000000000000e+03 7.628000000000000000e+03 -4.592000000000000000e+03 -1.730000000000000000e+02 5.250000000000000000e+02
-2.880000000000000000e+02 1.208000000000000000e+03 7.084000000000000000e+03 -4.624000000000000000e+03 -5.400000000000000000e+01 1.748000000000000000e+03
-6.200000000000000000e+02 1.888000000000000000e+03 8.980000000000000000e+03 -4.608000000000000000e+03 -4.600000000000000000e+01 1.251000000000000000e+03
8.200000000000000000e+02 2.008000000000000000e+03 1.131200000000000000e+04 -4.640000000000000000e+03 -2.260000000000000000e+02 8.470000000000000000e+02
9.480000000000000000e+02 1.644000000000000000e+03 1.054000000000000000e+04 -4.608000000000000000e+03 -3.290000000000000000e+02 7.480000000000000000e+02
3.840000000000000000e+02 1.712000000000000000e+03 1.226400000000000000e+04 -4.608000000000000000e+03 -3.630000000000000000e+02 1.318000000000000000e+03
1.336000000000000000e+03 1.480000000000000000e+03 1.240000000000000000e+04 -4.640000000000000000e+03 -3.150000000000000000e+02 6.070000000000000000e+02
1.160000000000000000e+03 1.576000000000000000e+03 1.414000000000000000e+04 -4.624000000000000000e+03 -2.500000000000000000e+02 2.230000000000000000e+02
1.632000000000000000e+03 1.672000000000000000e+03 1.490800000000000000e+04 -4.640000000000000000e+03 -2.160000000000000000e+02 1.840000000000000000e+02
1.540000000000000000e+03 1.964000000000000000e+03 1.608000000000000000e+04 -4.592000000000000000e+03 9.600000000000000000e+01 1.810000000000000000e+02
1.440000000000000000e+03 2.108000000000000000e+03 1.722000000000000000e+04 -4.640000000000000000e+03 9.000000000000000000e+00 -4.080000000000000000e+02
1.184000000000000000e+03 2.020000000000000000e+03 1.695200000000000000e+04 -4.624000000000000000e+03 2.840000000000000000e+02 -3.030000000000000000e+02
1.368000000000000000e+03 2.772000000000000000e+03 1.904800000000000000e+04 -4.608000000000000000e+03 3.670000000000000000e+02 -2.720000000000000000e+02
1.876000000000000000e+03 3.192000000000000000e+03 1.909200000000000000e+04 -4.640000000000000000e+03 5.300000000000000000e+02 -9.630000000000000000e+02
1.452000000000000000e+03 3.292000000000000000e+03 1.841200000000000000e+04 -4.624000000000000000e+03 3.360000000000000000e+02 -1.305000000000000000e+03
1.664000000000000000e+03 3.544000000000000000e+03 1.778400000000000000e+04 -4.608000000000000000e+03 3.530000000000000000e+02 -1.437900000000000000e+04
-3.164800000000000000e+04 1.641200000000000000e+04 3.276700000000000000e+04 -4.608000000000000000e+03 -3.600000000000000000e+03 1.260400000000000000e+04
2.605200000000000000e+04 2.962400000000000000e+04 -3.276800000000000000e+04 -4.608000000000000000e+03 4.893000000000000000e+03 -3.622000000000000000e+03
-3.276800000000000000e+04 3.007200000000000000e+04 3.276700000000000000e+04 -4.624000000000000000e+03 5.359000000000000000e+03 1.811000000000000000e+03
1.852000000000000000e+03 -4.168000000000000000e+03 1.564000000000000000e+04 -4.608000000000000000e+03 6.600000000000000000e+02 1.601000000000000000e+03
-6.836000000000000000e+03 2.416000000000000000e+03 2.284400000000000000e+04 -4.640000000000000000e+03 3.300000000000000000e+01 6.980000000000000000e+02
3.840000000000000000e+02 1.828000000000000000e+03 2.598800000000000000e+04 -4.624000000000000000e+03 -1.674000000000000000e+03 3.060000000000000000e+02
4.800000000000000000e+02 1.768000000000000000e+03 1.491600000000000000e+04 -4.640000000000000000e+03 4.390000000000000000e+02 -2.300000000000000000e+01
-1.920000000000000000e+02 1.272000000000000000e+03 9.296000000000000000e+03 -4.592000000000000000e+03 -6.160000000000000000e+02 -3.990000000000000000e+02
6.720000000000000000e+02 3.516000000000000000e+03 1.728000000000000000e+04 -4.608000000000000000e+03 -7.830000000000000000e+02 -5.770000000000000000e+02
4.080000000000000000e+02 3.304000000000000000e+03 1.704000000000000000e+04 -4.608000000000000000e+03 -1.960000000000000000e+02 -6.820000000000000000e+02
-5.600000000000000000e+01 2.368000000000000000e+03 1.399200000000000000e+04 -4.592000000000000000e+03 -1.400000000000000000e+02 -8.520000000000000000e+02
5.800000000000000000e+02 1.948000000000000000e+03 1.314400000000000000e+04 -4.624000000000000000e+03 -2.740000000000000000e+02 -8.610000000000000000e+02
