-1.800000000000000000e+03 2.264000000000000000e+03 1.385600000000000000e+04 -4.224000000000000000e+03 -1.400000000000000000e+02 2.500000000000000000e+01
-2.024000000000000000e+03 2.648000000000000000e+03 1.404800000000000000e+04 -4.224000000000000000e+03 -1.480000000000000000e+02 5.250000000000000000e+02
-2.940000000000000000e+03 2.556000000000000000e+03 1.428400000000000000e+04 -4.272000000000000000e+03 -2.360000000000000000e+02 9.720000000000000000e+02
-3.116000000000000000e+03 1.632000000000000000e+03 1.499600000000000000e+04 -4.256000000000000000e+03 -2.160000000000000000e+02 1.148000000000000000e+03
-3.532000000000000000e+03 1.272000000000000000e+03 1.420000000000000000e+04 -4.208000000000000000e+03 -2.530000000000000000e+02 8.970000000000000000e+02
-2.696000000000000000e+03 1.500000000000000000e+03 1.416800000000000000e+04 -4.224000000000000000e+03 -3.310000000000000000e+02 4.800000000000000000e+01
-2.552000000000000000e+03 1.552000000000000000e+03 1.416400000000000000e+04 -4.240000000000000000e+03 -3.590000000000000000e+02 -1.970000000000000000e+02
-1.992000000000000000e+03 1.996000000000000000e+03 1.433200000000000000e+04 -4.240000000000000000e+03 -5.610000000000000000e+02 -6.900000000000000000e+01
-3.032000000000000000e+03 2.492000000000000000e+03 1.404800000000000000e+04 -4.224000000000000000e+03 -4.150000000000000000e+02 -2.240000000000000000e+02
-3.768000000000000000e+03 2.348000000000000000e+03 1.419600000000000000e+04 -4.224000000000000000e+03 -2.410000000000000000e+02 -6.380000000000000000e+02
-1.796000000000000000e+03 2.548000000000000000e+03 1.439200000000000000e+04 -4.208000000000000000e+03 -2.210000000000000000e+02 -9.860000000000000000e+02
-1.500000000000000000e+03 1.740000000000000000e+03 1.440400000000000000e+04 -4.240000000000000000e+03 -2.540000000000000000e+02 -6.610000000000000000e+02
-1.432000000000000000e+03 1.376000000000000000e+03 1.412400000000000000e+04 -4.192000000000000000e+03 -2.280000000000000000e+02 -3.790000000000000000e+02
-1.412000000000000000e+03 1.568000000000000000e+03 1.385600000000000000e+04 -4.224000000000000000e+03 -1.860000000000000000e+02 -2.960000000000000000e+02
-1.336000000000000000e+03 2.104000000000000000e+03 1.468000000000000000e+04 -4.240000000000000000e+03 -2.300000000000000000e+02 -2.370000000000000000e+02
-1.480000000000000000e+03 2.136000000000000000e+03 1.444800000000000000e+04 -4.256000000000000000e+03 -1.850000000000000000e+02 -3.900000000000000000e+01
-6.360000000000000000e+02 2.252000000000000000e+03 1.405200000000000000e+04 -4.240000000000000000e+03 -2.860000000000000000e+02 -5.500000000000000000e+01
-3.712000000000000000e+03 2.268000000000000000e+03 1.413200000000000000e+04 -4.208000000000000000e+03 -2.850000000000000000e+02 -1.350000000000000000e+02
-3.544000000000000000e+03 1.912000000000000000e+03 1.413200000000000000e+04 -4.240000000000000000e+03 -2.590000000000000000e+02 9.900000000000000000e+01
-2.256000000000000000e+03 1.820000000000000000e+03 1.401600000000000000e+04 -4.240000000000000000e+03 -2.870000000000000000e+02 2.850000000000000000e+02
-2.068000000000000000e+03 1.676000000000000000e+03 1.436800000000000000e+04 -4.240000000000000000e+03 -2.700000000000000000e+02 2.116000000000000000e+03
-2.844000000000000000e+03 1.712000000000000000e+03 1.448800000000000000e+04 -4.256000000000000000e+03 -1.630000000000000000e+02 6.230000000000000000e+02
-2.824000000000000000e+03 2.072000000000000000e+03 1.428400000000000000e+04 -4.256000000000000000e+03 -1.900000000000000000e+01 -1.650000000000000000e+02
-2.148000000000000000e+03 2.544000000000000000e+03 1.402400000000000000e+04 -4.240000000000000000e+03 3.270000000000000000e+02 5.420000000000000000e+02
-1.700000000000000000e+03 2.076000000000000000e+03 1.414000000000000000e+04 -4.224000000000000000e+03 -3.010000000000000000e+02 2.370000000000000000e+02
-2.056000000000000000e+03 2.068000000000000000e+03 1.416800000000000000e+04 -4.224000000000000000e+03 4.202000000000000000e+03 -3.320000000000000000e+02
-1.964000000000000000e+03 1.776000000000000000e+03 1.418000000000000000e+04 -4.224000000000000000e+03 3.680000000000000000e+02 -5.510000000000000000e+02
-1.760000000000000000e+03 1.948000000000000000e+03 1.431600000000000000e+04 -4.208000000000000000e+03 1.260000000000000000e+02 -6.120000000000000000e+02
-1.708000000000000000e+03 2.016000000000000000e+03 1.422800000000000000e+04 -4.256000000000000000e+03 -5.200000000000000000e+01 -4.380000000000000000e+02
-1.844000000000000000e+03 1.908000000000000000e+03 1.384000000000000000e+04 -4.240000000000000000e+03 -3.000000000000000000e+00 -1.950000000000000000e+02
-2.420000000000000000e+03 1.812000000000000000e+03 1.850000000000000000e+04 -4.208000000000000000e+03 -9.400000000000000000e+01 2.000000000000000000e+01
-1.100000000000000000e+03 2.168000000000000000e+03 2.633600000000000000e+04 -4.224000000000000000e+03 -1.250000000000000000e+02 1.180000000000000000e+02
-1.084000000000000000e+03 2.596000000000000000e+03 2.263600000000000000e+04 -4.224000000000000000e+03 -2.210000000000000000e+02 1.530000000000000000e+02
-9.648000000000000000e+03 -3.524000000000000000e+03 2.301200000000000000e+04 -4.240000000000000000e+03 -1.110000000000000000e+02 3.100000000000000000e+02
-1.155600000000000000e+04 5.760000000000000000e+03 2.296000000000000000e+04 -4.224000000000000000e+03 -1.690000000000000000e+02 4.720000000000000000e+02
-3.976000000000000000e+03 3.412000000000000000e+03 1.990400000000000000e+04 -4.240000000000000000e+03 -1.040000000000000000e+02 6.090000000000000000e+02
-3.788000000000000000e+03 3.436000000000000000e+03 1.912000000000000000e+04 -4.240000000000000000e+03 -1.050000000000000000e+02 6.960000000000000000e+02
-4.508000000000000000e+03 3.564000000000000000e+03 1.747200000000000000e+04 -4.224000000000000000e+03 -3.700000000000000000e+01 4.720000000000000000e+02
-3.592000000000000000e+03 2.600000000000000000e+03 1.389600000000000000e+04 -4.224000000000000000e+03 5.200000000000000000e+01 4.770000000000000000e+02
-3.488000000000000000e+03 2.640000000000000000e+03 9.484000000000000000e+03 -4.240000000000000000e+03 1.750000000000000000e+02 2.180000000000000000e+02
-2.884000000000000000e+03 2.492000000000000000e+03 5.760000000000000000e+03 -4.256000000000000000e+03 2.500000000000000000e+02 -2.700000000000000000e+02
-1.776000000000000000e+03 2.008000000000000000e+03 3.444000000000000000e+03 -4.256000000000000000e+03 2.900000000000000000e+01 -3.220000000000000000e+02
-1.260000000000000000e+03 1.332000000000000000e+03 1.716000000000000000e+03 -4.240000000000000000e+03 -4.670000000000000000e+02 -4.810000000000000000e+02
-9.800000000000000000e+02 6.440000000000000000e+02 1.104000000000000000e+03 -4.208000000000000000e+03 -7.670000000000000000e+02 -7.280000000000000000e+02
-5.520000000000000000e+02 4.280000000000000000e+02 2.296000000000000000e+03 -4.224000000000000000e+03 -7.920000000000000000e+02 -9.790000000000000000e+02
-1.640000000000000000e+02 2.400000000000000000e+02 5.744000000000000000e+03 -4.224000000000000000e+03 -8.260000000000000000e+02 -1.108000000000000000e+03
-1.760000000000000000e+02 3.120000000000000000e+02 1.227200000000000000e+04 -4.224000000000000000e+03 -8.320000000000000000e+02 -1.223000000000000000e+03
-7.400000000000000000e+02 4.240000000000000000e+02 1.968000000000000000e+04 -4.224000000000000000e+03 -8.670000000000000000e+02 -1.331000000000000000e+03
-1.956000000000000000e+03 1.232000000000000000e+03 2.045200000000000000e+04 -4.224000000000000000e+03 -8.500000000000000000e+02 -1.579000000000000000e+03
-3.852000000000000000e+03 2.368000000000000000e+03 1.654800000000000000e+04 -4.240000000000000000e+03 -7.310000000000000000e+02 -1.908000000000000000e+03
-2.580000000000000000e+03 3.568000000000000000e+03 1.344400000000000000e+04 -4.224000000000000000e+03 -3.750000000000000000e+02 -2.164000000000000000e+03
4.760000000000000000e+02 3.848000000000000000e+03 1.028000000000000000e+04 -4.240000000000000000e+03 -9.700000000000000000e+01 -2.638000000000000000e+03
5.160000000000000000e+02 3.124000000000000000e+03 9.212000000000000000e+03 -4.256000000000000000e+03 -1.900000000000000000e+01 -2.939000000000000000e+03
8.000000000000000000e+01 2.420000000000000000e+03 7.952000000000000000e+03 -4.240000000000000000e+03 -4.000000000000000000e+02 -3.324000000000000000e+03
-4.720000000000000000e+02 1.680000000000000000e+03 5.860000000000000000e+03 -4.240000000000000000e+03 -8.200000000000000000e+01 -3.746000000000000000e+03
-6.160000000000000000e+02 1.208000000000000000e+03 3.084000000000000000e+03 -4.240000000000000000e+03 -2.460000000000000000e+02 -3.981000000000000000e+03
-6.600000000000000000e+02 9.480000000000000000e+02 3.360000000000000000e+03 -4.272000000000000000e+03 -2.070000000000000000e+02 5.799000000000000000e+03
-7.080000000000000000e+02 6.480000000000000000e+02 7.396000000000000000e+03 -4.208000000000000000e+03 -3.250000000000000000e+02 4.717000000000000000e+03
-8.600000000000000000e+02 2.600000000000000000e+02 1.398400000000000000e+04 -4.256000000000000000e+03 -6.880000000000000000e+02 -1.076100000000000000e+04
-5.640000000000000000e+02 5.200000000000000000e+02 1.463600000000000000e+04 -4.224000000000000000e+03 -7.270000000000000000e+02 -2.420000000000000000e+03
-4.840000000000000000e+02 1.296000000000000000e+03 1.670400000000000000e+04 -4.224000000000000000e+03 4.146000000000000000e+03 3.775000000000000000e+03
-5.720000000000000000e+02 2.064000000000000000e+03 1.716800000000000000e+04 -4.240000000000000000e+03 1.221400000000000000e+04 2.128000000000000000e+03
-2.160000000000000000e+02 1.960000000000000000e+03 1.813200000000000000e+04 -4.224000000000000000e+03 7.362000000000000000e+03 2.238000000000000000e+03
2.240000000000000000e+02 2.668000000000000000e+03 2.024000000000000000e+04 -4.224000000000000000e+03 9.280000000000000000e+02 -1.130000000000000000e+02
1.188000000000000000e+03 2.984000000000000000e+03 1.892800000000000000e+04 -4.240000000000000000e+03 -1.549000000000000000e+03 -3.054000000000000000e+03
1.640000000000000000e+02 2.956000000000000000e+03 1.685200000000000000e+04 -4.256000000000000000e+03 -2.078000000000000000e+03 -2.745000000000000000e+03
-3.600000000000000000e+01 3.864000000000000000e+03 3.276700000000000000e+04 -4.256000000000000000e+03 9.460000000000000000e+02 -1.951000000000000000e+03
7.600000000000000000e+02 3.804000000000000000e+03 -2.192400000000000000e+04 -4.224000000000000000e+03 2.030000000000000000e+02 -1.299000000000000000e+03
9.400000000000000000e+02 3.120000000000000000e+03 3.276700000000000000e+04 -4.192000000000000000e+03 -1.610000000000000000e+02 -7.520000000000000000e+02
-3.276800000000000000e+04 3.276700000000000000e+04 3.276700000000000000e+04 -4.240000000000000000e+03 -5.670000000000000000e+02 -8.360000000000000000e+02
1.046400000000000000e+04 5.640000000000000000e+02 -1.820000000000000000e+03 -4.208000000000000000e+03 -3.540000000000000000e+02 -9.700000000000000000e+02
-3.276800000000000000e+04 3.332000000000000000e+03 1.975200000000000000e+04 -4.224000000000000000e+03 -2.550000000000000000e+02 -6.100000000000000000e+02
