1.748000000000000000e+03 1.856000000000000000e+03 1.434800000000000000e+04 -4.224000000000000000e+03 -2.910000000000000000e+02 1.340000000000000000e+02
1.600000000000000000e+03 1.864000000000000000e+03 1.441200000000000000e+04 -4.256000000000000000e+03 -2.600000000000000000e+02 1.690000000000000000e+02
5.120000000000000000e+02 1.840000000000000000e+03 -2.370000000000000000e+02 -4.208000000000000000e+03 -2.770000000000000000e+02 3.340000000000000000e+02
1.288000000000000000e+03 2.352000000000000000e+03 1.450000000000000000e+04 -4.224000000000000000e+03 -3.180000000000000000e+02 3.520000000000000000e+02
1.744000000000000000e+03 2.612000000000000000e+03 1.445600000000000000e+04 -4.224000000000000000e+03 -2.400000000000000000e+02 2.170000000000000000e+02
4.256000000000000000e+03 -3.090000000000000000e+02 1.436800000000000000e+04 -4.224000000000000000e+03 -2.710000000000000000e+02 1.750000000000000000e+02
1.316000000000000000e+03 2.240000000000000000e+03 1.438000000000000000e+04 -4.272000000000000000e+03 -3.130000000000000000e+02 3.660000000000000000e+02
1.600000000000000000e+03 1.988000000000000000e+03 1.464800000000000000e+04 -4.240000000000000000e+03 -2.810000000000000000e+02 5.090000000000000000e+02
1.876000000000000000e+03 1.900000000000000000e+03 1.455600000000000000e+04 -4.224000000000000000e+03 -2.820000000000000000e+02 4.170000000000000000e+02
1.164000000000000000e+03 1.980000000000000000e+03 1.438000000000000000e+04 -4.256000000000000000e+03 -3.170000000000000000e+02 1.450000000000000000e+02
2.760000000000000000e+02 2.104000000000000000e+03 1.453600000000000000e+04 -4.240000000000000000e+03 -3.040000000000000000e+02 -1.090000000000000000e+02
7.320000000000000000e+02 2.256000000000000000e+03 1.459200000000000000e+04 -4.224000000000000000e+03 -3.100000000000000000e+02 -2.200000000000000000e+02
1.356000000000000000e+03 2.244000000000000000e+03 1.446400000000000000e+04 -4.240000000000000000e+03 -3.010000000000000000e+02 -3.270000000000000000e+02
8.280000000000000000e+02 2.172000000000000000e+03 1.449600000000000000e+04 -4.256000000000000000e+03 -2.600000000000000000e+02 -3.930000000000000000e+02
8.320000000000000000e+02 2.116000000000000000e+03 1.447200000000000000e+04 -4.256000000000000000e+03 -2.760000000000000000e+02 -3.750000000000000000e+02
1.312000000000000000e+03 2.088000000000000000e+03 1.461200000000000000e+04 -4.240000000000000000e+03 -2.450000000000000000e+02 -3.000000000000000000e+02
1.420000000000000000e+03 2.124000000000000000e+03 1.443600000000000000e+04 -4.240000000000000000e+03 -2.280000000000000000e+02 -1.500000000000000000e+02
9.560000000000000000e+02 2.156000000000000000e+03 1.458400000000000000e+04 -4.240000000000000000e+03 -2.740000000000000000e+02 1.240000000000000000e+02
7.920000000000000000e+02 2.108000000000000000e+03 1.444800000000000000e+04 -4.240000000000000000e+03 -2.740000000000000000e+02 2.820000000000000000e+02
1.192000000000000000e+03 2.176000000000000000e+03 1.450800000000000000e+04 -4.256000000000000000e+03 -2.510000000000000000e+02 4.610000000000000000e+02
1.284000000000000000e+03 2.220000000000000000e+03 1.446800000000000000e+04 -4.240000000000000000e+03 -1.990000000000000000e+02 -2.040000000000000000e+03
9.360000000000000000e+02 2.172000000000000000e+03 1.461600000000000000e+04 -4.224000000000000000e+03 -1.160000000000000000e+02 -4.520000000000000000e+02
5.040000000000000000e+02 2.072000000000000000e+03 1.455200000000000000e+04 -4.224000000000000000e+03 1.000000000000000000e+01 -1.670000000000000000e+02
5.640000000000000000e+02 2.060000000000000000e+03 1.448800000000000000e+04 -4.208000000000000000e+03 5.710000000000000000e+02 5.560000000000000000e+02
6.720000000000000000e+02 2.028000000000000000e+03 1.440800000000000000e+04 -4.208000000000000000e+03 7.700000000000000000e+01 7.580000000000000000e+02
8.600000000000000000e+02 2.012000000000000000e+03 1.445200000000000000e+04 -4.224000000000000000e+03 -5.338000000000000000e+03 6.580000000000000000e+02
8.360000000000000000e+02 1.952000000000000000e+03 1.439600000000000000e+04 -4.240000000000000000e+03 -6.760000000000000000e+02 2.170000000000000000e+02
1.196000000000000000e+03 2.152000000000000000e+03 1.441200000000000000e+04 -4.224000000000000000e+03 -1.640000000000000000e+02 3.950000000000000000e+02
1.232000000000000000e+03 2.072000000000000000e+03 1.428400000000000000e+04 -4.240000000000000000e+03 -1.790000000000000000e+02 5.310000000000000000e+02
1.312000000000000000e+03 2.136000000000000000e+03 1.430400000000000000e+04 -4.240000000000000000e+03 1.910000000000000000e+02 7.540000000000000000e+02
1.700000000000000000e+03 2.236000000000000000e+03 1.414400000000000000e+04 -4.224000000000000000e+03 6.800000000000000000e+01 8.920000000000000000e+02
1.596000000000000000e+03 2.172000000000000000e+03 3.276700000000000000e+04 -4.240000000000000000e+03 4.290000000000000000e+02 9.760000000000000000e+02
1.184000000000000000e+03 2.160000000000000000e+03 3.140000000000000000e+04 -4.224000000000000000e+03 1.380000000000000000e+02 1.119000000000000000e+03
1.156000000000000000e+03 2.468000000000000000e+03 2.596400000000000000e+04 -4.224000000000000000e+03 1.900000000000000000e+02 1.129000000000000000e+03
-2.240000000000000000e+03 2.840000000000000000e+03 2.040800000000000000e+04 -4.240000000000000000e+03 1.710000000000000000e+02 1.493000000000000000e+03
8.452000000000000000e+03 1.794800000000000000e+04 2.268000000000000000e+04 -4.208000000000000000e+03 1.740000000000000000e+02 2.476000000000000000e+03
1.680000000000000000e+03 6.696000000000000000e+03 2.185600000000000000e+04 -4.224000000000000000e+03 2.070000000000000000e+02 1.204000000000000000e+03
1.844000000000000000e+03 2.728000000000000000e+03 1.970000000000000000e+04 -4.272000000000000000e+03 1.730000000000000000e+02 3.780000000000000000e+02
1.804000000000000000e+03 3.116000000000000000e+03 1.828800000000000000e+04 -4.240000000000000000e+03 2.480000000000000000e+02 1.042000000000000000e+03
1.848000000000000000e+03 3.120000000000000000e+03 1.518400000000000000e+04 -4.240000000000000000e+03 5.230000000000000000e+02 1.410000000000000000e+03
8.160000000000000000e+02 2.928000000000000000e+03 1.139200000000000000e+04 -4.208000000000000000e+03 5.750000000000000000e+02 1.083000000000000000e+03
2.160000000000000000e+02 2.840000000000000000e+03 7.364000000000000000e+03 -4.240000000000000000e+03 1.550000000000000000e+02 6.860000000000000000e+02
2.920000000000000000e+02 2.312000000000000000e+03 4.204000000000000000e+03 -4.240000000000000000e+03 -5.110000000000000000e+02 4.030000000000000000e+02
1.028000000000000000e+03 2.104000000000000000e+03 1.372000000000000000e+03 -4.224000000000000000e+03 -8.290000000000000000e+02 1.290000000000000000e+02
7.000000000000000000e+02 1.312000000000000000e+03 4.880000000000000000e+02 -4.240000000000000000e+03 -1.016000000000000000e+03 -5.500000000000000000e+01
1.080000000000000000e+02 7.240000000000000000e+02 2.880000000000000000e+02 -4.208000000000000000e+03 -9.680000000000000000e+02 -2.520000000000000000e+02
1.600000000000000000e+02 3.680000000000000000e+02 4.356000000000000000e+03 -4.240000000000000000e+03 -9.680000000000000000e+02 -5.160000000000000000e+02
4.720000000000000000e+02 4.080000000000000000e+02 1.006000000000000000e+04 -4.208000000000000000e+03 -9.880000000000000000e+02 -7.280000000000000000e+02
1.640000000000000000e+02 3.520000000000000000e+02 1.565200000000000000e+04 -4.224000000000000000e+03 -1.012000000000000000e+03 -1.095000000000000000e+03
-4.596000000000000000e+03 8.840000000000000000e+02 1.844000000000000000e+04 -4.240000000000000000e+03 -6.290000000000000000e+02 -1.391000000000000000e+03
-1.780000000000000000e+03 2.576000000000000000e+03 1.757600000000000000e+04 -4.224000000000000000e+03 -6.490000000000000000e+02 -1.865000000000000000e+03
5.012000000000000000e+03 3.588000000000000000e+03 1.268800000000000000e+04 -4.240000000000000000e+03 -4.600000000000000000e+02 -2.158000000000000000e+03
5.520000000000000000e+03 4.044000000000000000e+03 9.916000000000000000e+03 -4.208000000000000000e+03 -4.830000000000000000e+02 -2.455000000000000000e+03
3.268000000000000000e+03 3.720000000000000000e+03 9.116000000000000000e+03 -4.240000000000000000e+03 -2.770000000000000000e+02 -2.677000000000000000e+03
1.736000000000000000e+03 2.160000000000000000e+03 8.460000000000000000e+03 -4.240000000000000000e+03 -4.410000000000000000e+02 -2.612000000000000000e+03
6.400000000000000000e+02 1.676000000000000000e+03 5.860000000000000000e+03 -4.208000000000000000e+03 -1.390000000000000000e+02 -2.633000000000000000e+03
4.840000000000000000e+02 1.548000000000000000e+03 6.112000000000000000e+03 -4.240000000000000000e+03 -4.530000000000000000e+02 -2.072500000000000000e+04
6.120000000000000000e+02 1.416000000000000000e+03 8.796000000000000000e+03 -4.240000000000000000e+03 -3.530000000000000000e+02 3.219000000000000000e+03
9.200000000000000000e+01 9.680000000000000000e+02 1.062800000000000000e+04 -4.224000000000000000e+03 -4.340000000000000000e+02 2.806000000000000000e+03
3.160000000000000000e+02 1.000000000000000000e+03 1.266000000000000000e+04 -4.224000000000000000e+03 -6.670000000000000000e+02 6.016000000000000000e+03
4.200000000000000000e+02 1.376000000000000000e+03 1.398400000000000000e+04 -4.224000000000000000e+03 -3.201000000000000000e+03 -4.180000000000000000e+02
2.040000000000000000e+02 1.480000000000000000e+03 1.495200000000000000e+04 -4.208000000000000000e+03 8.717000000000000000e+03 2.046000000000000000e+03
6.280000000000000000e+02 2.144000000000000000e+03 1.528000000000000000e+04 -4.240000000000000000e+03 1.252000000000000000e+03 9.520000000000000000e+02
6.360000000000000000e+02 2.464000000000000000e+03 1.708400000000000000e+04 -4.208000000000000000e+03 -9.790000000000000000e+02 1.651000000000000000e+03
5.520000000000000000e+02 2.524000000000000000e+03 1.580800000000000000e+04 -4.240000000000000000e+03 3.832000000000000000e+03 4.690000000000000000e+02
9.920000000000000000e+02 2.968000000000000000e+03 1.648000000000000000e+04 -4.224000000000000000e+03 3.030000000000000000e+03 6.750000000000000000e+02
1.212000000000000000e+03 3.136000000000000000e+03 1.581200000000000000e+04 -4.224000000000000000e+03 -2.287000000000000000e+03 1.008000000000000000e+03
1.240000000000000000e+03 3.164000000000000000e+03 3.276700000000000000e+04 -4.224000000000000000e+03 -1.242000000000000000e+03 1.480000000000000000e+03
8.320000000000000000e+02 3.316000000000000000e+03 3.276700000000000000e+04 -4.240000000000000000e+03 -5.900000000000000000e+01 1.521000000000000000e+03
1.676000000000000000e+03 3.044000000000000000e+03 -1.728000000000000000e+04 -4.256000000000000000e+03 3.400000000000000000e+01 1.698000000000000000e+03
-3.276800000000000000e+04 -3.276800000000000000e+04 -3.276800000000000000e+04 -4.208000000000000000e+03 -4.630000000000000000e+02 1.571000000000000000e+03
