8.700000000000000000e+01 1.684000000000000000e+03 1.324800000000000000e+04 -4.240000000000000000e+03 -2.950000000000000000e+02 2.960000000000000000e+02
9.896000000000000000e+03 2.252000000000000000e+03 1.314800000000000000e+04 -4.224000000000000000e+03 -3.130000000000000000e+02 4.040000000000000000e+02
7.768000000000000000e+03 1.840000000000000000e+03 1.297600000000000000e+04 -4.240000000000000000e+03 -2.990000000000000000e+02 -1.110000000000000000e+02
1.076000000000000000e+04 1.576000000000000000e+03 1.293600000000000000e+04 -4.224000000000000000e+03 -3.040000000000000000e+02 -5.265000000000000000e+03
1.048400000000000000e+04 1.400000000000000000e+03 1.276800000000000000e+04 -4.224000000000000000e+03 -3.010000000000000000e+02 -2.023000000000000000e+03
9.684000000000000000e+03 1.552000000000000000e+03 1.261200000000000000e+04 -4.224000000000000000e+03 -1.750000000000000000e+02 -1.078000000000000000e+03
8.968000000000000000e+03 2.120000000000000000e+03 1.288800000000000000e+04 -4.192000000000000000e+03 4.250000000000000000e+02 -1.261000000000000000e+03
8.336000000000000000e+03 2.424000000000000000e+03 1.294800000000000000e+04 -4.240000000000000000e+03 -1.559000000000000000e+03 -1.122000000000000000e+03
8.512000000000000000e+03 2.376000000000000000e+03 1.296800000000000000e+04 -4.256000000000000000e+03 -6.034000000000000000e+03 -7.680000000000000000e+02
8.608000000000000000e+03 2.056000000000000000e+03 1.255200000000000000e+04 -4.224000000000000000e+03 -7.430000000000000000e+02 -4.470000000000000000e+02
8.352000000000000000e+03 1.800000000000000000e+03 1.244400000000000000e+04 -4.192000000000000000e+03 -4.610000000000000000e+02 -2.420000000000000000e+02
8.176000000000000000e+03 1.868000000000000000e+03 1.265200000000000000e+04 -4.224000000000000000e+03 -9.080000000000000000e+02 1.400000000000000000e+01
7.628000000000000000e+03 1.876000000000000000e+03 1.285200000000000000e+04 -4.224000000000000000e+03 -9.220000000000000000e+02 3.300000000000000000e+01
7.296000000000000000e+03 1.984000000000000000e+03 1.253600000000000000e+04 -4.208000000000000000e+03 -9.300000000000000000e+02 2.140000000000000000e+02
7.492000000000000000e+03 2.044000000000000000e+03 1.254400000000000000e+04 -4.256000000000000000e+03 -1.017000000000000000e+03 2.890000000000000000e+02
7.792000000000000000e+03 2.144000000000000000e+03 1.255600000000000000e+04 -4.224000000000000000e+03 -8.530000000000000000e+02 2.400000000000000000e+02
7.736000000000000000e+03 2.084000000000000000e+03 1.321200000000000000e+04 -4.240000000000000000e+03 -6.820000000000000000e+02 4.540000000000000000e+02
8.096000000000000000e+03 1.960000000000000000e+03 2.333200000000000000e+04 -4.208000000000000000e+03 -4.590000000000000000e+02 4.830000000000000000e+02
7.960000000000000000e+03 1.840000000000000000e+03 -2.619600000000000000e+04 -4.224000000000000000e+03 -2.160000000000000000e+02 4.700000000000000000e+02
8.028000000000000000e+03 1.860000000000000000e+03 1.348800000000000000e+04 -4.224000000000000000e+03 -1.030000000000000000e+02 8.640000000000000000e+02
7.856000000000000000e+03 1.872000000000000000e+03 1.835600000000000000e+04 -4.224000000000000000e+03 1.100000000000000000e+01 2.156000000000000000e+03
7.764000000000000000e+03 2.000000000000000000e+03 1.679600000000000000e+04 -4.240000000000000000e+03 8.800000000000000000e+01 3.710000000000000000e+02
8.236000000000000000e+03 2.016000000000000000e+03 1.662800000000000000e+04 -4.208000000000000000e+03 2.080000000000000000e+02 -1.520000000000000000e+02
8.444000000000000000e+03 2.128000000000000000e+03 1.637600000000000000e+04 -4.224000000000000000e+03 3.550000000000000000e+02 7.000000000000000000e+02
8.388000000000000000e+03 2.012000000000000000e+03 1.531600000000000000e+04 -4.224000000000000000e+03 4.430000000000000000e+02 8.980000000000000000e+02
8.096000000000000000e+03 1.912000000000000000e+03 1.345200000000000000e+04 -4.208000000000000000e+03 -4.000000000000000000e+01 1.013000000000000000e+03
8.392000000000000000e+03 1.944000000000000000e+03 1.188400000000000000e+04 -4.224000000000000000e+03 -1.090000000000000000e+02 8.460000000000000000e+02
8.256000000000000000e+03 1.604000000000000000e+03 9.252000000000000000e+03 -4.192000000000000000e+03 -2.400000000000000000e+02 5.500000000000000000e+02
7.948000000000000000e+03 2.484000000000000000e+03 6.860000000000000000e+03 -4.224000000000000000e+03 -3.240000000000000000e+02 -1.200000000000000000e+02
6.884000000000000000e+03 -9.876000000000000000e+03 3.796000000000000000e+03 -4.224000000000000000e+03 -2.010000000000000000e+02 -3.900000000000000000e+01
6.388000000000000000e+03 1.572000000000000000e+03 1.196000000000000000e+03 -4.224000000000000000e+03 -9.800000000000000000e+01 -6.300000000000000000e+02
1.042400000000000000e+04 3.368000000000000000e+03 1.200000000000000000e+02 -4.224000000000000000e+03 1.140000000000000000e+02 -1.046000000000000000e+03
1.408000000000000000e+04 3.084000000000000000e+03 9.640000000000000000e+02 -4.224000000000000000e+03 -3.300000000000000000e+01 -1.535000000000000000e+03
1.125600000000000000e+04 2.768000000000000000e+03 2.820000000000000000e+03 -4.224000000000000000e+03 -1.740000000000000000e+02 -1.901000000000000000e+03
1.320400000000000000e+04 2.360000000000000000e+03 1.227200000000000000e+04 -4.208000000000000000e+03 -2.200000000000000000e+02 -2.257000000000000000e+03
1.274000000000000000e+04 1.540000000000000000e+03 1.826800000000000000e+04 -4.208000000000000000e+03 -1.800000000000000000e+02 -2.478000000000000000e+03
1.243200000000000000e+04 9.280000000000000000e+02 1.617600000000000000e+04 -4.208000000000000000e+03 -8.400000000000000000e+01 -2.468000000000000000e+03
1.193200000000000000e+04 5.760000000000000000e+02 1.418800000000000000e+04 -4.192000000000000000e+03 3.000000000000000000e+01 -2.287000000000000000e+03
1.061600000000000000e+04 4.000000000000000000e+01 1.060000000000000000e+04 -4.240000000000000000e+03 -1.000000000000000000e+00 -2.219000000000000000e+03
9.704000000000000000e+03 -1.040000000000000000e+02 8.928000000000000000e+03 -4.208000000000000000e+03 -4.000000000000000000e+01 -2.048000000000000000e+03
8.316000000000000000e+03 1.080000000000000000e+02 9.448000000000000000e+03 -4.240000000000000000e+03 5.300000000000000000e+01 -1.812000000000000000e+03
6.248000000000000000e+03 2.560000000000000000e+02 1.169600000000000000e+04 -4.208000000000000000e+03 1.100000000000000000e+01 -1.528000000000000000e+03
4.372000000000000000e+03 -8.000000000000000000e+01 1.387600000000000000e+04 -4.224000000000000000e+03 -1.000000000000000000e+00 -1.289000000000000000e+03
2.716000000000000000e+03 2.120000000000000000e+02 1.383600000000000000e+04 -4.208000000000000000e+03 -1.200000000000000000e+02 -1.021000000000000000e+03
1.904000000000000000e+03 6.800000000000000000e+02 1.292000000000000000e+04 -4.224000000000000000e+03 -9.000000000000000000e+01 -1.011000000000000000e+03
2.528000000000000000e+03 2.048000000000000000e+03 1.138800000000000000e+04 -4.256000000000000000e+03 -1.810000000000000000e+02 -7.610000000000000000e+02
6.112000000000000000e+03 4.416000000000000000e+03 8.780000000000000000e+03 -4.224000000000000000e+03 -2.200000000000000000e+01 -5.850000000000000000e+02
1.136000000000000000e+03 2.804000000000000000e+03 7.484000000000000000e+03 -4.240000000000000000e+03 -1.500000000000000000e+01 -4.560000000000000000e+02
3.296000000000000000e+03 2.480000000000000000e+03 8.292000000000000000e+03 -4.256000000000000000e+03 1.250000000000000000e+02 -7.490000000000000000e+02
1.436800000000000000e+04 1.380000000000000000e+03 7.552000000000000000e+03 -4.240000000000000000e+03 -2.600000000000000000e+01 -1.307000000000000000e+03
1.536800000000000000e+04 1.012000000000000000e+03 8.208000000000000000e+03 -4.224000000000000000e+03 2.160000000000000000e+02 -3.683000000000000000e+03
1.070000000000000000e+04 1.128000000000000000e+03 9.152000000000000000e+03 -4.224000000000000000e+03 1.830000000000000000e+02 -2.900000000000000000e+02
5.396000000000000000e+03 1.616000000000000000e+03 1.007200000000000000e+04 -4.240000000000000000e+03 3.010000000000000000e+02 1.111400000000000000e+04
4.832000000000000000e+03 2.132000000000000000e+03 1.012400000000000000e+04 -4.224000000000000000e+03 2.640000000000000000e+02 -1.429400000000000000e+04
7.548000000000000000e+03 2.284000000000000000e+03 1.140000000000000000e+04 -4.192000000000000000e+03 5.040000000000000000e+02 4.650000000000000000e+03
1.081200000000000000e+04 2.144000000000000000e+03 1.058400000000000000e+04 -4.224000000000000000e+03 6.910000000000000000e+02 -9.200000000000000000e+02
