3.224000000000000000e+03 2.532000000000000000e+03 1.458800000000000000e+04 -4.640000000000000000e+03 -3.410000000000000000e+02 -4.000000000000000000e+00
1.176000000000000000e+03 1.576000000000000000e+03 1.531600000000000000e+04 -4.624000000000000000e+03 -3.890000000000000000e+02 1.570000000000000000e+02
1.324000000000000000e+03 1.636000000000000000e+03 1.511200000000000000e+04 -4.624000000000000000e+03 -3.980000000000000000e+02 2.640000000000000000e+02
1.616000000000000000e+03 1.232000000000000000e+03 1.492000000000000000e+04 -4.640000000000000000e+03 -7.310000000000000000e+02 2.370000000000000000e+02
2.384000000000000000e+03 1.560000000000000000e+03 1.391600000000000000e+04 -4.640000000000000000e+03 -1.100000000000000000e+02 2.770000000000000000e+02
2.480000000000000000e+03 1.552000000000000000e+03 1.367600000000000000e+04 -4.640000000000000000e+03 -2.510000000000000000e+02 2.860000000000000000e+02
1.432000000000000000e+03 2.140000000000000000e+03 1.485200000000000000e+04 -4.640000000000000000e+03 -2.900000000000000000e+02 3.700000000000000000e+02
7.400000000000000000e+02 1.668000000000000000e+03 1.527200000000000000e+04 -4.640000000000000000e+03 -3.320000000000000000e+02 4.590000000000000000e+02
-3.600000000000000000e+01 1.748000000000000000e+03 1.495600000000000000e+04 -4.640000000000000000e+03 -2.750000000000000000e+02 5.310000000000000000e+02
1.392000000000000000e+03 2.236000000000000000e+03 1.425200000000000000e+04 -4.624000000000000000e+03 -2.980000000000000000e+02 6.690000000000000000e+02
2.076000000000000000e+03 2.760000000000000000e+03 1.446400000000000000e+04 -4.624000000000000000e+03 -2.670000000000000000e+02 1.035000000000000000e+03
1.892000000000000000e+03 4.024000000000000000e+03 1.438000000000000000e+04 -4.640000000000000000e+03 -3.390000000000000000e+02 1.143000000000000000e+03
5.240000000000000000e+02 2.292000000000000000e+03 1.458400000000000000e+04 -4.624000000000000000e+03 -3.380000000000000000e+02 1.180000000000000000e+03
3.360000000000000000e+02 2.480000000000000000e+03 1.482400000000000000e+04 -4.624000000000000000e+03 -1.990000000000000000e+02 1.263000000000000000e+03
1.552000000000000000e+03 2.328000000000000000e+03 1.413200000000000000e+04 -4.640000000000000000e+03 -2.480000000000000000e+02 1.276000000000000000e+03
2.584000000000000000e+03 2.148000000000000000e+03 1.410400000000000000e+04 -4.624000000000000000e+03 -2.660000000000000000e+02 1.575000000000000000e+03
2.964000000000000000e+03 1.660000000000000000e+03 1.438000000000000000e+04 -4.624000000000000000e+03 -1.800000000000000000e+02 5.490000000000000000e+02
2.348000000000000000e+03 1.844000000000000000e+03 1.466800000000000000e+04 -4.608000000000000000e+03 -1.580000000000000000e+02 1.430000000000000000e+02
2.564000000000000000e+03 1.600000000000000000e+03 1.455600000000000000e+04 -4.656000000000000000e+03 -1.700000000000000000e+02 4.050000000000000000e+02
1.768000000000000000e+03 2.208000000000000000e+03 1.429200000000000000e+04 -4.624000000000000000e+03 2.210000000000000000e+02 9.230000000000000000e+02
2.912000000000000000e+03 2.968000000000000000e+03 1.448000000000000000e+04 -4.640000000000000000e+03 2.282000000000000000e+03 -1.320000000000000000e+02
3.436000000000000000e+03 3.324000000000000000e+03 1.447200000000000000e+04 -4.624000000000000000e+03 -5.480000000000000000e+02 -3.210000000000000000e+02
3.360000000000000000e+03 2.712000000000000000e+03 1.439200000000000000e+04 -4.624000000000000000e+03 1.037000000000000000e+03 2.920000000000000000e+02
2.484000000000000000e+03 2.132000000000000000e+03 1.422000000000000000e+04 -4.672000000000000000e+03 7.070000000000000000e+02 7.210000000000000000e+02
1.916000000000000000e+03 1.592000000000000000e+03 1.489200000000000000e+04 -4.672000000000000000e+03 3.720000000000000000e+02 4.520000000000000000e+02
2.408000000000000000e+03 1.460000000000000000e+03 1.440000000000000000e+04 -4.624000000000000000e+03 5.560000000000000000e+02 3.230000000000000000e+02
2.896000000000000000e+03 1.716000000000000000e+03 1.424000000000000000e+04 -4.656000000000000000e+03 5.450000000000000000e+02 3.490000000000000000e+02
3.168000000000000000e+03 1.912000000000000000e+03 1.403200000000000000e+04 -4.624000000000000000e+03 7.570000000000000000e+02 3.740000000000000000e+02
2.488000000000000000e+03 2.276000000000000000e+03 1.415200000000000000e+04 -4.640000000000000000e+03 7.170000000000000000e+02 1.900000000000000000e+02
2.492000000000000000e+03 2.436000000000000000e+03 3.276700000000000000e+04 -4.672000000000000000e+03 7.050000000000000000e+02 4.560000000000000000e+02
3.052000000000000000e+03 2.292000000000000000e+03 2.664800000000000000e+04 -4.640000000000000000e+03 6.650000000000000000e+02 6.840000000000000000e+02
2.328000000000000000e+03 2.568000000000000000e+03 1.999200000000000000e+04 -4.624000000000000000e+03 5.310000000000000000e+02 6.417000000000000000e+03
2.304000000000000000e+03 1.624000000000000000e+03 1.796800000000000000e+04 -4.624000000000000000e+03 2.930000000000000000e+02 -4.517000000000000000e+03
2.348000000000000000e+03 1.776000000000000000e+03 1.818800000000000000e+04 -4.656000000000000000e+03 1.900000000000000000e+02 1.860000000000000000e+02
2.300000000000000000e+03 2.064000000000000000e+03 1.866400000000000000e+04 -4.656000000000000000e+03 7.200000000000000000e+01 6.600000000000000000e+01
2.184000000000000000e+03 2.532000000000000000e+03 1.756000000000000000e+04 -4.656000000000000000e+03 -3.000000000000000000e+00 1.130000000000000000e+02
-8.040000000000000000e+03 5.728000000000000000e+03 1.953200000000000000e+04 -4.656000000000000000e+03 6.600000000000000000e+02 -8.230000000000000000e+02
3.520000000000000000e+02 4.156000000000000000e+03 1.849600000000000000e+04 -4.688000000000000000e+03 -3.230000000000000000e+02 -1.400000000000000000e+01
5.816000000000000000e+03 3.604000000000000000e+03 1.700000000000000000e+04 -4.640000000000000000e+03 8.800000000000000000e+01 -4.780000000000000000e+02
2.988000000000000000e+03 1.488000000000000000e+03 1.448000000000000000e+04 -4.640000000000000000e+03 5.200000000000000000e+01 -1.011000000000000000e+03
2.668000000000000000e+03 2.244000000000000000e+03 1.085200000000000000e+04 -4.672000000000000000e+03 -1.470000000000000000e+02 -9.510000000000000000e+02
2.952000000000000000e+03 2.972000000000000000e+03 8.500000000000000000e+03 -4.640000000000000000e+03 -5.230000000000000000e+02 -1.192000000000000000e+03
4.692000000000000000e+03 2.992000000000000000e+03 5.352000000000000000e+03 -4.640000000000000000e+03 -4.800000000000000000e+02 -1.125000000000000000e+03
3.816000000000000000e+03 3.232000000000000000e+03 2.932000000000000000e+03 -4.688000000000000000e+03 -3.490000000000000000e+02 -1.228000000000000000e+03
3.180000000000000000e+03 3.272000000000000000e+03 1.336000000000000000e+03 -4.608000000000000000e+03 -8.620000000000000000e+02 -1.137000000000000000e+03
2.888000000000000000e+03 3.360000000000000000e+03 1.536000000000000000e+03 -4.624000000000000000e+03 -1.438000000000000000e+03 -8.590000000000000000e+02
2.800000000000000000e+03 2.964000000000000000e+03 1.047200000000000000e+04 -4.624000000000000000e+03 -1.611000000000000000e+03 -7.160000000000000000e+02
1.764000000000000000e+03 2.172000000000000000e+03 1.205200000000000000e+04 -4.640000000000000000e+03 -1.917000000000000000e+03 -5.090000000000000000e+02
1.388000000000000000e+03 1.780000000000000000e+03 1.662000000000000000e+04 -4.640000000000000000e+03 -2.023000000000000000e+03 -4.470000000000000000e+02
1.284000000000000000e+03 1.224000000000000000e+03 1.458400000000000000e+04 -4.672000000000000000e+03 -1.934000000000000000e+03 -3.720000000000000000e+02
9.520000000000000000e+02 6.200000000000000000e+02 1.417200000000000000e+04 -4.656000000000000000e+03 -1.942000000000000000e+03 -5.120000000000000000e+02
1.040000000000000000e+02 -8.000000000000000000e+01 9.116000000000000000e+03 -4.656000000000000000e+03 -1.626000000000000000e+03 -6.770000000000000000e+02
-2.404000000000000000e+03 -5.680000000000000000e+02 8.656000000000000000e+03 -4.640000000000000000e+03 -1.549000000000000000e+03 -1.658000000000000000e+03
-8.292000000000000000e+03 2.264000000000000000e+03 1.028800000000000000e+04 -4.624000000000000000e+03 -1.079000000000000000e+03 -3.751000000000000000e+03
5.200000000000000000e+01 2.044000000000000000e+03 1.089600000000000000e+04 -4.672000000000000000e+03 -7.980000000000000000e+02 4.089000000000000000e+03
1.928000000000000000e+03 3.468000000000000000e+03 1.143200000000000000e+04 -4.624000000000000000e+03 -5.540000000000000000e+02 5.600000000000000000e+02
4.200000000000000000e+03 2.820000000000000000e+03 1.266000000000000000e+04 -4.656000000000000000e+03 -5.280000000000000000e+02 9.270000000000000000e+02
4.240000000000000000e+03 3.708000000000000000e+03 1.278400000000000000e+04 -4.656000000000000000e+03 -4.190000000000000000e+02 1.640000000000000000e+02
2.996000000000000000e+03 2.464000000000000000e+03 1.379600000000000000e+04 -4.656000000000000000e+03 2.088000000000000000e+03 1.111000000000000000e+03
1.680000000000000000e+03 2.940000000000000000e+03 1.287200000000000000e+04 -4.624000000000000000e+03 1.217000000000000000e+03 2.490000000000000000e+02
6.960000000000000000e+02 3.244000000000000000e+03 1.420800000000000000e+04 -4.640000000000000000e+03 -2.410000000000000000e+02 5.780000000000000000e+02
1.700000000000000000e+03 3.180000000000000000e+03 1.504400000000000000e+04 -4.656000000000000000e+03 3.598000000000000000e+03 5.600000000000000000e+01
1.856000000000000000e+03 2.644000000000000000e+03 1.448800000000000000e+04 -4.656000000000000000e+03 -5.517000000000000000e+03 2.980000000000000000e+02
