-1.266800000000000000e+04 1.580000000000000000e+03 6.284000000000000000e+03 -4.624000000000000000e+03 -1.120000000000000000e+02 2.570000000000000000e+02
-1.302400000000000000e+04 1.904000000000000000e+03 6.800000000000000000e+03 -4.640000000000000000e+03 -8.100000000000000000e+01 4.820000000000000000e+02
-1.359600000000000000e+04 2.348000000000000000e+03 6.968000000000000000e+03 -4.656000000000000000e+03 -3.870000000000000000e+02 6.430000000000000000e+02
-1.346400000000000000e+04 2.536000000000000000e+03 6.700000000000000000e+03 -4.640000000000000000e+03 -1.410000000000000000e+02 6.910000000000000000e+02
-1.317600000000000000e+04 1.608000000000000000e+03 9.900000000000000000e+01 -4.640000000000000000e+03 -1.090000000000000000e+02 7.190000000000000000e+02
4.640000000000000000e+03 -1.040000000000000000e+02 7.260000000000000000e+03 -4.656000000000000000e+03 -1.430000000000000000e+02 7.720000000000000000e+02
-1.366800000000000000e+04 9.240000000000000000e+02 7.096000000000000000e+03 -4.656000000000000000e+03 -1.600000000000000000e+02 7.620000000000000000e+02
-1.395200000000000000e+04 5.000000000000000000e+02 6.952000000000000000e+03 -4.624000000000000000e+03 -1.650000000000000000e+02 7.810000000000000000e+02
-1.340000000000000000e+04 9.200000000000000000e+02 7.088000000000000000e+03 -4.624000000000000000e+03 -1.890000000000000000e+02 7.760000000000000000e+02
-1.332400000000000000e+04 9.280000000000000000e+02 6.756000000000000000e+03 -4.672000000000000000e+03 -1.970000000000000000e+02 7.750000000000000000e+02
-1.314000000000000000e+04 1.332000000000000000e+03 6.464000000000000000e+03 -4.640000000000000000e+03 -1.920000000000000000e+02 4.820000000000000000e+02
-1.341200000000000000e+04 1.748000000000000000e+03 6.648000000000000000e+03 -4.656000000000000000e+03 -2.050000000000000000e+02 3.500000000000000000e+01
-1.340000000000000000e+04 1.792000000000000000e+03 6.468000000000000000e+03 -4.624000000000000000e+03 -3.900000000000000000e+02 -1.600000000000000000e+01
-1.330400000000000000e+04 1.312000000000000000e+03 6.568000000000000000e+03 -4.608000000000000000e+03 -1.850000000000000000e+02 1.380000000000000000e+02
-1.334400000000000000e+04 9.880000000000000000e+02 6.584000000000000000e+03 -4.672000000000000000e+03 -3.180000000000000000e+02 2.630000000000000000e+02
-1.344800000000000000e+04 8.880000000000000000e+02 6.308000000000000000e+03 -4.656000000000000000e+03 -2.580000000000000000e+02 4.200000000000000000e+02
-1.354800000000000000e+04 8.760000000000000000e+02 5.896000000000000000e+03 -4.656000000000000000e+03 -2.840000000000000000e+02 4.550000000000000000e+02
-1.410400000000000000e+04 9.560000000000000000e+02 6.280000000000000000e+03 -4.640000000000000000e+03 -2.890000000000000000e+02 3.600000000000000000e+02
-1.382800000000000000e+04 1.480000000000000000e+03 6.552000000000000000e+03 -4.624000000000000000e+03 -2.840000000000000000e+02 3.390000000000000000e+02
-1.358400000000000000e+04 1.564000000000000000e+03 6.656000000000000000e+03 -4.640000000000000000e+03 -2.890000000000000000e+02 4.080000000000000000e+02
-1.342800000000000000e+04 1.148000000000000000e+03 6.732000000000000000e+03 -4.656000000000000000e+03 -3.000000000000000000e+02 2.880000000000000000e+02
-1.348000000000000000e+04 1.120000000000000000e+03 6.552000000000000000e+03 -4.640000000000000000e+03 -3.260000000000000000e+02 -2.000000000000000000e+00
-1.351200000000000000e+04 9.760000000000000000e+02 6.140000000000000000e+03 -4.640000000000000000e+03 -3.610000000000000000e+02 -1.730000000000000000e+02
-1.355200000000000000e+04 1.044000000000000000e+03 6.220000000000000000e+03 -4.624000000000000000e+03 -3.580000000000000000e+02 -1.720000000000000000e+02
-1.360000000000000000e+04 1.040000000000000000e+03 6.224000000000000000e+03 -4.640000000000000000e+03 -3.260000000000000000e+02 7.160000000000000000e+02
-1.365200000000000000e+04 1.208000000000000000e+03 6.336000000000000000e+03 -4.656000000000000000e+03 -1.800000000000000000e+02 -4.653000000000000000e+03
-1.359600000000000000e+04 1.392000000000000000e+03 6.220000000000000000e+03 -4.656000000000000000e+03 2.990000000000000000e+02 -7.710000000000000000e+02
-1.390000000000000000e+04 1.232000000000000000e+03 6.172000000000000000e+03 -4.656000000000000000e+03 -2.700000000000000000e+02 1.160000000000000000e+02
-1.375200000000000000e+04 1.112000000000000000e+03 6.280000000000000000e+03 -4.656000000000000000e+03 -1.140000000000000000e+03 6.520000000000000000e+02
-1.370000000000000000e+04 1.156000000000000000e+03 6.352000000000000000e+03 -4.640000000000000000e+03 -8.320000000000000000e+02 6.010000000000000000e+02
-1.340800000000000000e+04 1.140000000000000000e+03 6.168000000000000000e+03 -4.624000000000000000e+03 -7.960000000000000000e+02 1.144000000000000000e+03
-1.482000000000000000e+04 1.300000000000000000e+03 -2.484000000000000000e+03 -4.656000000000000000e+03 -6.580000000000000000e+02 2.083000000000000000e+03
-1.336400000000000000e+04 4.000000000000000000e+00 1.346000000000000000e+04 -4.656000000000000000e+03 -5.210000000000000000e+02 2.581000000000000000e+03
-2.330000000000000000e+04 -8.948000000000000000e+03 1.120000000000000000e+04 -4.656000000000000000e+03 -5.290000000000000000e+02 3.193000000000000000e+03
-2.347600000000000000e+04 4.056000000000000000e+03 9.764000000000000000e+03 -4.656000000000000000e+03 -6.390000000000000000e+02 3.225000000000000000e+03
-1.945200000000000000e+04 2.004000000000000000e+03 1.054000000000000000e+04 -4.608000000000000000e+03 -7.620000000000000000e+02 3.083000000000000000e+03
-1.795600000000000000e+04 1.660000000000000000e+03 1.076400000000000000e+04 -4.688000000000000000e+03 -6.880000000000000000e+02 3.157000000000000000e+03
-1.824400000000000000e+04 1.584000000000000000e+03 1.022400000000000000e+04 -4.624000000000000000e+03 -6.640000000000000000e+02 3.074000000000000000e+03
-1.804400000000000000e+04 1.368000000000000000e+03 9.104000000000000000e+03 -4.608000000000000000e+03 -6.030000000000000000e+02 3.228000000000000000e+03
-1.671600000000000000e+04 9.400000000000000000e+02 7.488000000000000000e+03 -4.656000000000000000e+03 -5.310000000000000000e+02 3.462000000000000000e+03
-1.369200000000000000e+04 8.560000000000000000e+02 6.960000000000000000e+03 -4.656000000000000000e+03 -4.490000000000000000e+02 9.918000000000000000e+03
-1.274400000000000000e+04 6.840000000000000000e+02 5.012000000000000000e+03 -4.688000000000000000e+03 -3.050000000000000000e+02 2.441000000000000000e+03
-1.093200000000000000e+04 1.880000000000000000e+02 2.164000000000000000e+03 -4.624000000000000000e+03 -5.370000000000000000e+02 2.420000000000000000e+03
-7.404000000000000000e+03 -4.800000000000000000e+01 -4.360000000000000000e+02 -4.624000000000000000e+03 8.620000000000000000e+02 3.617000000000000000e+03
-3.040000000000000000e+03 -4.320000000000000000e+02 -1.460000000000000000e+03 -4.656000000000000000e+03 -1.050000000000000000e+02 3.145000000000000000e+03
-1.216000000000000000e+03 -2.640000000000000000e+02 1.200000000000000000e+02 -4.656000000000000000e+03 -7.180000000000000000e+02 2.778000000000000000e+03
-2.064000000000000000e+03 3.040000000000000000e+02 -5.228000000000000000e+03 -4.608000000000000000e+03 -8.360000000000000000e+02 4.531000000000000000e+03
-1.153600000000000000e+04 -5.040000000000000000e+02 -1.044000000000000000e+04 -4.656000000000000000e+03 -9.520000000000000000e+02 2.210000000000000000e+03
-1.262000000000000000e+04 -5.960000000000000000e+02 -2.240000000000000000e+02 -4.608000000000000000e+03 -5.920000000000000000e+02 1.739000000000000000e+03
-9.072000000000000000e+03 1.384000000000000000e+03 1.156000000000000000e+04 -4.656000000000000000e+03 -1.430000000000000000e+02 1.358000000000000000e+03
-1.826400000000000000e+04 2.576000000000000000e+03 1.110400000000000000e+04 -4.656000000000000000e+03 -1.960000000000000000e+02 1.475000000000000000e+03
-1.598400000000000000e+04 2.740000000000000000e+03 5.932000000000000000e+03 -4.672000000000000000e+03 -3.690000000000000000e+02 1.342000000000000000e+03
-1.166400000000000000e+04 1.536000000000000000e+03 -1.644000000000000000e+03 -4.656000000000000000e+03 -4.830000000000000000e+02 1.242000000000000000e+03
-1.161200000000000000e+04 -3.560000000000000000e+02 -2.240000000000000000e+03 -4.640000000000000000e+03 -2.700000000000000000e+02 2.500000000000000000e+02
-1.336000000000000000e+04 -1.960000000000000000e+02 -5.200000000000000000e+01 -4.640000000000000000e+03 -2.060000000000000000e+02 1.182000000000000000e+03
-1.529600000000000000e+04 1.600000000000000000e+01 -1.800000000000000000e+02 -4.656000000000000000e+03 -2.780000000000000000e+02 7.080000000000000000e+02
-1.206400000000000000e+04 1.564000000000000000e+03 -1.252000000000000000e+03 -4.656000000000000000e+03 -1.570000000000000000e+02 3.990000000000000000e+02
-9.444000000000000000e+03 7.040000000000000000e+02 -2.436000000000000000e+03 -4.608000000000000000e+03 -1.620000000000000000e+02 2.020000000000000000e+02
-5.392000000000000000e+03 2.520000000000000000e+02 -6.160000000000000000e+02 -4.624000000000000000e+03 -1.680000000000000000e+02 3.500000000000000000e+01
-8.476000000000000000e+03 5.240000000000000000e+02 3.280000000000000000e+02 -4.688000000000000000e+03 -7.600000000000000000e+01 -4.330000000000000000e+02
-1.099600000000000000e+04 -1.200000000000000000e+01 1.460000000000000000e+03 -4.640000000000000000e+03 -5.900000000000000000e+01 -7.940000000000000000e+02
-1.260400000000000000e+04 -1.200000000000000000e+02 2.108000000000000000e+03 -4.640000000000000000e+03 -4.000000000000000000e+01 -1.109000000000000000e+03
-1.454400000000000000e+04 4.800000000000000000e+01 3.196000000000000000e+03 -4.640000000000000000e+03 -1.180000000000000000e+02 -1.696000000000000000e+03
-1.726800000000000000e+04 -4.000000000000000000e+01 2.556000000000000000e+03 -4.672000000000000000e+03 1.900000000000000000e+01 -2.131000000000000000e+03
-1.642800000000000000e+04 3.520000000000000000e+02 2.272000000000000000e+03 -4.624000000000000000e+03 -1.100000000000000000e+01 9.975000000000000000e+03
-1.624800000000000000e+04 3.880000000000000000e+02 3.424000000000000000e+03 -4.608000000000000000e+03 -2.900000000000000000e+01 -3.640000000000000000e+03
-1.836800000000000000e+04 5.160000000000000000e+02 2.188000000000000000e+03 -4.640000000000000000e+03 9.070000000000000000e+02 -5.927000000000000000e+03
-1.641600000000000000e+04 3.080000000000000000e+02 3.404000000000000000e+03 -4.656000000000000000e+03 4.530000000000000000e+02 4.133000000000000000e+03
-1.918400000000000000e+04 8.600000000000000000e+02 3.436000000000000000e+03 -4.656000000000000000e+03 1.456000000000000000e+03 1.576000000000000000e+03
-2.013600000000000000e+04 8.800000000000000000e+02 3.332000000000000000e+03 -4.624000000000000000e+03 2.180000000000000000e+02 1.267000000000000000e+03
-2.011600000000000000e+04 1.324000000000000000e+03 -3.276800000000000000e+04 -4.688000000000000000e+03 -3.910000000000000000e+02 1.196000000000000000e+03
-3.276800000000000000e+04 1.245600000000000000e+04 -1.303600000000000000e+04 -4.656000000000000000e+03 -2.300000000000000000e+01 1.151000000000000000e+03
-1.036000000000000000e+04 1.961600000000000000e+04 2.553200000000000000e+04 -4.656000000000000000e+03 1.290000000000000000e+02 5.600000000000000000e+02
-3.276800000000000000e+04 -1.708800000000000000e+04 4.508000000000000000e+03 -4.656000000000000000e+03 2.360000000000000000e+02 -2.420000000000000000e+02
-7.680000000000000000e+03 3.640000000000000000e+02 -5.816000000000000000e+03 -4.656000000000000000e+03 -1.580000000000000000e+02 -7.030000000000000000e+02
-3.196000000000000000e+03 -2.896000000000000000e+03 3.200000000000000000e+03 -4.656000000000000000e+03 5.900000000000000000e+01 -9.900000000000000000e+02
-2.606400000000000000e+04 -3.540000000000000000e+03 1.120000000000000000e+03 -4.640000000000000000e+03 -1.360000000000000000e+02 -1.137000000000000000e+03
