1.172000000000000000e+03 1.988000000000000000e+03 1.490800000000000000e+04 -4.640000000000000000e+03 -2.840000000000000000e+02 -1.120000000000000000e+02
1.524000000000000000e+03 1.676000000000000000e+03 1.472800000000000000e+04 -4.640000000000000000e+03 -2.710000000000000000e+02 -9.000000000000000000e+01
3.680000000000000000e+02 1.628000000000000000e+03 1.464800000000000000e+04 -4.640000000000000000e+03 -2.620000000000000000e+02 -3.700000000000000000e+01
9.480000000000000000e+02 2.292000000000000000e+03 1.433200000000000000e+04 -4.656000000000000000e+03 -2.830000000000000000e+02 -8.000000000000000000e+00
8.360000000000000000e+02 2.256000000000000000e+03 1.444400000000000000e+04 -4.656000000000000000e+03 -2.730000000000000000e+02 9.700000000000000000e+01
9.880000000000000000e+02 1.964000000000000000e+03 1.475600000000000000e+04 -4.640000000000000000e+03 -2.630000000000000000e+02 2.730000000000000000e+02
9.440000000000000000e+02 2.068000000000000000e+03 1.464800000000000000e+04 -4.656000000000000000e+03 -2.010000000000000000e+02 4.320000000000000000e+02
9.560000000000000000e+02 2.284000000000000000e+03 1.447200000000000000e+04 -4.640000000000000000e+03 -3.240000000000000000e+02 5.890000000000000000e+02
9.240000000000000000e+02 2.164000000000000000e+03 1.457200000000000000e+04 -4.640000000000000000e+03 -3.300000000000000000e+02 6.820000000000000000e+02
1.232000000000000000e+03 1.776000000000000000e+03 1.478000000000000000e+04 -4.656000000000000000e+03 -2.080000000000000000e+02 6.920000000000000000e+02
1.272000000000000000e+03 1.884000000000000000e+03 1.452000000000000000e+04 -4.656000000000000000e+03 -3.410000000000000000e+02 6.730000000000000000e+02
1.268000000000000000e+03 2.092000000000000000e+03 1.396800000000000000e+04 -4.640000000000000000e+03 -3.810000000000000000e+02 6.950000000000000000e+02
1.060000000000000000e+03 2.300000000000000000e+03 1.434400000000000000e+04 -4.624000000000000000e+03 -3.510000000000000000e+02 7.480000000000000000e+02
1.616000000000000000e+03 2.488000000000000000e+03 1.463200000000000000e+04 -4.656000000000000000e+03 -2.830000000000000000e+02 7.090000000000000000e+02
1.472000000000000000e+03 2.372000000000000000e+03 1.415200000000000000e+04 -4.656000000000000000e+03 -2.970000000000000000e+02 6.840000000000000000e+02
1.444000000000000000e+03 2.200000000000000000e+03 1.453200000000000000e+04 -4.656000000000000000e+03 -3.090000000000000000e+02 6.070000000000000000e+02
1.428000000000000000e+03 1.608000000000000000e+03 1.478000000000000000e+04 -4.656000000000000000e+03 -3.150000000000000000e+02 4.770000000000000000e+02
8.600000000000000000e+02 1.796000000000000000e+03 1.462400000000000000e+04 -4.656000000000000000e+03 -2.970000000000000000e+02 3.960000000000000000e+02
8.600000000000000000e+02 1.832000000000000000e+03 1.455200000000000000e+04 -4.656000000000000000e+03 -2.670000000000000000e+02 4.580000000000000000e+02
1.256000000000000000e+03 2.144000000000000000e+03 1.440800000000000000e+04 -4.656000000000000000e+03 -2.660000000000000000e+02 6.720000000000000000e+02
8.480000000000000000e+02 2.332000000000000000e+03 1.454800000000000000e+04 -4.656000000000000000e+03 -3.050000000000000000e+02 1.002000000000000000e+03
7.040000000000000000e+02 2.296000000000000000e+03 1.454400000000000000e+04 -4.656000000000000000e+03 -3.380000000000000000e+02 1.353000000000000000e+03
6.600000000000000000e+02 2.384000000000000000e+03 1.467200000000000000e+04 -4.656000000000000000e+03 -3.080000000000000000e+02 1.908000000000000000e+03
1.112000000000000000e+03 2.184000000000000000e+03 1.453600000000000000e+04 -4.688000000000000000e+03 -2.460000000000000000e+02 3.579000000000000000e+03
7.200000000000000000e+02 1.976000000000000000e+03 1.447600000000000000e+04 -4.656000000000000000e+03 -1.660000000000000000e+02 3.190000000000000000e+02
5.040000000000000000e+02 1.912000000000000000e+03 1.448800000000000000e+04 -4.656000000000000000e+03 1.030000000000000000e+03 1.047000000000000000e+03
5.160000000000000000e+02 1.864000000000000000e+03 1.453600000000000000e+04 -4.656000000000000000e+03 4.220000000000000000e+02 7.470000000000000000e+02
7.000000000000000000e+02 2.276000000000000000e+03 1.448400000000000000e+04 -4.672000000000000000e+03 -5.060000000000000000e+02 9.010000000000000000e+02
1.308000000000000000e+03 2.228000000000000000e+03 1.433600000000000000e+04 -4.640000000000000000e+03 -1.141000000000000000e+03 5.650000000000000000e+02
1.196000000000000000e+03 2.076000000000000000e+03 1.383200000000000000e+04 -4.640000000000000000e+03 -1.950000000000000000e+02 3.920000000000000000e+02
1.556000000000000000e+03 2.184000000000000000e+03 2.032400000000000000e+04 -4.624000000000000000e+03 -6.000000000000000000e+00 6.590000000000000000e+02
1.000000000000000000e+03 1.760000000000000000e+03 2.480400000000000000e+04 -4.704000000000000000e+03 1.590000000000000000e+02 6.890000000000000000e+02
-1.864000000000000000e+03 6.800000000000000000e+03 3.276700000000000000e+04 -4.672000000000000000e+03 3.200000000000000000e+02 9.280000000000000000e+02
-1.032000000000000000e+03 4.588000000000000000e+03 2.060000000000000000e+04 -4.656000000000000000e+03 3.500000000000000000e+02 1.148000000000000000e+03
-1.488400000000000000e+04 6.160000000000000000e+03 2.110000000000000000e+04 -4.656000000000000000e+03 5.170000000000000000e+02 1.336000000000000000e+03
-2.948000000000000000e+03 4.476000000000000000e+03 1.973600000000000000e+04 -4.672000000000000000e+03 5.610000000000000000e+02 1.434000000000000000e+03
-5.640000000000000000e+02 2.944000000000000000e+03 1.989600000000000000e+04 -4.640000000000000000e+03 6.230000000000000000e+02 1.546000000000000000e+03
-3.160000000000000000e+02 2.276000000000000000e+03 1.948800000000000000e+04 -4.656000000000000000e+03 5.960000000000000000e+02 2.854000000000000000e+03
3.080000000000000000e+02 2.816000000000000000e+03 1.707600000000000000e+04 -4.656000000000000000e+03 2.800000000000000000e+02 9.869000000000000000e+03
-3.280000000000000000e+02 2.752000000000000000e+03 1.433200000000000000e+04 -4.672000000000000000e+03 -1.470000000000000000e+02 -1.489000000000000000e+03
7.640000000000000000e+02 2.244000000000000000e+03 1.154000000000000000e+04 -4.672000000000000000e+03 -4.530000000000000000e+02 -4.273000000000000000e+03
1.056000000000000000e+03 1.984000000000000000e+03 9.628000000000000000e+03 -4.672000000000000000e+03 8.450000000000000000e+02 1.615000000000000000e+03
1.220000000000000000e+03 1.672000000000000000e+03 8.320000000000000000e+03 -4.640000000000000000e+03 1.032000000000000000e+03 1.032000000000000000e+03
1.108000000000000000e+03 1.748000000000000000e+03 8.144000000000000000e+03 -4.656000000000000000e+03 5.890000000000000000e+02 6.200000000000000000e+02
1.688000000000000000e+03 1.752000000000000000e+03 2.156000000000000000e+03 -4.656000000000000000e+03 2.600000000000000000e+01 3.230000000000000000e+02
1.696000000000000000e+03 1.660000000000000000e+03 8.684000000000000000e+03 -4.656000000000000000e+03 -3.930000000000000000e+02 -1.050000000000000000e+02
1.160000000000000000e+03 3.560000000000000000e+02 3.316000000000000000e+03 -4.656000000000000000e+03 -6.380000000000000000e+02 -7.720000000000000000e+02
-1.807600000000000000e+04 -4.192000000000000000e+03 3.480000000000000000e+03 -4.640000000000000000e+03 -5.190000000000000000e+02 -7.650000000000000000e+02
-7.680000000000000000e+03 4.760000000000000000e+02 1.341600000000000000e+04 -4.656000000000000000e+03 -6.550000000000000000e+02 -7.830000000000000000e+02
-1.600000000000000000e+01 1.836000000000000000e+03 1.938400000000000000e+04 -4.656000000000000000e+03 -9.460000000000000000e+02 -7.620000000000000000e+02
1.460000000000000000e+03 2.640000000000000000e+03 1.669200000000000000e+04 -4.656000000000000000e+03 -1.237000000000000000e+03 -9.170000000000000000e+02
-1.596000000000000000e+03 4.296000000000000000e+03 1.052400000000000000e+04 -4.672000000000000000e+03 -1.443000000000000000e+03 -1.216000000000000000e+03
-6.240000000000000000e+02 3.864000000000000000e+03 7.360000000000000000e+03 -4.688000000000000000e+03 -1.426000000000000000e+03 -9.440000000000000000e+02
-2.280000000000000000e+02 2.580000000000000000e+03 8.748000000000000000e+03 -4.656000000000000000e+03 -1.130000000000000000e+03 -1.622000000000000000e+03
-4.720000000000000000e+02 2.280000000000000000e+03 1.098800000000000000e+04 -4.656000000000000000e+03 -1.280000000000000000e+03 -2.100000000000000000e+03
-8.760000000000000000e+02 2.612000000000000000e+03 1.189600000000000000e+04 -4.656000000000000000e+03 -1.030000000000000000e+03 -2.526000000000000000e+03
-1.304000000000000000e+03 2.652000000000000000e+03 1.341200000000000000e+04 -4.656000000000000000e+03 -1.086000000000000000e+03 -3.140000000000000000e+03
-5.440000000000000000e+02 2.240000000000000000e+03 1.318400000000000000e+04 -4.640000000000000000e+03 -7.410000000000000000e+02 -3.609000000000000000e+03
-8.560000000000000000e+02 1.872000000000000000e+03 1.366000000000000000e+04 -4.656000000000000000e+03 -8.340000000000000000e+02 -3.923000000000000000e+03
-6.720000000000000000e+02 1.712000000000000000e+03 1.610000000000000000e+04 -4.624000000000000000e+03 -6.600000000000000000e+02 5.880000000000000000e+03
-6.760000000000000000e+02 1.724000000000000000e+03 1.848400000000000000e+04 -4.704000000000000000e+03 7.590000000000000000e+02 1.590000000000000000e+02
-1.052000000000000000e+03 2.204000000000000000e+03 1.766400000000000000e+04 -4.640000000000000000e+03 -3.072000000000000000e+03 2.840000000000000000e+03
-8.280000000000000000e+02 2.724000000000000000e+03 1.836400000000000000e+04 -4.640000000000000000e+03 -1.721000000000000000e+03 1.374000000000000000e+03
-2.640000000000000000e+02 2.752000000000000000e+03 1.949600000000000000e+04 -4.672000000000000000e+03 1.307000000000000000e+03 1.647000000000000000e+03
-4.760000000000000000e+02 2.728000000000000000e+03 1.851600000000000000e+04 -4.672000000000000000e+03 -1.277000000000000000e+03 1.422000000000000000e+03
-4.800000000000000000e+02 3.128000000000000000e+03 1.508400000000000000e+04 -4.704000000000000000e+03 -6.340000000000000000e+02 1.203000000000000000e+03
-7.440000000000000000e+02 3.144000000000000000e+03 -2.120000000000000000e+04 -4.640000000000000000e+03 -1.500000000000000000e+01 8.470000000000000000e+02
-1.452000000000000000e+03 2.308000000000000000e+03 3.276700000000000000e+04 -4.656000000000000000e+03 -3.110000000000000000e+02 5.900000000000000000e+02
-3.320000000000000000e+02 -9.420000000000000000e+03 8.104000000000000000e+03 -4.640000000000000000e+03 -5.760000000000000000e+02 -5.500000000000000000e+01
7.112000000000000000e+03 -7.432000000000000000e+03 1.592400000000000000e+04 -4.640000000000000000e+03 -3.920000000000000000e+02 -2.780000000000000000e+02
2.576000000000000000e+03 -1.256000000000000000e+03 2.051600000000000000e+04 -4.640000000000000000e+03 -2.520000000000000000e+02 -4.060000000000000000e+02
-3.280000000000000000e+02 1.500000000000000000e+03 1.525200000000000000e+04 -4.640000000000000000e+03 -2.180000000000000000e+02 -2.500000000000000000e+02
-1.400000000000000000e+03 1.656000000000000000e+03 1.083600000000000000e+04 -4.672000000000000000e+03 -1.970000000000000000e+02 -8.750000000000000000e+02
2.720000000000000000e+02 1.636000000000000000e+03 1.422400000000000000e+04 -4.624000000000000000e+03 -2.040000000000000000e+02 -1.024000000000000000e+03
1.096000000000000000e+03 1.040000000000000000e+03 1.623200000000000000e+04 -4.624000000000000000e+03 -2.710000000000000000e+02 -3.840000000000000000e+02
