-2.510800000000000000e+04 1.980000000000000000e+03 1.372800000000000000e+04 -4.304000000000000000e+03 -3.760000000000000000e+02 1.205000000000000000e+03
-9.728000000000000000e+03 -4.320000000000000000e+02 9.412000000000000000e+03 -4.352000000000000000e+03 -5.530000000000000000e+02 1.090000000000000000e+03
-2.068800000000000000e+04 8.160000000000000000e+02 5.344000000000000000e+03 -4.336000000000000000e+03 -4.210000000000000000e+02 1.180000000000000000e+03
-1.546400000000000000e+04 8.000000000000000000e+02 6.332000000000000000e+03 -4.304000000000000000e+03 1.127000000000000000e+03 9.520000000000000000e+02
-9.956000000000000000e+03 -1.720000000000000000e+02 7.864000000000000000e+03 -2.870000000000000000e+02 -1.980000000000000000e+02 7.820000000000000000e+02
-1.168400000000000000e+04 -7.240000000000000000e+02 -4.304000000000000000e+03 -4.288000000000000000e+03 -1.950000000000000000e+02 5.260000000000000000e+02
-1.422400000000000000e+04 7.992000000000000000e+03 7.408000000000000000e+03 -4.272000000000000000e+03 -1.660000000000000000e+02 2.160000000000000000e+02
-8.480000000000000000e+02 -7.400000000000000000e+02 6.808000000000000000e+03 -4.304000000000000000e+03 -1.400000000000000000e+02 -7.000000000000000000e+01
-1.314000000000000000e+04 -4.320000000000000000e+02 6.884000000000000000e+03 -4.288000000000000000e+03 -9.600000000000000000e+01 -3.280000000000000000e+02
-1.276000000000000000e+04 -3.160000000000000000e+02 6.996000000000000000e+03 -4.304000000000000000e+03 -6.500000000000000000e+01 -5.070000000000000000e+02
-1.318800000000000000e+04 -1.040000000000000000e+02 7.156000000000000000e+03 -4.336000000000000000e+03 -6.900000000000000000e+01 -5.640000000000000000e+02
-1.363600000000000000e+04 -1.720000000000000000e+02 7.068000000000000000e+03 -4.320000000000000000e+03 -4.900000000000000000e+01 -6.300000000000000000e+02
-1.373200000000000000e+04 -2.400000000000000000e+02 7.256000000000000000e+03 -4.336000000000000000e+03 -6.900000000000000000e+01 -6.230000000000000000e+02
-1.322800000000000000e+04 -3.920000000000000000e+02 7.248000000000000000e+03 -4.320000000000000000e+03 -6.100000000000000000e+01 -6.510000000000000000e+02
-1.308400000000000000e+04 -3.680000000000000000e+02 7.420000000000000000e+03 -4.336000000000000000e+03 -1.040000000000000000e+02 -6.160000000000000000e+02
-1.295600000000000000e+04 -4.080000000000000000e+02 7.520000000000000000e+03 -4.320000000000000000e+03 -1.620000000000000000e+02 -5.800000000000000000e+02
-1.298800000000000000e+04 -3.280000000000000000e+02 7.588000000000000000e+03 -4.320000000000000000e+03 -1.600000000000000000e+02 -5.190000000000000000e+02
-1.301200000000000000e+04 -1.240000000000000000e+02 7.656000000000000000e+03 -4.320000000000000000e+03 -1.930000000000000000e+02 -4.280000000000000000e+02
-1.276400000000000000e+04 -1.280000000000000000e+02 7.756000000000000000e+03 -4.320000000000000000e+03 -2.120000000000000000e+02 -3.050000000000000000e+02
-1.284800000000000000e+04 -1.320000000000000000e+02 7.780000000000000000e+03 -4.320000000000000000e+03 -2.020000000000000000e+02 -2.570000000000000000e+02
-1.266400000000000000e+04 -2.400000000000000000e+02 7.772000000000000000e+03 -4.320000000000000000e+03 -1.790000000000000000e+02 -1.640000000000000000e+02
-1.267200000000000000e+04 -2.880000000000000000e+02 7.916000000000000000e+03 -4.288000000000000000e+03 -9.400000000000000000e+01 3.210000000000000000e+02
-1.270400000000000000e+04 -2.400000000000000000e+02 7.852000000000000000e+03 -4.320000000000000000e+03 4.900000000000000000e+01 -2.008000000000000000e+03
-1.275600000000000000e+04 -1.440000000000000000e+02 7.776000000000000000e+03 -4.304000000000000000e+03 5.510000000000000000e+02 -1.597000000000000000e+03
-1.276400000000000000e+04 6.400000000000000000e+01 8.880000000000000000e+03 -4.304000000000000000e+03 -5.320000000000000000e+02 -5.340000000000000000e+02
-1.286800000000000000e+04 -9.040000000000000000e+02 -2.316000000000000000e+03 -4.304000000000000000e+03 -3.570000000000000000e+02 -1.500000000000000000e+02
-1.312000000000000000e+04 -3.760000000000000000e+02 1.626800000000000000e+04 -4.320000000000000000e+03 -1.780000000000000000e+02 5.410000000000000000e+02
-6.260000000000000000e+03 -5.840000000000000000e+03 1.206400000000000000e+04 -4.320000000000000000e+03 -9.000000000000000000e+01 1.133000000000000000e+03
-2.190400000000000000e+04 -8.920000000000000000e+02 1.233600000000000000e+04 -4.304000000000000000e+03 -9.200000000000000000e+01 1.454000000000000000e+03
-1.781200000000000000e+04 4.440000000000000000e+02 1.080000000000000000e+04 -4.304000000000000000e+03 -7.000000000000000000e+01 1.727000000000000000e+03
-1.722000000000000000e+04 3.360000000000000000e+02 1.012800000000000000e+04 -4.320000000000000000e+03 -4.800000000000000000e+01 1.658000000000000000e+03
-1.513600000000000000e+04 -8.000000000000000000e+00 1.051200000000000000e+04 -4.336000000000000000e+03 9.400000000000000000e+01 1.417000000000000000e+03
-1.516800000000000000e+04 -1.600000000000000000e+01 9.964000000000000000e+03 -4.288000000000000000e+03 1.000000000000000000e+01 1.360000000000000000e+03
-1.529600000000000000e+04 1.200000000000000000e+01 9.268000000000000000e+03 -4.336000000000000000e+03 -5.300000000000000000e+01 1.241000000000000000e+03
-1.440400000000000000e+04 1.840000000000000000e+02 9.612000000000000000e+03 -4.304000000000000000e+03 -8.600000000000000000e+01 1.310000000000000000e+03
-1.436000000000000000e+04 4.040000000000000000e+02 8.528000000000000000e+03 -4.288000000000000000e+03 -1.310000000000000000e+02 1.422000000000000000e+03
-1.502800000000000000e+04 2.240000000000000000e+02 6.456000000000000000e+03 -4.304000000000000000e+03 -2.400000000000000000e+02 1.676000000000000000e+03
-1.339200000000000000e+04 2.880000000000000000e+02 5.380000000000000000e+03 -4.336000000000000000e+03 -2.850000000000000000e+02 1.860000000000000000e+03
-1.130000000000000000e+04 4.400000000000000000e+01 4.188000000000000000e+03 -4.320000000000000000e+03 -1.660000000000000000e+02 2.098000000000000000e+03
-1.037200000000000000e+04 -1.160000000000000000e+02 2.048000000000000000e+03 -4.320000000000000000e+03 -2.000000000000000000e+01 2.254000000000000000e+03
-8.372000000000000000e+03 -1.640000000000000000e+02 1.384000000000000000e+03 -4.304000000000000000e+03 -1.570000000000000000e+02 2.269000000000000000e+03
-5.524000000000000000e+03 8.000000000000000000e+00 2.260000000000000000e+03 -4.304000000000000000e+03 -2.590000000000000000e+02 2.820000000000000000e+03
-4.188000000000000000e+03 -1.560000000000000000e+02 4.028000000000000000e+03 -4.304000000000000000e+03 1.400000000000000000e+01 2.391000000000000000e+03
-5.224000000000000000e+03 -1.080000000000000000e+02 3.336000000000000000e+03 -4.304000000000000000e+03 3.000000000000000000e+01 2.239000000000000000e+03
-7.228000000000000000e+03 -8.480000000000000000e+02 3.840000000000000000e+03 -4.304000000000000000e+03 -1.500000000000000000e+02 2.124000000000000000e+03
-1.161600000000000000e+04 -1.064000000000000000e+03 7.332000000000000000e+03 -4.304000000000000000e+03 -1.900000000000000000e+02 2.041000000000000000e+03
-1.633200000000000000e+04 -1.720000000000000000e+02 8.392000000000000000e+03 -4.304000000000000000e+03 -2.130000000000000000e+02 1.745000000000000000e+03
-1.626800000000000000e+04 5.040000000000000000e+02 7.080000000000000000e+03 -4.304000000000000000e+03 -2.740000000000000000e+02 1.358000000000000000e+03
-1.512800000000000000e+04 7.000000000000000000e+02 6.196000000000000000e+03 -4.320000000000000000e+03 -2.880000000000000000e+02 1.013000000000000000e+03
-1.274000000000000000e+04 5.600000000000000000e+02 5.108000000000000000e+03 -4.288000000000000000e+03 -2.990000000000000000e+02 6.950000000000000000e+02
-1.203200000000000000e+04 5.840000000000000000e+02 4.924000000000000000e+03 -4.288000000000000000e+03 -4.190000000000000000e+02 5.030000000000000000e+02
-1.282000000000000000e+04 1.640000000000000000e+02 5.764000000000000000e+03 -4.288000000000000000e+03 -4.810000000000000000e+02 2.530000000000000000e+02
-1.481600000000000000e+04 3.600000000000000000e+02 6.388000000000000000e+03 -4.320000000000000000e+03 -4.270000000000000000e+02 -6.900000000000000000e+01
-1.604000000000000000e+04 3.360000000000000000e+02 5.536000000000000000e+03 -4.272000000000000000e+03 -3.820000000000000000e+02 -3.940000000000000000e+02
-1.556800000000000000e+04 8.000000000000000000e+00 4.816000000000000000e+03 -4.320000000000000000e+03 -3.680000000000000000e+02 -7.600000000000000000e+02
-1.442400000000000000e+04 -9.200000000000000000e+01 4.704000000000000000e+03 -4.336000000000000000e+03 -3.440000000000000000e+02 -1.093000000000000000e+03
-1.352400000000000000e+04 -2.360000000000000000e+02 5.256000000000000000e+03 -4.288000000000000000e+03 -3.310000000000000000e+02 -1.474000000000000000e+03
-1.307600000000000000e+04 -2.120000000000000000e+02 5.376000000000000000e+03 -4.304000000000000000e+03 -3.540000000000000000e+02 -1.830000000000000000e+03
-1.325200000000000000e+04 -3.160000000000000000e+02 6.508000000000000000e+03 -4.304000000000000000e+03 -3.240000000000000000e+02 -2.116000000000000000e+03
-1.310400000000000000e+04 -2.320000000000000000e+02 5.892000000000000000e+03 -4.288000000000000000e+03 -2.610000000000000000e+02 -2.474000000000000000e+03
-1.384400000000000000e+04 -2.160000000000000000e+02 4.928000000000000000e+03 -4.304000000000000000e+03 -2.770000000000000000e+02 -2.802000000000000000e+03
-1.289200000000000000e+04 -1.520000000000000000e+02 4.772000000000000000e+03 -4.288000000000000000e+03 -3.010000000000000000e+02 -3.096000000000000000e+03
-1.130800000000000000e+04 -1.120000000000000000e+02 5.172000000000000000e+03 -4.304000000000000000e+03 -2.720000000000000000e+02 -3.386000000000000000e+03
-1.097200000000000000e+04 -1.600000000000000000e+02 5.180000000000000000e+03 -4.352000000000000000e+03 -2.110000000000000000e+02 -3.484000000000000000e+03
-1.114000000000000000e+04 3.600000000000000000e+01 4.388000000000000000e+03 -4.272000000000000000e+03 -1.760000000000000000e+02 -3.525000000000000000e+03
-1.079200000000000000e+04 1.000000000000000000e+02 4.728000000000000000e+03 -4.288000000000000000e+03 -2.060000000000000000e+02 -3.255000000000000000e+03
-1.013200000000000000e+04 3.200000000000000000e+01 5.100000000000000000e+03 -4.320000000000000000e+03 -2.830000000000000000e+02 -2.777000000000000000e+03
-1.073600000000000000e+04 1.840000000000000000e+02 6.304000000000000000e+03 -4.256000000000000000e+03 -2.490000000000000000e+02 -2.406000000000000000e+03
-1.106000000000000000e+04 2.960000000000000000e+02 6.412000000000000000e+03 -4.304000000000000000e+03 -2.790000000000000000e+02 -1.975000000000000000e+03
-1.240400000000000000e+04 5.120000000000000000e+02 7.264000000000000000e+03 -4.320000000000000000e+03 -3.370000000000000000e+02 -1.529000000000000000e+03
-1.171200000000000000e+04 4.880000000000000000e+02 8.044000000000000000e+03 -4.336000000000000000e+03 -3.930000000000000000e+02 -9.870000000000000000e+02
-1.178000000000000000e+04 4.600000000000000000e+02 8.056000000000000000e+03 -4.336000000000000000e+03 -3.770000000000000000e+02 -5.720000000000000000e+02
-1.239200000000000000e+04 5.280000000000000000e+02 8.320000000000000000e+03 -4.304000000000000000e+03 -4.930000000000000000e+02 -3.010000000000000000e+02
-1.221200000000000000e+04 4.040000000000000000e+02 8.680000000000000000e+03 -4.320000000000000000e+03 -5.110000000000000000e+02 -1.140000000000000000e+02
-1.228000000000000000e+04 2.560000000000000000e+02 8.900000000000000000e+03 -4.288000000000000000e+03 -6.370000000000000000e+02 8.000000000000000000e+01
-1.253600000000000000e+04 1.920000000000000000e+02 9.672000000000000000e+03 -4.304000000000000000e+03 -5.970000000000000000e+02 1.640000000000000000e+02
-1.268000000000000000e+04 5.600000000000000000e+01 9.744000000000000000e+03 -4.288000000000000000e+03 -7.310000000000000000e+02 2.930000000000000000e+02
-1.362400000000000000e+04 1.320000000000000000e+02 9.720000000000000000e+03 -4.304000000000000000e+03 -7.710000000000000000e+02 1.050000000000000000e+02
-1.328400000000000000e+04 4.400000000000000000e+01 9.476000000000000000e+03 -4.304000000000000000e+03 -7.090000000000000000e+02 1.879500000000000000e+04
