-1.196400000000000000e+04 2.320000000000000000e+02 9.292000000000000000e+03 -4.272000000000000000e+03 -2.770000000000000000e+02 3.110000000000000000e+02
-1.153200000000000000e+04 2.680000000000000000e+02 9.256000000000000000e+03 -4.288000000000000000e+03 -2.730000000000000000e+02 3.610000000000000000e+02
-1.146400000000000000e+04 1.320000000000000000e+02 9.120000000000000000e+03 -4.256000000000000000e+03 -2.730000000000000000e+02 3.990000000000000000e+02
-1.144000000000000000e+04 -8.000000000000000000e+00 9.232000000000000000e+03 -4.240000000000000000e+03 -2.870000000000000000e+02 3.020000000000000000e+02
-1.144800000000000000e+04 -4.000000000000000000e+01 9.128000000000000000e+03 -4.272000000000000000e+03 -2.520000000000000000e+02 2.660000000000000000e+02
-1.162800000000000000e+04 1.160000000000000000e+02 9.272000000000000000e+03 -4.272000000000000000e+03 -2.500000000000000000e+02 2.270000000000000000e+02
-1.162400000000000000e+04 9.200000000000000000e+01 9.244000000000000000e+03 -4.288000000000000000e+03 -2.800000000000000000e+02 1.350000000000000000e+02
-1.169600000000000000e+04 1.880000000000000000e+02 9.356000000000000000e+03 -4.272000000000000000e+03 -2.430000000000000000e+02 8.500000000000000000e+01
-1.158000000000000000e+04 2.320000000000000000e+02 9.292000000000000000e+03 -4.288000000000000000e+03 -2.470000000000000000e+02 1.120000000000000000e+02
-1.143600000000000000e+04 2.000000000000000000e+02 9.388000000000000000e+03 -4.288000000000000000e+03 -2.870000000000000000e+02 1.510000000000000000e+02
-1.150000000000000000e+04 1.240000000000000000e+02 9.236000000000000000e+03 -4.320000000000000000e+03 -2.730000000000000000e+02 2.690000000000000000e+02
-1.137600000000000000e+04 1.040000000000000000e+02 9.204000000000000000e+03 -4.304000000000000000e+03 -2.940000000000000000e+02 3.570000000000000000e+02
-1.136000000000000000e+04 9.200000000000000000e+01 9.288000000000000000e+03 -4.256000000000000000e+03 -3.150000000000000000e+02 3.660000000000000000e+02
-1.150400000000000000e+04 1.200000000000000000e+02 9.188000000000000000e+03 -4.272000000000000000e+03 -3.270000000000000000e+02 2.840000000000000000e+02
-1.152800000000000000e+04 1.880000000000000000e+02 9.176000000000000000e+03 -4.256000000000000000e+03 -3.160000000000000000e+02 2.260000000000000000e+02
-1.150800000000000000e+04 1.520000000000000000e+02 9.124000000000000000e+03 -4.272000000000000000e+03 -2.940000000000000000e+02 1.930000000000000000e+02
-1.162800000000000000e+04 2.080000000000000000e+02 9.068000000000000000e+03 -4.272000000000000000e+03 -2.670000000000000000e+02 2.030000000000000000e+02
-1.147600000000000000e+04 1.000000000000000000e+02 9.228000000000000000e+03 -4.256000000000000000e+03 -3.030000000000000000e+02 1.560000000000000000e+02
-1.160400000000000000e+04 1.240000000000000000e+02 9.156000000000000000e+03 -4.272000000000000000e+03 -2.650000000000000000e+02 1.520000000000000000e+02
-1.159600000000000000e+04 9.200000000000000000e+01 9.244000000000000000e+03 -4.272000000000000000e+03 -2.450000000000000000e+02 1.820000000000000000e+02
-1.157200000000000000e+04 1.960000000000000000e+02 9.284000000000000000e+03 -4.240000000000000000e+03 -2.870000000000000000e+02 2.230000000000000000e+02
-1.150000000000000000e+04 8.800000000000000000e+01 9.232000000000000000e+03 -4.288000000000000000e+03 -2.910000000000000000e+02 2.390000000000000000e+02
-1.163600000000000000e+04 1.640000000000000000e+02 9.288000000000000000e+03 -4.288000000000000000e+03 -2.530000000000000000e+02 2.230000000000000000e+02
-1.156800000000000000e+04 1.040000000000000000e+02 9.196000000000000000e+03 -4.256000000000000000e+03 -2.810000000000000000e+02 1.530000000000000000e+02
-1.155200000000000000e+04 8.000000000000000000e+01 9.116000000000000000e+03 -4.304000000000000000e+03 -2.700000000000000000e+02 9.500000000000000000e+01
-1.168800000000000000e+04 3.600000000000000000e+01 9.016000000000000000e+03 -4.272000000000000000e+03 -2.690000000000000000e+02 6.400000000000000000e+01
-1.160800000000000000e+04 2.120000000000000000e+02 9.212000000000000000e+03 -4.304000000000000000e+03 -2.300000000000000000e+02 1.040000000000000000e+02
-1.148400000000000000e+04 1.880000000000000000e+02 9.328000000000000000e+03 -4.304000000000000000e+03 -2.660000000000000000e+02 1.410000000000000000e+02
-1.155600000000000000e+04 1.640000000000000000e+02 9.332000000000000000e+03 -4.256000000000000000e+03 -2.750000000000000000e+02 1.720000000000000000e+02
-1.142800000000000000e+04 2.040000000000000000e+02 9.192000000000000000e+03 -4.272000000000000000e+03 -2.650000000000000000e+02 1.960000000000000000e+02
-1.140000000000000000e+04 1.240000000000000000e+02 9.244000000000000000e+03 -4.304000000000000000e+03 -2.250000000000000000e+02 7.700000000000000000e+01
-1.165600000000000000e+04 2.760000000000000000e+02 9.004000000000000000e+03 -4.256000000000000000e+03 -1.660000000000000000e+02 5.400000000000000000e+01
-1.178000000000000000e+04 2.520000000000000000e+02 9.348000000000000000e+03 -4.288000000000000000e+03 -3.000000000000000000e+01 2.630000000000000000e+02
-1.200000000000000000e+04 4.280000000000000000e+02 9.124000000000000000e+03 -4.288000000000000000e+03 -1.700000000000000000e+01 3.484000000000000000e+03
-1.126000000000000000e+04 -4.704000000000000000e+03 1.078400000000000000e+04 -4.288000000000000000e+03 3.040000000000000000e+02 -5.300000000000000000e+01
-1.368800000000000000e+04 6.520000000000000000e+02 1.147200000000000000e+04 -4.256000000000000000e+03 -4.720000000000000000e+02 4.700000000000000000e+01
-1.588400000000000000e+04 -5.320000000000000000e+03 1.620400000000000000e+04 -4.272000000000000000e+03 5.200000000000000000e+02 4.680000000000000000e+02
-2.188400000000000000e+04 -8.800000000000000000e+01 1.001600000000000000e+04 -4.272000000000000000e+03 3.200000000000000000e+01 3.930000000000000000e+02
-1.326000000000000000e+04 4.760000000000000000e+02 1.274400000000000000e+04 -4.272000000000000000e+03 -2.700000000000000000e+01 7.500000000000000000e+01
-1.629200000000000000e+04 8.320000000000000000e+02 1.310000000000000000e+04 -4.272000000000000000e+03 -1.790000000000000000e+02 -1.860000000000000000e+02
-1.641600000000000000e+04 8.560000000000000000e+02 1.250000000000000000e+04 -4.288000000000000000e+03 -2.020000000000000000e+02 -4.380000000000000000e+02
-1.594800000000000000e+04 4.920000000000000000e+02 1.146400000000000000e+04 -4.288000000000000000e+03 -5.500000000000000000e+01 -7.600000000000000000e+02
-1.527600000000000000e+04 4.000000000000000000e+02 1.126400000000000000e+04 -4.256000000000000000e+03 3.500000000000000000e+01 -1.182000000000000000e+03
-1.556400000000000000e+04 4.400000000000000000e+02 1.137200000000000000e+04 -4.288000000000000000e+03 -1.030000000000000000e+02 -1.261000000000000000e+03
-1.578000000000000000e+04 2.480000000000000000e+02 1.034000000000000000e+04 -4.304000000000000000e+03 -1.690000000000000000e+02 -9.780000000000000000e+02
-1.379600000000000000e+04 1.840000000000000000e+02 9.396000000000000000e+03 -4.288000000000000000e+03 -2.770000000000000000e+02 -6.390000000000000000e+02
-1.274400000000000000e+04 -3.280000000000000000e+02 7.216000000000000000e+03 -4.288000000000000000e+03 -3.410000000000000000e+02 -3.050000000000000000e+02
-1.018800000000000000e+04 -2.240000000000000000e+02 4.616000000000000000e+03 -4.256000000000000000e+03 -3.680000000000000000e+02 -9.900000000000000000e+01
-6.944000000000000000e+03 -5.480000000000000000e+02 2.228000000000000000e+03 -4.304000000000000000e+03 -2.870000000000000000e+02 1.080000000000000000e+02
-4.188000000000000000e+03 -4.080000000000000000e+02 1.448000000000000000e+03 -4.272000000000000000e+03 -1.380000000000000000e+02 3.050000000000000000e+02
-2.820000000000000000e+03 -3.960000000000000000e+02 1.884000000000000000e+03 -4.240000000000000000e+03 -3.000000000000000000e+00 4.270000000000000000e+02
-2.872000000000000000e+03 -3.600000000000000000e+01 3.476000000000000000e+03 -4.272000000000000000e+03 7.400000000000000000e+01 6.420000000000000000e+02
-3.768000000000000000e+03 6.000000000000000000e+01 7.004000000000000000e+03 -4.272000000000000000e+03 1.210000000000000000e+02 9.540000000000000000e+02
-6.192000000000000000e+03 2.040000000000000000e+02 1.005200000000000000e+04 -4.288000000000000000e+03 3.300000000000000000e+01 1.046000000000000000e+03
-8.980000000000000000e+03 2.760000000000000000e+02 1.114000000000000000e+04 -4.272000000000000000e+03 -1.800000000000000000e+02 8.920000000000000000e+02
-1.138800000000000000e+04 -1.880000000000000000e+02 9.596000000000000000e+03 -4.304000000000000000e+03 -2.660000000000000000e+02 5.510000000000000000e+02
-1.253600000000000000e+04 -2.880000000000000000e+02 7.520000000000000000e+03 -4.256000000000000000e+03 -1.880000000000000000e+02 2.380000000000000000e+02
-1.177200000000000000e+04 -2.280000000000000000e+02 5.936000000000000000e+03 -4.288000000000000000e+03 -1.410000000000000000e+02 3.200000000000000000e+01
-9.400000000000000000e+03 -2.240000000000000000e+02 5.704000000000000000e+03 -4.272000000000000000e+03 -1.280000000000000000e+02 -1.090000000000000000e+02
-8.080000000000000000e+03 -3.880000000000000000e+02 5.140000000000000000e+03 -4.256000000000000000e+03 -1.020000000000000000e+02 -2.710000000000000000e+02
-7.584000000000000000e+03 -3.640000000000000000e+02 4.404000000000000000e+03 -4.272000000000000000e+03 2.500000000000000000e+01 -3.370000000000000000e+02
-6.700000000000000000e+03 -2.480000000000000000e+02 4.528000000000000000e+03 -4.272000000000000000e+03 1.180000000000000000e+02 -2.900000000000000000e+02
-6.868000000000000000e+03 -1.440000000000000000e+02 5.468000000000000000e+03 -4.272000000000000000e+03 2.400000000000000000e+02 -2.740000000000000000e+02
-7.452000000000000000e+03 -7.200000000000000000e+01 6.700000000000000000e+03 -4.240000000000000000e+03 3.020000000000000000e+02 -3.870000000000000000e+02
-8.656000000000000000e+03 5.600000000000000000e+01 7.192000000000000000e+03 -4.272000000000000000e+03 2.770000000000000000e+02 -4.190000000000000000e+02
-9.356000000000000000e+03 3.080000000000000000e+02 8.064000000000000000e+03 -4.288000000000000000e+03 4.640000000000000000e+02 -7.050000000000000000e+02
-9.860000000000000000e+03 6.280000000000000000e+02 9.908000000000000000e+03 -4.256000000000000000e+03 3.280000000000000000e+02 -8.850000000000000000e+02
-1.146800000000000000e+04 9.080000000000000000e+02 1.063600000000000000e+04 -4.256000000000000000e+03 3.130000000000000000e+02 -1.181000000000000000e+03
-1.196800000000000000e+04 1.012000000000000000e+03 1.181200000000000000e+04 -4.288000000000000000e+03 3.050000000000000000e+02 -1.545000000000000000e+03
-1.305200000000000000e+04 1.336000000000000000e+03 1.343600000000000000e+04 -4.272000000000000000e+03 8.400000000000000000e+01 -1.818000000000000000e+03
-1.378000000000000000e+04 1.360000000000000000e+03 1.404000000000000000e+04 -4.288000000000000000e+03 -3.000000000000000000e+01 -2.262000000000000000e+03
-1.339600000000000000e+04 1.604000000000000000e+03 1.539200000000000000e+04 -4.272000000000000000e+03 -4.620000000000000000e+02 -2.227000000000000000e+03
-1.393200000000000000e+04 1.160000000000000000e+03 1.404400000000000000e+04 -4.288000000000000000e+03 -5.380000000000000000e+02 -2.231000000000000000e+03
-1.234000000000000000e+04 8.960000000000000000e+02 1.320400000000000000e+04 -4.272000000000000000e+03 -7.920000000000000000e+02 -2.149000000000000000e+03
-1.191200000000000000e+04 4.280000000000000000e+02 1.167600000000000000e+04 -4.288000000000000000e+03 -8.320000000000000000e+02 -7.737000000000000000e+03
-1.110000000000000000e+04 1.270800000000000000e+04 -3.276800000000000000e+04 -4.304000000000000000e+03 2.509000000000000000e+03 1.142500000000000000e+04
3.276700000000000000e+04 -1.760000000000000000e+02 -7.024000000000000000e+03 -4.288000000000000000e+03 -2.045000000000000000e+03 2.270000000000000000e+02
5.000000000000000000e+03 8.000000000000000000e+00 1.398400000000000000e+04 -4.288000000000000000e+03 -2.343000000000000000e+03 3.075000000000000000e+03
-1.558000000000000000e+04 7.424000000000000000e+03 1.104400000000000000e+04 -4.288000000000000000e+03 1.178000000000000000e+03 2.904000000000000000e+03
-1.204400000000000000e+04 -1.432000000000000000e+03 1.272400000000000000e+04 -4.288000000000000000e+03 -1.553000000000000000e+03 3.035000000000000000e+03
-1.461600000000000000e+04 -1.088000000000000000e+03 7.308000000000000000e+03 -4.272000000000000000e+03 -7.830000000000000000e+02 2.669000000000000000e+03
-1.024800000000000000e+04 -1.760000000000000000e+02 7.652000000000000000e+03 -4.288000000000000000e+03 -8.040000000000000000e+02 3.095000000000000000e+03
-1.038400000000000000e+04 -3.160000000000000000e+02 8.480000000000000000e+03 -4.320000000000000000e+03 -7.920000000000000000e+02 2.281000000000000000e+03
