6.720000000000000000e+02 1.896000000000000000e+03 1.456400000000000000e+04 -4.192000000000000000e+03 -2.470000000000000000e+02 7.500000000000000000e+01
2.320000000000000000e+02 1.520000000000000000e+03 1.448000000000000000e+04 -4.160000000000000000e+03 -2.580000000000000000e+02 4.800000000000000000e+01
6.240000000000000000e+02 1.468000000000000000e+03 1.441200000000000000e+04 -4.160000000000000000e+03 -3.000000000000000000e+02 5.400000000000000000e+01
3.880000000000000000e+02 1.996000000000000000e+03 1.449600000000000000e+04 -4.144000000000000000e+03 -2.520000000000000000e+02 1.600000000000000000e+01
2.800000000000000000e+02 2.284000000000000000e+03 1.440400000000000000e+04 -4.144000000000000000e+03 -2.700000000000000000e+02 1.500000000000000000e+01
2.640000000000000000e+02 2.500000000000000000e+03 1.460800000000000000e+04 -4.176000000000000000e+03 -2.790000000000000000e+02 8.000000000000000000e+01
6.200000000000000000e+02 2.624000000000000000e+03 1.458400000000000000e+04 -4.192000000000000000e+03 -3.150000000000000000e+02 1.150000000000000000e+02
7.200000000000000000e+02 2.352000000000000000e+03 1.447200000000000000e+04 -4.160000000000000000e+03 -2.790000000000000000e+02 1.560000000000000000e+02
4.600000000000000000e+02 2.084000000000000000e+03 1.446800000000000000e+04 -4.176000000000000000e+03 -2.700000000000000000e+02 2.090000000000000000e+02
3.080000000000000000e+02 1.936000000000000000e+03 1.442000000000000000e+04 -4.192000000000000000e+03 -2.490000000000000000e+02 2.180000000000000000e+02
5.200000000000000000e+02 1.968000000000000000e+03 1.447200000000000000e+04 -4.160000000000000000e+03 -2.850000000000000000e+02 2.370000000000000000e+02
6.080000000000000000e+02 2.100000000000000000e+03 1.435200000000000000e+04 -4.144000000000000000e+03 -2.770000000000000000e+02 2.840000000000000000e+02
6.400000000000000000e+02 2.196000000000000000e+03 1.448000000000000000e+04 -4.176000000000000000e+03 -3.100000000000000000e+02 3.420000000000000000e+02
7.040000000000000000e+02 2.248000000000000000e+03 1.450000000000000000e+04 -4.144000000000000000e+03 -2.630000000000000000e+02 3.960000000000000000e+02
5.040000000000000000e+02 2.424000000000000000e+03 1.432000000000000000e+04 -4.160000000000000000e+03 -2.740000000000000000e+02 3.720000000000000000e+02
6.040000000000000000e+02 2.392000000000000000e+03 1.435600000000000000e+04 -4.160000000000000000e+03 -2.750000000000000000e+02 3.880000000000000000e+02
7.640000000000000000e+02 2.280000000000000000e+03 1.450000000000000000e+04 -4.160000000000000000e+03 -2.960000000000000000e+02 3.960000000000000000e+02
5.480000000000000000e+02 2.124000000000000000e+03 1.444800000000000000e+04 -4.160000000000000000e+03 -2.880000000000000000e+02 3.690000000000000000e+02
5.760000000000000000e+02 1.956000000000000000e+03 1.443600000000000000e+04 -4.160000000000000000e+03 -2.700000000000000000e+02 3.620000000000000000e+02
7.000000000000000000e+02 2.052000000000000000e+03 1.448400000000000000e+04 -4.144000000000000000e+03 -2.590000000000000000e+02 2.230000000000000000e+02
6.360000000000000000e+02 2.208000000000000000e+03 1.436800000000000000e+04 -4.176000000000000000e+03 -2.670000000000000000e+02 8.400000000000000000e+01
5.600000000000000000e+02 2.268000000000000000e+03 1.446000000000000000e+04 -4.160000000000000000e+03 -2.410000000000000000e+02 -4.500000000000000000e+01
4.120000000000000000e+02 2.316000000000000000e+03 1.448400000000000000e+04 -4.160000000000000000e+03 -2.340000000000000000e+02 -1.960000000000000000e+02
4.520000000000000000e+02 2.272000000000000000e+03 1.442400000000000000e+04 -4.128000000000000000e+03 -1.730000000000000000e+02 -1.240000000000000000e+02
5.680000000000000000e+02 2.144000000000000000e+03 1.455600000000000000e+04 -4.208000000000000000e+03 6.200000000000000000e+01 9.190000000000000000e+02
2.440000000000000000e+02 2.152000000000000000e+03 1.443200000000000000e+04 -4.160000000000000000e+03 2.710000000000000000e+02 -1.489000000000000000e+03
5.640000000000000000e+02 2.188000000000000000e+03 1.451200000000000000e+04 -4.160000000000000000e+03 -2.700000000000000000e+01 -2.000000000000000000e+00
3.320000000000000000e+02 2.080000000000000000e+03 1.431600000000000000e+04 -4.160000000000000000e+03 -1.365000000000000000e+03 1.180000000000000000e+02
1.120000000000000000e+02 2.276000000000000000e+03 1.537600000000000000e+04 -4.144000000000000000e+03 -8.220000000000000000e+02 3.560000000000000000e+02
2.760000000000000000e+02 2.260000000000000000e+03 2.794800000000000000e+04 -4.176000000000000000e+03 -5.920000000000000000e+02 4.110000000000000000e+02
-4.800000000000000000e+01 2.240000000000000000e+03 3.276700000000000000e+04 -4.160000000000000000e+03 -6.400000000000000000e+02 6.130000000000000000e+02
3.200000000000000000e+02 4.000000000000000000e+03 2.112000000000000000e+04 -4.160000000000000000e+03 -2.820000000000000000e+02 7.670000000000000000e+02
7.840000000000000000e+02 6.260000000000000000e+03 2.093200000000000000e+04 -4.128000000000000000e+03 -2.050000000000000000e+02 8.970000000000000000e+02
-4.568000000000000000e+03 5.012000000000000000e+03 2.004400000000000000e+04 -4.176000000000000000e+03 -8.200000000000000000e+01 1.155000000000000000e+03
-1.504000000000000000e+03 3.428000000000000000e+03 1.906000000000000000e+04 -4.160000000000000000e+03 -1.900000000000000000e+02 1.238000000000000000e+03
3.428000000000000000e+03 3.944000000000000000e+03 1.920400000000000000e+04 -4.160000000000000000e+03 -3.000000000000000000e+02 1.211000000000000000e+03
1.824000000000000000e+03 3.024000000000000000e+03 1.938400000000000000e+04 -4.176000000000000000e+03 -6.600000000000000000e+02 1.202000000000000000e+03
1.580000000000000000e+03 2.472000000000000000e+03 1.974800000000000000e+04 -4.112000000000000000e+03 -9.800000000000000000e+02 1.378000000000000000e+03
1.024000000000000000e+03 2.476000000000000000e+03 1.907200000000000000e+04 -4.176000000000000000e+03 -9.070000000000000000e+02 2.076000000000000000e+03
1.016000000000000000e+03 2.596000000000000000e+03 1.661600000000000000e+04 -4.160000000000000000e+03 -7.570000000000000000e+02 5.268000000000000000e+03
1.144000000000000000e+03 2.936000000000000000e+03 9.476000000000000000e+03 -4.176000000000000000e+03 -7.200000000000000000e+02 -2.990000000000000000e+02
9.480000000000000000e+02 3.044000000000000000e+03 2.100000000000000000e+03 -4.176000000000000000e+03 -6.840000000000000000e+02 -1.430000000000000000e+02
1.040000000000000000e+03 2.660000000000000000e+03 -3.960000000000000000e+02 -4.160000000000000000e+03 -5.010000000000000000e+02 1.411000000000000000e+03
9.400000000000000000e+02 1.604000000000000000e+03 -1.168000000000000000e+03 -4.176000000000000000e+03 -1.670000000000000000e+02 8.010000000000000000e+02
7.080000000000000000e+02 4.560000000000000000e+02 -1.596000000000000000e+03 -4.160000000000000000e+03 6.300000000000000000e+01 1.073000000000000000e+03
5.120000000000000000e+02 2.720000000000000000e+02 7.020000000000000000e+03 -4.176000000000000000e+03 -2.700000000000000000e+02 1.938000000000000000e+03
5.280000000000000000e+02 -2.520000000000000000e+02 7.688000000000000000e+03 -4.176000000000000000e+03 -4.600000000000000000e+01 -2.000000000000000000e+00
1.920000000000000000e+02 4.280000000000000000e+02 1.736800000000000000e+04 -4.192000000000000000e+03 -1.244000000000000000e+03 -2.190000000000000000e+02
-1.616000000000000000e+03 -1.040000000000000000e+03 1.705200000000000000e+04 -4.176000000000000000e+03 1.100000000000000000e+02 1.230000000000000000e+02
-9.628000000000000000e+03 1.152000000000000000e+03 1.427600000000000000e+04 -4.192000000000000000e+03 3.600000000000000000e+01 -1.570000000000000000e+02
5.092000000000000000e+03 1.448000000000000000e+03 1.526000000000000000e+04 -4.176000000000000000e+03 3.380000000000000000e+02 8.600000000000000000e+01
5.384000000000000000e+03 2.708000000000000000e+03 1.312000000000000000e+04 -4.144000000000000000e+03 -2.210000000000000000e+02 -5.800000000000000000e+01
4.720000000000000000e+03 2.288000000000000000e+03 1.144400000000000000e+04 -4.176000000000000000e+03 -6.660000000000000000e+02 -3.710000000000000000e+02
2.520000000000000000e+03 3.728000000000000000e+03 1.376400000000000000e+04 -4.160000000000000000e+03 -2.830000000000000000e+02 -4.800000000000000000e+02
-9.176000000000000000e+03 2.880000000000000000e+03 1.368800000000000000e+04 -4.160000000000000000e+03 -3.700000000000000000e+01 -5.890000000000000000e+02
-5.948000000000000000e+03 2.412000000000000000e+03 8.488000000000000000e+03 -4.176000000000000000e+03 -3.000000000000000000e+02 -8.760000000000000000e+02
3.480000000000000000e+02 2.976000000000000000e+03 3.188000000000000000e+03 -4.176000000000000000e+03 -2.030000000000000000e+02 -1.018000000000000000e+03
8.080000000000000000e+02 3.052000000000000000e+03 5.908000000000000000e+03 -4.160000000000000000e+03 -9.100000000000000000e+01 -1.016000000000000000e+03
1.188000000000000000e+03 1.608000000000000000e+03 8.836000000000000000e+03 -4.160000000000000000e+03 -1.860000000000000000e+02 -7.830000000000000000e+02
-6.640000000000000000e+02 5.640000000000000000e+02 9.300000000000000000e+03 -4.160000000000000000e+03 -4.850000000000000000e+02 -6.890000000000000000e+02
-1.404000000000000000e+03 1.220000000000000000e+03 1.309600000000000000e+04 -4.176000000000000000e+03 -2.680000000000000000e+02 -6.630000000000000000e+02
-4.360000000000000000e+02 1.364000000000000000e+03 1.788400000000000000e+04 -4.144000000000000000e+03 -3.530000000000000000e+02 -8.140000000000000000e+02
6.440000000000000000e+02 9.880000000000000000e+02 1.769600000000000000e+04 -4.192000000000000000e+03 -4.760000000000000000e+02 -1.178000000000000000e+03
2.600000000000000000e+02 1.872000000000000000e+03 1.734400000000000000e+04 -4.160000000000000000e+03 -3.230000000000000000e+02 -1.655000000000000000e+03
5.480000000000000000e+02 2.624000000000000000e+03 1.995600000000000000e+04 -4.144000000000000000e+03 -3.330000000000000000e+02 -2.119000000000000000e+03
3.280000000000000000e+02 3.084000000000000000e+03 1.853200000000000000e+04 -4.192000000000000000e+03 -3.850000000000000000e+02 -2.237000000000000000e+03
3.400000000000000000e+02 2.428000000000000000e+03 1.774400000000000000e+04 -4.176000000000000000e+03 -2.610000000000000000e+02 1.315000000000000000e+03
2.800000000000000000e+02 2.492000000000000000e+03 1.881600000000000000e+04 -4.160000000000000000e+03 -2.320000000000000000e+02 4.915000000000000000e+03
2.680000000000000000e+02 2.220000000000000000e+03 1.662000000000000000e+04 -4.176000000000000000e+03 -3.810000000000000000e+03 2.862000000000000000e+03
-3.080000000000000000e+02 2.068000000000000000e+03 1.665200000000000000e+04 -4.176000000000000000e+03 -2.222000000000000000e+03 1.107000000000000000e+03
-5.920000000000000000e+02 2.476000000000000000e+03 6.876000000000000000e+03 -4.208000000000000000e+03 -1.694000000000000000e+03 5.700000000000000000e+02
-6.680000000000000000e+02 2.076000000000000000e+03 1.340000000000000000e+04 -4.160000000000000000e+03 -1.192000000000000000e+03 2.880000000000000000e+02
-2.560000000000000000e+02 2.448000000000000000e+03 1.440400000000000000e+04 -4.160000000000000000e+03 -8.210000000000000000e+02 2.000000000000000000e+01
1.280000000000000000e+02 6.240000000000000000e+02 1.664800000000000000e+04 -4.160000000000000000e+03 -3.360000000000000000e+02 -7.840000000000000000e+02
5.252000000000000000e+03 -2.524800000000000000e+04 1.433600000000000000e+04 -4.144000000000000000e+03 -4.970000000000000000e+02 -9.900000000000000000e+02
-1.037200000000000000e+04 1.182800000000000000e+04 1.396000000000000000e+04 -4.128000000000000000e+03 -1.720000000000000000e+02 -8.280000000000000000e+02
