-4.048000000000000000e+03 2.636000000000000000e+03 1.396000000000000000e+04 -4.672000000000000000e+03 -2.620000000000000000e+02 1.090000000000000000e+02
-3.080000000000000000e+03 1.896000000000000000e+03 1.392800000000000000e+04 -4.640000000000000000e+03 -2.820000000000000000e+02 1.070000000000000000e+02
-2.872000000000000000e+03 1.780000000000000000e+03 1.385200000000000000e+04 -4.608000000000000000e+03 -2.650000000000000000e+02 6.190000000000000000e+02
-3.184000000000000000e+03 2.332000000000000000e+03 1.398000000000000000e+04 -4.624000000000000000e+03 -2.850000000000000000e+02 1.047000000000000000e+03
-3.212000000000000000e+03 2.900000000000000000e+03 1.380400000000000000e+04 -4.624000000000000000e+03 -2.690000000000000000e+02 -2.060000000000000000e+03
-3.476000000000000000e+03 3.020000000000000000e+03 1.404800000000000000e+04 -4.672000000000000000e+03 -2.790000000000000000e+02 1.909000000000000000e+03
-3.584000000000000000e+03 2.596000000000000000e+03 1.391600000000000000e+04 -4.656000000000000000e+03 -3.060000000000000000e+02 -1.785000000000000000e+03
-3.668000000000000000e+03 2.200000000000000000e+03 1.398800000000000000e+04 -4.624000000000000000e+03 -2.620000000000000000e+02 8.160000000000000000e+02
-3.600000000000000000e+03 2.160000000000000000e+03 1.398000000000000000e+04 -4.656000000000000000e+03 -2.880000000000000000e+02 1.927000000000000000e+03
-3.960000000000000000e+03 2.340000000000000000e+03 1.390400000000000000e+04 -4.656000000000000000e+03 -1.670000000000000000e+02 8.690000000000000000e+02
-4.456000000000000000e+03 2.604000000000000000e+03 1.402000000000000000e+04 -4.672000000000000000e+03 -1.580000000000000000e+02 1.025000000000000000e+03
-3.976000000000000000e+03 2.800000000000000000e+03 1.396800000000000000e+04 -4.640000000000000000e+03 3.920000000000000000e+02 1.330000000000000000e+03
-3.212000000000000000e+03 2.740000000000000000e+03 1.387200000000000000e+04 -4.624000000000000000e+03 8.850000000000000000e+02 1.778000000000000000e+03
-3.112000000000000000e+03 2.428000000000000000e+03 1.398000000000000000e+04 -4.624000000000000000e+03 9.880000000000000000e+02 1.956000000000000000e+03
-3.340000000000000000e+03 2.344000000000000000e+03 1.382400000000000000e+04 -4.608000000000000000e+03 -1.270000000000000000e+02 2.182000000000000000e+03
-3.260000000000000000e+03 2.400000000000000000e+03 1.391600000000000000e+04 -4.624000000000000000e+03 -1.540000000000000000e+02 2.050000000000000000e+03
-3.376000000000000000e+03 2.560000000000000000e+03 1.394400000000000000e+04 -4.608000000000000000e+03 -2.490000000000000000e+02 2.168000000000000000e+03
-3.548000000000000000e+03 2.568000000000000000e+03 1.403200000000000000e+04 -4.608000000000000000e+03 -4.460000000000000000e+02 2.110000000000000000e+03
-4.172000000000000000e+03 2.468000000000000000e+03 1.378400000000000000e+04 -4.624000000000000000e+03 -3.790000000000000000e+02 2.306000000000000000e+03
-3.732000000000000000e+03 2.480000000000000000e+03 1.414000000000000000e+04 -4.624000000000000000e+03 -3.360000000000000000e+02 2.377000000000000000e+03
-3.716000000000000000e+03 2.568000000000000000e+03 1.378400000000000000e+04 -4.608000000000000000e+03 -3.860000000000000000e+02 2.079000000000000000e+03
-3.692000000000000000e+03 2.444000000000000000e+03 1.379600000000000000e+04 -4.640000000000000000e+03 -3.100000000000000000e+02 3.718000000000000000e+03
-3.360000000000000000e+03 2.420000000000000000e+03 1.426400000000000000e+04 -4.640000000000000000e+03 -2.010000000000000000e+02 1.768000000000000000e+03
-3.168000000000000000e+03 2.492000000000000000e+03 1.416800000000000000e+04 -4.672000000000000000e+03 -9.000000000000000000e+01 1.570000000000000000e+03
-3.556000000000000000e+03 2.716000000000000000e+03 -3.732000000000000000e+03 -4.624000000000000000e+03 1.200000000000000000e+02 1.874000000000000000e+03
-3.976000000000000000e+03 2.520000000000000000e+03 1.234800000000000000e+04 -4.656000000000000000e+03 3.090000000000000000e+02 1.945000000000000000e+03
-3.912000000000000000e+03 2.556000000000000000e+03 2.191600000000000000e+04 -4.656000000000000000e+03 5.310000000000000000e+02 1.515000000000000000e+03
-3.552000000000000000e+03 2.432000000000000000e+03 2.181200000000000000e+04 -4.624000000000000000e+03 5.490000000000000000e+02 1.254000000000000000e+03
-3.928000000000000000e+03 2.584000000000000000e+03 2.031600000000000000e+04 -4.624000000000000000e+03 3.390000000000000000e+02 1.228000000000000000e+03
-2.964000000000000000e+03 3.340000000000000000e+03 1.876400000000000000e+04 -4.608000000000000000e+03 2.610000000000000000e+02 8.300000000000000000e+02
-3.136000000000000000e+03 1.832000000000000000e+03 1.881200000000000000e+04 -4.656000000000000000e+03 2.110000000000000000e+02 -3.480000000000000000e+02
-4.308000000000000000e+03 -2.086000000000000000e+04 1.902400000000000000e+04 -4.624000000000000000e+03 2.940000000000000000e+02 -6.000000000000000000e+02
-5.748000000000000000e+03 1.668000000000000000e+03 1.662400000000000000e+04 -4.608000000000000000e+03 1.640000000000000000e+02 -1.004000000000000000e+03
-7.204000000000000000e+03 5.852000000000000000e+03 1.374000000000000000e+04 -4.640000000000000000e+03 3.800000000000000000e+01 -1.171000000000000000e+03
-5.880000000000000000e+03 4.876000000000000000e+03 9.028000000000000000e+03 -4.624000000000000000e+03 -1.190000000000000000e+02 -1.216000000000000000e+03
-5.116000000000000000e+03 4.660000000000000000e+03 5.032000000000000000e+03 -4.656000000000000000e+03 -2.780000000000000000e+02 -1.829000000000000000e+03
-5.252000000000000000e+03 3.756000000000000000e+03 1.672000000000000000e+03 -4.656000000000000000e+03 -2.910000000000000000e+02 -1.400000000000000000e+02
-5.764000000000000000e+03 3.624000000000000000e+03 8.520000000000000000e+02 -4.624000000000000000e+03 -2.850000000000000000e+02 -3.293000000000000000e+03
-6.220000000000000000e+03 3.016000000000000000e+03 3.752000000000000000e+03 -4.656000000000000000e+03 -4.620000000000000000e+02 -9.130000000000000000e+02
-5.280000000000000000e+03 2.864000000000000000e+03 9.784000000000000000e+03 -4.624000000000000000e+03 -6.340000000000000000e+02 -1.071000000000000000e+03
-4.316000000000000000e+03 2.092000000000000000e+03 1.204000000000000000e+04 -4.624000000000000000e+03 -6.270000000000000000e+02 -1.214000000000000000e+03
-2.940000000000000000e+03 1.304000000000000000e+03 1.047200000000000000e+04 -4.624000000000000000e+03 -5.210000000000000000e+02 -6.000000000000000000e+02
-1.712000000000000000e+03 6.880000000000000000e+02 1.213600000000000000e+04 -4.624000000000000000e+03 -5.440000000000000000e+02 -6.560000000000000000e+02
-9.320000000000000000e+02 3.360000000000000000e+02 1.394400000000000000e+04 -4.640000000000000000e+03 -5.540000000000000000e+02 -4.390000000000000000e+02
-6.680000000000000000e+02 2.520000000000000000e+02 1.008800000000000000e+04 -4.640000000000000000e+03 -4.480000000000000000e+02 -3.130000000000000000e+02
-9.120000000000000000e+02 8.720000000000000000e+02 1.425200000000000000e+04 -4.640000000000000000e+03 -5.690000000000000000e+02 -1.440000000000000000e+02
-1.616000000000000000e+03 1.664000000000000000e+03 1.400000000000000000e+04 -4.624000000000000000e+03 -6.290000000000000000e+02 1.560000000000000000e+02
-2.488000000000000000e+03 2.292000000000000000e+03 1.279600000000000000e+04 -4.640000000000000000e+03 -5.890000000000000000e+02 4.930000000000000000e+02
-8.376000000000000000e+03 2.436000000000000000e+03 1.143600000000000000e+04 -4.656000000000000000e+03 -4.250000000000000000e+02 1.697000000000000000e+03
-1.456400000000000000e+04 2.984000000000000000e+03 1.098400000000000000e+04 -4.608000000000000000e+03 -4.730000000000000000e+02 2.388000000000000000e+03
-8.032000000000000000e+03 3.668000000000000000e+03 1.148400000000000000e+04 -4.624000000000000000e+03 -3.810000000000000000e+02 3.678000000000000000e+03
-1.604000000000000000e+03 2.704000000000000000e+03 1.106400000000000000e+04 -4.608000000000000000e+03 -2.320000000000000000e+02 9.600000000000000000e+02
-3.992000000000000000e+03 3.428000000000000000e+03 7.772000000000000000e+03 -4.656000000000000000e+03 -1.930000000000000000e+02 2.159000000000000000e+03
-4.428000000000000000e+03 3.420000000000000000e+03 6.680000000000000000e+03 -4.608000000000000000e+03 -1.240000000000000000e+02 1.404000000000000000e+03
-5.136000000000000000e+03 3.216000000000000000e+03 7.084000000000000000e+03 -4.624000000000000000e+03 -7.500000000000000000e+01 1.008000000000000000e+03
-6.356000000000000000e+03 2.824000000000000000e+03 7.648000000000000000e+03 -4.640000000000000000e+03 7.940000000000000000e+02 5.410000000000000000e+02
