-4.300000000000000000e+03 1.784000000000000000e+03 1.354000000000000000e+04 -4.176000000000000000e+03 -3.160000000000000000e+02 7.780000000000000000e+02
-4.496000000000000000e+03 1.952000000000000000e+03 1.376400000000000000e+04 -4.144000000000000000e+03 -3.180000000000000000e+02 6.300000000000000000e+02
-4.512000000000000000e+03 2.092000000000000000e+03 1.360400000000000000e+04 -4.176000000000000000e+03 -3.490000000000000000e+02 5.710000000000000000e+02
-4.372000000000000000e+03 1.968000000000000000e+03 1.367600000000000000e+04 -4.160000000000000000e+03 -3.010000000000000000e+02 5.900000000000000000e+02
-4.312000000000000000e+03 1.872000000000000000e+03 1.365200000000000000e+04 -4.128000000000000000e+03 -2.850000000000000000e+02 5.900000000000000000e+02
-4.384000000000000000e+03 1.504000000000000000e+03 1.360400000000000000e+04 -4.160000000000000000e+03 -2.680000000000000000e+02 6.490000000000000000e+02
-4.768000000000000000e+03 1.588000000000000000e+03 1.348400000000000000e+04 -4.160000000000000000e+03 -2.570000000000000000e+02 6.090000000000000000e+02
-4.960000000000000000e+03 1.576000000000000000e+03 1.350400000000000000e+04 -4.160000000000000000e+03 -2.650000000000000000e+02 5.810000000000000000e+02
-4.992000000000000000e+03 1.748000000000000000e+03 1.346800000000000000e+04 -4.176000000000000000e+03 -2.560000000000000000e+02 5.130000000000000000e+02
-5.136000000000000000e+03 1.948000000000000000e+03 1.365200000000000000e+04 -4.176000000000000000e+03 -2.890000000000000000e+02 4.270000000000000000e+02
-4.816000000000000000e+03 2.028000000000000000e+03 1.348800000000000000e+04 -4.144000000000000000e+03 -2.810000000000000000e+02 3.360000000000000000e+02
-4.932000000000000000e+03 1.792000000000000000e+03 1.370400000000000000e+04 -4.128000000000000000e+03 -2.870000000000000000e+02 2.610000000000000000e+02
-4.928000000000000000e+03 1.676000000000000000e+03 1.347600000000000000e+04 -4.160000000000000000e+03 -2.530000000000000000e+02 2.470000000000000000e+02
-5.088000000000000000e+03 1.532000000000000000e+03 1.359200000000000000e+04 -4.160000000000000000e+03 -2.750000000000000000e+02 2.360000000000000000e+02
-5.008000000000000000e+03 1.600000000000000000e+03 1.348800000000000000e+04 -4.160000000000000000e+03 -2.880000000000000000e+02 2.390000000000000000e+02
-5.192000000000000000e+03 1.872000000000000000e+03 1.349200000000000000e+04 -4.128000000000000000e+03 -2.890000000000000000e+02 2.440000000000000000e+02
-5.128000000000000000e+03 1.964000000000000000e+03 1.346400000000000000e+04 -4.144000000000000000e+03 -2.850000000000000000e+02 2.830000000000000000e+02
-5.288000000000000000e+03 1.816000000000000000e+03 1.332400000000000000e+04 -4.144000000000000000e+03 -2.820000000000000000e+02 3.150000000000000000e+02
-5.236000000000000000e+03 1.768000000000000000e+03 1.352400000000000000e+04 -4.144000000000000000e+03 -2.640000000000000000e+02 2.790000000000000000e+02
-5.184000000000000000e+03 1.720000000000000000e+03 1.344800000000000000e+04 -4.176000000000000000e+03 -2.930000000000000000e+02 2.560000000000000000e+02
-5.096000000000000000e+03 1.692000000000000000e+03 1.348000000000000000e+04 -4.144000000000000000e+03 -3.010000000000000000e+02 3.020000000000000000e+02
-5.188000000000000000e+03 1.636000000000000000e+03 1.345200000000000000e+04 -4.160000000000000000e+03 -2.820000000000000000e+02 3.060000000000000000e+02
-5.240000000000000000e+03 1.716000000000000000e+03 1.345600000000000000e+04 -4.160000000000000000e+03 -2.900000000000000000e+02 2.760000000000000000e+02
-5.136000000000000000e+03 1.812000000000000000e+03 1.338400000000000000e+04 -4.192000000000000000e+03 -2.580000000000000000e+02 3.000000000000000000e+02
-4.964000000000000000e+03 1.760000000000000000e+03 1.339600000000000000e+04 -4.160000000000000000e+03 -2.650000000000000000e+02 3.170000000000000000e+02
-5.236000000000000000e+03 1.756000000000000000e+03 1.346400000000000000e+04 -4.144000000000000000e+03 -2.930000000000000000e+02 3.100000000000000000e+02
-5.180000000000000000e+03 1.788000000000000000e+03 1.332000000000000000e+04 -4.144000000000000000e+03 -2.890000000000000000e+02 2.030000000000000000e+02
-5.108000000000000000e+03 1.728000000000000000e+03 1.329600000000000000e+04 -4.176000000000000000e+03 -2.210000000000000000e+02 1.410000000000000000e+02
-5.212000000000000000e+03 1.668000000000000000e+03 1.342400000000000000e+04 -4.160000000000000000e+03 -1.050000000000000000e+02 -2.184000000000000000e+03
-5.264000000000000000e+03 1.732000000000000000e+03 1.348400000000000000e+04 -4.160000000000000000e+03 5.010000000000000000e+02 -1.153000000000000000e+03
-5.336000000000000000e+03 1.704000000000000000e+03 1.326800000000000000e+04 -4.192000000000000000e+03 -7.920000000000000000e+02 -1.198000000000000000e+03
-5.360000000000000000e+03 1.836000000000000000e+03 1.327600000000000000e+04 -4.160000000000000000e+03 3.303000000000000000e+03 -4.630000000000000000e+02
-5.044000000000000000e+03 1.576000000000000000e+03 1.319200000000000000e+04 -4.128000000000000000e+03 -5.090000000000000000e+02 -9.300000000000000000e+01
-5.352000000000000000e+03 1.632000000000000000e+03 2.122000000000000000e+04 -4.144000000000000000e+03 -3.240000000000000000e+02 3.630000000000000000e+02
-5.592000000000000000e+03 1.732000000000000000e+03 3.276700000000000000e+04 -4.192000000000000000e+03 -6.450000000000000000e+02 7.710000000000000000e+02
-6.148000000000000000e+03 5.572000000000000000e+03 2.092400000000000000e+04 -4.144000000000000000e+03 -5.140000000000000000e+02 1.169000000000000000e+03
-8.296000000000000000e+03 -1.292000000000000000e+03 2.178400000000000000e+04 -4.144000000000000000e+03 -5.000000000000000000e+02 1.285000000000000000e+03
-2.681200000000000000e+04 5.316000000000000000e+03 2.017200000000000000e+04 -4.144000000000000000e+03 -5.720000000000000000e+02 1.210000000000000000e+03
-7.860000000000000000e+03 2.504000000000000000e+03 1.964000000000000000e+04 -4.176000000000000000e+03 -5.530000000000000000e+02 9.190000000000000000e+02
-7.996000000000000000e+03 2.432000000000000000e+03 1.985200000000000000e+04 -4.160000000000000000e+03 -5.920000000000000000e+02 1.135000000000000000e+03
-7.208000000000000000e+03 2.520000000000000000e+03 1.819200000000000000e+04 -4.160000000000000000e+03 -7.650000000000000000e+02 1.144000000000000000e+03
-6.376000000000000000e+03 2.240000000000000000e+03 1.615200000000000000e+04 -4.144000000000000000e+03 -6.510000000000000000e+02 1.054000000000000000e+03
-6.128000000000000000e+03 1.952000000000000000e+03 1.350000000000000000e+04 -4.128000000000000000e+03 -4.740000000000000000e+02 4.758000000000000000e+03
-5.128000000000000000e+03 1.832000000000000000e+03 7.432000000000000000e+03 -4.160000000000000000e+03 -4.730000000000000000e+02 5.630000000000000000e+02
-4.776000000000000000e+03 1.532000000000000000e+03 2.008000000000000000e+03 -4.160000000000000000e+03 -9.940000000000000000e+02 -8.800000000000000000e+02
-4.452000000000000000e+03 9.120000000000000000e+02 -6.520000000000000000e+02 -4.128000000000000000e+03 9.200000000000000000e+01 1.070000000000000000e+03
-2.924000000000000000e+03 4.880000000000000000e+02 -1.200000000000000000e+02 -4.144000000000000000e+03 -2.260000000000000000e+02 1.336000000000000000e+03
-8.240000000000000000e+02 1.680000000000000000e+02 -2.500000000000000000e+03 -4.144000000000000000e+03 1.900000000000000000e+01 6.180000000000000000e+02
2.640000000000000000e+02 2.600000000000000000e+02 2.508000000000000000e+03 -4.112000000000000000e+03 -2.220000000000000000e+02 2.590000000000000000e+02
-2.960000000000000000e+02 6.000000000000000000e+02 2.336000000000000000e+03 -4.176000000000000000e+03 -4.960000000000000000e+02 -3.200000000000000000e+01
-1.880000000000000000e+03 -5.120000000000000000e+02 1.622400000000000000e+04 -4.192000000000000000e+03 -2.400000000000000000e+02 1.400000000000000000e+01
-1.071200000000000000e+04 9.520000000000000000e+02 1.157600000000000000e+04 -4.160000000000000000e+03 -6.320000000000000000e+02 -4.710000000000000000e+02
1.572000000000000000e+03 2.556000000000000000e+03 1.568800000000000000e+04 -4.160000000000000000e+03 -6.250000000000000000e+02 -5.020000000000000000e+02
-2.908000000000000000e+03 1.620000000000000000e+03 1.330400000000000000e+04 -4.160000000000000000e+03 -2.050000000000000000e+02 -8.880000000000000000e+02
-3.012000000000000000e+03 2.792000000000000000e+03 1.208400000000000000e+04 -4.160000000000000000e+03 1.510000000000000000e+02 -8.170000000000000000e+02
-4.504000000000000000e+03 2.604000000000000000e+03 4.444000000000000000e+03 -4.160000000000000000e+03 -1.820000000000000000e+02 -8.200000000000000000e+02
-5.352000000000000000e+03 1.604000000000000000e+03 2.192000000000000000e+03 -4.176000000000000000e+03 -7.900000000000000000e+01 -6.320000000000000000e+02
-5.632000000000000000e+03 4.000000000000000000e+00 6.296000000000000000e+03 -4.144000000000000000e+03 -1.000000000000000000e+01 -4.050000000000000000e+02
-3.288000000000000000e+03 -6.800000000000000000e+01 9.280000000000000000e+03 -4.176000000000000000e+03 -1.130000000000000000e+02 -3.020000000000000000e+02
-2.624000000000000000e+03 8.440000000000000000e+02 1.132400000000000000e+04 -4.160000000000000000e+03 2.750000000000000000e+02 -2.550000000000000000e+02
-3.364000000000000000e+03 9.800000000000000000e+02 1.289600000000000000e+04 -4.144000000000000000e+03 4.190000000000000000e+02 -1.760000000000000000e+02
-4.704000000000000000e+03 1.212000000000000000e+03 1.502400000000000000e+04 -4.160000000000000000e+03 2.370000000000000000e+02 -1.150000000000000000e+02
-5.352000000000000000e+03 1.148000000000000000e+03 1.492400000000000000e+04 -4.176000000000000000e+03 4.230000000000000000e+02 -2.340000000000000000e+02
-5.744000000000000000e+03 1.184000000000000000e+03 1.763200000000000000e+04 -4.160000000000000000e+03 4.270000000000000000e+02 -4.780000000000000000e+02
-5.516000000000000000e+03 1.088000000000000000e+03 1.772400000000000000e+04 -4.192000000000000000e+03 3.740000000000000000e+02 -1.538000000000000000e+03
-5.720000000000000000e+03 1.904000000000000000e+03 1.630000000000000000e+04 -4.160000000000000000e+03 3.410000000000000000e+02 1.360000000000000000e+02
-6.968000000000000000e+03 2.136000000000000000e+03 1.662400000000000000e+04 -4.192000000000000000e+03 6.980000000000000000e+02 1.707000000000000000e+03
-7.668000000000000000e+03 2.320000000000000000e+03 1.687600000000000000e+04 -4.144000000000000000e+03 6.162000000000000000e+03 2.804000000000000000e+03
-6.984000000000000000e+03 2.444000000000000000e+03 1.585200000000000000e+04 -4.144000000000000000e+03 7.160000000000000000e+02 -1.104000000000000000e+03
-6.700000000000000000e+03 2.604000000000000000e+03 2.424800000000000000e+04 -4.144000000000000000e+03 -5.875000000000000000e+03 3.620000000000000000e+02
-6.900000000000000000e+03 2.424000000000000000e+03 2.244800000000000000e+04 -4.128000000000000000e+03 2.971000000000000000e+03 3.030000000000000000e+02
-6.348000000000000000e+03 2.268000000000000000e+03 2.908000000000000000e+03 -4.144000000000000000e+03 -1.940000000000000000e+02 3.560000000000000000e+02
-8.796000000000000000e+03 -3.276800000000000000e+04 3.276700000000000000e+04 -4.144000000000000000e+03 -4.830000000000000000e+02 5.990000000000000000e+02
-6.980000000000000000e+03 -1.608000000000000000e+03 6.676000000000000000e+03 -4.160000000000000000e+03 -1.400000000000000000e+02 5.150000000000000000e+02
-1.364000000000000000e+03 2.640000000000000000e+02 6.872000000000000000e+03 -4.144000000000000000e+03 -8.800000000000000000e+01 5.970000000000000000e+02
1.845200000000000000e+04 -2.892000000000000000e+03 1.780000000000000000e+04 -4.144000000000000000e+03 -3.600000000000000000e+02 7.370000000000000000e+02
-3.164000000000000000e+03 3.760000000000000000e+02 1.487600000000000000e+04 -4.144000000000000000e+03 -3.760000000000000000e+02 7.620000000000000000e+02
