2.588000000000000000e+03 1.992000000000000000e+03 1.419600000000000000e+04 -4.144000000000000000e+03 -2.710000000000000000e+02 -3.930000000000000000e+02
2.700000000000000000e+03 2.132000000000000000e+03 1.437200000000000000e+04 -4.144000000000000000e+03 -2.950000000000000000e+02 -5.220000000000000000e+02
2.828000000000000000e+03 2.356000000000000000e+03 1.424000000000000000e+04 -4.208000000000000000e+03 -3.010000000000000000e+02 -5.750000000000000000e+02
2.928000000000000000e+03 2.424000000000000000e+03 1.435600000000000000e+04 -4.176000000000000000e+03 -3.250000000000000000e+02 -5.520000000000000000e+02
2.860000000000000000e+03 2.468000000000000000e+03 1.442000000000000000e+04 -4.160000000000000000e+03 -3.180000000000000000e+02 -5.750000000000000000e+02
2.808000000000000000e+03 2.288000000000000000e+03 1.446400000000000000e+04 -4.144000000000000000e+03 -3.470000000000000000e+02 -4.500000000000000000e+02
2.644000000000000000e+03 2.192000000000000000e+03 1.456000000000000000e+04 -4.192000000000000000e+03 -3.750000000000000000e+02 -3.150000000000000000e+02
2.468000000000000000e+03 2.148000000000000000e+03 1.460800000000000000e+04 -4.176000000000000000e+03 -3.060000000000000000e+02 -1.510000000000000000e+02
2.164000000000000000e+03 2.024000000000000000e+03 1.454400000000000000e+04 -4.208000000000000000e+03 -3.350000000000000000e+02 4.600000000000000000e+01
2.028000000000000000e+03 2.008000000000000000e+03 1.455600000000000000e+04 -4.176000000000000000e+03 -3.130000000000000000e+02 2.320000000000000000e+02
1.796000000000000000e+03 2.144000000000000000e+03 1.448000000000000000e+04 -4.192000000000000000e+03 -3.060000000000000000e+02 4.390000000000000000e+02
1.520000000000000000e+03 2.316000000000000000e+03 1.437600000000000000e+04 -4.160000000000000000e+03 -2.630000000000000000e+02 7.760000000000000000e+02
1.308000000000000000e+03 2.424000000000000000e+03 1.456000000000000000e+04 -4.192000000000000000e+03 -2.990000000000000000e+02 1.083000000000000000e+03
1.628000000000000000e+03 2.404000000000000000e+03 1.448400000000000000e+04 -4.192000000000000000e+03 -2.840000000000000000e+02 1.104000000000000000e+03
1.536000000000000000e+03 2.280000000000000000e+03 1.446000000000000000e+04 -4.192000000000000000e+03 -2.470000000000000000e+02 9.580000000000000000e+02
1.504000000000000000e+03 2.324000000000000000e+03 1.418400000000000000e+04 -4.176000000000000000e+03 -2.530000000000000000e+02 4.730000000000000000e+02
1.628000000000000000e+03 2.240000000000000000e+03 1.453200000000000000e+04 -4.176000000000000000e+03 -1.610000000000000000e+02 -6.244000000000000000e+03
1.816000000000000000e+03 2.108000000000000000e+03 1.434800000000000000e+04 -4.176000000000000000e+03 1.600000000000000000e+02 3.630000000000000000e+02
2.068000000000000000e+03 2.012000000000000000e+03 1.427600000000000000e+04 -4.208000000000000000e+03 6.140000000000000000e+02 -9.000000000000000000e+00
1.988000000000000000e+03 2.148000000000000000e+03 1.426800000000000000e+04 -4.160000000000000000e+03 -7.300000000000000000e+02 -9.900000000000000000e+01
2.380000000000000000e+03 2.232000000000000000e+03 1.415600000000000000e+04 -4.192000000000000000e+03 -3.150000000000000000e+02 7.000000000000000000e+00
2.292000000000000000e+03 2.220000000000000000e+03 1.415200000000000000e+04 -4.176000000000000000e+03 -5.790000000000000000e+02 -5.900000000000000000e+01
2.572000000000000000e+03 2.276000000000000000e+03 1.438800000000000000e+04 -4.176000000000000000e+03 -1.053000000000000000e+03 2.200000000000000000e+01
2.576000000000000000e+03 2.292000000000000000e+03 1.425200000000000000e+04 -4.176000000000000000e+03 -9.930000000000000000e+02 3.660000000000000000e+02
2.844000000000000000e+03 2.300000000000000000e+03 1.450800000000000000e+04 -4.192000000000000000e+03 -8.440000000000000000e+02 6.490000000000000000e+02
2.684000000000000000e+03 2.036000000000000000e+03 1.426800000000000000e+04 -4.208000000000000000e+03 -7.210000000000000000e+02 9.370000000000000000e+02
2.888000000000000000e+03 2.080000000000000000e+03 1.621200000000000000e+04 -4.160000000000000000e+03 -7.200000000000000000e+02 1.208000000000000000e+03
2.720000000000000000e+03 2.052000000000000000e+03 2.394000000000000000e+04 -4.224000000000000000e+03 -6.280000000000000000e+02 1.379000000000000000e+03
2.516000000000000000e+03 1.976000000000000000e+03 2.025600000000000000e+04 -4.192000000000000000e+03 -5.230000000000000000e+02 1.400000000000000000e+03
2.264000000000000000e+03 3.868000000000000000e+03 2.290800000000000000e+04 -4.176000000000000000e+03 -5.120000000000000000e+02 1.676000000000000000e+03
2.040000000000000000e+03 8.444000000000000000e+03 2.276000000000000000e+04 -4.192000000000000000e+03 -3.670000000000000000e+02 1.700000000000000000e+03
1.152000000000000000e+03 1.100000000000000000e+03 2.008400000000000000e+04 -4.192000000000000000e+03 -1.700000000000000000e+02 1.704000000000000000e+03
8.000000000000000000e+01 4.468000000000000000e+03 1.941600000000000000e+04 -4.192000000000000000e+03 5.800000000000000000e+01 5.736000000000000000e+03
3.972000000000000000e+03 3.728000000000000000e+03 2.032800000000000000e+04 -4.176000000000000000e+03 1.930000000000000000e+02 1.291000000000000000e+03
1.544000000000000000e+03 1.992000000000000000e+03 1.858000000000000000e+04 -4.192000000000000000e+03 1.060000000000000000e+02 1.037000000000000000e+03
3.776000000000000000e+03 2.072000000000000000e+03 1.753600000000000000e+04 -4.160000000000000000e+03 1.219000000000000000e+03 1.319000000000000000e+03
3.300000000000000000e+03 3.136000000000000000e+03 1.478800000000000000e+04 -4.192000000000000000e+03 3.980000000000000000e+02 1.198000000000000000e+03
3.128000000000000000e+03 2.556000000000000000e+03 1.133600000000000000e+04 -4.192000000000000000e+03 -1.070000000000000000e+02 1.514000000000000000e+03
3.492000000000000000e+03 2.128000000000000000e+03 6.336000000000000000e+03 -4.192000000000000000e+03 -1.790000000000000000e+02 2.670000000000000000e+02
4.076000000000000000e+03 1.696000000000000000e+03 2.384000000000000000e+03 -4.160000000000000000e+03 2.200000000000000000e+02 -4.100000000000000000e+01
3.484000000000000000e+03 1.328000000000000000e+03 4.800000000000000000e+02 -4.176000000000000000e+03 2.930000000000000000e+02 -2.050000000000000000e+02
3.032000000000000000e+03 7.680000000000000000e+02 1.360000000000000000e+03 -4.160000000000000000e+03 1.860000000000000000e+02 -4.660000000000000000e+02
2.528000000000000000e+03 3.680000000000000000e+02 1.532000000000000000e+03 -4.192000000000000000e+03 -3.700000000000000000e+01 -8.090000000000000000e+02
2.240000000000000000e+03 6.000000000000000000e+01 7.680000000000000000e+02 -4.160000000000000000e+03 -1.810000000000000000e+02 -1.140000000000000000e+03
1.712000000000000000e+03 2.160000000000000000e+02 1.546800000000000000e+04 -4.192000000000000000e+03 -7.800000000000000000e+01 -1.507000000000000000e+03
1.656000000000000000e+03 1.076000000000000000e+03 1.790800000000000000e+04 -4.208000000000000000e+03 -4.830000000000000000e+02 -1.857000000000000000e+03
1.932000000000000000e+03 1.708000000000000000e+03 1.654000000000000000e+04 -4.176000000000000000e+03 -7.950000000000000000e+02 -2.343000000000000000e+03
3.236000000000000000e+03 4.352000000000000000e+03 1.296800000000000000e+04 -4.208000000000000000e+03 -7.750000000000000000e+02 -2.460000000000000000e+03
4.080000000000000000e+03 3.636000000000000000e+03 1.382400000000000000e+04 -4.176000000000000000e+03 -7.090000000000000000e+02 -2.493000000000000000e+03
-7.240000000000000000e+03 2.256000000000000000e+03 1.362800000000000000e+04 -4.208000000000000000e+03 -8.180000000000000000e+02 -2.479000000000000000e+03
5.204000000000000000e+03 1.740000000000000000e+03 1.310000000000000000e+04 -4.160000000000000000e+03 -7.030000000000000000e+02 -2.253000000000000000e+03
5.032000000000000000e+03 1.776000000000000000e+03 1.230400000000000000e+04 -4.192000000000000000e+03 -6.200000000000000000e+02 -1.890000000000000000e+03
1.108000000000000000e+03 1.728000000000000000e+03 1.220800000000000000e+04 -4.160000000000000000e+03 -5.840000000000000000e+02 -1.686000000000000000e+03
-3.228000000000000000e+03 2.216000000000000000e+03 1.263200000000000000e+04 -4.208000000000000000e+03 -4.070000000000000000e+02 -1.347000000000000000e+03
-4.760000000000000000e+02 2.300000000000000000e+03 1.153200000000000000e+04 -4.192000000000000000e+03 -3.310000000000000000e+02 -1.095000000000000000e+03
2.108000000000000000e+03 2.408000000000000000e+03 8.508000000000000000e+03 -4.176000000000000000e+03 -4.280000000000000000e+02 -9.340000000000000000e+02
2.184000000000000000e+03 2.892000000000000000e+03 9.232000000000000000e+03 -4.192000000000000000e+03 -2.210000000000000000e+02 -9.000000000000000000e+02
2.292000000000000000e+03 2.300000000000000000e+03 9.700000000000000000e+03 -4.208000000000000000e+03 -1.790000000000000000e+02 -7.070000000000000000e+02
1.756000000000000000e+03 1.432000000000000000e+03 1.090000000000000000e+04 -4.176000000000000000e+03 -2.520000000000000000e+02 -4.620000000000000000e+02
-1.360000000000000000e+02 1.352000000000000000e+03 1.184000000000000000e+04 -4.160000000000000000e+03 -2.300000000000000000e+02 -2.940000000000000000e+02
-2.720000000000000000e+02 1.028000000000000000e+03 1.308800000000000000e+04 -4.160000000000000000e+03 -3.210000000000000000e+02 2.774000000000000000e+03
2.360000000000000000e+02 8.480000000000000000e+02 1.379200000000000000e+04 -4.144000000000000000e+03 -2.800000000000000000e+02 -2.200000000000000000e+01
8.440000000000000000e+02 1.100000000000000000e+03 1.660000000000000000e+04 -4.160000000000000000e+03 -2.500000000000000000e+02 -3.263000000000000000e+03
9.960000000000000000e+02 1.228000000000000000e+03 1.553200000000000000e+04 -4.192000000000000000e+03 5.256000000000000000e+03 -7.270000000000000000e+02
1.404000000000000000e+03 1.044000000000000000e+03 1.499600000000000000e+04 -4.192000000000000000e+03 1.518000000000000000e+03 -1.514000000000000000e+03
1.948000000000000000e+03 1.740000000000000000e+03 1.779600000000000000e+04 -4.192000000000000000e+03 -4.901000000000000000e+03 -9.100000000000000000e+02
2.244000000000000000e+03 1.948000000000000000e+03 1.728800000000000000e+04 -4.224000000000000000e+03 5.840000000000000000e+02 -8.130000000000000000e+02
3.184000000000000000e+03 1.592000000000000000e+03 1.755200000000000000e+04 -4.176000000000000000e+03 -3.130000000000000000e+02 2.790000000000000000e+02
