-9.600000000000000000e+03 2.376000000000000000e+03 1.157600000000000000e+04 -4.592000000000000000e+03 -2.870000000000000000e+02 1.220000000000000000e+02
-7.812000000000000000e+03 2.472000000000000000e+03 1.174400000000000000e+04 -4.656000000000000000e+03 -2.810000000000000000e+02 8.400000000000000000e+01
-7.756000000000000000e+03 2.268000000000000000e+03 1.180400000000000000e+04 -4.640000000000000000e+03 -2.800000000000000000e+02 2.330000000000000000e+02
-9.132000000000000000e+03 2.132000000000000000e+03 1.173200000000000000e+04 -4.608000000000000000e+03 -2.690000000000000000e+02 -2.380000000000000000e+02
-8.804000000000000000e+03 2.900000000000000000e+03 1.148000000000000000e+04 -4.656000000000000000e+03 -2.840000000000000000e+02 8.320000000000000000e+02
-8.564000000000000000e+03 3.092000000000000000e+03 1.169200000000000000e+04 -4.640000000000000000e+03 -2.460000000000000000e+02 -1.379000000000000000e+03
-8.740000000000000000e+03 2.716000000000000000e+03 1.156000000000000000e+04 -4.624000000000000000e+03 -2.800000000000000000e+02 -4.250000000000000000e+02
-8.636000000000000000e+03 2.420000000000000000e+03 1.148800000000000000e+04 -4.624000000000000000e+03 -3.070000000000000000e+02 -1.100000000000000000e+01
-8.396000000000000000e+03 2.252000000000000000e+03 1.149200000000000000e+04 -4.640000000000000000e+03 -2.410000000000000000e+02 2.740000000000000000e+02
-8.012000000000000000e+03 2.432000000000000000e+03 1.166400000000000000e+04 -4.640000000000000000e+03 -2.120000000000000000e+02 8.010000000000000000e+02
-8.396000000000000000e+03 2.596000000000000000e+03 1.137600000000000000e+04 -4.624000000000000000e+03 -1.960000000000000000e+02 1.209000000000000000e+03
-8.748000000000000000e+03 2.708000000000000000e+03 1.143600000000000000e+04 -4.624000000000000000e+03 2.850000000000000000e+02 1.469000000000000000e+03
-8.392000000000000000e+03 2.764000000000000000e+03 1.147200000000000000e+04 -4.656000000000000000e+03 2.551000000000000000e+03 1.995000000000000000e+03
-8.600000000000000000e+03 2.680000000000000000e+03 1.143600000000000000e+04 -4.608000000000000000e+03 3.413000000000000000e+03 2.124000000000000000e+03
-8.896000000000000000e+03 2.480000000000000000e+03 1.146000000000000000e+04 -4.656000000000000000e+03 -7.990000000000000000e+02 2.330000000000000000e+03
-8.672000000000000000e+03 2.580000000000000000e+03 1.170800000000000000e+04 -4.624000000000000000e+03 -3.050000000000000000e+02 2.411000000000000000e+03
-8.520000000000000000e+03 2.640000000000000000e+03 1.151200000000000000e+04 -4.640000000000000000e+03 -3.480000000000000000e+02 1.883000000000000000e+03
-8.944000000000000000e+03 2.536000000000000000e+03 1.154400000000000000e+04 -4.672000000000000000e+03 -4.280000000000000000e+02 3.165000000000000000e+03
-8.704000000000000000e+03 2.720000000000000000e+03 1.167200000000000000e+04 -4.640000000000000000e+03 -2.070000000000000000e+02 2.672000000000000000e+03
-8.924000000000000000e+03 2.528000000000000000e+03 1.148800000000000000e+04 -4.624000000000000000e+03 -1.870000000000000000e+02 2.073000000000000000e+03
-8.732000000000000000e+03 2.632000000000000000e+03 1.142400000000000000e+04 -4.624000000000000000e+03 -8.200000000000000000e+01 5.478000000000000000e+03
-8.908000000000000000e+03 2.420000000000000000e+03 1.163600000000000000e+04 -4.640000000000000000e+03 -2.450000000000000000e+02 2.362000000000000000e+03
-8.552000000000000000e+03 2.492000000000000000e+03 1.134000000000000000e+04 -4.640000000000000000e+03 -2.890000000000000000e+02 1.522000000000000000e+03
-8.536000000000000000e+03 2.604000000000000000e+03 1.182800000000000000e+04 -4.624000000000000000e+03 -2.240000000000000000e+02 1.961000000000000000e+03
-8.528000000000000000e+03 2.680000000000000000e+03 2.192400000000000000e+04 -4.640000000000000000e+03 -2.140000000000000000e+02 2.537000000000000000e+03
-8.508000000000000000e+03 2.740000000000000000e+03 3.116000000000000000e+04 -4.640000000000000000e+03 2.700000000000000000e+01 2.811000000000000000e+03
-8.956000000000000000e+03 2.472000000000000000e+03 1.249200000000000000e+04 -4.656000000000000000e+03 1.740000000000000000e+02 2.670000000000000000e+03
-9.044000000000000000e+03 2.600000000000000000e+03 1.866400000000000000e+04 -4.608000000000000000e+03 1.690000000000000000e+02 2.320000000000000000e+03
-8.380000000000000000e+03 2.584000000000000000e+03 1.586400000000000000e+04 -4.656000000000000000e+03 5.900000000000000000e+01 2.243000000000000000e+03
-8.684000000000000000e+03 2.540000000000000000e+03 1.889600000000000000e+04 -4.640000000000000000e+03 -1.010000000000000000e+02 1.131000000000000000e+03
-9.564000000000000000e+03 2.360000000000000000e+03 1.529200000000000000e+04 -4.624000000000000000e+03 2.580000000000000000e+02 1.072000000000000000e+03
-1.568000000000000000e+04 3.068000000000000000e+03 1.475600000000000000e+04 -4.624000000000000000e+03 -2.280000000000000000e+02 6.180000000000000000e+02
-3.056800000000000000e+04 -2.644000000000000000e+03 1.352400000000000000e+04 -4.640000000000000000e+03 -3.310000000000000000e+02 5.580000000000000000e+02
-6.016000000000000000e+03 -5.160000000000000000e+02 1.082800000000000000e+04 -4.640000000000000000e+03 -2.760000000000000000e+02 7.730000000000000000e+02
-1.348400000000000000e+04 5.264000000000000000e+03 6.576000000000000000e+03 -4.608000000000000000e+03 -2.900000000000000000e+01 -2.120000000000000000e+02
-1.228000000000000000e+04 3.416000000000000000e+03 3.036000000000000000e+03 -4.656000000000000000e+03 9.100000000000000000e+01 -4.660000000000000000e+02
-1.394800000000000000e+04 4.148000000000000000e+03 1.260000000000000000e+03 -4.656000000000000000e+03 9.000000000000000000e+00 -2.520000000000000000e+02
-1.086000000000000000e+04 3.392000000000000000e+03 4.400000000000000000e+01 -4.656000000000000000e+03 3.200000000000000000e+01 -6.370000000000000000e+02
-1.045600000000000000e+04 3.748000000000000000e+03 2.376000000000000000e+03 -4.624000000000000000e+03 -1.770000000000000000e+02 -7.750000000000000000e+02
-9.976000000000000000e+03 2.916000000000000000e+03 5.596000000000000000e+03 -4.624000000000000000e+03 -2.640000000000000000e+02 -1.240000000000000000e+03
-8.892000000000000000e+03 2.316000000000000000e+03 5.980000000000000000e+03 -4.656000000000000000e+03 -3.000000000000000000e+02 -1.033000000000000000e+03
-6.192000000000000000e+03 1.180000000000000000e+03 3.048000000000000000e+03 -4.640000000000000000e+03 -9.800000000000000000e+01 -1.289000000000000000e+03
-3.632000000000000000e+03 7.400000000000000000e+02 1.202000000000000000e+04 -4.640000000000000000e+03 -9.400000000000000000e+01 -1.016000000000000000e+03
-2.032000000000000000e+03 4.640000000000000000e+02 1.389200000000000000e+04 -4.640000000000000000e+03 -1.260000000000000000e+02 -1.222000000000000000e+03
-8.120000000000000000e+02 2.400000000000000000e+02 1.228800000000000000e+04 -4.608000000000000000e+03 -1.740000000000000000e+02 -1.432000000000000000e+03
-2.460000000000000000e+03 6.000000000000000000e+02 8.436000000000000000e+03 -4.624000000000000000e+03 -1.910000000000000000e+02 -1.484000000000000000e+03
-3.164000000000000000e+03 1.312000000000000000e+03 6.852000000000000000e+03 -4.656000000000000000e+03 -9.600000000000000000e+01 -2.092000000000000000e+03
-8.224000000000000000e+03 2.456000000000000000e+03 8.452000000000000000e+03 -4.624000000000000000e+03 -1.470000000000000000e+02 -3.980000000000000000e+02
-1.508000000000000000e+04 1.020000000000000000e+03 9.224000000000000000e+03 -4.656000000000000000e+03 -2.220000000000000000e+02 4.062000000000000000e+03
-1.338800000000000000e+04 4.216000000000000000e+03 9.708000000000000000e+03 -4.624000000000000000e+03 -2.050000000000000000e+02 8.341000000000000000e+03
-1.160400000000000000e+04 4.156000000000000000e+03 8.580000000000000000e+03 -4.624000000000000000e+03 -1.900000000000000000e+02 -4.085000000000000000e+03
-9.248000000000000000e+03 3.324000000000000000e+03 5.556000000000000000e+03 -4.640000000000000000e+03 -1.460000000000000000e+02 4.390000000000000000e+02
-7.832000000000000000e+03 2.260000000000000000e+03 3.140000000000000000e+03 -4.656000000000000000e+03 -1.500000000000000000e+01 1.688000000000000000e+03
-8.072000000000000000e+03 1.912000000000000000e+03 2.808000000000000000e+03 -4.656000000000000000e+03 4.000000000000000000e+00 7.670000000000000000e+02
-9.980000000000000000e+03 2.504000000000000000e+03 3.540000000000000000e+03 -4.640000000000000000e+03 -1.270000000000000000e+02 8.610000000000000000e+02
