4.540000000000000000e+03 2.216800000000000000e+04 -1.120000000000000000e+02 -6.100000000000000000e+01 -3.260000000000000000e+02 2.024000000000000000e+03
7.012000000000000000e+03 6.844000000000000000e+03 3.276700000000000000e+04 -4.224000000000000000e+03 -3.240000000000000000e+02 2.488000000000000000e+03
-7.636000000000000000e+03 -1.056800000000000000e+04 4.820000000000000000e+03 -4.224000000000000000e+03 -3.840000000000000000e+02 3.118000000000000000e+03
3.252000000000000000e+03 -3.948000000000000000e+03 -8.920000000000000000e+02 -4.224000000000000000e+03 -5.400000000000000000e+02 6.420000000000000000e+02
6.620000000000000000e+03 -8.760000000000000000e+02 2.210800000000000000e+04 -4.240000000000000000e+03 -4.860000000000000000e+02 -1.880000000000000000e+02
4.420000000000000000e+03 3.228000000000000000e+03 1.392800000000000000e+04 -4.224000000000000000e+03 -6.240000000000000000e+02 1.830000000000000000e+02
1.423600000000000000e+04 -4.208000000000000000e+03 1.342400000000000000e+04 -4.224000000000000000e+03 -4.720000000000000000e+02 1.248000000000000000e+03
-7.648000000000000000e+03 1.496000000000000000e+03 1.405200000000000000e+04 -4.224000000000000000e+03 -5.000000000000000000e+01 9.930000000000000000e+02
-1.064000000000000000e+03 2.352000000000000000e+03 1.454800000000000000e+04 -4.240000000000000000e+03 -2.450000000000000000e+02 -1.220000000000000000e+02
1.960000000000000000e+02 3.100000000000000000e+03 1.513200000000000000e+04 -4.208000000000000000e+03 -3.870000000000000000e+02 3.200000000000000000e+01
1.640000000000000000e+02 3.128000000000000000e+03 1.465200000000000000e+04 -4.256000000000000000e+03 -4.620000000000000000e+02 5.430000000000000000e+02
-3.440000000000000000e+02 2.416000000000000000e+03 1.357200000000000000e+04 -4.240000000000000000e+03 -1.630000000000000000e+02 4.780000000000000000e+02
-1.316000000000000000e+03 1.444000000000000000e+03 1.483200000000000000e+04 -4.224000000000000000e+03 -2.770000000000000000e+02 1.220000000000000000e+02
-1.020000000000000000e+03 1.668000000000000000e+03 1.419200000000000000e+04 -4.256000000000000000e+03 -3.660000000000000000e+02 3.130000000000000000e+02
-6.024000000000000000e+03 6.160000000000000000e+02 1.409200000000000000e+04 -4.224000000000000000e+03 -3.480000000000000000e+02 6.280000000000000000e+02
-7.520000000000000000e+02 1.792000000000000000e+03 1.374800000000000000e+04 -4.224000000000000000e+03 -2.330000000000000000e+02 4.370000000000000000e+02
-1.472000000000000000e+03 1.544000000000000000e+03 1.429600000000000000e+04 -4.240000000000000000e+03 -2.870000000000000000e+02 3.510000000000000000e+02
-1.048000000000000000e+03 2.380000000000000000e+03 1.434000000000000000e+04 -4.208000000000000000e+03 -3.430000000000000000e+02 5.700000000000000000e+02
-4.388000000000000000e+03 1.712000000000000000e+03 1.447200000000000000e+04 -4.208000000000000000e+03 -2.870000000000000000e+02 6.580000000000000000e+02
-2.884000000000000000e+03 1.980000000000000000e+03 1.429200000000000000e+04 -4.224000000000000000e+03 -2.700000000000000000e+02 3.570000000000000000e+02
-8.640000000000000000e+02 1.832000000000000000e+03 1.444800000000000000e+04 -4.256000000000000000e+03 -2.840000000000000000e+02 -1.700000000000000000e+01
-1.088000000000000000e+03 1.456000000000000000e+03 1.426400000000000000e+04 -4.224000000000000000e+03 -3.350000000000000000e+02 -2.000000000000000000e+00
-2.604000000000000000e+03 1.200000000000000000e+03 1.439200000000000000e+04 -4.240000000000000000e+03 -2.920000000000000000e+02 1.590000000000000000e+02
-2.064000000000000000e+03 1.592000000000000000e+03 1.428400000000000000e+04 -4.240000000000000000e+03 -2.350000000000000000e+02 1.190000000000000000e+02
-1.232000000000000000e+03 2.232000000000000000e+03 1.425600000000000000e+04 -4.240000000000000000e+03 -2.400000000000000000e+02 -4.300000000000000000e+01
-1.856000000000000000e+03 2.124000000000000000e+03 1.439600000000000000e+04 -4.192000000000000000e+03 -2.710000000000000000e+02 -8.700000000000000000e+01
-2.296000000000000000e+03 1.912000000000000000e+03 1.444000000000000000e+04 -4.272000000000000000e+03 -2.450000000000000000e+02 8.800000000000000000e+01
-1.828000000000000000e+03 1.824000000000000000e+03 1.433200000000000000e+04 -4.224000000000000000e+03 -1.590000000000000000e+02 3.070000000000000000e+02
-1.532000000000000000e+03 1.792000000000000000e+03 1.431200000000000000e+04 -4.240000000000000000e+03 -6.000000000000000000e+01 3.100000000000000000e+01
-2.228000000000000000e+03 1.628000000000000000e+03 1.421600000000000000e+04 -4.240000000000000000e+03 1.880000000000000000e+02 -1.034000000000000000e+03
-2.780000000000000000e+03 1.568000000000000000e+03 1.435200000000000000e+04 -4.224000000000000000e+03 2.550000000000000000e+02 1.490000000000000000e+02
-2.268000000000000000e+03 1.896000000000000000e+03 1.431200000000000000e+04 -4.224000000000000000e+03 1.628000000000000000e+03 8.270000000000000000e+02
-1.748000000000000000e+03 2.004000000000000000e+03 1.439200000000000000e+04 -4.208000000000000000e+03 8.660000000000000000e+02 7.070000000000000000e+02
-1.960000000000000000e+03 1.896000000000000000e+03 1.424000000000000000e+04 -4.240000000000000000e+03 3.900000000000000000e+01 1.225000000000000000e+03
-2.380000000000000000e+03 1.712000000000000000e+03 1.449200000000000000e+04 -4.256000000000000000e+03 7.400000000000000000e+01 1.707000000000000000e+03
-2.440000000000000000e+03 1.800000000000000000e+03 1.899600000000000000e+04 -4.256000000000000000e+03 -2.270000000000000000e+02 2.088000000000000000e+03
-1.872000000000000000e+03 1.940000000000000000e+03 2.017200000000000000e+04 -4.256000000000000000e+03 -3.520000000000000000e+02 2.116000000000000000e+03
-1.532000000000000000e+03 2.096000000000000000e+03 2.857200000000000000e+04 -4.224000000000000000e+03 -3.670000000000000000e+02 2.169000000000000000e+03
-1.272800000000000000e+04 2.088000000000000000e+03 1.832400000000000000e+04 -4.256000000000000000e+03 -4.980000000000000000e+02 2.142000000000000000e+03
-6.868000000000000000e+03 2.156000000000000000e+03 1.821600000000000000e+04 -4.192000000000000000e+03 -6.290000000000000000e+02 2.061000000000000000e+03
-8.088000000000000000e+03 4.748000000000000000e+03 2.004800000000000000e+04 -4.240000000000000000e+03 -6.470000000000000000e+02 2.203000000000000000e+03
-2.388000000000000000e+03 1.796000000000000000e+03 2.140400000000000000e+04 -4.240000000000000000e+03 -7.310000000000000000e+02 2.389000000000000000e+03
-1.844000000000000000e+03 2.224000000000000000e+03 2.165200000000000000e+04 -4.256000000000000000e+03 -7.020000000000000000e+02 2.291000000000000000e+03
-2.460000000000000000e+03 3.036000000000000000e+03 1.930000000000000000e+04 -4.256000000000000000e+03 -5.560000000000000000e+02 2.686000000000000000e+03
-2.352000000000000000e+03 3.252000000000000000e+03 1.633200000000000000e+04 -4.240000000000000000e+03 -4.630000000000000000e+02 2.878000000000000000e+03
-2.952000000000000000e+03 3.248000000000000000e+03 1.262400000000000000e+04 -4.224000000000000000e+03 -3.180000000000000000e+02 2.638000000000000000e+03
-3.000000000000000000e+03 2.640000000000000000e+03 8.204000000000000000e+03 -4.224000000000000000e+03 3.000000000000000000e+00 2.319000000000000000e+03
-2.924000000000000000e+03 2.112000000000000000e+03 3.700000000000000000e+03 -4.224000000000000000e+03 1.420000000000000000e+02 2.044000000000000000e+03
-2.424000000000000000e+03 1.512000000000000000e+03 8.080000000000000000e+02 -4.240000000000000000e+03 2.340000000000000000e+02 1.790000000000000000e+03
-1.348000000000000000e+03 8.760000000000000000e+02 -3.800000000000000000e+02 -4.224000000000000000e+03 -2.650000000000000000e+02 1.513000000000000000e+03
-6.240000000000000000e+02 1.600000000000000000e+02 3.040000000000000000e+02 -4.256000000000000000e+03 -8.090000000000000000e+02 1.368000000000000000e+03
-5.240000000000000000e+02 -1.320000000000000000e+02 2.636000000000000000e+03 -4.256000000000000000e+03 -9.210000000000000000e+02 1.075000000000000000e+03
-2.160000000000000000e+02 -3.080000000000000000e+02 9.096000000000000000e+03 -4.240000000000000000e+03 -9.810000000000000000e+02 8.310000000000000000e+02
4.800000000000000000e+01 -8.400000000000000000e+01 1.864400000000000000e+04 -4.240000000000000000e+03 -8.670000000000000000e+02 5.540000000000000000e+02
-6.640000000000000000e+02 2.400000000000000000e+01 2.116000000000000000e+04 -4.224000000000000000e+03 -8.710000000000000000e+02 3.570000000000000000e+02
-2.968000000000000000e+03 2.240000000000000000e+02 1.936800000000000000e+04 -4.224000000000000000e+03 -9.710000000000000000e+02 2.960000000000000000e+02
-6.732000000000000000e+03 2.240000000000000000e+03 1.312400000000000000e+04 -4.224000000000000000e+03 -9.760000000000000000e+02 1.170000000000000000e+02
-5.176000000000000000e+03 3.236000000000000000e+03 1.052800000000000000e+04 -4.224000000000000000e+03 -1.064000000000000000e+03 3.000000000000000000e+00
-4.164000000000000000e+03 2.996000000000000000e+03 9.684000000000000000e+03 -4.240000000000000000e+03 -6.430000000000000000e+02 -3.230000000000000000e+02
-3.732000000000000000e+03 2.156000000000000000e+03 1.020400000000000000e+04 -4.240000000000000000e+03 -4.370000000000000000e+02 -5.930000000000000000e+02
-2.500000000000000000e+03 1.152000000000000000e+03 9.764000000000000000e+03 -4.256000000000000000e+03 -2.720000000000000000e+02 -1.054000000000000000e+03
-2.140000000000000000e+03 1.096000000000000000e+03 8.520000000000000000e+03 -4.240000000000000000e+03 -1.480000000000000000e+02 -1.356000000000000000e+03
-2.304000000000000000e+03 1.480000000000000000e+03 5.316000000000000000e+03 -4.240000000000000000e+03 2.400000000000000000e+01 -1.795000000000000000e+03
-2.116000000000000000e+03 1.064000000000000000e+03 4.612000000000000000e+03 -4.240000000000000000e+03 9.000000000000000000e+00 -2.287000000000000000e+03
-2.072000000000000000e+03 7.480000000000000000e+02 8.412000000000000000e+03 -4.208000000000000000e+03 2.440000000000000000e+02 -2.684000000000000000e+03
-2.028000000000000000e+03 3.440000000000000000e+02 9.772000000000000000e+03 -4.192000000000000000e+03 2.050000000000000000e+02 -2.632000000000000000e+03
-2.004000000000000000e+03 1.480000000000000000e+02 1.294000000000000000e+04 -4.240000000000000000e+03 1.140000000000000000e+02 -2.455000000000000000e+03
-3.156000000000000000e+03 8.280000000000000000e+02 1.439200000000000000e+04 -4.208000000000000000e+03 7.000000000000000000e+00 -2.197000000000000000e+03
-3.828000000000000000e+03 3.760000000000000000e+02 1.624000000000000000e+04 -4.256000000000000000e+03 -7.400000000000000000e+01 6.850000000000000000e+02
-4.976000000000000000e+03 1.080000000000000000e+03 1.642400000000000000e+04 -4.256000000000000000e+03 -2.440000000000000000e+02 3.129000000000000000e+03
-5.644000000000000000e+03 1.516000000000000000e+03 1.774800000000000000e+04 -4.240000000000000000e+03 -3.820000000000000000e+02 6.792000000000000000e+03
-6.400000000000000000e+03 2.008000000000000000e+03 1.840800000000000000e+04 -4.272000000000000000e+03 -1.272000000000000000e+04 5.374000000000000000e+03
-6.456000000000000000e+03 1.848000000000000000e+03 1.740800000000000000e+04 -4.256000000000000000e+03 -3.195000000000000000e+03 1.320000000000000000e+03
-6.544000000000000000e+03 2.008000000000000000e+03 1.688000000000000000e+04 -4.240000000000000000e+03 -3.223000000000000000e+03 -2.075000000000000000e+03
