4.704000000000000000e+03 2.076000000000000000e+03 1.396800000000000000e+04 -4.096000000000000000e+03 -3.190000000000000000e+02 -7.890000000000000000e+02
4.608000000000000000e+03 1.964000000000000000e+03 1.382000000000000000e+04 -4.096000000000000000e+03 -3.130000000000000000e+02 -6.530000000000000000e+02
4.908000000000000000e+03 1.896000000000000000e+03 1.386000000000000000e+04 -4.064000000000000000e+03 -2.910000000000000000e+02 -6.170000000000000000e+02
6.032000000000000000e+03 2.224000000000000000e+03 1.377200000000000000e+04 -4.128000000000000000e+03 -3.350000000000000000e+02 -3.810000000000000000e+02
5.896000000000000000e+03 2.084000000000000000e+03 1.393200000000000000e+04 -4.096000000000000000e+03 -3.330000000000000000e+02 -7.900000000000000000e+01
5.616000000000000000e+03 1.988000000000000000e+03 1.368400000000000000e+04 -4.064000000000000000e+03 -2.460000000000000000e+02 2.420000000000000000e+02
5.704000000000000000e+03 2.076000000000000000e+03 1.375200000000000000e+04 -4.112000000000000000e+03 -2.390000000000000000e+02 5.330000000000000000e+02
5.664000000000000000e+03 1.852000000000000000e+03 1.359200000000000000e+04 -4.096000000000000000e+03 -2.090000000000000000e+02 7.960000000000000000e+02
6.036000000000000000e+03 1.928000000000000000e+03 1.347200000000000000e+04 -4.096000000000000000e+03 -2.690000000000000000e+02 1.013000000000000000e+03
5.960000000000000000e+03 2.184000000000000000e+03 1.376800000000000000e+04 -4.112000000000000000e+03 -2.340000000000000000e+02 1.114000000000000000e+03
5.408000000000000000e+03 1.976000000000000000e+03 1.390400000000000000e+04 -4.096000000000000000e+03 -2.390000000000000000e+02 1.117000000000000000e+03
5.236000000000000000e+03 2.136000000000000000e+03 1.377200000000000000e+04 -4.096000000000000000e+03 -2.200000000000000000e+02 1.072000000000000000e+03
5.092000000000000000e+03 2.060000000000000000e+03 1.373600000000000000e+04 -4.112000000000000000e+03 -2.420000000000000000e+02 9.530000000000000000e+02
4.908000000000000000e+03 2.128000000000000000e+03 1.391200000000000000e+04 -4.112000000000000000e+03 -2.270000000000000000e+02 6.870000000000000000e+02
4.852000000000000000e+03 2.140000000000000000e+03 1.408400000000000000e+04 -4.080000000000000000e+03 -2.660000000000000000e+02 3.710000000000000000e+02
4.660000000000000000e+03 1.968000000000000000e+03 1.395600000000000000e+04 -4.128000000000000000e+03 -3.050000000000000000e+02 1.270000000000000000e+02
4.496000000000000000e+03 2.184000000000000000e+03 1.426400000000000000e+04 -4.112000000000000000e+03 -2.800000000000000000e+02 -1.000000000000000000e+02
4.288000000000000000e+03 1.948000000000000000e+03 1.412800000000000000e+04 -4.096000000000000000e+03 -3.150000000000000000e+02 -3.650000000000000000e+02
4.432000000000000000e+03 1.908000000000000000e+03 1.387600000000000000e+04 -4.096000000000000000e+03 -3.540000000000000000e+02 -4.720000000000000000e+02
4.932000000000000000e+03 1.888000000000000000e+03 1.391200000000000000e+04 -4.096000000000000000e+03 -3.510000000000000000e+02 -5.790000000000000000e+02
4.900000000000000000e+03 1.960000000000000000e+03 1.400800000000000000e+04 -4.112000000000000000e+03 -3.570000000000000000e+02 -7.130000000000000000e+02
4.604000000000000000e+03 2.020000000000000000e+03 1.396800000000000000e+04 -4.112000000000000000e+03 -5.350000000000000000e+02 -1.030000000000000000e+03
6.420000000000000000e+03 2.072000000000000000e+03 1.224400000000000000e+04 -4.112000000000000000e+03 -4.710000000000000000e+02 -5.550000000000000000e+02
6.576000000000000000e+03 2.516000000000000000e+03 1.372400000000000000e+04 -4.080000000000000000e+03 -2.130000000000000000e+02 -5.400000000000000000e+01
6.344000000000000000e+03 1.996000000000000000e+03 1.335200000000000000e+04 -4.096000000000000000e+03 -2.970000000000000000e+02 8.190000000000000000e+02
6.400000000000000000e+03 2.292000000000000000e+03 1.288000000000000000e+04 -4.096000000000000000e+03 -3.040000000000000000e+02 1.623000000000000000e+03
6.060000000000000000e+03 1.960000000000000000e+03 1.303600000000000000e+04 -4.080000000000000000e+03 -2.640000000000000000e+02 2.081000000000000000e+03
5.688000000000000000e+03 1.884000000000000000e+03 1.346000000000000000e+04 -4.096000000000000000e+03 -2.060000000000000000e+02 2.258000000000000000e+03
5.904000000000000000e+03 1.960000000000000000e+03 1.383200000000000000e+04 -4.096000000000000000e+03 -1.610000000000000000e+02 2.363000000000000000e+03
5.772000000000000000e+03 1.924000000000000000e+03 1.372400000000000000e+04 -4.096000000000000000e+03 -1.620000000000000000e+02 2.392000000000000000e+03
5.012000000000000000e+03 1.800000000000000000e+03 1.391200000000000000e+04 -4.096000000000000000e+03 -1.680000000000000000e+02 2.331000000000000000e+03
4.300000000000000000e+03 1.884000000000000000e+03 1.388000000000000000e+04 -4.080000000000000000e+03 -1.970000000000000000e+02 2.082000000000000000e+03
3.800000000000000000e+03 2.052000000000000000e+03 1.420400000000000000e+04 -4.112000000000000000e+03 -1.620000000000000000e+02 1.825000000000000000e+03
3.720000000000000000e+03 1.992000000000000000e+03 1.440000000000000000e+04 -4.080000000000000000e+03 -1.400000000000000000e+02 1.530000000000000000e+03
3.736000000000000000e+03 2.020000000000000000e+03 1.432400000000000000e+04 -4.080000000000000000e+03 -1.890000000000000000e+02 1.120000000000000000e+03
3.760000000000000000e+03 2.216000000000000000e+03 1.418800000000000000e+04 -4.080000000000000000e+03 -2.510000000000000000e+02 8.120000000000000000e+02
3.384000000000000000e+03 2.280000000000000000e+03 1.415600000000000000e+04 -4.048000000000000000e+03 -2.650000000000000000e+02 4.810000000000000000e+02
3.104000000000000000e+03 2.224000000000000000e+03 1.439600000000000000e+04 -4.128000000000000000e+03 -2.420000000000000000e+02 1.960000000000000000e+02
3.004000000000000000e+03 2.160000000000000000e+03 1.443600000000000000e+04 -4.112000000000000000e+03 -1.420000000000000000e+02 -9.600000000000000000e+01
3.296000000000000000e+03 2.380000000000000000e+03 1.436400000000000000e+04 -4.096000000000000000e+03 -2.400000000000000000e+02 -3.040000000000000000e+02
3.368000000000000000e+03 2.460000000000000000e+03 1.405200000000000000e+04 -4.112000000000000000e+03 -2.470000000000000000e+02 -4.350000000000000000e+02
3.484000000000000000e+03 2.408000000000000000e+03 1.413600000000000000e+04 -4.064000000000000000e+03 -2.350000000000000000e+02 -5.380000000000000000e+02
3.500000000000000000e+03 2.212000000000000000e+03 1.427600000000000000e+04 -4.096000000000000000e+03 -1.760000000000000000e+02 -5.260000000000000000e+02
3.672000000000000000e+03 1.888000000000000000e+03 1.433200000000000000e+04 -4.096000000000000000e+03 1.410000000000000000e+02 -1.363000000000000000e+03
4.080000000000000000e+03 1.788000000000000000e+03 1.418000000000000000e+04 -4.096000000000000000e+03 1.736000000000000000e+03 -2.327000000000000000e+03
6.320000000000000000e+03 2.660000000000000000e+03 2.352000000000000000e+04 -4.080000000000000000e+03 -2.851000000000000000e+03 -1.156000000000000000e+03
4.996000000000000000e+03 1.712800000000000000e+04 3.276700000000000000e+04 -4.096000000000000000e+03 -1.506000000000000000e+03 -1.233000000000000000e+03
8.132000000000000000e+03 3.664000000000000000e+03 2.167200000000000000e+04 -4.080000000000000000e+03 -4.090000000000000000e+02 -9.580000000000000000e+02
7.192000000000000000e+03 3.484000000000000000e+03 2.092400000000000000e+04 -4.096000000000000000e+03 -2.700000000000000000e+02 -9.190000000000000000e+02
6.912000000000000000e+03 2.992000000000000000e+03 2.233600000000000000e+04 -4.096000000000000000e+03 -3.080000000000000000e+02 -9.260000000000000000e+02
7.288000000000000000e+03 3.052000000000000000e+03 2.242400000000000000e+04 -4.080000000000000000e+03 -3.460000000000000000e+02 -8.170000000000000000e+02
7.632000000000000000e+03 3.076000000000000000e+03 2.172400000000000000e+04 -4.096000000000000000e+03 -4.230000000000000000e+02 -6.760000000000000000e+02
7.520000000000000000e+03 3.008000000000000000e+03 1.977200000000000000e+04 -4.096000000000000000e+03 -4.900000000000000000e+02 -7.300000000000000000e+02
6.016000000000000000e+03 2.416000000000000000e+03 1.616400000000000000e+04 -4.096000000000000000e+03 -7.920000000000000000e+02 -7.450000000000000000e+02
3.792000000000000000e+03 1.620000000000000000e+03 1.041200000000000000e+04 -4.096000000000000000e+03 -7.650000000000000000e+02 -3.850000000000000000e+02
1.900000000000000000e+03 5.760000000000000000e+02 3.308000000000000000e+03 -4.096000000000000000e+03 -5.180000000000000000e+02 -2.460000000000000000e+02
1.476000000000000000e+03 4.120000000000000000e+02 2.560000000000000000e+02 -4.128000000000000000e+03 -5.000000000000000000e+02 8.033000000000000000e+03
1.404000000000000000e+03 4.480000000000000000e+02 -4.000000000000000000e+00 -4.112000000000000000e+03 9.960000000000000000e+02 9.820000000000000000e+02
-6.232000000000000000e+03 4.920000000000000000e+02 -3.680000000000000000e+02 -4.096000000000000000e+03 -3.980000000000000000e+02 -7.346000000000000000e+03
-6.560000000000000000e+03 -1.680000000000000000e+03 1.904000000000000000e+03 -4.096000000000000000e+03 -1.055000000000000000e+03 -6.990000000000000000e+02
6.720000000000000000e+02 1.912000000000000000e+03 5.548000000000000000e+03 -4.128000000000000000e+03 -2.850000000000000000e+02 -6.960000000000000000e+02
5.256000000000000000e+03 7.200000000000000000e+02 5.600000000000000000e+03 -4.096000000000000000e+03 -4.760000000000000000e+02 -5.060000000000000000e+02
3.184000000000000000e+03 1.436000000000000000e+03 6.760000000000000000e+03 -4.096000000000000000e+03 -2.110000000000000000e+02 -8.960000000000000000e+02
4.156000000000000000e+03 1.568000000000000000e+03 9.408000000000000000e+03 -4.128000000000000000e+03 -3.730000000000000000e+02 -1.095000000000000000e+03
4.640000000000000000e+03 1.552000000000000000e+03 1.086800000000000000e+04 -4.112000000000000000e+03 -4.890000000000000000e+02 -1.191000000000000000e+03
3.136000000000000000e+03 5.520000000000000000e+02 6.420000000000000000e+03 -4.112000000000000000e+03 -2.800000000000000000e+01 -1.302000000000000000e+03
3.052000000000000000e+03 3.160000000000000000e+02 4.944000000000000000e+03 -4.096000000000000000e+03 1.670000000000000000e+02 -1.274000000000000000e+03
5.212000000000000000e+03 1.496000000000000000e+03 9.732000000000000000e+03 -4.128000000000000000e+03 -9.000000000000000000e+00 -1.286000000000000000e+03
5.968000000000000000e+03 1.516000000000000000e+03 1.272400000000000000e+04 -4.112000000000000000e+03 8.500000000000000000e+01 -1.235000000000000000e+03
7.724000000000000000e+03 1.892000000000000000e+03 1.461600000000000000e+04 -4.096000000000000000e+03 8.100000000000000000e+01 -1.073000000000000000e+03
8.476000000000000000e+03 2.008000000000000000e+03 1.615600000000000000e+04 -4.112000000000000000e+03 6.100000000000000000e+01 -9.370000000000000000e+02
8.256000000000000000e+03 2.160000000000000000e+03 1.710800000000000000e+04 -4.128000000000000000e+03 2.470000000000000000e+02 -1.146000000000000000e+03
8.256000000000000000e+03 2.424000000000000000e+03 1.727200000000000000e+04 -4.112000000000000000e+03 4.110000000000000000e+02 -1.366000000000000000e+03
9.032000000000000000e+03 2.940000000000000000e+03 1.871600000000000000e+04 -4.096000000000000000e+03 4.300000000000000000e+01 -1.688000000000000000e+03
8.376000000000000000e+03 3.308000000000000000e+03 1.910400000000000000e+04 -4.112000000000000000e+03 9.400000000000000000e+01 -2.908000000000000000e+04
8.448000000000000000e+03 3.600000000000000000e+03 1.854800000000000000e+04 -4.128000000000000000e+03 -6.255000000000000000e+03 1.752000000000000000e+03
3.276700000000000000e+04 3.276700000000000000e+04 3.276700000000000000e+04 -4.112000000000000000e+03 5.540000000000000000e+02 -1.242000000000000000e+03
-2.372000000000000000e+03 3.908000000000000000e+03 -2.400000000000000000e+02 -4.128000000000000000e+03 1.689000000000000000e+03 2.099000000000000000e+03
2.680000000000000000e+02 1.776000000000000000e+03 2.406800000000000000e+04 -4.128000000000000000e+03 1.331000000000000000e+03 1.996000000000000000e+03
-1.072400000000000000e+04 9.240000000000000000e+02 5.568000000000000000e+03 -4.096000000000000000e+03 -5.020000000000000000e+02 -9.070000000000000000e+02
1.336800000000000000e+04 5.936000000000000000e+03 3.276700000000000000e+04 -4.112000000000000000e+03 2.920000000000000000e+02 -2.300000000000000000e+01
1.070000000000000000e+04 1.736000000000000000e+03 1.564800000000000000e+04 -4.096000000000000000e+03 2.360000000000000000e+02 3.160000000000000000e+02
3.688000000000000000e+03 2.560000000000000000e+02 7.468000000000000000e+03 -4.096000000000000000e+03 -7.590000000000000000e+02 2.020000000000000000e+02
