-4.292000000000000000e+03 1.752000000000000000e+03 1.350000000000000000e+04 -4.640000000000000000e+03 -1.570000000000000000e+02 -7.950000000000000000e+02
-3.800000000000000000e+03 1.844000000000000000e+03 1.369600000000000000e+04 -4.640000000000000000e+03 -2.030000000000000000e+02 -2.010000000000000000e+02
-4.144000000000000000e+03 2.172000000000000000e+03 1.457600000000000000e+04 -4.608000000000000000e+03 -1.710000000000000000e+02 1.171000000000000000e+03
5.000000000000000000e+00 4.870000000000000000e+02 1.359200000000000000e+04 -4.592000000000000000e+03 -2.330000000000000000e+02 1.719000000000000000e+03
-3.712000000000000000e+03 1.936000000000000000e+03 1.346400000000000000e+04 -4.624000000000000000e+03 -2.970000000000000000e+02 1.972000000000000000e+03
-4.220000000000000000e+03 1.856000000000000000e+03 1.353600000000000000e+04 -4.672000000000000000e+03 -3.470000000000000000e+02 1.540000000000000000e+03
-4.732000000000000000e+03 2.132000000000000000e+03 1.271600000000000000e+04 -4.624000000000000000e+03 -3.770000000000000000e+02 1.104000000000000000e+03
-7.064000000000000000e+03 2.008000000000000000e+03 1.324400000000000000e+04 -4.640000000000000000e+03 -3.560000000000000000e+02 1.314000000000000000e+03
-5.452000000000000000e+03 2.104000000000000000e+03 1.319200000000000000e+04 -4.640000000000000000e+03 -4.510000000000000000e+02 1.419000000000000000e+03
-5.228000000000000000e+03 1.796000000000000000e+03 1.347600000000000000e+04 -4.640000000000000000e+03 -5.060000000000000000e+02 6.650000000000000000e+02
-5.400000000000000000e+03 1.872000000000000000e+03 1.306000000000000000e+04 -4.624000000000000000e+03 -3.900000000000000000e+02 5.000000000000000000e+01
-7.444000000000000000e+03 1.532000000000000000e+03 1.344000000000000000e+04 -4.640000000000000000e+03 -2.790000000000000000e+02 2.850000000000000000e+02
-5.628000000000000000e+03 1.664000000000000000e+03 1.337200000000000000e+04 -4.640000000000000000e+03 -3.010000000000000000e+02 4.770000000000000000e+02
-5.308000000000000000e+03 1.848000000000000000e+03 1.336000000000000000e+04 -4.640000000000000000e+03 -3.740000000000000000e+02 2.850000000000000000e+02
-5.552000000000000000e+03 2.044000000000000000e+03 1.320000000000000000e+04 -4.656000000000000000e+03 -3.480000000000000000e+02 1.830000000000000000e+02
-6.260000000000000000e+03 2.060000000000000000e+03 1.324000000000000000e+04 -4.656000000000000000e+03 -2.760000000000000000e+02 4.400000000000000000e+02
-5.604000000000000000e+03 2.220000000000000000e+03 1.337200000000000000e+04 -4.608000000000000000e+03 -3.240000000000000000e+02 4.620000000000000000e+02
-5.156000000000000000e+03 2.008000000000000000e+03 1.326800000000000000e+04 -4.624000000000000000e+03 -3.270000000000000000e+02 1.590000000000000000e+02
-6.152000000000000000e+03 1.816000000000000000e+03 1.326000000000000000e+04 -4.592000000000000000e+03 -2.460000000000000000e+02 6.000000000000000000e+01
-6.080000000000000000e+03 1.728000000000000000e+03 1.342000000000000000e+04 -4.640000000000000000e+03 -2.400000000000000000e+02 4.200000000000000000e+01
-5.656000000000000000e+03 1.744000000000000000e+03 1.323600000000000000e+04 -4.640000000000000000e+03 -2.800000000000000000e+02 -1.990000000000000000e+02
-5.904000000000000000e+03 1.732000000000000000e+03 1.327200000000000000e+04 -4.624000000000000000e+03 -2.650000000000000000e+02 -2.910000000000000000e+02
-6.108000000000000000e+03 1.840000000000000000e+03 1.333200000000000000e+04 -4.608000000000000000e+03 -2.580000000000000000e+02 -1.150000000000000000e+02
-5.500000000000000000e+03 2.020000000000000000e+03 1.336800000000000000e+04 -4.640000000000000000e+03 -2.520000000000000000e+02 -3.600000000000000000e+01
-5.428000000000000000e+03 1.956000000000000000e+03 1.332400000000000000e+04 -4.640000000000000000e+03 -2.290000000000000000e+02 1.510000000000000000e+02
-5.432000000000000000e+03 1.968000000000000000e+03 1.342400000000000000e+04 -4.624000000000000000e+03 -2.740000000000000000e+02 3.030000000000000000e+02
-5.140000000000000000e+03 2.044000000000000000e+03 1.340800000000000000e+04 -4.640000000000000000e+03 -3.430000000000000000e+02 1.240000000000000000e+02
-5.544000000000000000e+03 2.016000000000000000e+03 1.329600000000000000e+04 -4.624000000000000000e+03 -3.420000000000000000e+02 -1.480000000000000000e+02
-6.012000000000000000e+03 1.836000000000000000e+03 1.348800000000000000e+04 -4.624000000000000000e+03 -2.810000000000000000e+02 -2.530000000000000000e+02
-5.620000000000000000e+03 1.836000000000000000e+03 1.310800000000000000e+04 -4.624000000000000000e+03 -2.580000000000000000e+02 -5.370000000000000000e+02
-5.684000000000000000e+03 1.868000000000000000e+03 1.294000000000000000e+04 -4.608000000000000000e+03 2.640000000000000000e+02 -1.108000000000000000e+03
-5.880000000000000000e+03 2.184000000000000000e+03 1.957600000000000000e+04 -4.640000000000000000e+03 1.216000000000000000e+03 5.798000000000000000e+03
-6.432000000000000000e+03 -5.204000000000000000e+03 1.512000000000000000e+04 -4.656000000000000000e+03 2.243000000000000000e+03 -2.000000000000000000e+03
2.348000000000000000e+03 7.560000000000000000e+02 1.772000000000000000e+04 -4.640000000000000000e+03 -6.880000000000000000e+02 -8.510000000000000000e+02
-5.576000000000000000e+03 3.688000000000000000e+03 2.046800000000000000e+04 -4.656000000000000000e+03 -2.500000000000000000e+01 -5.130000000000000000e+02
-6.336000000000000000e+03 3.952000000000000000e+03 2.002800000000000000e+04 -4.608000000000000000e+03 -4.340000000000000000e+02 -5.900000000000000000e+01
-6.156000000000000000e+03 2.336000000000000000e+03 1.919200000000000000e+04 -4.608000000000000000e+03 -2.780000000000000000e+02 -1.190000000000000000e+02
-5.620000000000000000e+03 2.052000000000000000e+03 1.913600000000000000e+04 -4.624000000000000000e+03 -2.540000000000000000e+02 5.970000000000000000e+02
-4.628000000000000000e+03 2.152000000000000000e+03 1.830400000000000000e+04 -4.592000000000000000e+03 -2.100000000000000000e+02 9.680000000000000000e+02
-4.152000000000000000e+03 2.240000000000000000e+03 1.728000000000000000e+04 -4.640000000000000000e+03 -1.650000000000000000e+02 1.230000000000000000e+03
-3.864000000000000000e+03 2.296000000000000000e+03 1.500400000000000000e+04 -4.624000000000000000e+03 -2.050000000000000000e+02 9.920000000000000000e+02
-3.676000000000000000e+03 2.060000000000000000e+03 1.085600000000000000e+04 -4.640000000000000000e+03 -2.370000000000000000e+02 9.490000000000000000e+02
-2.632000000000000000e+03 1.552000000000000000e+03 6.092000000000000000e+03 -4.624000000000000000e+03 -4.080000000000000000e+02 6.180000000000000000e+02
-1.352000000000000000e+03 8.920000000000000000e+02 1.808000000000000000e+03 -4.640000000000000000e+03 -2.530000000000000000e+02 1.667000000000000000e+03
1.400000000000000000e+02 7.120000000000000000e+02 5.640000000000000000e+02 -4.608000000000000000e+03 -2.100000000000000000e+02 1.409000000000000000e+03
1.280000000000000000e+02 3.200000000000000000e+02 4.400000000000000000e+02 -4.608000000000000000e+03 -1.700000000000000000e+02 1.561000000000000000e+03
-7.600000000000000000e+01 3.240000000000000000e+02 1.960000000000000000e+03 -4.624000000000000000e+03 -1.940000000000000000e+02 6.521000000000000000e+03
4.680000000000000000e+02 5.800000000000000000e+02 8.192000000000000000e+03 -4.624000000000000000e+03 -5.420000000000000000e+02 -1.613000000000000000e+03
-1.824000000000000000e+04 6.440000000000000000e+02 4.816000000000000000e+03 -4.608000000000000000e+03 1.290000000000000000e+02 1.075000000000000000e+03
-8.296000000000000000e+03 9.200000000000000000e+02 1.626800000000000000e+04 -4.640000000000000000e+03 -6.460000000000000000e+02 1.628000000000000000e+03
-6.116000000000000000e+03 3.624000000000000000e+03 1.423200000000000000e+04 -4.640000000000000000e+03 -4.340000000000000000e+02 1.896000000000000000e+03
-3.716000000000000000e+03 2.580000000000000000e+03 1.292800000000000000e+04 -4.624000000000000000e+03 -6.860000000000000000e+02 2.050000000000000000e+03
-2.616000000000000000e+03 2.228000000000000000e+03 1.132400000000000000e+04 -4.624000000000000000e+03 -8.950000000000000000e+02 1.562000000000000000e+03
-2.988000000000000000e+03 1.848000000000000000e+03 5.780000000000000000e+03 -4.624000000000000000e+03 -7.970000000000000000e+02 2.083000000000000000e+03
-2.848000000000000000e+03 4.440000000000000000e+02 4.880000000000000000e+03 -4.624000000000000000e+03 -5.590000000000000000e+02 1.916000000000000000e+03
-3.136000000000000000e+03 2.080000000000000000e+02 6.168000000000000000e+03 -4.608000000000000000e+03 -4.590000000000000000e+02 1.582000000000000000e+03
-3.460000000000000000e+03 8.040000000000000000e+02 7.740000000000000000e+03 -4.608000000000000000e+03 -5.620000000000000000e+02 1.550000000000000000e+03
-3.516000000000000000e+03 1.076000000000000000e+03 1.012000000000000000e+04 -4.624000000000000000e+03 -5.050000000000000000e+02 1.203000000000000000e+03
-4.320000000000000000e+03 1.332000000000000000e+03 1.304000000000000000e+04 -4.624000000000000000e+03 -6.100000000000000000e+02 8.280000000000000000e+02
-5.304000000000000000e+03 2.028000000000000000e+03 1.228800000000000000e+04 -4.640000000000000000e+03 -6.410000000000000000e+02 5.700000000000000000e+02
-5.568000000000000000e+03 1.452000000000000000e+03 1.572400000000000000e+04 -4.656000000000000000e+03 -6.260000000000000000e+02 1.330000000000000000e+02
-7.244000000000000000e+03 2.260000000000000000e+03 1.482400000000000000e+04 -4.640000000000000000e+03 -3.970000000000000000e+02 -2.390000000000000000e+02
-6.904000000000000000e+03 1.700000000000000000e+03 1.546400000000000000e+04 -4.672000000000000000e+03 -6.730000000000000000e+02 -7.100000000000000000e+01
-7.308000000000000000e+03 1.816000000000000000e+03 1.627200000000000000e+04 -4.656000000000000000e+03 -2.540000000000000000e+02 -5.730000000000000000e+02
-7.324000000000000000e+03 2.252000000000000000e+03 1.708400000000000000e+04 -4.640000000000000000e+03 -1.580000000000000000e+02 -8.950000000000000000e+02
-8.560000000000000000e+03 2.128000000000000000e+03 1.792400000000000000e+04 -4.640000000000000000e+03 -1.960000000000000000e+02 -8.860000000000000000e+02
-9.272000000000000000e+03 2.304000000000000000e+03 1.101200000000000000e+04 -4.640000000000000000e+03 -1.160000000000000000e+02 3.547000000000000000e+03
-4.404000000000000000e+03 1.452000000000000000e+03 3.620000000000000000e+03 -4.608000000000000000e+03 2.344000000000000000e+03 4.469000000000000000e+03
-1.151200000000000000e+04 -4.000000000000000000e+01 1.572800000000000000e+04 -4.624000000000000000e+03 -4.721000000000000000e+03 2.495000000000000000e+03
-2.369200000000000000e+04 -7.292000000000000000e+03 6.844000000000000000e+03 -4.624000000000000000e+03 -4.912000000000000000e+03 3.773000000000000000e+03
-9.592000000000000000e+03 1.151200000000000000e+04 2.980000000000000000e+03 -4.624000000000000000e+03 -1.117000000000000000e+03 2.062000000000000000e+03
-4.092000000000000000e+03 7.200000000000000000e+01 1.083600000000000000e+04 -4.656000000000000000e+03 -4.420000000000000000e+02 4.900000000000000000e+02
2.552000000000000000e+04 1.222800000000000000e+04 1.802800000000000000e+04 -4.640000000000000000e+03 -1.751000000000000000e+03 -6.860000000000000000e+02
-1.036000000000000000e+04 9.160000000000000000e+02 1.736000000000000000e+04 -4.640000000000000000e+03 -2.690000000000000000e+02 7.390000000000000000e+02
-1.389200000000000000e+04 8.160000000000000000e+02 1.019600000000000000e+04 -4.640000000000000000e+03 6.840000000000000000e+02 2.480000000000000000e+02
-8.204000000000000000e+03 2.384000000000000000e+03 7.040000000000000000e+03 -4.624000000000000000e+03 -2.420000000000000000e+02 -3.050000000000000000e+02
-5.960000000000000000e+03 1.148000000000000000e+03 1.135600000000000000e+04 -4.656000000000000000e+03 -4.910000000000000000e+02 -1.016000000000000000e+03
-9.372000000000000000e+03 2.544000000000000000e+03 1.345200000000000000e+04 -4.624000000000000000e+03 -2.590000000000000000e+02 -1.459000000000000000e+03
-1.072400000000000000e+04 3.404000000000000000e+03 1.302400000000000000e+04 -4.656000000000000000e+03 -1.400000000000000000e+02 -1.462000000000000000e+03
-9.132000000000000000e+03 2.760000000000000000e+03 1.211200000000000000e+04 -4.624000000000000000e+03 -1.770000000000000000e+02 -1.288000000000000000e+03
-7.768000000000000000e+03 1.948000000000000000e+03 1.192000000000000000e+04 -4.608000000000000000e+03 -2.430000000000000000e+02 -1.089000000000000000e+03
-7.408000000000000000e+03 1.516000000000000000e+03 1.186400000000000000e+04 -4.656000000000000000e+03 -3.260000000000000000e+02 -8.430000000000000000e+02
