1.488000000000000000e+03 1.960000000000000000e+03 1.441600000000000000e+04 -4.224000000000000000e+03 -2.630000000000000000e+02 -6.140000000000000000e+02
4.420000000000000000e+03 -4.224000000000000000e+03 1.441600000000000000e+04 -4.208000000000000000e+03 -2.550000000000000000e+02 -8.730000000000000000e+02
1.036000000000000000e+03 2.144000000000000000e+03 1.457200000000000000e+04 -4.208000000000000000e+03 -3.130000000000000000e+02 -8.740000000000000000e+02
7.680000000000000000e+02 2.316000000000000000e+03 1.433600000000000000e+04 -4.240000000000000000e+03 -2.850000000000000000e+02 -9.840000000000000000e+02
8.080000000000000000e+02 2.528000000000000000e+03 1.516000000000000000e+04 -4.224000000000000000e+03 -2.580000000000000000e+02 -1.081000000000000000e+03
7.840000000000000000e+02 2.480000000000000000e+03 1.474000000000000000e+04 -4.208000000000000000e+03 -3.080000000000000000e+02 -1.255000000000000000e+03
5.720000000000000000e+02 2.396000000000000000e+03 1.457200000000000000e+04 -4.224000000000000000e+03 -2.890000000000000000e+02 -1.204000000000000000e+03
-1.224000000000000000e+03 2.036000000000000000e+03 1.471200000000000000e+04 -4.240000000000000000e+03 -2.950000000000000000e+02 -6.560000000000000000e+02
-8.400000000000000000e+02 2.160000000000000000e+03 1.445200000000000000e+04 -4.240000000000000000e+03 -2.920000000000000000e+02 -2.130000000000000000e+02
6.560000000000000000e+02 2.324000000000000000e+03 1.444400000000000000e+04 -4.224000000000000000e+03 -2.840000000000000000e+02 -2.080000000000000000e+02
-2.960000000000000000e+02 2.064000000000000000e+03 1.440800000000000000e+04 -4.224000000000000000e+03 -2.810000000000000000e+02 -2.150000000000000000e+02
-6.640000000000000000e+02 1.896000000000000000e+03 1.448400000000000000e+04 -4.240000000000000000e+03 -3.080000000000000000e+02 -8.900000000000000000e+01
-2.440000000000000000e+02 2.244000000000000000e+03 1.463200000000000000e+04 -4.224000000000000000e+03 -2.980000000000000000e+02 1.200000000000000000e+02
-6.560000000000000000e+02 2.444000000000000000e+03 1.455200000000000000e+04 -4.224000000000000000e+03 -3.040000000000000000e+02 -1.170000000000000000e+02
-1.380000000000000000e+03 2.284000000000000000e+03 1.443600000000000000e+04 -4.224000000000000000e+03 -2.480000000000000000e+02 -4.590000000000000000e+02
-9.280000000000000000e+02 2.128000000000000000e+03 1.458800000000000000e+04 -4.240000000000000000e+03 -1.850000000000000000e+02 -2.650000000000000000e+02
-2.720000000000000000e+02 2.136000000000000000e+03 1.458000000000000000e+04 -4.208000000000000000e+03 -2.730000000000000000e+02 2.790000000000000000e+02
-2.440000000000000000e+02 2.076000000000000000e+03 1.445200000000000000e+04 -4.224000000000000000e+03 -2.790000000000000000e+02 -2.600000000000000000e+01
-2.680000000000000000e+02 2.128000000000000000e+03 1.432400000000000000e+04 -4.224000000000000000e+03 -1.370000000000000000e+02 -3.960000000000000000e+02
1.280000000000000000e+02 2.284000000000000000e+03 1.419200000000000000e+04 -4.240000000000000000e+03 -1.170000000000000000e+02 -1.170000000000000000e+03
1.280000000000000000e+02 2.220000000000000000e+03 1.455200000000000000e+04 -4.224000000000000000e+03 3.120000000000000000e+02 7.740000000000000000e+02
9.600000000000000000e+02 2.328000000000000000e+03 1.465200000000000000e+04 -4.224000000000000000e+03 2.639000000000000000e+03 6.680000000000000000e+02
1.492000000000000000e+03 2.268000000000000000e+03 1.446800000000000000e+04 -4.240000000000000000e+03 9.070000000000000000e+02 5.840000000000000000e+02
9.040000000000000000e+02 2.000000000000000000e+03 1.446800000000000000e+04 -4.224000000000000000e+03 -1.600000000000000000e+01 5.150000000000000000e+02
3.320000000000000000e+02 1.872000000000000000e+03 1.427600000000000000e+04 -4.224000000000000000e+03 3.310000000000000000e+02 4.860000000000000000e+02
9.080000000000000000e+02 2.072000000000000000e+03 1.459600000000000000e+04 -4.224000000000000000e+03 1.920000000000000000e+02 6.080000000000000000e+02
1.040000000000000000e+03 2.304000000000000000e+03 1.456400000000000000e+04 -4.240000000000000000e+03 1.660000000000000000e+02 8.290000000000000000e+02
7.400000000000000000e+02 2.320000000000000000e+03 1.435600000000000000e+04 -4.272000000000000000e+03 -6.400000000000000000e+01 1.014000000000000000e+03
-1.160000000000000000e+02 2.212000000000000000e+03 1.427600000000000000e+04 -4.240000000000000000e+03 -2.400000000000000000e+01 1.223000000000000000e+03
5.360000000000000000e+02 2.188000000000000000e+03 3.276700000000000000e+04 -4.176000000000000000e+03 -2.160000000000000000e+02 1.248000000000000000e+03
1.520000000000000000e+03 2.184000000000000000e+03 2.088800000000000000e+04 -4.208000000000000000e+03 -2.990000000000000000e+02 1.484000000000000000e+03
1.636000000000000000e+03 2.432000000000000000e+03 2.819600000000000000e+04 -4.256000000000000000e+03 -4.100000000000000000e+02 1.507000000000000000e+03
1.604000000000000000e+03 2.768000000000000000e+03 2.241600000000000000e+04 -4.208000000000000000e+03 -4.470000000000000000e+02 1.347000000000000000e+03
-3.232000000000000000e+03 1.856000000000000000e+03 2.254400000000000000e+04 -4.272000000000000000e+03 -3.510000000000000000e+02 1.899000000000000000e+03
-3.528000000000000000e+03 4.304000000000000000e+03 2.160000000000000000e+04 -4.240000000000000000e+03 -2.760000000000000000e+02 1.559000000000000000e+03
-1.400000000000000000e+02 3.168000000000000000e+03 1.955600000000000000e+04 -4.208000000000000000e+03 -1.700000000000000000e+02 1.267000000000000000e+03
-7.920000000000000000e+02 4.520000000000000000e+03 1.903600000000000000e+04 -4.208000000000000000e+03 -3.900000000000000000e+01 6.320000000000000000e+02
7.200000000000000000e+01 3.872000000000000000e+03 1.758400000000000000e+04 -4.224000000000000000e+03 3.070000000000000000e+02 6.310000000000000000e+02
4.000000000000000000e+02 3.344000000000000000e+03 1.452400000000000000e+04 -4.208000000000000000e+03 5.370000000000000000e+02 4.410000000000000000e+02
-1.640000000000000000e+02 3.612000000000000000e+03 1.040000000000000000e+04 -4.208000000000000000e+03 1.570000000000000000e+02 4.010000000000000000e+02
0.000000000000000000e+00 3.304000000000000000e+03 5.232000000000000000e+03 -4.224000000000000000e+03 -8.380000000000000000e+02 3.810000000000000000e+02
6.520000000000000000e+02 2.780000000000000000e+03 2.196000000000000000e+03 -4.256000000000000000e+03 -1.237000000000000000e+03 3.540000000000000000e+02
5.720000000000000000e+02 1.832000000000000000e+03 6.400000000000000000e+01 -4.224000000000000000e+03 -1.080000000000000000e+03 1.410000000000000000e+02
1.160000000000000000e+02 6.080000000000000000e+02 -2.000000000000000000e+01 -4.224000000000000000e+03 -9.750000000000000000e+02 -1.100000000000000000e+01
-8.000000000000000000e+00 8.000000000000000000e+01 8.040000000000000000e+02 -4.224000000000000000e+03 -9.090000000000000000e+02 -1.500000000000000000e+02
1.880000000000000000e+02 2.000000000000000000e+01 3.960000000000000000e+03 -4.208000000000000000e+03 -9.140000000000000000e+02 3.010000000000000000e+02
8.400000000000000000e+01 -4.800000000000000000e+01 1.396800000000000000e+04 -4.208000000000000000e+03 -1.077000000000000000e+03 -1.410000000000000000e+02
3.440000000000000000e+02 -1.120000000000000000e+02 2.311600000000000000e+04 -4.208000000000000000e+03 -9.930000000000000000e+02 -2.980000000000000000e+02
-4.240000000000000000e+02 -5.040000000000000000e+02 2.346400000000000000e+04 -4.224000000000000000e+03 -7.990000000000000000e+02 -6.740000000000000000e+02
-2.184000000000000000e+03 1.300000000000000000e+03 1.673200000000000000e+04 -4.224000000000000000e+03 -6.170000000000000000e+02 -9.230000000000000000e+02
-1.044000000000000000e+03 3.624000000000000000e+03 9.860000000000000000e+03 -4.240000000000000000e+03 -5.200000000000000000e+02 -1.113000000000000000e+03
1.804000000000000000e+03 3.736000000000000000e+03 8.412000000000000000e+03 -4.240000000000000000e+03 -5.690000000000000000e+02 -1.454000000000000000e+03
1.528000000000000000e+03 3.160000000000000000e+03 9.012000000000000000e+03 -4.240000000000000000e+03 -4.690000000000000000e+02 -1.906000000000000000e+03
8.520000000000000000e+02 1.788000000000000000e+03 9.336000000000000000e+03 -4.224000000000000000e+03 -5.010000000000000000e+02 -2.089000000000000000e+03
7.160000000000000000e+02 1.276000000000000000e+03 8.464000000000000000e+03 -4.240000000000000000e+03 -2.830000000000000000e+02 -2.319000000000000000e+03
1.192000000000000000e+03 1.284000000000000000e+03 5.912000000000000000e+03 -4.240000000000000000e+03 -3.040000000000000000e+02 -3.276800000000000000e+04
1.056000000000000000e+03 1.160000000000000000e+03 6.440000000000000000e+03 -4.224000000000000000e+03 -1.400000000000000000e+02 2.446200000000000000e+04
5.960000000000000000e+02 1.304000000000000000e+03 8.436000000000000000e+03 -4.240000000000000000e+03 -3.630000000000000000e+02 5.406000000000000000e+03
3.600000000000000000e+02 7.760000000000000000e+02 1.193200000000000000e+04 -4.240000000000000000e+03 -1.020000000000000000e+02 3.493000000000000000e+03
-8.400000000000000000e+01 1.316000000000000000e+03 1.259200000000000000e+04 -4.208000000000000000e+03 -1.042900000000000000e+04 3.006000000000000000e+03
1.200000000000000000e+01 1.156000000000000000e+03 1.437600000000000000e+04 -4.224000000000000000e+03 7.741000000000000000e+03 1.955000000000000000e+03
7.160000000000000000e+02 1.812000000000000000e+03 1.458400000000000000e+04 -4.224000000000000000e+03 -2.918000000000000000e+03 2.054000000000000000e+03
4.120000000000000000e+02 1.580000000000000000e+03 1.469600000000000000e+04 -4.224000000000000000e+03 3.168000000000000000e+03 2.205000000000000000e+03
2.480000000000000000e+02 2.120000000000000000e+03 1.654800000000000000e+04 -4.224000000000000000e+03 9.800000000000000000e+02 8.630000000000000000e+02
1.280000000000000000e+02 2.136000000000000000e+03 1.716400000000000000e+04 -4.240000000000000000e+03 -2.737000000000000000e+03 5.070000000000000000e+02
1.280000000000000000e+02 1.880000000000000000e+03 1.688400000000000000e+04 -4.224000000000000000e+03 -2.501000000000000000e+03 -1.020000000000000000e+02
4.800000000000000000e+02 2.252000000000000000e+03 1.536000000000000000e+04 -4.256000000000000000e+03 -3.478000000000000000e+03 4.320000000000000000e+02
3.040000000000000000e+02 2.284000000000000000e+03 3.276700000000000000e+04 -4.240000000000000000e+03 2.350000000000000000e+02 9.160000000000000000e+02
6.480000000000000000e+02 2.248000000000000000e+03 -3.276800000000000000e+04 -4.224000000000000000e+03 5.460000000000000000e+02 1.940000000000000000e+02
-7.200000000000000000e+02 1.880000000000000000e+03 4.200000000000000000e+03 -4.208000000000000000e+03 -3.950000000000000000e+02 -2.590000000000000000e+02
