1.518400000000000000e+04 2.472000000000000000e+03 5.160000000000000000e+03 -4.240000000000000000e+03 -2.160000000000000000e+02 -1.570000000000000000e+02
1.502800000000000000e+04 2.320000000000000000e+03 5.052000000000000000e+03 -4.192000000000000000e+03 -2.300000000000000000e+02 -9.730000000000000000e+02
1.517200000000000000e+04 2.388000000000000000e+03 6.852000000000000000e+03 -4.176000000000000000e+03 -1.650000000000000000e+02 -8.320000000000000000e+02
1.412400000000000000e+04 2.424000000000000000e+03 5.432000000000000000e+03 -4.176000000000000000e+03 -3.580000000000000000e+02 -1.610000000000000000e+02
1.503600000000000000e+04 2.176000000000000000e+03 3.652000000000000000e+03 -4.192000000000000000e+03 -3.790000000000000000e+02 -3.370000000000000000e+02
1.606400000000000000e+04 2.132000000000000000e+03 4.004000000000000000e+03 -4.160000000000000000e+03 -3.930000000000000000e+02 -9.120000000000000000e+02
1.564000000000000000e+04 2.420000000000000000e+03 5.508000000000000000e+03 -4.176000000000000000e+03 -4.760000000000000000e+02 -7.040000000000000000e+02
1.504800000000000000e+04 2.652000000000000000e+03 4.908000000000000000e+03 -4.208000000000000000e+03 -5.440000000000000000e+02 -8.300000000000000000e+01
1.508000000000000000e+04 2.376000000000000000e+03 3.404000000000000000e+03 -4.176000000000000000e+03 -4.080000000000000000e+02 -1.650000000000000000e+02
1.612800000000000000e+04 2.332000000000000000e+03 3.708000000000000000e+03 -4.192000000000000000e+03 -2.980000000000000000e+02 -4.050000000000000000e+02
1.596800000000000000e+04 2.384000000000000000e+03 4.808000000000000000e+03 -4.208000000000000000e+03 -2.270000000000000000e+02 7.900000000000000000e+01
1.516400000000000000e+04 2.268000000000000000e+03 3.996000000000000000e+03 -4.160000000000000000e+03 -2.660000000000000000e+02 5.010000000000000000e+02
1.590400000000000000e+04 2.060000000000000000e+03 3.336000000000000000e+03 -4.176000000000000000e+03 -1.660000000000000000e+02 6.490000000000000000e+02
1.609200000000000000e+04 2.072000000000000000e+03 3.816000000000000000e+03 -4.208000000000000000e+03 -1.640000000000000000e+02 8.320000000000000000e+02
1.582400000000000000e+04 2.100000000000000000e+03 4.136000000000000000e+03 -4.192000000000000000e+03 -2.160000000000000000e+02 9.430000000000000000e+02
1.580800000000000000e+04 2.380000000000000000e+03 4.000000000000000000e+03 -4.176000000000000000e+03 -2.380000000000000000e+02 7.020000000000000000e+02
1.574000000000000000e+04 2.436000000000000000e+03 4.536000000000000000e+03 -4.224000000000000000e+03 -2.340000000000000000e+02 3.210000000000000000e+02
1.564800000000000000e+04 2.520000000000000000e+03 5.156000000000000000e+03 -4.208000000000000000e+03 -2.720000000000000000e+02 2.300000000000000000e+02
1.510400000000000000e+04 2.280000000000000000e+03 5.052000000000000000e+03 -4.160000000000000000e+03 -3.470000000000000000e+02 1.760000000000000000e+02
1.532000000000000000e+04 2.360000000000000000e+03 4.360000000000000000e+03 -4.240000000000000000e+03 -3.040000000000000000e+02 7.100000000000000000e+01
1.555200000000000000e+04 2.504000000000000000e+03 4.900000000000000000e+03 -4.192000000000000000e+03 -3.010000000000000000e+02 1.660000000000000000e+02
1.552000000000000000e+04 2.600000000000000000e+03 4.476000000000000000e+03 -4.208000000000000000e+03 -2.740000000000000000e+02 3.070000000000000000e+02
1.563600000000000000e+04 2.460000000000000000e+03 3.996000000000000000e+03 -4.240000000000000000e+03 -2.510000000000000000e+02 1.880000000000000000e+02
1.604400000000000000e+04 2.228000000000000000e+03 4.448000000000000000e+03 -4.192000000000000000e+03 -2.360000000000000000e+02 -1.070000000000000000e+02
1.565200000000000000e+04 2.096000000000000000e+03 4.836000000000000000e+03 -4.208000000000000000e+03 -2.200000000000000000e+02 -4.610000000000000000e+02
1.545600000000000000e+04 2.200000000000000000e+03 4.932000000000000000e+03 -4.192000000000000000e+03 -2.340000000000000000e+02 -4.220000000000000000e+02
1.521600000000000000e+04 2.204000000000000000e+03 4.912000000000000000e+03 -4.192000000000000000e+03 -2.360000000000000000e+02 1.510000000000000000e+02
1.508400000000000000e+04 2.148000000000000000e+03 3.748000000000000000e+03 -4.192000000000000000e+03 -1.910000000000000000e+02 6.340000000000000000e+02
1.573600000000000000e+04 2.296000000000000000e+03 3.524000000000000000e+03 -4.224000000000000000e+03 -2.190000000000000000e+02 1.085000000000000000e+03
1.604000000000000000e+04 2.420000000000000000e+03 3.816000000000000000e+03 -4.224000000000000000e+03 -2.590000000000000000e+02 1.311000000000000000e+03
1.588400000000000000e+04 2.464000000000000000e+03 4.200000000000000000e+03 -4.224000000000000000e+03 -2.680000000000000000e+02 -7.210000000000000000e+02
1.591600000000000000e+04 2.484000000000000000e+03 4.700000000000000000e+03 -4.192000000000000000e+03 -2.070000000000000000e+02 1.400000000000000000e+02
1.544400000000000000e+04 2.368000000000000000e+03 5.860000000000000000e+03 -4.192000000000000000e+03 -4.990000000000000000e+02 1.007000000000000000e+03
1.646000000000000000e+04 4.540000000000000000e+03 7.660000000000000000e+03 -4.208000000000000000e+03 1.380000000000000000e+02 -2.090000000000000000e+02
1.903200000000000000e+04 7.120000000000000000e+02 1.751200000000000000e+04 -4.224000000000000000e+03 1.580000000000000000e+03 1.910000000000000000e+02
2.716000000000000000e+04 -6.324000000000000000e+03 9.344000000000000000e+03 -4.192000000000000000e+03 -4.780000000000000000e+02 2.840000000000000000e+02
2.312800000000000000e+04 9.552000000000000000e+03 8.780000000000000000e+03 -4.192000000000000000e+03 -1.920000000000000000e+02 4.150000000000000000e+02
2.315600000000000000e+04 5.004000000000000000e+03 7.900000000000000000e+03 -4.176000000000000000e+03 -2.200000000000000000e+02 6.720000000000000000e+02
2.201200000000000000e+04 4.400000000000000000e+03 7.016000000000000000e+03 -4.224000000000000000e+03 -2.130000000000000000e+02 1.169000000000000000e+03
2.200000000000000000e+04 4.356000000000000000e+03 6.472000000000000000e+03 -4.176000000000000000e+03 -2.320000000000000000e+02 1.684000000000000000e+03
2.250800000000000000e+04 4.176000000000000000e+03 6.100000000000000000e+03 -4.192000000000000000e+03 -4.240000000000000000e+02 1.830000000000000000e+03
2.153600000000000000e+04 3.672000000000000000e+03 5.088000000000000000e+03 -4.192000000000000000e+03 -4.390000000000000000e+02 2.054000000000000000e+03
1.888000000000000000e+04 3.200000000000000000e+03 4.620000000000000000e+03 -4.192000000000000000e+03 -4.270000000000000000e+02 2.342000000000000000e+03
1.607600000000000000e+04 2.492000000000000000e+03 3.812000000000000000e+03 -4.192000000000000000e+03 -4.630000000000000000e+02 2.344000000000000000e+03
1.322400000000000000e+04 1.840000000000000000e+03 1.788000000000000000e+03 -4.224000000000000000e+03 -5.130000000000000000e+02 2.388000000000000000e+03
8.164000000000000000e+03 7.520000000000000000e+02 1.560000000000000000e+02 -4.224000000000000000e+03 -4.530000000000000000e+02 2.768000000000000000e+03
4.340000000000000000e+03 2.120000000000000000e+02 -7.520000000000000000e+02 -4.192000000000000000e+03 -3.930000000000000000e+02 2.678000000000000000e+03
2.072000000000000000e+03 1.800000000000000000e+02 -7.920000000000000000e+02 -4.208000000000000000e+03 -3.680000000000000000e+02 2.552000000000000000e+03
1.204000000000000000e+03 -6.400000000000000000e+01 1.368000000000000000e+03 -4.208000000000000000e+03 3.700000000000000000e+01 2.064000000000000000e+03
1.800000000000000000e+03 -4.000000000000000000e+00 5.120000000000000000e+03 -4.224000000000000000e+03 -1.230000000000000000e+02 1.379000000000000000e+03
5.404000000000000000e+03 1.100000000000000000e+03 5.248000000000000000e+03 -4.208000000000000000e+03 -2.240000000000000000e+02 1.911000000000000000e+03
1.387600000000000000e+04 2.652000000000000000e+03 5.716000000000000000e+03 -4.208000000000000000e+03 -3.290000000000000000e+02 1.456000000000000000e+03
2.100400000000000000e+04 3.692000000000000000e+03 5.480000000000000000e+03 -4.208000000000000000e+03 -4.030000000000000000e+02 8.680000000000000000e+02
2.120400000000000000e+04 3.464000000000000000e+03 4.880000000000000000e+03 -4.208000000000000000e+03 -3.670000000000000000e+02 5.620000000000000000e+02
1.629600000000000000e+04 2.904000000000000000e+03 4.676000000000000000e+03 -4.208000000000000000e+03 -4.380000000000000000e+02 2.240000000000000000e+02
1.171200000000000000e+04 2.504000000000000000e+03 3.644000000000000000e+03 -4.224000000000000000e+03 -4.040000000000000000e+02 -8.300000000000000000e+01
9.820000000000000000e+03 1.624000000000000000e+03 3.132000000000000000e+03 -4.192000000000000000e+03 -4.230000000000000000e+02 -2.980000000000000000e+02
8.008000000000000000e+03 1.356000000000000000e+03 2.220000000000000000e+03 -4.192000000000000000e+03 -3.820000000000000000e+02 -4.020000000000000000e+02
5.772000000000000000e+03 9.520000000000000000e+02 1.788000000000000000e+03 -4.208000000000000000e+03 -2.580000000000000000e+02 -4.300000000000000000e+02
5.692000000000000000e+03 8.160000000000000000e+02 2.672000000000000000e+03 -4.208000000000000000e+03 -2.440000000000000000e+02 -5.310000000000000000e+02
6.796000000000000000e+03 1.116000000000000000e+03 3.840000000000000000e+03 -4.160000000000000000e+03 -1.130000000000000000e+02 -7.680000000000000000e+02
8.688000000000000000e+03 1.256000000000000000e+03 4.808000000000000000e+03 -4.208000000000000000e+03 -4.700000000000000000e+01 -1.004000000000000000e+03
1.045200000000000000e+04 1.640000000000000000e+03 6.308000000000000000e+03 -4.176000000000000000e+03 6.000000000000000000e+01 -1.184000000000000000e+03
1.389600000000000000e+04 2.664000000000000000e+03 6.876000000000000000e+03 -4.176000000000000000e+03 -2.200000000000000000e+01 -1.145000000000000000e+03
1.614400000000000000e+04 2.936000000000000000e+03 7.212000000000000000e+03 -4.208000000000000000e+03 1.010000000000000000e+02 -1.374000000000000000e+03
1.763200000000000000e+04 3.224000000000000000e+03 8.664000000000000000e+03 -4.176000000000000000e+03 1.430000000000000000e+02 -1.584000000000000000e+03
1.938000000000000000e+04 3.688000000000000000e+03 8.300000000000000000e+03 -4.176000000000000000e+03 1.500000000000000000e+02 -1.432000000000000000e+03
1.845200000000000000e+04 3.152000000000000000e+03 8.408000000000000000e+03 -4.208000000000000000e+03 2.450000000000000000e+02 9.931000000000000000e+03
1.960400000000000000e+04 3.784000000000000000e+03 8.368000000000000000e+03 -4.176000000000000000e+03 8.300000000000000000e+01 5.500000000000000000e+03
1.604800000000000000e+04 2.900000000000000000e+03 -3.276800000000000000e+04 -4.192000000000000000e+03 -3.363000000000000000e+03 -5.641000000000000000e+03
-3.276800000000000000e+04 -9.960000000000000000e+03 -6.628000000000000000e+03 -4.224000000000000000e+03 -2.327000000000000000e+03 1.177000000000000000e+03
2.840000000000000000e+03 -6.336000000000000000e+03 -2.585600000000000000e+04 -4.240000000000000000e+03 -1.719000000000000000e+03 9.370000000000000000e+02
3.276700000000000000e+04 2.456000000000000000e+03 1.583600000000000000e+04 -4.160000000000000000e+03 -5.540000000000000000e+02 1.769000000000000000e+03
1.822400000000000000e+04 8.480000000000000000e+03 1.752000000000000000e+03 -4.208000000000000000e+03 -3.910000000000000000e+02 1.460000000000000000e+03
1.309200000000000000e+04 1.428000000000000000e+03 8.360000000000000000e+02 -4.192000000000000000e+03 -7.800000000000000000e+01 1.195000000000000000e+03
8.996000000000000000e+03 -1.032000000000000000e+03 3.200000000000000000e+01 -4.192000000000000000e+03 -4.350000000000000000e+02 9.990000000000000000e+02
1.760800000000000000e+04 1.636000000000000000e+03 1.212000000000000000e+03 -4.160000000000000000e+03 -6.190000000000000000e+02 9.370000000000000000e+02
2.002400000000000000e+04 4.016000000000000000e+03 1.616000000000000000e+03 -4.192000000000000000e+03 -5.840000000000000000e+02 7.670000000000000000e+02
1.608000000000000000e+04 3.552000000000000000e+03 1.780000000000000000e+03 -4.176000000000000000e+03 -5.430000000000000000e+02 -3.720000000000000000e+02
1.399600000000000000e+04 3.240000000000000000e+03 3.740000000000000000e+03 -4.192000000000000000e+03 -2.490000000000000000e+02 -8.480000000000000000e+02
1.500000000000000000e+04 3.380000000000000000e+03 3.540000000000000000e+03 -4.192000000000000000e+03 -3.590000000000000000e+02 -7.700000000000000000e+02
1.632800000000000000e+04 3.008000000000000000e+03 1.176000000000000000e+03 -4.176000000000000000e+03 -3.060000000000000000e+02 -5.520000000000000000e+02
