3.456000000000000000e+03 2.300000000000000000e+03 1.444800000000000000e+04 -4.240000000000000000e+03 -3.000000000000000000e+02 1.100000000000000000e+01
2.784000000000000000e+03 2.304000000000000000e+03 1.448000000000000000e+04 -4.224000000000000000e+03 -2.980000000000000000e+02 1.760000000000000000e+02
2.748000000000000000e+03 2.200000000000000000e+03 1.437600000000000000e+04 -4.192000000000000000e+03 -2.760000000000000000e+02 2.940000000000000000e+02
3.264000000000000000e+03 2.088000000000000000e+03 1.431200000000000000e+04 -4.208000000000000000e+03 -2.950000000000000000e+02 3.890000000000000000e+02
2.996000000000000000e+03 1.920000000000000000e+03 1.437200000000000000e+04 -4.192000000000000000e+03 -2.720000000000000000e+02 4.090000000000000000e+02
2.820000000000000000e+03 2.008000000000000000e+03 1.422800000000000000e+04 -4.208000000000000000e+03 -2.710000000000000000e+02 2.990000000000000000e+02
2.696000000000000000e+03 1.980000000000000000e+03 1.413200000000000000e+04 -4.224000000000000000e+03 -2.940000000000000000e+02 2.080000000000000000e+02
2.664000000000000000e+03 2.084000000000000000e+03 1.434400000000000000e+04 -4.224000000000000000e+03 -2.710000000000000000e+02 1.590000000000000000e+02
2.876000000000000000e+03 2.076000000000000000e+03 1.439600000000000000e+04 -4.208000000000000000e+03 -2.560000000000000000e+02 1.370000000000000000e+02
2.660000000000000000e+03 2.224000000000000000e+03 1.441200000000000000e+04 -4.224000000000000000e+03 -2.670000000000000000e+02 6.000000000000000000e+01
2.888000000000000000e+03 2.128000000000000000e+03 1.442000000000000000e+04 -4.192000000000000000e+03 -2.740000000000000000e+02 -6.000000000000000000e+01
3.024000000000000000e+03 2.204000000000000000e+03 1.429200000000000000e+04 -4.240000000000000000e+03 -2.870000000000000000e+02 -4.250000000000000000e+02
2.888000000000000000e+03 2.272000000000000000e+03 1.422800000000000000e+04 -4.224000000000000000e+03 -2.810000000000000000e+02 -1.392000000000000000e+03
2.972000000000000000e+03 2.212000000000000000e+03 1.411600000000000000e+04 -4.224000000000000000e+03 -2.720000000000000000e+02 -5.168000000000000000e+03
2.972000000000000000e+03 2.152000000000000000e+03 1.422400000000000000e+04 -4.176000000000000000e+03 -2.360000000000000000e+02 -2.506000000000000000e+03
2.652000000000000000e+03 2.064000000000000000e+03 1.436800000000000000e+04 -4.192000000000000000e+03 1.140000000000000000e+02 -2.088000000000000000e+03
2.716000000000000000e+03 1.980000000000000000e+03 1.438800000000000000e+04 -4.208000000000000000e+03 3.900000000000000000e+02 -1.682000000000000000e+03
2.948000000000000000e+03 2.116000000000000000e+03 1.437200000000000000e+04 -4.192000000000000000e+03 -4.830000000000000000e+02 -1.025000000000000000e+03
2.940000000000000000e+03 2.196000000000000000e+03 1.450800000000000000e+04 -4.208000000000000000e+03 -3.810000000000000000e+02 -5.110000000000000000e+02
3.032000000000000000e+03 2.240000000000000000e+03 1.430400000000000000e+04 -4.192000000000000000e+03 -6.590000000000000000e+02 -1.560000000000000000e+02
3.340000000000000000e+03 2.152000000000000000e+03 1.433200000000000000e+04 -4.208000000000000000e+03 -1.161000000000000000e+03 5.200000000000000000e+01
3.296000000000000000e+03 2.264000000000000000e+03 1.440800000000000000e+04 -4.192000000000000000e+03 -1.209000000000000000e+03 3.090000000000000000e+02
3.096000000000000000e+03 2.128000000000000000e+03 1.440000000000000000e+04 -4.208000000000000000e+03 -1.056000000000000000e+03 5.330000000000000000e+02
3.256000000000000000e+03 2.072000000000000000e+03 1.436400000000000000e+04 -4.208000000000000000e+03 -9.240000000000000000e+02 7.270000000000000000e+02
2.700000000000000000e+03 2.072000000000000000e+03 1.434000000000000000e+04 -4.192000000000000000e+03 -9.090000000000000000e+02 9.800000000000000000e+02
2.684000000000000000e+03 2.072000000000000000e+03 1.510400000000000000e+04 -4.208000000000000000e+03 -8.270000000000000000e+02 8.110000000000000000e+02
2.792000000000000000e+03 2.172000000000000000e+03 9.928000000000000000e+03 -4.192000000000000000e+03 -7.260000000000000000e+02 6.050000000000000000e+02
2.920000000000000000e+03 2.176000000000000000e+03 2.296000000000000000e+04 -4.208000000000000000e+03 -6.160000000000000000e+02 1.344000000000000000e+03
3.012000000000000000e+03 2.092000000000000000e+03 2.373200000000000000e+04 -4.176000000000000000e+03 -4.470000000000000000e+02 1.259000000000000000e+03
2.912000000000000000e+03 2.136000000000000000e+03 2.153200000000000000e+04 -4.208000000000000000e+03 -3.250000000000000000e+02 5.748000000000000000e+03
2.552000000000000000e+03 2.348000000000000000e+03 2.076000000000000000e+04 -4.176000000000000000e+03 -1.520000000000000000e+02 -2.810000000000000000e+02
2.304000000000000000e+03 -1.372000000000000000e+03 1.918400000000000000e+04 -4.208000000000000000e+03 2.200000000000000000e+01 1.976000000000000000e+03
2.000000000000000000e+03 3.616000000000000000e+03 1.811600000000000000e+04 -4.192000000000000000e+03 1.460000000000000000e+02 1.682000000000000000e+03
1.223200000000000000e+04 4.420000000000000000e+03 1.772400000000000000e+04 -4.192000000000000000e+03 1.430000000000000000e+03 2.031000000000000000e+03
5.756000000000000000e+03 3.160000000000000000e+03 1.604400000000000000e+04 -4.224000000000000000e+03 1.040000000000000000e+03 2.370000000000000000e+03
5.632000000000000000e+03 2.620000000000000000e+03 1.443600000000000000e+04 -4.176000000000000000e+03 -2.050000000000000000e+02 7.070000000000000000e+02
6.168000000000000000e+03 2.088000000000000000e+03 1.152400000000000000e+04 -4.192000000000000000e+03 -3.830000000000000000e+02 1.279000000000000000e+03
6.612000000000000000e+03 1.956000000000000000e+03 7.700000000000000000e+03 -4.224000000000000000e+03 1.790000000000000000e+02 8.070000000000000000e+02
6.820000000000000000e+03 1.916000000000000000e+03 4.080000000000000000e+03 -4.192000000000000000e+03 3.620000000000000000e+02 5.700000000000000000e+02
6.540000000000000000e+03 1.684000000000000000e+03 5.320000000000000000e+02 -4.192000000000000000e+03 3.360000000000000000e+02 1.960000000000000000e+02
6.528000000000000000e+03 1.384000000000000000e+03 -1.164000000000000000e+03 -4.208000000000000000e+03 3.290000000000000000e+02 -2.580000000000000000e+02
6.244000000000000000e+03 9.120000000000000000e+02 -1.140000000000000000e+03 -4.208000000000000000e+03 2.570000000000000000e+02 -5.760000000000000000e+02
6.028000000000000000e+03 4.920000000000000000e+02 2.432000000000000000e+03 -4.192000000000000000e+03 1.910000000000000000e+02 -9.540000000000000000e+02
4.976000000000000000e+03 1.280000000000000000e+02 1.902800000000000000e+04 -4.256000000000000000e+03 0.000000000000000000e+00 -1.246000000000000000e+03
3.860000000000000000e+03 -6.000000000000000000e+01 1.936000000000000000e+04 -4.192000000000000000e+03 -3.000000000000000000e+01 -1.627000000000000000e+03
2.584000000000000000e+03 -9.600000000000000000e+01 1.488400000000000000e+04 -4.192000000000000000e+03 -3.040000000000000000e+02 -2.001000000000000000e+03
1.692000000000000000e+03 -1.360000000000000000e+02 1.315600000000000000e+04 -4.192000000000000000e+03 -3.580000000000000000e+02 -2.250000000000000000e+03
1.140000000000000000e+03 9.720000000000000000e+02 1.465600000000000000e+04 -4.224000000000000000e+03 -7.080000000000000000e+02 -2.547000000000000000e+03
5.480000000000000000e+02 -4.440000000000000000e+03 1.299600000000000000e+04 -4.192000000000000000e+03 -4.880000000000000000e+02 -2.927000000000000000e+03
-2.248000000000000000e+03 2.964000000000000000e+03 1.481200000000000000e+04 -4.176000000000000000e+03 -4.780000000000000000e+02 -2.852000000000000000e+03
1.220000000000000000e+03 2.524000000000000000e+03 1.447600000000000000e+04 -4.192000000000000000e+03 -6.100000000000000000e+02 -2.756000000000000000e+03
1.051200000000000000e+04 1.796000000000000000e+03 1.501600000000000000e+04 -4.208000000000000000e+03 -5.210000000000000000e+02 -2.533000000000000000e+03
9.448000000000000000e+03 2.020000000000000000e+03 1.410800000000000000e+04 -4.192000000000000000e+03 -4.700000000000000000e+02 -2.318000000000000000e+03
3.744000000000000000e+03 1.328000000000000000e+03 1.286400000000000000e+04 -4.224000000000000000e+03 -5.890000000000000000e+02 -2.132000000000000000e+03
-4.056000000000000000e+03 1.996000000000000000e+03 1.221200000000000000e+04 -4.208000000000000000e+03 -3.550000000000000000e+02 -2.148000000000000000e+03
1.304000000000000000e+03 1.828000000000000000e+03 1.142000000000000000e+04 -4.192000000000000000e+03 -4.630000000000000000e+02 -2.089000000000000000e+03
4.656000000000000000e+03 2.088000000000000000e+03 1.007600000000000000e+04 -4.160000000000000000e+03 -5.420000000000000000e+02 -1.811000000000000000e+03
4.856000000000000000e+03 2.436000000000000000e+03 8.912000000000000000e+03 -4.208000000000000000e+03 -6.700000000000000000e+02 -1.510000000000000000e+03
3.340000000000000000e+03 2.380000000000000000e+03 1.048800000000000000e+04 -4.208000000000000000e+03 -6.790000000000000000e+02 -1.203000000000000000e+03
1.608000000000000000e+03 2.380000000000000000e+03 1.054000000000000000e+04 -4.192000000000000000e+03 -5.920000000000000000e+02 -8.160000000000000000e+02
1.436000000000000000e+03 2.364000000000000000e+03 1.118000000000000000e+04 -4.192000000000000000e+03 -7.000000000000000000e+02 -1.338000000000000000e+03
2.048000000000000000e+03 1.540000000000000000e+03 1.207600000000000000e+04 -4.176000000000000000e+03 -5.840000000000000000e+02 1.932000000000000000e+03
2.068000000000000000e+03 9.000000000000000000e+02 1.250800000000000000e+04 -4.224000000000000000e+03 -6.310000000000000000e+02 -8.310000000000000000e+02
1.596000000000000000e+03 1.220000000000000000e+03 1.314000000000000000e+04 -4.192000000000000000e+03 -6.720000000000000000e+02 1.815000000000000000e+03
