7.680000000000000000e+02 2.968000000000000000e+03 1.584800000000000000e+04 -4.192000000000000000e+03 -2.410000000000000000e+02 4.960000000000000000e+02
2.340000000000000000e+03 1.366000000000000000e+04 1.504800000000000000e+04 -4.192000000000000000e+03 -2.290000000000000000e+02 4.460000000000000000e+02
4.700000000000000000e+03 1.520000000000000000e+03 1.356000000000000000e+04 -4.192000000000000000e+03 -2.300000000000000000e+02 4.520000000000000000e+02
2.328000000000000000e+03 2.576000000000000000e+03 1.346800000000000000e+04 -4.192000000000000000e+03 -2.320000000000000000e+02 4.070000000000000000e+02
2.964000000000000000e+03 2.712000000000000000e+03 1.420800000000000000e+04 -4.176000000000000000e+03 -2.510000000000000000e+02 3.720000000000000000e+02
2.808000000000000000e+03 2.348000000000000000e+03 1.481600000000000000e+04 -4.192000000000000000e+03 -2.390000000000000000e+02 2.470000000000000000e+02
3.860000000000000000e+03 1.980000000000000000e+03 1.453600000000000000e+04 -4.176000000000000000e+03 -2.430000000000000000e+02 1.310000000000000000e+02
3.760000000000000000e+03 1.888000000000000000e+03 1.427200000000000000e+04 -4.224000000000000000e+03 -2.440000000000000000e+02 4.600000000000000000e+01
3.688000000000000000e+03 2.048000000000000000e+03 1.421600000000000000e+04 -4.192000000000000000e+03 -2.740000000000000000e+02 -9.000000000000000000e+00
3.840000000000000000e+03 2.316000000000000000e+03 1.438400000000000000e+04 -4.176000000000000000e+03 -2.570000000000000000e+02 -2.900000000000000000e+01
4.152000000000000000e+03 2.192000000000000000e+03 1.444800000000000000e+04 -4.224000000000000000e+03 -2.840000000000000000e+02 -7.000000000000000000e+01
3.236000000000000000e+03 2.112000000000000000e+03 1.433200000000000000e+04 -4.208000000000000000e+03 -2.720000000000000000e+02 -2.590000000000000000e+02
2.184000000000000000e+03 2.120000000000000000e+03 1.446800000000000000e+04 -4.224000000000000000e+03 -2.670000000000000000e+02 -2.450000000000000000e+02
3.228000000000000000e+03 2.196000000000000000e+03 1.436400000000000000e+04 -4.208000000000000000e+03 -2.750000000000000000e+02 -1.684000000000000000e+03
3.096000000000000000e+03 2.320000000000000000e+03 1.424400000000000000e+04 -4.208000000000000000e+03 -1.950000000000000000e+02 6.140000000000000000e+02
3.032000000000000000e+03 2.320000000000000000e+03 1.434000000000000000e+04 -4.192000000000000000e+03 -7.500000000000000000e+01 -9.030000000000000000e+02
3.052000000000000000e+03 2.192000000000000000e+03 1.429600000000000000e+04 -4.208000000000000000e+03 3.480000000000000000e+02 -3.230000000000000000e+02
3.068000000000000000e+03 2.112000000000000000e+03 1.421200000000000000e+04 -4.192000000000000000e+03 8.090000000000000000e+02 6.900000000000000000e+01
2.784000000000000000e+03 2.088000000000000000e+03 1.429600000000000000e+04 -4.192000000000000000e+03 -4.510000000000000000e+02 2.340000000000000000e+02
2.796000000000000000e+03 2.092000000000000000e+03 1.449200000000000000e+04 -4.192000000000000000e+03 -8.560000000000000000e+02 6.950000000000000000e+02
2.804000000000000000e+03 2.164000000000000000e+03 1.443200000000000000e+04 -4.208000000000000000e+03 -8.030000000000000000e+02 1.052000000000000000e+03
2.720000000000000000e+03 2.156000000000000000e+03 1.434000000000000000e+04 -4.192000000000000000e+03 -9.160000000000000000e+02 1.171000000000000000e+03
2.780000000000000000e+03 2.136000000000000000e+03 1.428000000000000000e+04 -4.176000000000000000e+03 -8.970000000000000000e+02 1.351000000000000000e+03
2.760000000000000000e+03 2.220000000000000000e+03 1.448000000000000000e+04 -4.192000000000000000e+03 -7.790000000000000000e+02 1.557000000000000000e+03
2.508000000000000000e+03 2.140000000000000000e+03 1.428400000000000000e+04 -4.192000000000000000e+03 -8.500000000000000000e+02 1.639000000000000000e+03
2.664000000000000000e+03 2.280000000000000000e+03 1.542000000000000000e+04 -4.176000000000000000e+03 -7.390000000000000000e+02 1.785000000000000000e+03
2.560000000000000000e+03 2.188000000000000000e+03 2.500400000000000000e+04 -4.176000000000000000e+03 -5.800000000000000000e+02 1.852000000000000000e+03
2.720000000000000000e+03 2.120000000000000000e+03 1.876800000000000000e+04 -4.192000000000000000e+03 -4.020000000000000000e+02 1.958000000000000000e+03
2.932000000000000000e+03 2.036000000000000000e+03 2.232000000000000000e+04 -4.208000000000000000e+03 -2.460000000000000000e+02 1.986000000000000000e+03
2.800000000000000000e+03 2.260000000000000000e+03 2.173200000000000000e+04 -4.192000000000000000e+03 -9.700000000000000000e+01 4.063000000000000000e+03
2.572000000000000000e+03 3.680000000000000000e+03 2.074400000000000000e+04 -4.176000000000000000e+03 7.300000000000000000e+01 -1.169000000000000000e+03
2.832000000000000000e+03 -2.004000000000000000e+03 1.914000000000000000e+04 -4.176000000000000000e+03 2.000000000000000000e+02 2.066000000000000000e+03
-1.132800000000000000e+04 2.944000000000000000e+03 1.913600000000000000e+04 -4.208000000000000000e+03 2.930000000000000000e+02 1.868000000000000000e+03
3.656000000000000000e+03 2.340000000000000000e+03 1.824800000000000000e+04 -4.208000000000000000e+03 8.500000000000000000e+02 2.075000000000000000e+03
3.228000000000000000e+03 2.204000000000000000e+03 1.650800000000000000e+04 -4.224000000000000000e+03 1.470000000000000000e+02 1.241000000000000000e+03
4.232000000000000000e+03 2.096000000000000000e+03 1.408000000000000000e+04 -4.224000000000000000e+03 1.310000000000000000e+02 9.300000000000000000e+02
4.484000000000000000e+03 2.288000000000000000e+03 1.052400000000000000e+04 -4.176000000000000000e+03 -1.450000000000000000e+02 6.740000000000000000e+02
4.584000000000000000e+03 2.184000000000000000e+03 6.808000000000000000e+03 -4.192000000000000000e+03 3.900000000000000000e+01 4.550000000000000000e+02
5.080000000000000000e+03 1.716000000000000000e+03 2.804000000000000000e+03 -4.192000000000000000e+03 -4.600000000000000000e+01 5.000000000000000000e+00
4.948000000000000000e+03 1.108000000000000000e+03 4.960000000000000000e+02 -4.208000000000000000e+03 -6.100000000000000000e+01 -3.430000000000000000e+02
4.316000000000000000e+03 7.080000000000000000e+02 2.040000000000000000e+02 -4.240000000000000000e+03 -9.600000000000000000e+01 -7.490000000000000000e+02
3.856000000000000000e+03 5.880000000000000000e+02 9.600000000000000000e+02 -4.208000000000000000e+03 -1.460000000000000000e+02 -1.115000000000000000e+03
3.256000000000000000e+03 6.080000000000000000e+02 1.430400000000000000e+04 -4.208000000000000000e+03 -2.780000000000000000e+02 -1.397000000000000000e+03
2.516000000000000000e+03 2.400000000000000000e+02 1.644400000000000000e+04 -4.224000000000000000e+03 -5.350000000000000000e+02 -1.422000000000000000e+03
1.748000000000000000e+03 5.920000000000000000e+02 1.778400000000000000e+04 -4.224000000000000000e+03 -4.770000000000000000e+02 -1.769000000000000000e+03
9.640000000000000000e+02 5.200000000000000000e+02 1.663200000000000000e+04 -4.224000000000000000e+03 -7.470000000000000000e+02 -1.996000000000000000e+03
9.720000000000000000e+02 2.560000000000000000e+03 1.506800000000000000e+04 -4.192000000000000000e+03 -7.760000000000000000e+02 -2.048000000000000000e+03
1.840000000000000000e+03 3.448000000000000000e+03 1.403200000000000000e+04 -4.192000000000000000e+03 -6.450000000000000000e+02 -1.924000000000000000e+03
-1.694800000000000000e+04 3.792000000000000000e+03 1.381200000000000000e+04 -4.240000000000000000e+03 -5.850000000000000000e+02 -1.683000000000000000e+03
-8.000000000000000000e+00 2.676000000000000000e+03 1.321200000000000000e+04 -4.192000000000000000e+03 -6.180000000000000000e+02 -1.429000000000000000e+03
7.432000000000000000e+03 2.068000000000000000e+03 1.310800000000000000e+04 -4.160000000000000000e+03 -5.400000000000000000e+02 -1.207000000000000000e+03
6.400000000000000000e+03 2.000000000000000000e+03 1.393600000000000000e+04 -4.208000000000000000e+03 -4.340000000000000000e+02 -1.238000000000000000e+03
2.600000000000000000e+02 1.684000000000000000e+03 1.268400000000000000e+04 -4.176000000000000000e+03 -4.250000000000000000e+02 -1.400000000000000000e+03
-1.756000000000000000e+03 1.544000000000000000e+03 1.127200000000000000e+04 -4.224000000000000000e+03 -4.310000000000000000e+02 -1.433000000000000000e+03
1.792000000000000000e+03 1.624000000000000000e+03 1.072400000000000000e+04 -4.176000000000000000e+03 -4.050000000000000000e+02 -1.166000000000000000e+03
3.492000000000000000e+03 2.196000000000000000e+03 8.996000000000000000e+03 -4.224000000000000000e+03 -4.250000000000000000e+02 -8.310000000000000000e+02
2.316000000000000000e+03 2.280000000000000000e+03 7.984000000000000000e+03 -4.208000000000000000e+03 -3.690000000000000000e+02 -4.690000000000000000e+02
9.840000000000000000e+02 2.120000000000000000e+03 1.032000000000000000e+04 -4.192000000000000000e+03 -2.210000000000000000e+02 -1.000000000000000000e+02
6.200000000000000000e+02 2.228000000000000000e+03 1.019200000000000000e+04 -4.192000000000000000e+03 -2.490000000000000000e+02 -1.224000000000000000e+03
4.880000000000000000e+02 1.548000000000000000e+03 1.199600000000000000e+04 -4.176000000000000000e+03 -6.900000000000000000e+01 3.880000000000000000e+02
6.560000000000000000e+02 1.304000000000000000e+03 1.254400000000000000e+04 -4.192000000000000000e+03 -6.400000000000000000e+01 -7.290000000000000000e+02
-5.760000000000000000e+02 1.408000000000000000e+03 1.399200000000000000e+04 -4.192000000000000000e+03 -5.000000000000000000e+00 1.056000000000000000e+03
-1.600000000000000000e+02 1.224000000000000000e+03 1.535600000000000000e+04 -4.208000000000000000e+03 2.082000000000000000e+03 -1.297000000000000000e+03
-1.280000000000000000e+02 1.608000000000000000e+03 1.646800000000000000e+04 -4.176000000000000000e+03 -3.459000000000000000e+03 8.390000000000000000e+02
1.960000000000000000e+02 1.748000000000000000e+03 1.708800000000000000e+04 -4.192000000000000000e+03 -3.820000000000000000e+03 3.000000000000000000e+00
