1.047600000000000000e+04 1.988000000000000000e+03 1.109200000000000000e+04 -4.192000000000000000e+03 -3.500000000000000000e+02 -2.000000000000000000e+00
1.050000000000000000e+04 2.332000000000000000e+03 1.065600000000000000e+04 -4.208000000000000000e+03 -2.790000000000000000e+02 4.940000000000000000e+02
1.106800000000000000e+04 2.588000000000000000e+03 1.068800000000000000e+04 -4.192000000000000000e+03 -2.610000000000000000e+02 6.920000000000000000e+02
1.111200000000000000e+04 2.512000000000000000e+03 1.107600000000000000e+04 -4.160000000000000000e+03 -2.590000000000000000e+02 6.660000000000000000e+02
1.041600000000000000e+04 2.200000000000000000e+03 1.106800000000000000e+04 -4.192000000000000000e+03 -2.710000000000000000e+02 8.740000000000000000e+02
1.043600000000000000e+04 2.184000000000000000e+03 1.069200000000000000e+04 -4.208000000000000000e+03 -2.250000000000000000e+02 1.207000000000000000e+03
1.112400000000000000e+04 2.396000000000000000e+03 1.095600000000000000e+04 -4.176000000000000000e+03 -2.620000000000000000e+02 1.118000000000000000e+03
1.068000000000000000e+04 2.320000000000000000e+03 1.166400000000000000e+04 -4.192000000000000000e+03 -2.400000000000000000e+02 3.330000000000000000e+02
9.872000000000000000e+03 2.576000000000000000e+03 1.221600000000000000e+04 -4.160000000000000000e+03 -2.540000000000000000e+02 -4.700000000000000000e+01
8.948000000000000000e+03 2.368000000000000000e+03 1.120400000000000000e+04 -4.208000000000000000e+03 -2.770000000000000000e+02 2.730000000000000000e+02
1.059200000000000000e+04 2.360000000000000000e+03 1.110400000000000000e+04 -4.176000000000000000e+03 -2.790000000000000000e+02 1.970000000000000000e+02
1.063200000000000000e+04 2.240000000000000000e+03 1.159200000000000000e+04 -4.160000000000000000e+03 -3.120000000000000000e+02 -1.270000000000000000e+02
9.760000000000000000e+03 2.264000000000000000e+03 1.148800000000000000e+04 -4.192000000000000000e+03 -3.200000000000000000e+02 -9.800000000000000000e+01
9.960000000000000000e+03 2.412000000000000000e+03 1.117200000000000000e+04 -4.176000000000000000e+03 -3.050000000000000000e+02 -1.500000000000000000e+01
1.042800000000000000e+04 2.492000000000000000e+03 1.106400000000000000e+04 -4.176000000000000000e+03 -2.930000000000000000e+02 -1.200000000000000000e+01
1.035200000000000000e+04 2.404000000000000000e+03 1.135600000000000000e+04 -4.176000000000000000e+03 -2.890000000000000000e+02 4.400000000000000000e+01
1.026000000000000000e+04 2.252000000000000000e+03 1.108800000000000000e+04 -4.192000000000000000e+03 -2.830000000000000000e+02 2.230000000000000000e+02
1.044800000000000000e+04 2.284000000000000000e+03 1.103600000000000000e+04 -4.176000000000000000e+03 -2.730000000000000000e+02 2.190000000000000000e+02
1.071200000000000000e+04 2.336000000000000000e+03 1.144400000000000000e+04 -4.208000000000000000e+03 -2.960000000000000000e+02 -4.000000000000000000e+00
1.008800000000000000e+04 2.364000000000000000e+03 1.147200000000000000e+04 -4.176000000000000000e+03 -2.690000000000000000e+02 -1.450000000000000000e+02
1.004800000000000000e+04 2.436000000000000000e+03 1.120800000000000000e+04 -4.192000000000000000e+03 -2.760000000000000000e+02 -1.260000000000000000e+02
1.038800000000000000e+04 2.420000000000000000e+03 1.114800000000000000e+04 -4.192000000000000000e+03 -3.020000000000000000e+02 -2.190000000000000000e+02
1.034000000000000000e+04 2.388000000000000000e+03 1.124000000000000000e+04 -4.176000000000000000e+03 -2.900000000000000000e+02 -2.250000000000000000e+02
1.032000000000000000e+04 2.412000000000000000e+03 1.109600000000000000e+04 -4.192000000000000000e+03 -2.890000000000000000e+02 -9.000000000000000000e+01
1.043600000000000000e+04 2.372000000000000000e+03 1.086800000000000000e+04 -4.192000000000000000e+03 -2.740000000000000000e+02 8.400000000000000000e+01
1.080800000000000000e+04 2.396000000000000000e+03 1.120800000000000000e+04 -4.160000000000000000e+03 -3.110000000000000000e+02 9.300000000000000000e+01
1.069200000000000000e+04 2.492000000000000000e+03 1.109600000000000000e+04 -4.144000000000000000e+03 -2.970000000000000000e+02 7.900000000000000000e+01
1.048400000000000000e+04 2.300000000000000000e+03 1.105200000000000000e+04 -4.192000000000000000e+03 -2.850000000000000000e+02 1.090000000000000000e+02
1.037600000000000000e+04 2.280000000000000000e+03 1.112400000000000000e+04 -4.208000000000000000e+03 -2.580000000000000000e+02 2.250000000000000000e+02
1.059600000000000000e+04 2.388000000000000000e+03 1.090000000000000000e+04 -4.176000000000000000e+03 -2.610000000000000000e+02 2.470000000000000000e+02
1.050000000000000000e+04 2.320000000000000000e+03 1.111200000000000000e+04 -4.176000000000000000e+03 -2.780000000000000000e+02 2.180000000000000000e+02
1.028400000000000000e+04 2.332000000000000000e+03 1.118400000000000000e+04 -4.208000000000000000e+03 -2.780000000000000000e+02 2.850000000000000000e+02
1.053600000000000000e+04 2.328000000000000000e+03 1.106400000000000000e+04 -4.176000000000000000e+03 -2.680000000000000000e+02 3.220000000000000000e+02
1.058800000000000000e+04 2.416000000000000000e+03 1.119200000000000000e+04 -4.176000000000000000e+03 -2.800000000000000000e+02 2.600000000000000000e+02
1.021600000000000000e+04 2.296000000000000000e+03 1.130800000000000000e+04 -4.176000000000000000e+03 -2.860000000000000000e+02 1.870000000000000000e+02
1.025200000000000000e+04 2.368000000000000000e+03 1.119600000000000000e+04 -4.176000000000000000e+03 -2.800000000000000000e+02 9.100000000000000000e+01
1.048000000000000000e+04 2.352000000000000000e+03 1.110800000000000000e+04 -4.208000000000000000e+03 -2.880000000000000000e+02 8.600000000000000000e+01
1.043600000000000000e+04 2.460000000000000000e+03 1.108800000000000000e+04 -4.160000000000000000e+03 -2.940000000000000000e+02 8.300000000000000000e+01
1.031200000000000000e+04 2.332000000000000000e+03 1.108800000000000000e+04 -4.176000000000000000e+03 -2.600000000000000000e+02 1.640000000000000000e+02
1.057200000000000000e+04 2.360000000000000000e+03 1.106800000000000000e+04 -4.192000000000000000e+03 -2.700000000000000000e+02 8.400000000000000000e+01
1.057600000000000000e+04 2.360000000000000000e+03 1.136400000000000000e+04 -4.192000000000000000e+03 -2.760000000000000000e+02 -1.050000000000000000e+02
1.025200000000000000e+04 2.460000000000000000e+03 1.119200000000000000e+04 -4.176000000000000000e+03 -2.920000000000000000e+02 3.200000000000000000e+01
1.029600000000000000e+04 2.368000000000000000e+03 1.089200000000000000e+04 -4.176000000000000000e+03 -2.900000000000000000e+02 1.630000000000000000e+02
1.084800000000000000e+04 2.436000000000000000e+03 1.111200000000000000e+04 -4.208000000000000000e+03 -2.660000000000000000e+02 1.320000000000000000e+02
1.058400000000000000e+04 2.416000000000000000e+03 1.106800000000000000e+04 -4.208000000000000000e+03 -2.700000000000000000e+02 2.400000000000000000e+02
1.058000000000000000e+04 2.196000000000000000e+03 1.074000000000000000e+04 -4.224000000000000000e+03 -2.020000000000000000e+02 7.100000000000000000e+02
1.054000000000000000e+04 2.424000000000000000e+03 1.032400000000000000e+04 -4.160000000000000000e+03 -1.320000000000000000e+02 1.379000000000000000e+03
1.138800000000000000e+04 2.564000000000000000e+03 1.084800000000000000e+04 -4.160000000000000000e+03 -7.100000000000000000e+01 1.283000000000000000e+03
1.094400000000000000e+04 2.372000000000000000e+03 3.276700000000000000e+04 -4.192000000000000000e+03 -1.414000000000000000e+03 -5.250000000000000000e+03
6.148000000000000000e+03 8.132000000000000000e+03 1.303200000000000000e+04 -4.176000000000000000e+03 8.860000000000000000e+02 -2.083000000000000000e+03
1.383200000000000000e+04 1.552000000000000000e+03 2.647600000000000000e+04 -4.192000000000000000e+03 -7.360000000000000000e+02 -1.640000000000000000e+02
1.516800000000000000e+04 1.503200000000000000e+04 1.413600000000000000e+04 -4.224000000000000000e+03 -1.990000000000000000e+02 -9.000000000000000000e+01
1.602800000000000000e+04 4.036000000000000000e+03 1.601600000000000000e+04 -4.176000000000000000e+03 -9.200000000000000000e+01 1.230000000000000000e+02
1.539200000000000000e+04 4.580000000000000000e+03 1.791600000000000000e+04 -4.176000000000000000e+03 -1.220000000000000000e+02 3.530000000000000000e+02
1.560400000000000000e+04 4.812000000000000000e+03 1.733200000000000000e+04 -4.208000000000000000e+03 2.200000000000000000e+01 3.650000000000000000e+02
1.483200000000000000e+04 4.364000000000000000e+03 1.661200000000000000e+04 -4.160000000000000000e+03 0.000000000000000000e+00 5.010000000000000000e+02
1.508800000000000000e+04 4.424000000000000000e+03 1.544000000000000000e+04 -4.176000000000000000e+03 -1.040000000000000000e+02 7.540000000000000000e+02
1.475200000000000000e+04 4.144000000000000000e+03 1.380800000000000000e+04 -4.176000000000000000e+03 -2.430000000000000000e+02 1.043000000000000000e+03
1.301600000000000000e+04 3.580000000000000000e+03 1.216400000000000000e+04 -4.176000000000000000e+03 -3.860000000000000000e+02 1.343000000000000000e+03
1.129200000000000000e+04 3.052000000000000000e+03 9.304000000000000000e+03 -4.192000000000000000e+03 -4.180000000000000000e+02 1.530000000000000000e+03
8.360000000000000000e+03 1.904000000000000000e+03 5.160000000000000000e+03 -4.176000000000000000e+03 -4.620000000000000000e+02 1.671000000000000000e+03
5.912000000000000000e+03 1.056000000000000000e+03 1.688000000000000000e+03 -4.192000000000000000e+03 -3.850000000000000000e+02 1.971000000000000000e+03
3.108000000000000000e+03 3.080000000000000000e+02 -1.320000000000000000e+02 -4.192000000000000000e+03 -3.720000000000000000e+02 1.860000000000000000e+03
1.552000000000000000e+03 2.400000000000000000e+01 -5.240000000000000000e+02 -4.208000000000000000e+03 -2.470000000000000000e+02 2.073000000000000000e+03
7.560000000000000000e+02 -1.040000000000000000e+02 1.520000000000000000e+02 -4.176000000000000000e+03 2.300000000000000000e+01 1.991000000000000000e+03
1.180000000000000000e+03 2.800000000000000000e+01 4.972000000000000000e+03 -4.192000000000000000e+03 2.020000000000000000e+02 1.968000000000000000e+03
2.196000000000000000e+03 3.960000000000000000e+02 1.312800000000000000e+04 -4.176000000000000000e+03 3.260000000000000000e+02 1.745000000000000000e+03
1.008400000000000000e+04 2.132000000000000000e+03 1.781600000000000000e+04 -4.192000000000000000e+03 -1.900000000000000000e+02 1.291000000000000000e+03
1.850400000000000000e+04 4.668000000000000000e+03 1.548400000000000000e+04 -4.192000000000000000e+03 -6.780000000000000000e+02 9.820000000000000000e+02
1.586800000000000000e+04 3.952000000000000000e+03 1.140400000000000000e+04 -4.176000000000000000e+03 -1.332000000000000000e+03 6.660000000000000000e+02
7.936000000000000000e+03 3.152000000000000000e+03 8.668000000000000000e+03 -4.208000000000000000e+03 -7.850000000000000000e+02 3.400000000000000000e+02
5.988000000000000000e+03 2.564000000000000000e+03 7.464000000000000000e+03 -4.192000000000000000e+03 -6.700000000000000000e+02 8.400000000000000000e+01
6.264000000000000000e+03 1.808000000000000000e+03 7.496000000000000000e+03 -4.160000000000000000e+03 -7.060000000000000000e+02 -2.640000000000000000e+02
6.396000000000000000e+03 1.808000000000000000e+03 7.444000000000000000e+03 -4.176000000000000000e+03 -7.070000000000000000e+02 -5.950000000000000000e+02
6.204000000000000000e+03 1.560000000000000000e+03 5.496000000000000000e+03 -4.192000000000000000e+03 -7.520000000000000000e+02 -8.640000000000000000e+02
5.708000000000000000e+03 1.232000000000000000e+03 4.656000000000000000e+03 -4.176000000000000000e+03 -5.920000000000000000e+02 -1.075000000000000000e+03
4.724000000000000000e+03 1.200000000000000000e+03 6.208000000000000000e+03 -4.224000000000000000e+03 -4.980000000000000000e+02 -1.362000000000000000e+03
6.296000000000000000e+03 1.568000000000000000e+03 8.064000000000000000e+03 -4.176000000000000000e+03 -4.050000000000000000e+02 -1.781000000000000000e+03
7.584000000000000000e+03 1.640000000000000000e+03 1.092800000000000000e+04 -4.240000000000000000e+03 -3.720000000000000000e+02 -2.219000000000000000e+03
9.684000000000000000e+03 2.444000000000000000e+03 1.241600000000000000e+04 -4.208000000000000000e+03 -2.740000000000000000e+02 -2.522000000000000000e+03
1.062800000000000000e+04 2.784000000000000000e+03 1.220000000000000000e+04 -4.176000000000000000e+03 -2.360000000000000000e+02 -2.486000000000000000e+03
1.153200000000000000e+04 2.584000000000000000e+03 1.240000000000000000e+04 -4.192000000000000000e+03 -7.400000000000000000e+01 -2.401000000000000000e+03
1.267200000000000000e+04 2.548000000000000000e+03 1.325600000000000000e+04 -4.176000000000000000e+03 -9.000000000000000000e+01 -2.259000000000000000e+03
