-6.152000000000000000e+03 6.440000000000000000e+02 8.572000000000000000e+03 -4.320000000000000000e+03 -5.190000000000000000e+02 1.930000000000000000e+02
-7.472000000000000000e+03 4.400000000000000000e+02 1.311600000000000000e+04 -4.320000000000000000e+03 -2.450000000000000000e+02 -2.400000000000000000e+01
-7.204000000000000000e+03 4.400000000000000000e+02 1.448800000000000000e+04 -4.336000000000000000e+03 -1.290000000000000000e+02 -1.770000000000000000e+02
4.000000000000000000e+00 7.200000000000000000e+01 1.188000000000000000e+04 -4.304000000000000000e+03 -1.930000000000000000e+02 -3.840000000000000000e+02
-6.912000000000000000e+03 4.000000000000000000e+00 1.209200000000000000e+04 -4.336000000000000000e+03 -1.820000000000000000e+02 -5.510000000000000000e+02
-7.268000000000000000e+03 2.440000000000000000e+02 1.331200000000000000e+04 -4.288000000000000000e+03 -1.410000000000000000e+02 -7.000000000000000000e+02
-6.724000000000000000e+03 6.760000000000000000e+02 1.308800000000000000e+04 -4.320000000000000000e+03 -1.060000000000000000e+02 -8.110000000000000000e+02
-6.332000000000000000e+03 8.480000000000000000e+02 1.282800000000000000e+04 -4.336000000000000000e+03 -1.160000000000000000e+02 -8.590000000000000000e+02
-6.440000000000000000e+03 1.316000000000000000e+03 1.334800000000000000e+04 -4.336000000000000000e+03 -5.200000000000000000e+01 -8.480000000000000000e+02
-6.532000000000000000e+03 9.960000000000000000e+02 1.319200000000000000e+04 -4.320000000000000000e+03 -9.000000000000000000e+01 -8.050000000000000000e+02
-6.248000000000000000e+03 6.480000000000000000e+02 1.292400000000000000e+04 -4.320000000000000000e+03 -8.400000000000000000e+01 -7.360000000000000000e+02
-5.932000000000000000e+03 5.440000000000000000e+02 1.302400000000000000e+04 -4.336000000000000000e+03 -1.070000000000000000e+02 -6.870000000000000000e+02
-5.916000000000000000e+03 6.320000000000000000e+02 1.330000000000000000e+04 -4.320000000000000000e+03 -8.000000000000000000e+01 -6.330000000000000000e+02
-5.864000000000000000e+03 6.400000000000000000e+02 1.335600000000000000e+04 -4.320000000000000000e+03 -8.300000000000000000e+01 -5.880000000000000000e+02
-5.864000000000000000e+03 5.880000000000000000e+02 1.314400000000000000e+04 -4.304000000000000000e+03 -1.100000000000000000e+02 -5.070000000000000000e+02
-5.796000000000000000e+03 6.120000000000000000e+02 1.309600000000000000e+04 -4.352000000000000000e+03 -1.520000000000000000e+02 -3.050000000000000000e+02
-5.484000000000000000e+03 1.000000000000000000e+03 1.321600000000000000e+04 -4.320000000000000000e+03 -1.810000000000000000e+02 -4.200000000000000000e+01
-5.480000000000000000e+03 1.192000000000000000e+03 1.342000000000000000e+04 -4.320000000000000000e+03 -2.410000000000000000e+02 2.720000000000000000e+02
-5.492000000000000000e+03 1.108000000000000000e+03 1.349200000000000000e+04 -4.304000000000000000e+03 -2.840000000000000000e+02 4.620000000000000000e+02
-5.660000000000000000e+03 9.760000000000000000e+02 1.342800000000000000e+04 -4.320000000000000000e+03 -3.040000000000000000e+02 5.830000000000000000e+02
-5.620000000000000000e+03 7.240000000000000000e+02 1.350000000000000000e+04 -4.304000000000000000e+03 -3.020000000000000000e+02 6.320000000000000000e+02
-5.760000000000000000e+03 7.080000000000000000e+02 1.326400000000000000e+04 -4.336000000000000000e+03 -3.350000000000000000e+02 6.410000000000000000e+02
-5.972000000000000000e+03 6.400000000000000000e+02 1.328800000000000000e+04 -4.320000000000000000e+03 -3.440000000000000000e+02 6.260000000000000000e+02
-6.024000000000000000e+03 7.640000000000000000e+02 1.320000000000000000e+04 -4.336000000000000000e+03 -3.280000000000000000e+02 5.670000000000000000e+02
-6.120000000000000000e+03 8.680000000000000000e+02 1.318400000000000000e+04 -4.336000000000000000e+03 -3.330000000000000000e+02 4.580000000000000000e+02
-6.180000000000000000e+03 9.080000000000000000e+02 1.324400000000000000e+04 -4.288000000000000000e+03 -3.130000000000000000e+02 3.680000000000000000e+02
-6.260000000000000000e+03 9.480000000000000000e+02 1.311600000000000000e+04 -4.304000000000000000e+03 -1.940000000000000000e+02 3.010000000000000000e+02
-6.184000000000000000e+03 8.680000000000000000e+02 1.297600000000000000e+04 -4.304000000000000000e+03 3.100000000000000000e+01 4.860000000000000000e+02
-5.928000000000000000e+03 1.032000000000000000e+03 1.324000000000000000e+04 -4.288000000000000000e+03 -4.820000000000000000e+02 3.414000000000000000e+03
-9.920000000000000000e+02 2.392000000000000000e+03 1.064800000000000000e+04 -4.304000000000000000e+03 1.069000000000000000e+03 -2.754000000000000000e+03
-6.532000000000000000e+03 -1.720000000000000000e+03 1.463200000000000000e+04 -4.336000000000000000e+03 -8.610000000000000000e+02 1.620000000000000000e+03
-8.488000000000000000e+03 4.540000000000000000e+03 2.227200000000000000e+04 -4.320000000000000000e+03 -3.980000000000000000e+02 7.160000000000000000e+02
-1.050800000000000000e+04 2.072000000000000000e+03 2.141600000000000000e+04 -4.320000000000000000e+03 -3.840000000000000000e+02 3.290000000000000000e+02
-9.180000000000000000e+03 1.980000000000000000e+03 1.942400000000000000e+04 -4.320000000000000000e+03 -2.160000000000000000e+02 -4.000000000000000000e+00
-9.176000000000000000e+03 1.480000000000000000e+03 1.860000000000000000e+04 -4.320000000000000000e+03 -1.310000000000000000e+02 7.500000000000000000e+01
-8.420000000000000000e+03 1.320000000000000000e+03 1.784000000000000000e+04 -4.304000000000000000e+03 -1.010000000000000000e+02 2.200000000000000000e+01
-8.164000000000000000e+03 7.280000000000000000e+02 1.669600000000000000e+04 -4.336000000000000000e+03 -7.000000000000000000e+01 -8.200000000000000000e+01
-8.112000000000000000e+03 6.720000000000000000e+02 1.594000000000000000e+04 -4.288000000000000000e+03 -1.150000000000000000e+02 1.700000000000000000e+01
-7.044000000000000000e+03 6.920000000000000000e+02 1.407200000000000000e+04 -4.320000000000000000e+03 -1.170000000000000000e+02 3.800000000000000000e+01
-6.228000000000000000e+03 3.440000000000000000e+02 1.168400000000000000e+04 -4.336000000000000000e+03 -2.400000000000000000e+02 2.790000000000000000e+02
-4.556000000000000000e+03 2.680000000000000000e+02 8.408000000000000000e+03 -4.304000000000000000e+03 -2.320000000000000000e+02 3.770000000000000000e+02
-3.500000000000000000e+03 2.360000000000000000e+02 6.028000000000000000e+03 -4.336000000000000000e+03 -2.400000000000000000e+02 5.040000000000000000e+02
-2.516000000000000000e+03 8.400000000000000000e+01 4.016000000000000000e+03 -4.320000000000000000e+03 -1.350000000000000000e+02 7.060000000000000000e+02
-1.820000000000000000e+03 -1.080000000000000000e+02 2.976000000000000000e+03 -4.320000000000000000e+03 -8.700000000000000000e+01 9.600000000000000000e+02
-1.568000000000000000e+03 -1.560000000000000000e+02 3.352000000000000000e+03 -4.320000000000000000e+03 5.000000000000000000e+01 1.196000000000000000e+03
-2.092000000000000000e+03 9.600000000000000000e+01 4.988000000000000000e+03 -4.320000000000000000e+03 -1.400000000000000000e+01 1.553000000000000000e+03
-5.076000000000000000e+03 3.400000000000000000e+02 8.112000000000000000e+03 -4.320000000000000000e+03 5.100000000000000000e+01 1.774000000000000000e+03
-1.004000000000000000e+04 1.600000000000000000e+01 1.162800000000000000e+04 -4.320000000000000000e+03 -3.900000000000000000e+01 1.852000000000000000e+03
-9.720000000000000000e+03 8.280000000000000000e+02 1.560800000000000000e+04 -4.288000000000000000e+03 -3.800000000000000000e+02 2.192000000000000000e+03
-7.032000000000000000e+03 1.652000000000000000e+03 1.609200000000000000e+04 -4.304000000000000000e+03 -5.120000000000000000e+02 2.497000000000000000e+03
-5.296000000000000000e+03 1.216000000000000000e+03 1.255600000000000000e+04 -4.320000000000000000e+03 -4.410000000000000000e+02 2.647000000000000000e+03
-5.480000000000000000e+03 1.096000000000000000e+03 1.038400000000000000e+04 -4.320000000000000000e+03 -3.690000000000000000e+02 2.539000000000000000e+03
-6.804000000000000000e+03 1.216000000000000000e+03 1.090400000000000000e+04 -4.336000000000000000e+03 -4.040000000000000000e+02 2.262000000000000000e+03
-8.096000000000000000e+03 1.304000000000000000e+03 1.193600000000000000e+04 -4.304000000000000000e+03 -4.680000000000000000e+02 1.837000000000000000e+03
-8.800000000000000000e+03 1.524000000000000000e+03 1.354000000000000000e+04 -4.352000000000000000e+03 -5.400000000000000000e+02 1.406000000000000000e+03
-8.452000000000000000e+03 1.048000000000000000e+03 1.295600000000000000e+04 -4.320000000000000000e+03 -5.250000000000000000e+02 1.013000000000000000e+03
-7.260000000000000000e+03 1.000000000000000000e+03 1.144800000000000000e+04 -4.304000000000000000e+03 -4.690000000000000000e+02 6.480000000000000000e+02
-6.172000000000000000e+03 9.320000000000000000e+02 9.728000000000000000e+03 -4.304000000000000000e+03 -4.500000000000000000e+02 3.850000000000000000e+02
-5.752000000000000000e+03 9.280000000000000000e+02 9.916000000000000000e+03 -4.320000000000000000e+03 -4.480000000000000000e+02 -5.000000000000000000e+00
-5.268000000000000000e+03 4.320000000000000000e+02 9.132000000000000000e+03 -4.368000000000000000e+03 -3.830000000000000000e+02 -1.300000000000000000e+02
-4.976000000000000000e+03 4.040000000000000000e+02 8.536000000000000000e+03 -4.320000000000000000e+03 -3.700000000000000000e+02 -4.100000000000000000e+02
-5.464000000000000000e+03 5.720000000000000000e+02 8.572000000000000000e+03 -4.288000000000000000e+03 -2.500000000000000000e+02 -6.450000000000000000e+02
-5.924000000000000000e+03 4.200000000000000000e+02 8.140000000000000000e+03 -4.320000000000000000e+03 -9.500000000000000000e+01 -8.630000000000000000e+02
-6.740000000000000000e+03 5.440000000000000000e+02 9.140000000000000000e+03 -4.352000000000000000e+03 -4.500000000000000000e+01 -1.133000000000000000e+03
-8.020000000000000000e+03 8.440000000000000000e+02 1.072400000000000000e+04 -4.304000000000000000e+03 8.000000000000000000e+00 -1.499000000000000000e+03
-8.680000000000000000e+03 1.044000000000000000e+03 1.130800000000000000e+04 -4.320000000000000000e+03 -3.000000000000000000e+00 -1.895000000000000000e+03
-9.232000000000000000e+03 1.204000000000000000e+03 1.230000000000000000e+04 -4.336000000000000000e+03 -9.100000000000000000e+01 -2.295000000000000000e+03
-8.944000000000000000e+03 1.156000000000000000e+03 1.176800000000000000e+04 -4.336000000000000000e+03 -1.540000000000000000e+02 -2.463000000000000000e+03
-7.948000000000000000e+03 1.124000000000000000e+03 1.127200000000000000e+04 -4.320000000000000000e+03 -1.380000000000000000e+02 -2.301000000000000000e+03
-7.468000000000000000e+03 1.112000000000000000e+03 1.168400000000000000e+04 -4.304000000000000000e+03 -3.080000000000000000e+02 -1.888000000000000000e+03
-6.708000000000000000e+03 9.880000000000000000e+02 1.204400000000000000e+04 -4.320000000000000000e+03 -3.340000000000000000e+02 -1.434000000000000000e+03
-6.692000000000000000e+03 8.680000000000000000e+02 1.273600000000000000e+04 -4.320000000000000000e+03 -4.220000000000000000e+02 -9.400000000000000000e+02
-6.940000000000000000e+03 1.012000000000000000e+03 1.394400000000000000e+04 -4.320000000000000000e+03 -5.550000000000000000e+02 -4.580000000000000000e+02
-7.216000000000000000e+03 1.008000000000000000e+03 1.499200000000000000e+04 -4.320000000000000000e+03 -6.060000000000000000e+02 -4.000000000000000000e+01
-6.812000000000000000e+03 8.920000000000000000e+02 1.493600000000000000e+04 -4.320000000000000000e+03 -6.840000000000000000e+02 3.220000000000000000e+02
-6.908000000000000000e+03 1.128000000000000000e+03 1.547600000000000000e+04 -4.288000000000000000e+03 -8.630000000000000000e+02 3.820000000000000000e+02
-7.036000000000000000e+03 1.176000000000000000e+03 1.558000000000000000e+04 -4.304000000000000000e+03 -9.580000000000000000e+02 3.060000000000000000e+02
-6.696000000000000000e+03 8.880000000000000000e+02 1.356800000000000000e+04 -4.320000000000000000e+03 -5.837000000000000000e+03 -2.910000000000000000e+03
-1.741600000000000000e+04 2.038800000000000000e+04 -4.344000000000000000e+03 -4.304000000000000000e+03 5.446000000000000000e+03 -5.538000000000000000e+03
3.084000000000000000e+03 3.508000000000000000e+03 -4.780000000000000000e+03 -4.320000000000000000e+03 -3.465000000000000000e+03 6.100000000000000000e+01
-4.368000000000000000e+03 -2.048800000000000000e+04 -6.380000000000000000e+03 -4.320000000000000000e+03 1.580000000000000000e+03 1.520000000000000000e+02
3.148000000000000000e+03 4.264000000000000000e+03 1.964000000000000000e+03 -4.320000000000000000e+03 -3.475000000000000000e+03 2.338000000000000000e+03
4.312000000000000000e+03 -8.944000000000000000e+03 1.453600000000000000e+04 -4.320000000000000000e+03 9.250000000000000000e+02 1.050000000000000000e+03
-3.508000000000000000e+03 -3.708000000000000000e+03 1.750400000000000000e+04 -4.320000000000000000e+03 0.000000000000000000e+00 -2.300000000000000000e+02
