-3.464000000000000000e+03 5.392000000000000000e+03 2.851600000000000000e+04 -4.208000000000000000e+03 -3.640000000000000000e+02 3.440000000000000000e+02
7.752000000000000000e+03 -5.240000000000000000e+03 1.030800000000000000e+04 -4.240000000000000000e+03 -3.540000000000000000e+02 1.920000000000000000e+02
-4.004000000000000000e+03 6.272000000000000000e+03 8.920000000000000000e+03 -4.240000000000000000e+03 -2.840000000000000000e+02 -1.680000000000000000e+02
-3.684000000000000000e+03 8.432000000000000000e+03 1.476400000000000000e+04 -3.000000000000000000e+02 -3.370000000000000000e+02 -5.640000000000000000e+02
-1.452000000000000000e+03 1.808000000000000000e+03 1.679600000000000000e+04 -4.224000000000000000e+03 -2.650000000000000000e+02 -5.670000000000000000e+02
-2.068000000000000000e+03 5.000000000000000000e+02 1.563600000000000000e+04 -4.208000000000000000e+03 -2.490000000000000000e+02 -4.390000000000000000e+02
-1.688000000000000000e+03 1.264000000000000000e+03 1.415600000000000000e+04 -4.224000000000000000e+03 -2.870000000000000000e+02 -4.010000000000000000e+02
-2.876000000000000000e+03 1.888000000000000000e+03 -4.224000000000000000e+03 -4.256000000000000000e+03 -2.960000000000000000e+02 -2.480000000000000000e+02
-2.344000000000000000e+03 2.432000000000000000e+03 1.387200000000000000e+04 -4.256000000000000000e+03 -2.920000000000000000e+02 -6.700000000000000000e+01
-9.600000000000000000e+02 2.808000000000000000e+03 1.428000000000000000e+04 -4.256000000000000000e+03 -2.600000000000000000e+02 -1.400000000000000000e+01
2.816000000000000000e+03 1.356000000000000000e+04 1.436800000000000000e+04 -4.208000000000000000e+03 -2.810000000000000000e+02 6.000000000000000000e+01
-1.048000000000000000e+03 2.716000000000000000e+03 1.419200000000000000e+04 -4.240000000000000000e+03 -2.650000000000000000e+02 1.330000000000000000e+02
-1.860000000000000000e+03 2.248000000000000000e+03 1.428000000000000000e+04 -4.208000000000000000e+03 -2.810000000000000000e+02 3.300000000000000000e+01
-1.952000000000000000e+03 2.096000000000000000e+03 1.423600000000000000e+04 -4.240000000000000000e+03 -2.790000000000000000e+02 -8.100000000000000000e+01
-3.244000000000000000e+03 1.856000000000000000e+03 1.421600000000000000e+04 -4.224000000000000000e+03 -3.020000000000000000e+02 -1.590000000000000000e+02
-2.900000000000000000e+03 1.896000000000000000e+03 1.405600000000000000e+04 -4.224000000000000000e+03 -2.860000000000000000e+02 -2.730000000000000000e+02
-2.320000000000000000e+03 2.196000000000000000e+03 1.420400000000000000e+04 -4.256000000000000000e+03 -2.810000000000000000e+02 -3.990000000000000000e+02
-2.500000000000000000e+03 2.632000000000000000e+03 1.418400000000000000e+04 -4.224000000000000000e+03 -2.850000000000000000e+02 -9.500000000000000000e+01
-2.908000000000000000e+03 2.560000000000000000e+03 1.409200000000000000e+04 -4.208000000000000000e+03 -2.960000000000000000e+02 2.670000000000000000e+02
-2.516000000000000000e+03 2.416000000000000000e+03 1.422400000000000000e+04 -4.208000000000000000e+03 -2.850000000000000000e+02 -1.306000000000000000e+03
-1.784000000000000000e+03 2.264000000000000000e+03 1.426800000000000000e+04 -4.240000000000000000e+03 -2.850000000000000000e+02 -6.200000000000000000e+01
-2.024000000000000000e+03 2.140000000000000000e+03 1.417200000000000000e+04 -4.240000000000000000e+03 -2.040000000000000000e+02 1.482000000000000000e+03
-1.800000000000000000e+03 2.080000000000000000e+03 1.417600000000000000e+04 -4.224000000000000000e+03 -9.200000000000000000e+01 3.300000000000000000e+02
-1.788000000000000000e+03 2.164000000000000000e+03 1.428000000000000000e+04 -4.240000000000000000e+03 1.320000000000000000e+02 2.480000000000000000e+02
-1.684000000000000000e+03 2.288000000000000000e+03 1.432000000000000000e+04 -4.240000000000000000e+03 8.060000000000000000e+02 6.050000000000000000e+02
-1.696000000000000000e+03 2.444000000000000000e+03 1.441600000000000000e+04 -4.208000000000000000e+03 -4.960000000000000000e+02 1.036000000000000000e+03
-1.668000000000000000e+03 2.300000000000000000e+03 1.426400000000000000e+04 -4.192000000000000000e+03 1.189000000000000000e+03 1.554000000000000000e+03
-1.836000000000000000e+03 2.368000000000000000e+03 1.416400000000000000e+04 -4.208000000000000000e+03 -4.900000000000000000e+01 1.523000000000000000e+03
-1.984000000000000000e+03 2.276000000000000000e+03 1.418000000000000000e+04 -4.224000000000000000e+03 1.680000000000000000e+02 1.455000000000000000e+03
-1.972000000000000000e+03 2.240000000000000000e+03 1.421600000000000000e+04 -4.240000000000000000e+03 9.600000000000000000e+01 1.628000000000000000e+03
-2.036000000000000000e+03 2.228000000000000000e+03 1.414400000000000000e+04 -4.208000000000000000e+03 9.900000000000000000e+01 1.872000000000000000e+03
-2.148000000000000000e+03 2.320000000000000000e+03 1.439200000000000000e+04 -4.192000000000000000e+03 -4.500000000000000000e+01 1.886000000000000000e+03
-1.880000000000000000e+03 2.328000000000000000e+03 2.124000000000000000e+04 -4.208000000000000000e+03 -5.500000000000000000e+01 1.999000000000000000e+03
-5.920000000000000000e+02 2.556000000000000000e+03 3.276700000000000000e+04 -4.192000000000000000e+03 -3.520000000000000000e+02 2.145000000000000000e+03
-1.288000000000000000e+03 2.912000000000000000e+03 2.428400000000000000e+04 -4.224000000000000000e+03 -3.990000000000000000e+02 2.261000000000000000e+03
1.600000000000000000e+01 1.036000000000000000e+04 2.120400000000000000e+04 -4.240000000000000000e+03 -3.330000000000000000e+02 2.308000000000000000e+03
-8.608000000000000000e+03 1.112800000000000000e+04 2.494400000000000000e+04 -4.208000000000000000e+03 -2.440000000000000000e+02 2.749000000000000000e+03
-5.616000000000000000e+03 3.684000000000000000e+03 2.045200000000000000e+04 -4.224000000000000000e+03 -1.320000000000000000e+02 2.311000000000000000e+03
-5.452000000000000000e+03 4.096000000000000000e+03 1.822800000000000000e+04 -4.240000000000000000e+03 1.180000000000000000e+02 1.526000000000000000e+03
-5.084000000000000000e+03 4.192000000000000000e+03 1.716000000000000000e+04 -4.224000000000000000e+03 3.600000000000000000e+02 1.487000000000000000e+03
-4.212000000000000000e+03 3.352000000000000000e+03 1.490400000000000000e+04 -4.224000000000000000e+03 1.590000000000000000e+02 1.459000000000000000e+03
-3.316000000000000000e+03 2.932000000000000000e+03 1.056000000000000000e+04 -4.224000000000000000e+03 1.060000000000000000e+02 7.950000000000000000e+02
-2.976000000000000000e+03 2.980000000000000000e+03 5.728000000000000000e+03 -4.208000000000000000e+03 -2.900000000000000000e+01 1.046000000000000000e+03
-2.220000000000000000e+03 2.556000000000000000e+03 2.240000000000000000e+03 -4.224000000000000000e+03 -1.940000000000000000e+02 6.200000000000000000e+02
-2.032000000000000000e+03 1.840000000000000000e+03 3.080000000000000000e+02 -4.256000000000000000e+03 -5.410000000000000000e+02 5.280000000000000000e+02
-9.960000000000000000e+02 9.680000000000000000e+02 3.640000000000000000e+02 -4.224000000000000000e+03 -6.140000000000000000e+02 1.210000000000000000e+02
-4.120000000000000000e+02 2.840000000000000000e+02 2.440000000000000000e+03 -4.256000000000000000e+03 -6.240000000000000000e+02 1.050000000000000000e+02
-3.160000000000000000e+02 3.600000000000000000e+01 8.076000000000000000e+03 -4.224000000000000000e+03 -6.770000000000000000e+02 2.090000000000000000e+02
-2.720000000000000000e+02 1.360000000000000000e+02 1.469600000000000000e+04 -4.224000000000000000e+03 -7.670000000000000000e+02 -1.820000000000000000e+02
3.720000000000000000e+02 1.200000000000000000e+02 1.636800000000000000e+04 -4.208000000000000000e+03 -8.960000000000000000e+02 -7.000000000000000000e+01
1.028000000000000000e+03 1.076000000000000000e+03 1.462000000000000000e+04 -4.224000000000000000e+03 -1.047000000000000000e+03 -3.250000000000000000e+02
8.720000000000000000e+02 1.792000000000000000e+03 1.755200000000000000e+04 -4.208000000000000000e+03 -6.170000000000000000e+02 -6.760000000000000000e+02
-3.668000000000000000e+03 2.520000000000000000e+03 1.446400000000000000e+04 -4.224000000000000000e+03 -8.700000000000000000e+01 -6.960000000000000000e+02
-8.020000000000000000e+03 2.312000000000000000e+03 1.220800000000000000e+04 -4.208000000000000000e+03 -3.930000000000000000e+02 -1.156000000000000000e+03
-5.744000000000000000e+03 3.848000000000000000e+03 1.112400000000000000e+04 -4.224000000000000000e+03 -4.280000000000000000e+02 -1.498000000000000000e+03
-2.384000000000000000e+03 2.972000000000000000e+03 1.073600000000000000e+04 -4.208000000000000000e+03 -2.000000000000000000e+01 -1.898000000000000000e+03
-1.860000000000000000e+03 2.692000000000000000e+03 1.027600000000000000e+04 -4.224000000000000000e+03 -2.010000000000000000e+02 -2.385000000000000000e+03
-1.824000000000000000e+03 2.188000000000000000e+03 8.708000000000000000e+03 -4.240000000000000000e+03 5.500000000000000000e+01 -2.744000000000000000e+03
-2.020000000000000000e+03 2.092000000000000000e+03 3.624000000000000000e+03 -4.208000000000000000e+03 8.000000000000000000e+00 4.331000000000000000e+03
-1.984000000000000000e+03 1.740000000000000000e+03 1.540000000000000000e+03 -4.224000000000000000e+03 -3.100000000000000000e+02 1.713000000000000000e+03
-2.152000000000000000e+03 1.692000000000000000e+03 7.224000000000000000e+03 -4.224000000000000000e+03 -3.460000000000000000e+02 -5.233000000000000000e+03
-1.952000000000000000e+03 7.760000000000000000e+02 1.348000000000000000e+04 -4.224000000000000000e+03 -5.720000000000000000e+02 5.078000000000000000e+03
-1.436000000000000000e+03 6.120000000000000000e+02 1.228400000000000000e+04 -4.240000000000000000e+03 -6.680000000000000000e+02 -2.842000000000000000e+03
-2.264000000000000000e+03 1.504000000000000000e+03 1.497200000000000000e+04 -4.224000000000000000e+03 8.176000000000000000e+03 -3.290000000000000000e+03
-3.132000000000000000e+03 1.960000000000000000e+03 1.645600000000000000e+04 -4.176000000000000000e+03 1.779000000000000000e+03 -1.948000000000000000e+03
-3.192000000000000000e+03 1.672000000000000000e+03 1.646400000000000000e+04 -4.224000000000000000e+03 -1.275700000000000000e+04 -3.550000000000000000e+03
-3.724000000000000000e+03 2.256000000000000000e+03 1.737200000000000000e+04 -4.240000000000000000e+03 3.997000000000000000e+03 -2.724000000000000000e+03
-3.652000000000000000e+03 2.340000000000000000e+03 1.779600000000000000e+04 -4.224000000000000000e+03 -1.052000000000000000e+03 -1.637000000000000000e+03
-4.160000000000000000e+03 2.664000000000000000e+03 1.736000000000000000e+04 -4.192000000000000000e+03 -2.468000000000000000e+03 -7.650000000000000000e+02
