1.384400000000000000e+04 2.240000000000000000e+03 7.864000000000000000e+03 -4.160000000000000000e+03 -5.110000000000000000e+02 8.420000000000000000e+02
1.395200000000000000e+04 3.000000000000000000e+03 7.912000000000000000e+03 -4.208000000000000000e+03 -3.710000000000000000e+02 1.428000000000000000e+03
1.420800000000000000e+04 2.780000000000000000e+03 6.968000000000000000e+03 -4.192000000000000000e+03 -2.770000000000000000e+02 1.563000000000000000e+03
1.432800000000000000e+04 2.292000000000000000e+03 7.336000000000000000e+03 -4.160000000000000000e+03 -3.390000000000000000e+02 1.720000000000000000e+02
1.350000000000000000e+04 1.964000000000000000e+03 1.060800000000000000e+04 -4.192000000000000000e+03 -5.480000000000000000e+02 -8.780000000000000000e+02
1.120000000000000000e+04 2.032000000000000000e+03 7.964000000000000000e+03 -4.192000000000000000e+03 -5.460000000000000000e+02 -7.460000000000000000e+02
1.395600000000000000e+04 2.212000000000000000e+03 8.136000000000000000e+03 -4.192000000000000000e+03 -3.590000000000000000e+02 -3.820000000000000000e+02
1.361600000000000000e+04 2.260000000000000000e+03 7.640000000000000000e+03 -4.176000000000000000e+03 -3.080000000000000000e+02 -1.520000000000000000e+02
1.356800000000000000e+04 2.644000000000000000e+03 7.476000000000000000e+03 -4.208000000000000000e+03 -3.040000000000000000e+02 -3.300000000000000000e+01
1.389600000000000000e+04 2.516000000000000000e+03 7.264000000000000000e+03 -4.192000000000000000e+03 -3.120000000000000000e+02 -1.810000000000000000e+02
1.394800000000000000e+04 2.272000000000000000e+03 7.936000000000000000e+03 -4.192000000000000000e+03 -3.540000000000000000e+02 -7.130000000000000000e+02
1.384000000000000000e+04 2.184000000000000000e+03 8.116000000000000000e+03 -4.176000000000000000e+03 -3.410000000000000000e+02 -7.050000000000000000e+02
1.373600000000000000e+04 2.312000000000000000e+03 7.668000000000000000e+03 -4.208000000000000000e+03 -3.240000000000000000e+02 -4.350000000000000000e+02
1.387600000000000000e+04 2.288000000000000000e+03 7.216000000000000000e+03 -4.208000000000000000e+03 -2.780000000000000000e+02 -7.200000000000000000e+01
1.395200000000000000e+04 2.188000000000000000e+03 7.020000000000000000e+03 -4.160000000000000000e+03 -3.440000000000000000e+02 4.420000000000000000e+02
1.405600000000000000e+04 2.096000000000000000e+03 7.024000000000000000e+03 -4.240000000000000000e+03 -2.690000000000000000e+02 4.710000000000000000e+02
1.408800000000000000e+04 2.228000000000000000e+03 7.884000000000000000e+03 -4.192000000000000000e+03 -2.340000000000000000e+02 5.180000000000000000e+02
1.366000000000000000e+04 2.368000000000000000e+03 7.640000000000000000e+03 -4.176000000000000000e+03 -2.330000000000000000e+02 7.870000000000000000e+02
1.378000000000000000e+04 2.428000000000000000e+03 7.308000000000000000e+03 -4.192000000000000000e+03 -2.160000000000000000e+02 9.280000000000000000e+02
1.416800000000000000e+04 2.316000000000000000e+03 7.840000000000000000e+03 -4.176000000000000000e+03 -2.050000000000000000e+02 6.890000000000000000e+02
1.370000000000000000e+04 2.176000000000000000e+03 8.444000000000000000e+03 -4.192000000000000000e+03 -2.060000000000000000e+02 2.280000000000000000e+02
1.324000000000000000e+04 2.164000000000000000e+03 8.480000000000000000e+03 -4.208000000000000000e+03 -2.390000000000000000e+02 -6.600000000000000000e+01
1.320400000000000000e+04 2.272000000000000000e+03 8.120000000000000000e+03 -4.224000000000000000e+03 -2.400000000000000000e+02 -1.050000000000000000e+02
1.351200000000000000e+04 2.340000000000000000e+03 7.996000000000000000e+03 -4.208000000000000000e+03 -2.520000000000000000e+02 -2.770000000000000000e+02
1.357200000000000000e+04 2.388000000000000000e+03 8.240000000000000000e+03 -4.192000000000000000e+03 -2.530000000000000000e+02 -4.990000000000000000e+02
1.340800000000000000e+04 2.352000000000000000e+03 7.924000000000000000e+03 -4.176000000000000000e+03 -2.730000000000000000e+02 -2.670000000000000000e+02
1.379600000000000000e+04 2.264000000000000000e+03 7.132000000000000000e+03 -4.192000000000000000e+03 -2.520000000000000000e+02 1.300000000000000000e+01
1.418000000000000000e+04 2.176000000000000000e+03 7.412000000000000000e+03 -4.224000000000000000e+03 -1.760000000000000000e+02 -3.200000000000000000e+01
1.402800000000000000e+04 2.164000000000000000e+03 7.768000000000000000e+03 -4.160000000000000000e+03 -1.480000000000000000e+02 2.120000000000000000e+02
1.357200000000000000e+04 2.284000000000000000e+03 7.380000000000000000e+03 -4.208000000000000000e+03 -2.600000000000000000e+01 -2.500000000000000000e+03
1.410800000000000000e+04 2.316000000000000000e+03 9.928000000000000000e+03 -4.176000000000000000e+03 1.018000000000000000e+03 -3.223000000000000000e+03
8.740000000000000000e+03 3.160000000000000000e+02 3.624000000000000000e+03 -4.192000000000000000e+03 1.700000000000000000e+01 2.300000000000000000e+03
2.285200000000000000e+04 2.464000000000000000e+03 2.832800000000000000e+04 -4.208000000000000000e+03 2.559000000000000000e+03 -1.045000000000000000e+03
3.128400000000000000e+04 8.984000000000000000e+03 8.460000000000000000e+03 -4.208000000000000000e+03 -1.840000000000000000e+02 -1.084000000000000000e+03
2.048800000000000000e+04 3.508000000000000000e+03 1.016400000000000000e+04 -4.192000000000000000e+03 -3.460000000000000000e+02 -5.200000000000000000e+02
1.742800000000000000e+04 2.440000000000000000e+03 1.112400000000000000e+04 -4.208000000000000000e+03 -4.200000000000000000e+02 -2.900000000000000000e+01
2.043600000000000000e+04 3.648000000000000000e+03 1.099200000000000000e+04 -4.192000000000000000e+03 -4.820000000000000000e+02 5.020000000000000000e+02
2.103200000000000000e+04 3.816000000000000000e+03 1.008400000000000000e+04 -4.208000000000000000e+03 -5.680000000000000000e+02 9.280000000000000000e+02
2.017600000000000000e+04 3.396000000000000000e+03 9.024000000000000000e+03 -4.208000000000000000e+03 -5.480000000000000000e+02 1.328000000000000000e+03
1.909200000000000000e+04 2.964000000000000000e+03 8.048000000000000000e+03 -4.224000000000000000e+03 -6.200000000000000000e+02 1.740000000000000000e+03
1.812800000000000000e+04 2.696000000000000000e+03 7.304000000000000000e+03 -4.176000000000000000e+03 -6.310000000000000000e+02 2.045000000000000000e+03
1.659600000000000000e+04 2.644000000000000000e+03 5.564000000000000000e+03 -4.192000000000000000e+03 -6.960000000000000000e+02 2.198000000000000000e+03
1.320400000000000000e+04 1.860000000000000000e+03 2.864000000000000000e+03 -4.208000000000000000e+03 -5.770000000000000000e+02 2.323000000000000000e+03
8.152000000000000000e+03 6.920000000000000000e+02 7.600000000000000000e+02 -4.208000000000000000e+03 -5.330000000000000000e+02 2.433000000000000000e+03
4.276000000000000000e+03 2.000000000000000000e+02 -4.840000000000000000e+02 -4.160000000000000000e+03 -5.120000000000000000e+02 2.510000000000000000e+03
2.448000000000000000e+03 -1.600000000000000000e+01 -7.480000000000000000e+02 -4.192000000000000000e+03 -4.540000000000000000e+02 4.546000000000000000e+03
1.980000000000000000e+03 -1.080000000000000000e+02 3.200000000000000000e+02 -4.224000000000000000e+03 -2.690000000000000000e+02 2.304000000000000000e+03
1.972000000000000000e+03 -1.200000000000000000e+01 5.892000000000000000e+03 -4.176000000000000000e+03 -1.200000000000000000e+01 1.108000000000000000e+03
2.604000000000000000e+03 5.120000000000000000e+02 6.840000000000000000e+03 -4.192000000000000000e+03 -1.590000000000000000e+02 1.620000000000000000e+03
1.384800000000000000e+04 2.036000000000000000e+03 1.094400000000000000e+04 -4.160000000000000000e+03 -5.830000000000000000e+02 2.393000000000000000e+03
2.330000000000000000e+04 4.848000000000000000e+03 9.008000000000000000e+03 -4.176000000000000000e+03 -7.020000000000000000e+02 1.925000000000000000e+03
1.929200000000000000e+04 3.360000000000000000e+03 6.428000000000000000e+03 -4.208000000000000000e+03 -6.550000000000000000e+02 1.461000000000000000e+03
1.308800000000000000e+04 2.236000000000000000e+03 5.648000000000000000e+03 -4.208000000000000000e+03 -6.780000000000000000e+02 1.156000000000000000e+03
9.476000000000000000e+03 1.840000000000000000e+03 5.060000000000000000e+03 -4.208000000000000000e+03 -6.650000000000000000e+02 9.670000000000000000e+02
8.044000000000000000e+03 1.576000000000000000e+03 5.384000000000000000e+03 -4.192000000000000000e+03 -6.600000000000000000e+02 5.500000000000000000e+02
8.700000000000000000e+03 1.536000000000000000e+03 5.264000000000000000e+03 -4.224000000000000000e+03 -6.630000000000000000e+02 3.130000000000000000e+02
7.716000000000000000e+03 1.360000000000000000e+03 3.664000000000000000e+03 -4.160000000000000000e+03 -5.620000000000000000e+02 -8.200000000000000000e+01
5.620000000000000000e+03 7.920000000000000000e+02 4.020000000000000000e+03 -4.176000000000000000e+03 -3.760000000000000000e+02 -3.000000000000000000e+02
6.772000000000000000e+03 1.220000000000000000e+03 5.360000000000000000e+03 -4.176000000000000000e+03 -2.990000000000000000e+02 -6.650000000000000000e+02
8.068000000000000000e+03 1.284000000000000000e+03 6.872000000000000000e+03 -4.160000000000000000e+03 -1.850000000000000000e+02 -1.199000000000000000e+03
1.003600000000000000e+04 1.860000000000000000e+03 9.104000000000000000e+03 -4.208000000000000000e+03 -1.520000000000000000e+02 -1.505000000000000000e+03
1.321600000000000000e+04 3.024000000000000000e+03 9.088000000000000000e+03 -4.192000000000000000e+03 -1.860000000000000000e+02 -1.746000000000000000e+03
1.425600000000000000e+04 3.012000000000000000e+03 9.328000000000000000e+03 -4.176000000000000000e+03 -1.950000000000000000e+02 -1.778000000000000000e+03
1.541200000000000000e+04 3.152000000000000000e+03 9.152000000000000000e+03 -4.208000000000000000e+03 -1.980000000000000000e+02 -1.790000000000000000e+03
1.525200000000000000e+04 2.572000000000000000e+03 9.664000000000000000e+03 -4.192000000000000000e+03 -1.080000000000000000e+02 -1.713000000000000000e+03
1.570400000000000000e+04 2.308000000000000000e+03 1.004000000000000000e+04 -4.208000000000000000e+03 8.000000000000000000e+00 -1.721000000000000000e+03
1.556000000000000000e+04 2.144000000000000000e+03 1.092000000000000000e+04 -4.192000000000000000e+03 4.160000000000000000e+02 -2.421000000000000000e+03
1.629200000000000000e+04 2.876000000000000000e+03 1.005200000000000000e+04 -4.208000000000000000e+03 2.670000000000000000e+02 -3.276800000000000000e+04
1.655600000000000000e+04 2.956000000000000000e+03 3.276700000000000000e+04 -4.192000000000000000e+03 -1.114800000000000000e+04 3.399000000000000000e+03
-3.276800000000000000e+04 2.435600000000000000e+04 3.516000000000000000e+03 -4.224000000000000000e+03 6.950000000000000000e+02 -1.222000000000000000e+03
2.834400000000000000e+04 -3.884000000000000000e+03 -1.093200000000000000e+04 -4.192000000000000000e+03 3.908000000000000000e+03 3.024000000000000000e+03
3.172800000000000000e+04 -1.410800000000000000e+04 2.604000000000000000e+03 -4.192000000000000000e+03 -1.340000000000000000e+02 2.627000000000000000e+03
-2.504000000000000000e+03 7.212000000000000000e+03 6.628000000000000000e+03 -4.208000000000000000e+03 4.200000000000000000e+01 1.323000000000000000e+03
1.275600000000000000e+04 -7.236000000000000000e+03 6.972000000000000000e+03 -4.192000000000000000e+03 6.350000000000000000e+02 6.560000000000000000e+02
1.484800000000000000e+04 1.368000000000000000e+03 4.944000000000000000e+03 -4.192000000000000000e+03 -3.590000000000000000e+02 1.620000000000000000e+02
5.192000000000000000e+03 2.960000000000000000e+02 6.104000000000000000e+03 -4.176000000000000000e+03 -4.800000000000000000e+02 9.200000000000000000e+01
1.822400000000000000e+04 4.584000000000000000e+03 5.272000000000000000e+03 -4.192000000000000000e+03 1.350000000000000000e+02 4.610000000000000000e+02
1.798000000000000000e+04 3.824000000000000000e+03 2.340000000000000000e+03 -4.224000000000000000e+03 2.400000000000000000e+01 9.880000000000000000e+02
1.333600000000000000e+04 1.800000000000000000e+03 3.324000000000000000e+03 -4.208000000000000000e+03 -3.860000000000000000e+02 1.217000000000000000e+03
1.570000000000000000e+04 1.984000000000000000e+03 4.824000000000000000e+03 -4.192000000000000000e+03 -4.330000000000000000e+02 1.527000000000000000e+03
1.648800000000000000e+04 2.268000000000000000e+03 5.320000000000000000e+03 -4.224000000000000000e+03 -2.940000000000000000e+02 3.520000000000000000e+02
1.582400000000000000e+04 2.176000000000000000e+03 9.116000000000000000e+03 -4.192000000000000000e+03 -3.800000000000000000e+02 -1.209000000000000000e+03
1.286400000000000000e+04 2.760000000000000000e+03 5.596000000000000000e+03 -4.192000000000000000e+03 -4.690000000000000000e+02 -8.140000000000000000e+02
