-9.800000000000000000e+02 1.988000000000000000e+03 1.438000000000000000e+04 -4.656000000000000000e+03 -2.360000000000000000e+02 -2.950000000000000000e+02
-2.972000000000000000e+03 2.024000000000000000e+03 1.423200000000000000e+04 -4.656000000000000000e+03 -1.120000000000000000e+02 -4.500000000000000000e+01
-4.464000000000000000e+03 1.972000000000000000e+03 1.418800000000000000e+04 -4.640000000000000000e+03 -2.930000000000000000e+02 4.000000000000000000e+02
-2.148000000000000000e+03 2.152000000000000000e+03 1.422000000000000000e+04 -4.640000000000000000e+03 -3.240000000000000000e+02 5.650000000000000000e+02
-1.808000000000000000e+03 1.996000000000000000e+03 1.436800000000000000e+04 -4.656000000000000000e+03 -4.110000000000000000e+02 6.350000000000000000e+02
-2.280000000000000000e+03 2.096000000000000000e+03 1.404000000000000000e+04 -4.624000000000000000e+03 -4.270000000000000000e+02 4.700000000000000000e+02
-2.456000000000000000e+03 2.140000000000000000e+03 1.402400000000000000e+04 -4.656000000000000000e+03 -3.770000000000000000e+02 1.900000000000000000e+01
-2.104000000000000000e+03 2.012000000000000000e+03 1.403200000000000000e+04 -4.672000000000000000e+03 -3.650000000000000000e+02 -1.720000000000000000e+02
-2.732000000000000000e+03 2.064000000000000000e+03 1.411200000000000000e+04 -4.656000000000000000e+03 -2.130000000000000000e+02 5.700000000000000000e+01
-3.964000000000000000e+03 2.124000000000000000e+03 1.397600000000000000e+04 -4.656000000000000000e+03 -2.320000000000000000e+02 6.600000000000000000e+01
-2.740000000000000000e+03 2.532000000000000000e+03 1.416000000000000000e+04 -4.672000000000000000e+03 -2.650000000000000000e+02 -3.700000000000000000e+02
-1.856000000000000000e+03 2.476000000000000000e+03 1.464400000000000000e+04 -4.656000000000000000e+03 -3.650000000000000000e+02 -5.400000000000000000e+02
-1.820000000000000000e+03 2.148000000000000000e+03 1.434000000000000000e+04 -4.640000000000000000e+03 -2.080000000000000000e+02 -3.690000000000000000e+02
-1.788000000000000000e+03 2.060000000000000000e+03 1.441200000000000000e+04 -4.624000000000000000e+03 -1.250000000000000000e+02 -1.350000000000000000e+02
-1.764000000000000000e+03 2.060000000000000000e+03 1.428400000000000000e+04 -4.688000000000000000e+03 -2.910000000000000000e+02 -3.090000000000000000e+02
-2.460000000000000000e+03 1.908000000000000000e+03 1.434000000000000000e+04 -4.640000000000000000e+03 -2.920000000000000000e+02 -1.580000000000000000e+02
-2.992000000000000000e+03 1.800000000000000000e+03 1.443200000000000000e+04 -4.608000000000000000e+03 -2.840000000000000000e+02 -9.700000000000000000e+01
-3.272000000000000000e+03 1.844000000000000000e+03 1.411600000000000000e+04 -4.672000000000000000e+03 -2.660000000000000000e+02 -1.160000000000000000e+02
-2.088000000000000000e+03 1.996000000000000000e+03 1.430800000000000000e+04 -4.656000000000000000e+03 -2.700000000000000000e+02 4.210000000000000000e+02
-1.920000000000000000e+03 1.944000000000000000e+03 1.440800000000000000e+04 -4.624000000000000000e+03 -2.530000000000000000e+02 6.220000000000000000e+02
-2.368000000000000000e+03 2.048000000000000000e+03 1.420800000000000000e+04 -4.624000000000000000e+03 -2.780000000000000000e+02 1.424000000000000000e+03
-3.192000000000000000e+03 1.936000000000000000e+03 1.432000000000000000e+04 -4.624000000000000000e+03 -1.380000000000000000e+02 8.330000000000000000e+02
-1.924000000000000000e+03 1.976000000000000000e+03 1.435600000000000000e+04 -4.640000000000000000e+03 1.520000000000000000e+02 2.901000000000000000e+03
-1.864000000000000000e+03 2.136000000000000000e+03 1.450800000000000000e+04 -4.624000000000000000e+03 -3.730000000000000000e+02 -8.850000000000000000e+02
-2.408000000000000000e+03 2.324000000000000000e+03 1.412400000000000000e+04 -4.656000000000000000e+03 1.898000000000000000e+03 1.199000000000000000e+03
-1.864000000000000000e+03 2.320000000000000000e+03 1.437600000000000000e+04 -4.640000000000000000e+03 -1.852000000000000000e+03 3.960000000000000000e+02
-1.936000000000000000e+03 2.228000000000000000e+03 1.431200000000000000e+04 -4.640000000000000000e+03 -6.300000000000000000e+02 1.215000000000000000e+03
-2.004000000000000000e+03 2.256000000000000000e+03 1.444000000000000000e+04 -4.656000000000000000e+03 -5.810000000000000000e+02 5.690000000000000000e+02
-1.560000000000000000e+03 2.172000000000000000e+03 -2.168000000000000000e+03 -4.656000000000000000e+03 -6.080000000000000000e+02 1.259000000000000000e+03
-1.740000000000000000e+03 2.156000000000000000e+03 1.571600000000000000e+04 -4.640000000000000000e+03 -8.580000000000000000e+02 5.480000000000000000e+02
-1.228000000000000000e+03 1.960000000000000000e+03 1.922000000000000000e+04 -4.640000000000000000e+03 -9.080000000000000000e+02 5.010000000000000000e+02
-1.464000000000000000e+03 2.116000000000000000e+03 2.145600000000000000e+04 -4.640000000000000000e+03 -9.690000000000000000e+02 4.070000000000000000e+02
2.880000000000000000e+03 1.536000000000000000e+04 2.234800000000000000e+04 -4.640000000000000000e+03 -9.650000000000000000e+02 2.480000000000000000e+02
-3.320000000000000000e+02 4.600000000000000000e+02 2.178400000000000000e+04 -4.688000000000000000e+03 -8.260000000000000000e+02 1.034000000000000000e+03
-1.024000000000000000e+03 1.096000000000000000e+03 1.976800000000000000e+04 -4.624000000000000000e+03 -7.660000000000000000e+02 6.730000000000000000e+02
-3.944000000000000000e+03 3.484000000000000000e+03 1.896400000000000000e+04 -4.656000000000000000e+03 -6.440000000000000000e+02 6.500000000000000000e+02
-3.464000000000000000e+03 4.024000000000000000e+03 1.771200000000000000e+04 -4.640000000000000000e+03 -5.290000000000000000e+02 3.968000000000000000e+03
-3.348000000000000000e+03 3.984000000000000000e+03 1.427200000000000000e+04 -4.656000000000000000e+03 -3.900000000000000000e+02 1.425000000000000000e+03
-3.084000000000000000e+03 3.352000000000000000e+03 1.184000000000000000e+04 -4.656000000000000000e+03 -3.600000000000000000e+02 -3.027000000000000000e+03
-3.536000000000000000e+03 2.476000000000000000e+03 7.248000000000000000e+03 -4.672000000000000000e+03 -2.640000000000000000e+02 1.196000000000000000e+03
-2.964000000000000000e+03 2.372000000000000000e+03 2.928000000000000000e+03 -4.672000000000000000e+03 5.000000000000000000e+02 1.214000000000000000e+03
-1.188000000000000000e+03 2.088000000000000000e+03 1.604000000000000000e+03 -4.672000000000000000e+03 4.600000000000000000e+01 1.301000000000000000e+03
-1.472000000000000000e+03 1.612000000000000000e+03 1.120000000000000000e+03 -4.672000000000000000e+03 -3.210000000000000000e+02 7.030000000000000000e+02
-6.440000000000000000e+02 1.044000000000000000e+03 -1.388000000000000000e+03 -4.640000000000000000e+03 -5.780000000000000000e+02 6.910000000000000000e+02
1.360000000000000000e+02 2.960000000000000000e+02 8.832000000000000000e+03 -4.624000000000000000e+03 -4.590000000000000000e+02 8.280000000000000000e+02
1.120000000000000000e+02 1.960000000000000000e+02 9.948000000000000000e+03 -4.688000000000000000e+03 -1.890000000000000000e+02 1.602000000000000000e+03
4.520000000000000000e+02 1.000000000000000000e+02 1.687200000000000000e+04 -4.672000000000000000e+03 5.800000000000000000e+01 4.360000000000000000e+02
2.200000000000000000e+02 -6.320000000000000000e+02 1.924800000000000000e+04 -4.656000000000000000e+03 3.100000000000000000e+01 2.369000000000000000e+03
-1.162400000000000000e+04 1.784000000000000000e+03 1.541600000000000000e+04 -4.624000000000000000e+03 -5.230000000000000000e+02 -6.200000000000000000e+01
-5.284000000000000000e+03 2.124000000000000000e+03 1.093200000000000000e+04 -4.640000000000000000e+03 -1.290000000000000000e+02 -1.370000000000000000e+03
-2.268000000000000000e+03 2.716000000000000000e+03 8.832000000000000000e+03 -4.640000000000000000e+03 -3.330000000000000000e+02 -2.525000000000000000e+03
-1.420000000000000000e+03 2.540000000000000000e+03 1.014800000000000000e+04 -4.672000000000000000e+03 -2.510000000000000000e+02 -9.440000000000000000e+02
1.600000000000000000e+01 2.168000000000000000e+03 1.178400000000000000e+04 -4.640000000000000000e+03 -3.100000000000000000e+02 -7.840000000000000000e+02
4.280000000000000000e+02 1.412000000000000000e+03 9.864000000000000000e+03 -4.640000000000000000e+03 -3.520000000000000000e+02 -5.660000000000000000e+02
1.040000000000000000e+02 1.040000000000000000e+03 9.860000000000000000e+03 -4.640000000000000000e+03 -3.210000000000000000e+02 -5.320000000000000000e+02
-1.460000000000000000e+03 1.004000000000000000e+03 8.484000000000000000e+03 -4.656000000000000000e+03 -2.000000000000000000e+02 -5.540000000000000000e+02
-2.900000000000000000e+03 1.732000000000000000e+03 8.528000000000000000e+03 -4.672000000000000000e+03 -6.700000000000000000e+01 -5.150000000000000000e+02
-3.624000000000000000e+03 2.012000000000000000e+03 1.116400000000000000e+04 -4.640000000000000000e+03 -2.090000000000000000e+02 8.500000000000000000e+01
-8.408000000000000000e+03 1.708000000000000000e+03 1.129200000000000000e+04 -4.640000000000000000e+03 -9.100000000000000000e+01 1.610000000000000000e+02
-4.824000000000000000e+03 2.076000000000000000e+03 1.164800000000000000e+04 -4.624000000000000000e+03 2.000000000000000000e+01 -2.200000000000000000e+02
-3.144000000000000000e+03 1.420000000000000000e+03 1.255600000000000000e+04 -4.624000000000000000e+03 1.100000000000000000e+02 -2.110000000000000000e+02
-4.496000000000000000e+03 1.580000000000000000e+03 1.510800000000000000e+04 -4.688000000000000000e+03 1.040000000000000000e+02 -4.151000000000000000e+03
-4.040000000000000000e+03 1.512000000000000000e+03 1.673200000000000000e+04 -4.640000000000000000e+03 2.370000000000000000e+02 -5.914000000000000000e+03
-3.252000000000000000e+03 1.064000000000000000e+03 1.676800000000000000e+04 -4.656000000000000000e+03 1.784400000000000000e+04 2.500000000000000000e+03
-2.728000000000000000e+03 1.544000000000000000e+03 1.804000000000000000e+04 -4.656000000000000000e+03 1.023000000000000000e+03 3.198000000000000000e+03
-3.448000000000000000e+03 1.832000000000000000e+03 1.818000000000000000e+04 -4.656000000000000000e+03 3.970000000000000000e+02 2.115000000000000000e+03
-2.840000000000000000e+03 2.312000000000000000e+03 1.709600000000000000e+04 -4.640000000000000000e+03 -1.209000000000000000e+03 1.703000000000000000e+03
-2.664000000000000000e+03 2.600000000000000000e+03 1.676400000000000000e+04 -4.624000000000000000e+03 -3.690000000000000000e+02 1.441000000000000000e+03
-3.168000000000000000e+03 2.496000000000000000e+03 3.276700000000000000e+04 -4.608000000000000000e+03 6.930000000000000000e+02 1.314000000000000000e+03
-3.364000000000000000e+03 2.528000000000000000e+03 3.276700000000000000e+04 -4.656000000000000000e+03 -7.990000000000000000e+02 1.489000000000000000e+03
-3.540000000000000000e+03 2.072000000000000000e+03 -4.680000000000000000e+02 -4.672000000000000000e+03 -6.390000000000000000e+02 1.127000000000000000e+03
-3.572000000000000000e+03 2.180000000000000000e+03 -2.144000000000000000e+03 -4.672000000000000000e+03 -3.300000000000000000e+02 1.184000000000000000e+03
1.053200000000000000e+04 2.376400000000000000e+04 2.506000000000000000e+04 -4.656000000000000000e+03 -1.950000000000000000e+02 1.186000000000000000e+03
