2.404000000000000000e+03 1.992000000000000000e+03 1.438800000000000000e+04 -4.624000000000000000e+03 -1.980000000000000000e+02 2.040000000000000000e+03
1.163600000000000000e+04 -1.824000000000000000e+03 1.400800000000000000e+04 -4.624000000000000000e+03 -1.710000000000000000e+02 2.114000000000000000e+03
2.564000000000000000e+03 3.120000000000000000e+03 1.414000000000000000e+04 -4.656000000000000000e+03 -1.800000000000000000e+02 2.127000000000000000e+03
2.920000000000000000e+03 2.080000000000000000e+03 1.428000000000000000e+04 -4.640000000000000000e+03 -1.310000000000000000e+02 2.174000000000000000e+03
9.280000000000000000e+02 1.142400000000000000e+04 1.429600000000000000e+04 -4.656000000000000000e+03 -8.700000000000000000e+01 2.254000000000000000e+03
4.160000000000000000e+03 2.956000000000000000e+03 1.413200000000000000e+04 -4.672000000000000000e+03 -1.300000000000000000e+02 2.335000000000000000e+03
4.332000000000000000e+03 2.804000000000000000e+03 1.425600000000000000e+04 -4.640000000000000000e+03 -7.100000000000000000e+01 2.696000000000000000e+03
3.692000000000000000e+03 2.408000000000000000e+03 1.429200000000000000e+04 -4.656000000000000000e+03 -7.500000000000000000e+01 2.030000000000000000e+03
3.596000000000000000e+03 2.116000000000000000e+03 1.403200000000000000e+04 -4.624000000000000000e+03 -7.700000000000000000e+01 4.460000000000000000e+02
4.236000000000000000e+03 2.080000000000000000e+03 1.409600000000000000e+04 -4.656000000000000000e+03 -9.100000000000000000e+01 -2.370000000000000000e+02
4.284000000000000000e+03 2.008000000000000000e+03 1.412000000000000000e+04 -4.624000000000000000e+03 -1.260000000000000000e+02 8.100000000000000000e+01
4.016000000000000000e+03 1.880000000000000000e+03 1.417600000000000000e+04 -4.624000000000000000e+03 -1.250000000000000000e+02 1.700000000000000000e+01
3.824000000000000000e+03 1.872000000000000000e+03 1.424800000000000000e+04 -4.624000000000000000e+03 -5.800000000000000000e+01 -1.920000000000000000e+02
3.936000000000000000e+03 1.948000000000000000e+03 1.418400000000000000e+04 -4.640000000000000000e+03 -2.110000000000000000e+02 -2.700000000000000000e+02
4.088000000000000000e+03 2.168000000000000000e+03 1.444000000000000000e+04 -4.656000000000000000e+03 -2.080000000000000000e+02 -5.310000000000000000e+02
4.080000000000000000e+03 2.120000000000000000e+03 1.433600000000000000e+04 -4.624000000000000000e+03 -2.780000000000000000e+02 -8.500000000000000000e+02
3.888000000000000000e+03 2.036000000000000000e+03 1.444000000000000000e+04 -4.656000000000000000e+03 -2.390000000000000000e+02 -2.680000000000000000e+02
3.748000000000000000e+03 1.816000000000000000e+03 1.446000000000000000e+04 -4.624000000000000000e+03 -3.110000000000000000e+02 7.260000000000000000e+02
3.528000000000000000e+03 1.840000000000000000e+03 1.446400000000000000e+04 -4.624000000000000000e+03 -3.160000000000000000e+02 8.880000000000000000e+02
3.608000000000000000e+03 1.876000000000000000e+03 1.438800000000000000e+04 -4.640000000000000000e+03 -3.340000000000000000e+02 -1.210000000000000000e+03
3.360000000000000000e+03 1.956000000000000000e+03 1.459600000000000000e+04 -4.624000000000000000e+03 -3.710000000000000000e+02 6.640000000000000000e+02
3.292000000000000000e+03 2.012000000000000000e+03 1.448000000000000000e+04 -4.640000000000000000e+03 -3.520000000000000000e+02 1.070000000000000000e+02
2.972000000000000000e+03 2.064000000000000000e+03 1.454000000000000000e+04 -4.640000000000000000e+03 -3.470000000000000000e+02 2.050000000000000000e+02
2.732000000000000000e+03 2.100000000000000000e+03 1.493200000000000000e+04 -4.656000000000000000e+03 -9.000000000000000000e+01 3.570000000000000000e+02
2.448000000000000000e+03 2.160000000000000000e+03 1.463600000000000000e+04 -4.624000000000000000e+03 6.560000000000000000e+02 2.780000000000000000e+02
2.428000000000000000e+03 2.176000000000000000e+03 1.452800000000000000e+04 -4.592000000000000000e+03 -2.749000000000000000e+03 6.250000000000000000e+02
2.400000000000000000e+03 2.212000000000000000e+03 1.454800000000000000e+04 -4.624000000000000000e+03 -3.650000000000000000e+03 1.062000000000000000e+03
2.200000000000000000e+03 2.052000000000000000e+03 1.454800000000000000e+04 -4.592000000000000000e+03 -1.130000000000000000e+02 1.327000000000000000e+03
1.848000000000000000e+03 2.084000000000000000e+03 1.458400000000000000e+04 -4.640000000000000000e+03 -6.340000000000000000e+02 1.476000000000000000e+03
-4.480000000000000000e+02 2.076000000000000000e+03 1.435600000000000000e+04 -4.656000000000000000e+03 -2.660000000000000000e+02 1.579000000000000000e+03
-7.160000000000000000e+02 2.028000000000000000e+03 1.456400000000000000e+04 -4.624000000000000000e+03 -1.530000000000000000e+02 1.612000000000000000e+03
1.704000000000000000e+03 2.148000000000000000e+03 1.440800000000000000e+04 -4.608000000000000000e+03 -3.540000000000000000e+02 1.743000000000000000e+03
1.924000000000000000e+03 2.376000000000000000e+03 1.412000000000000000e+04 -4.624000000000000000e+03 -3.380000000000000000e+02 1.745000000000000000e+03
9.360000000000000000e+02 2.448000000000000000e+03 1.475200000000000000e+04 -4.640000000000000000e+03 -3.320000000000000000e+02 1.727000000000000000e+03
1.388000000000000000e+03 2.388000000000000000e+03 2.260000000000000000e+04 -4.656000000000000000e+03 -3.670000000000000000e+02 2.135000000000000000e+03
1.424000000000000000e+03 2.140000000000000000e+03 1.159600000000000000e+04 -4.624000000000000000e+03 -1.250000000000000000e+02 3.396000000000000000e+03
5.520000000000000000e+02 1.916000000000000000e+03 1.584800000000000000e+04 -4.640000000000000000e+03 -1.590000000000000000e+02 8.650000000000000000e+02
1.856000000000000000e+03 2.236000000000000000e+03 2.153600000000000000e+04 -4.624000000000000000e+03 -1.600000000000000000e+02 4.070000000000000000e+02
3.288000000000000000e+03 2.304000000000000000e+03 2.074400000000000000e+04 -4.640000000000000000e+03 -1.210000000000000000e+02 1.163000000000000000e+03
3.156000000000000000e+03 2.008000000000000000e+03 2.158800000000000000e+04 -4.624000000000000000e+03 6.700000000000000000e+01 4.470000000000000000e+02
1.060000000000000000e+03 2.232000000000000000e+03 2.135200000000000000e+04 -4.656000000000000000e+03 7.700000000000000000e+01 5.790000000000000000e+02
-2.956000000000000000e+03 1.576800000000000000e+04 1.796400000000000000e+04 -4.656000000000000000e+03 2.530000000000000000e+02 1.790000000000000000e+02
4.964000000000000000e+03 -1.542800000000000000e+04 1.423200000000000000e+04 -4.656000000000000000e+03 2.290000000000000000e+02 -2.380000000000000000e+02
3.880000000000000000e+03 3.428000000000000000e+03 1.068400000000000000e+04 -4.672000000000000000e+03 1.300000000000000000e+02 -6.190000000000000000e+02
2.344000000000000000e+03 3.020000000000000000e+03 7.120000000000000000e+03 -4.624000000000000000e+03 -9.300000000000000000e+01 -7.340000000000000000e+02
2.588000000000000000e+03 3.084000000000000000e+03 5.556000000000000000e+03 -4.640000000000000000e+03 -5.000000000000000000e+02 -1.014000000000000000e+03
2.256000000000000000e+03 3.088000000000000000e+03 3.920000000000000000e+03 -4.640000000000000000e+03 -4.790000000000000000e+02 -7.810000000000000000e+02
3.724000000000000000e+03 3.592000000000000000e+03 3.620000000000000000e+03 -4.624000000000000000e+03 -5.140000000000000000e+02 -1.410000000000000000e+03
3.164000000000000000e+03 2.796000000000000000e+03 4.672000000000000000e+03 -4.624000000000000000e+03 -4.510000000000000000e+02 -1.002000000000000000e+03
2.356000000000000000e+03 1.884000000000000000e+03 8.104000000000000000e+03 -4.656000000000000000e+03 -6.120000000000000000e+02 -1.776000000000000000e+03
2.212000000000000000e+03 1.272000000000000000e+03 1.103200000000000000e+04 -4.640000000000000000e+03 -6.440000000000000000e+02 -1.349000000000000000e+03
2.036000000000000000e+03 6.560000000000000000e+02 1.708800000000000000e+04 -4.624000000000000000e+03 -5.900000000000000000e+02 -1.370000000000000000e+03
1.424000000000000000e+03 7.080000000000000000e+02 1.862800000000000000e+04 -4.656000000000000000e+03 -5.900000000000000000e+02 -1.140000000000000000e+03
1.300000000000000000e+03 5.360000000000000000e+02 1.581200000000000000e+04 -4.656000000000000000e+03 -5.080000000000000000e+02 -1.829000000000000000e+03
9.120000000000000000e+02 3.560000000000000000e+02 1.322800000000000000e+04 -4.624000000000000000e+03 -8.080000000000000000e+02 -1.806000000000000000e+03
1.368000000000000000e+03 2.200000000000000000e+02 1.186800000000000000e+04 -4.624000000000000000e+03 -7.770000000000000000e+02 -2.087000000000000000e+03
2.228000000000000000e+03 2.840000000000000000e+02 9.728000000000000000e+03 -4.624000000000000000e+03 -9.140000000000000000e+02 -2.198000000000000000e+03
-3.816000000000000000e+03 1.028000000000000000e+03 9.740000000000000000e+03 -4.608000000000000000e+03 -6.580000000000000000e+02 -6.119000000000000000e+03
-1.387200000000000000e+04 2.504000000000000000e+03 8.996000000000000000e+03 -4.656000000000000000e+03 -7.410000000000000000e+02 -1.143000000000000000e+03
-1.152000000000000000e+03 3.856000000000000000e+03 7.832000000000000000e+03 -4.624000000000000000e+03 -3.800000000000000000e+02 -1.297000000000000000e+03
2.840000000000000000e+03 3.496000000000000000e+03 7.744000000000000000e+03 -4.640000000000000000e+03 -4.880000000000000000e+02 -1.207600000000000000e+04
2.704000000000000000e+03 2.764000000000000000e+03 9.688000000000000000e+03 -4.608000000000000000e+03 -3.130000000000000000e+02 -3.156000000000000000e+03
