-3.560000000000000000e+02 2.600000000000000000e+03 1.438800000000000000e+04 -4.624000000000000000e+03 -3.010000000000000000e+02 -1.090000000000000000e+02
-8.440000000000000000e+02 2.328000000000000000e+03 1.452000000000000000e+04 -4.640000000000000000e+03 -2.750000000000000000e+02 8.800000000000000000e+01
-2.560000000000000000e+02 1.844000000000000000e+03 1.467200000000000000e+04 -4.624000000000000000e+03 -2.880000000000000000e+02 6.800000000000000000e+01
4.400000000000000000e+02 2.652000000000000000e+03 1.446800000000000000e+04 -4.624000000000000000e+03 -2.780000000000000000e+02 4.600000000000000000e+01
7.680000000000000000e+02 2.456000000000000000e+03 1.454800000000000000e+04 -4.640000000000000000e+03 -3.000000000000000000e+02 4.230000000000000000e+02
2.040000000000000000e+02 2.244000000000000000e+03 1.457200000000000000e+04 -4.656000000000000000e+03 -3.090000000000000000e+02 5.540000000000000000e+02
2.680000000000000000e+02 2.168000000000000000e+03 1.442000000000000000e+04 -4.624000000000000000e+03 -2.530000000000000000e+02 1.300000000000000000e+02
6.760000000000000000e+02 2.252000000000000000e+03 1.456800000000000000e+04 -4.624000000000000000e+03 -3.440000000000000000e+02 -2.335000000000000000e+03
2.320000000000000000e+02 2.368000000000000000e+03 1.446400000000000000e+04 -4.624000000000000000e+03 -2.630000000000000000e+02 -1.133000000000000000e+03
-7.200000000000000000e+01 2.360000000000000000e+03 1.439600000000000000e+04 -4.656000000000000000e+03 -3.130000000000000000e+02 -8.080000000000000000e+02
1.720000000000000000e+02 2.292000000000000000e+03 1.438400000000000000e+04 -4.640000000000000000e+03 -2.670000000000000000e+02 2.600000000000000000e+02
9.200000000000000000e+01 2.312000000000000000e+03 1.452000000000000000e+04 -4.640000000000000000e+03 -1.810000000000000000e+02 -4.120000000000000000e+02
1.400000000000000000e+02 2.340000000000000000e+03 1.452000000000000000e+04 -4.624000000000000000e+03 4.400000000000000000e+02 4.590000000000000000e+02
5.400000000000000000e+02 2.296000000000000000e+03 1.464400000000000000e+04 -4.640000000000000000e+03 1.920000000000000000e+02 2.970000000000000000e+02
2.800000000000000000e+02 2.300000000000000000e+03 1.455600000000000000e+04 -4.640000000000000000e+03 -2.360000000000000000e+02 9.130000000000000000e+02
4.120000000000000000e+02 2.176000000000000000e+03 1.471200000000000000e+04 -4.656000000000000000e+03 -6.170000000000000000e+02 1.773000000000000000e+03
5.840000000000000000e+02 2.276000000000000000e+03 1.451200000000000000e+04 -4.656000000000000000e+03 -3.600000000000000000e+01 1.077000000000000000e+03
5.480000000000000000e+02 2.352000000000000000e+03 1.431200000000000000e+04 -4.608000000000000000e+03 -3.760000000000000000e+02 8.340000000000000000e+02
1.960000000000000000e+02 2.428000000000000000e+03 1.463200000000000000e+04 -4.656000000000000000e+03 -3.800000000000000000e+02 1.530000000000000000e+03
-8.400000000000000000e+01 2.268000000000000000e+03 1.458400000000000000e+04 -4.608000000000000000e+03 -3.740000000000000000e+02 1.425000000000000000e+03
1.840000000000000000e+02 2.324000000000000000e+03 1.454000000000000000e+04 -4.624000000000000000e+03 -4.480000000000000000e+02 1.155000000000000000e+03
1.600000000000000000e+02 2.272000000000000000e+03 1.439600000000000000e+04 -4.608000000000000000e+03 -3.600000000000000000e+02 1.707000000000000000e+03
1.240000000000000000e+02 2.296000000000000000e+03 1.430800000000000000e+04 -4.624000000000000000e+03 -4.370000000000000000e+02 2.079000000000000000e+03
3.600000000000000000e+02 2.328000000000000000e+03 1.439200000000000000e+04 -4.640000000000000000e+03 -4.760000000000000000e+02 2.804000000000000000e+03
2.600000000000000000e+02 2.276000000000000000e+03 7.388000000000000000e+03 -4.656000000000000000e+03 -3.930000000000000000e+02 1.405000000000000000e+03
3.440000000000000000e+02 2.292000000000000000e+03 2.582400000000000000e+04 -4.624000000000000000e+03 -2.120000000000000000e+02 7.460000000000000000e+02
7.040000000000000000e+02 2.216000000000000000e+03 1.630000000000000000e+04 -4.624000000000000000e+03 -8.300000000000000000e+01 1.014000000000000000e+03
1.960000000000000000e+02 2.236000000000000000e+03 1.948000000000000000e+04 -4.624000000000000000e+03 1.020000000000000000e+02 1.446000000000000000e+03
6.400000000000000000e+02 2.196000000000000000e+03 1.966400000000000000e+04 -4.608000000000000000e+03 3.230000000000000000e+02 1.538000000000000000e+03
1.132000000000000000e+03 1.888000000000000000e+03 2.130000000000000000e+04 -4.624000000000000000e+03 2.010000000000000000e+02 1.453000000000000000e+03
3.160000000000000000e+02 1.656000000000000000e+03 1.989200000000000000e+04 -4.656000000000000000e+03 4.330000000000000000e+02 1.260000000000000000e+02
1.692000000000000000e+03 1.664000000000000000e+03 1.908800000000000000e+04 -4.624000000000000000e+03 3.850000000000000000e+02 4.320000000000000000e+02
-1.600000000000000000e+03 2.312000000000000000e+03 1.738400000000000000e+04 -4.624000000000000000e+03 -3.500000000000000000e+01 -1.500000000000000000e+01
-1.040000000000000000e+03 -1.908000000000000000e+03 1.540800000000000000e+04 -4.608000000000000000e+03 3.880000000000000000e+02 -6.300000000000000000e+02
1.896000000000000000e+03 3.464000000000000000e+03 1.049600000000000000e+04 -4.624000000000000000e+03 -1.180000000000000000e+02 -1.011000000000000000e+03
5.280000000000000000e+02 4.008000000000000000e+03 5.732000000000000000e+03 -4.624000000000000000e+03 -1.310000000000000000e+02 -3.060000000000000000e+02
-1.460000000000000000e+03 3.636000000000000000e+03 2.772000000000000000e+03 -4.624000000000000000e+03 -8.500000000000000000e+01 -1.319000000000000000e+03
1.040000000000000000e+03 3.560000000000000000e+03 1.724000000000000000e+03 -4.624000000000000000e+03 -2.000000000000000000e+02 -1.749000000000000000e+03
1.236000000000000000e+03 3.076000000000000000e+03 3.104000000000000000e+03 -4.624000000000000000e+03 -2.120000000000000000e+02 -9.240000000000000000e+02
6.400000000000000000e+02 2.576000000000000000e+03 6.608000000000000000e+03 -4.624000000000000000e+03 -3.660000000000000000e+02 -1.509000000000000000e+03
2.160000000000000000e+02 2.300000000000000000e+03 9.608000000000000000e+03 -4.624000000000000000e+03 -5.010000000000000000e+02 -1.635000000000000000e+03
2.520000000000000000e+02 1.356000000000000000e+03 1.213200000000000000e+04 -4.608000000000000000e+03 -6.830000000000000000e+02 -9.020000000000000000e+02
2.520000000000000000e+02 8.280000000000000000e+02 1.474800000000000000e+04 -4.624000000000000000e+03 -7.090000000000000000e+02 -4.450000000000000000e+02
2.800000000000000000e+02 3.320000000000000000e+02 1.710400000000000000e+04 -4.640000000000000000e+03 -4.740000000000000000e+02 -4.780000000000000000e+02
-6.000000000000000000e+01 7.600000000000000000e+01 1.430400000000000000e+04 -4.656000000000000000e+03 -4.640000000000000000e+02 -9.750000000000000000e+02
5.680000000000000000e+02 5.120000000000000000e+02 1.232800000000000000e+04 -4.672000000000000000e+03 -4.810000000000000000e+02 -7.210000000000000000e+02
1.604000000000000000e+03 6.800000000000000000e+02 1.184000000000000000e+04 -4.656000000000000000e+03 -6.170000000000000000e+02 -1.256000000000000000e+03
1.160000000000000000e+02 1.320000000000000000e+03 1.208400000000000000e+04 -4.640000000000000000e+03 -5.360000000000000000e+02 -1.885000000000000000e+03
-6.424000000000000000e+03 1.980000000000000000e+03 1.388000000000000000e+04 -4.656000000000000000e+03 -4.580000000000000000e+02 -4.075000000000000000e+03
-4.820000000000000000e+03 2.524000000000000000e+03 1.332400000000000000e+04 -4.624000000000000000e+03 -4.220000000000000000e+02 2.678000000000000000e+03
-7.560000000000000000e+02 3.500000000000000000e+03 1.308000000000000000e+04 -4.608000000000000000e+03 -5.030000000000000000e+02 -3.593000000000000000e+03
2.580000000000000000e+03 2.392000000000000000e+03 1.106800000000000000e+04 -4.656000000000000000e+03 -2.750000000000000000e+02 -1.834000000000000000e+03
2.312000000000000000e+03 2.828000000000000000e+03 9.124000000000000000e+03 -4.624000000000000000e+03 -2.820000000000000000e+02 -3.090000000000000000e+02
9.800000000000000000e+02 2.748000000000000000e+03 4.356000000000000000e+03 -4.624000000000000000e+03 -2.070000000000000000e+02 -6.520000000000000000e+02
-9.840000000000000000e+02 2.916000000000000000e+03 5.056000000000000000e+03 -4.624000000000000000e+03 -3.590000000000000000e+02 -6.760000000000000000e+02
-1.812000000000000000e+03 3.216000000000000000e+03 9.596000000000000000e+03 -4.624000000000000000e+03 -1.610300000000000000e+04 -7.890000000000000000e+02
-1.504000000000000000e+03 2.720000000000000000e+03 1.310800000000000000e+04 -4.624000000000000000e+03 3.918000000000000000e+03 -2.850000000000000000e+02
-1.348000000000000000e+03 2.680000000000000000e+03 1.315600000000000000e+04 -4.608000000000000000e+03 2.559000000000000000e+03 2.990000000000000000e+02
