-3.412000000000000000e+03 2.228000000000000000e+03 1.234800000000000000e+04 -4.176000000000000000e+03 -2.630000000000000000e+02 9.840000000000000000e+02
2.648000000000000000e+03 4.720000000000000000e+02 1.438000000000000000e+04 -4.160000000000000000e+03 -1.950000000000000000e+02 7.140000000000000000e+02
3.848000000000000000e+03 1.840000000000000000e+03 1.576800000000000000e+04 -4.176000000000000000e+03 -2.600000000000000000e+02 5.510000000000000000e+02
5.344000000000000000e+03 2.084000000000000000e+03 1.381200000000000000e+04 -4.128000000000000000e+03 -2.170000000000000000e+02 4.060000000000000000e+02
1.852000000000000000e+03 2.620000000000000000e+03 1.328400000000000000e+04 -4.128000000000000000e+03 -2.710000000000000000e+02 3.690000000000000000e+02
2.708000000000000000e+03 3.260000000000000000e+03 1.439200000000000000e+04 -4.160000000000000000e+03 -2.290000000000000000e+02 2.710000000000000000e+02
3.440000000000000000e+03 2.944000000000000000e+03 1.487600000000000000e+04 -4.160000000000000000e+03 -2.790000000000000000e+02 1.900000000000000000e+02
3.404000000000000000e+03 2.500000000000000000e+03 1.452400000000000000e+04 -4.176000000000000000e+03 -3.170000000000000000e+02 7.100000000000000000e+01
3.000000000000000000e+03 2.100000000000000000e+03 1.444400000000000000e+04 -4.160000000000000000e+03 -2.840000000000000000e+02 1.900000000000000000e+01
3.064000000000000000e+03 1.652000000000000000e+03 1.442400000000000000e+04 -4.176000000000000000e+03 -2.850000000000000000e+02 -1.330000000000000000e+02
2.812000000000000000e+03 1.552000000000000000e+03 1.456000000000000000e+04 -4.192000000000000000e+03 -2.810000000000000000e+02 -2.360000000000000000e+02
2.464000000000000000e+03 1.724000000000000000e+03 1.452400000000000000e+04 -4.176000000000000000e+03 -3.010000000000000000e+02 -2.700000000000000000e+02
1.704000000000000000e+03 2.448000000000000000e+03 1.430800000000000000e+04 -4.192000000000000000e+03 -3.180000000000000000e+02 -1.900000000000000000e+02
1.564000000000000000e+03 2.860000000000000000e+03 1.441200000000000000e+04 -4.144000000000000000e+03 -3.070000000000000000e+02 -9.900000000000000000e+01
1.892000000000000000e+03 2.712000000000000000e+03 1.461200000000000000e+04 -4.176000000000000000e+03 -2.830000000000000000e+02 -7.700000000000000000e+01
1.920000000000000000e+03 2.232000000000000000e+03 1.449200000000000000e+04 -4.144000000000000000e+03 -3.050000000000000000e+02 -8.400000000000000000e+01
1.784000000000000000e+03 1.964000000000000000e+03 1.442000000000000000e+04 -4.176000000000000000e+03 -2.940000000000000000e+02 -1.350000000000000000e+02
1.936000000000000000e+03 1.756000000000000000e+03 1.439200000000000000e+04 -4.144000000000000000e+03 -2.770000000000000000e+02 -2.420000000000000000e+02
1.812000000000000000e+03 1.992000000000000000e+03 1.432000000000000000e+04 -4.160000000000000000e+03 -2.950000000000000000e+02 -6.060000000000000000e+02
1.848000000000000000e+03 2.148000000000000000e+03 1.443200000000000000e+04 -4.176000000000000000e+03 -3.310000000000000000e+02 -7.740000000000000000e+02
1.884000000000000000e+03 2.360000000000000000e+03 1.446000000000000000e+04 -4.160000000000000000e+03 -2.490000000000000000e+02 -2.400000000000000000e+01
1.924000000000000000e+03 2.460000000000000000e+03 1.442800000000000000e+04 -4.144000000000000000e+03 -7.400000000000000000e+01 -2.174000000000000000e+03
1.908000000000000000e+03 2.408000000000000000e+03 1.437600000000000000e+04 -4.160000000000000000e+03 4.100000000000000000e+02 -1.187000000000000000e+03
2.016000000000000000e+03 2.164000000000000000e+03 1.440000000000000000e+04 -4.192000000000000000e+03 -8.220000000000000000e+02 -7.860000000000000000e+02
2.204000000000000000e+03 2.048000000000000000e+03 1.446800000000000000e+04 -4.144000000000000000e+03 2.210000000000000000e+02 -2.680000000000000000e+02
2.368000000000000000e+03 2.028000000000000000e+03 1.452000000000000000e+04 -4.192000000000000000e+03 -4.840000000000000000e+02 1.820000000000000000e+02
2.316000000000000000e+03 2.164000000000000000e+03 1.458800000000000000e+04 -4.176000000000000000e+03 -4.740000000000000000e+02 4.930000000000000000e+02
2.204000000000000000e+03 2.256000000000000000e+03 1.443600000000000000e+04 -4.160000000000000000e+03 -6.320000000000000000e+02 8.710000000000000000e+02
2.172000000000000000e+03 2.460000000000000000e+03 1.491600000000000000e+04 -4.176000000000000000e+03 -6.530000000000000000e+02 -3.105000000000000000e+03
2.012000000000000000e+03 2.296000000000000000e+03 1.149600000000000000e+04 -4.160000000000000000e+03 -5.950000000000000000e+02 4.770000000000000000e+02
1.848000000000000000e+03 1.996000000000000000e+03 3.276700000000000000e+04 -4.160000000000000000e+03 -4.360000000000000000e+02 1.959000000000000000e+03
1.412000000000000000e+03 2.300000000000000000e+03 2.341600000000000000e+04 -4.160000000000000000e+03 -2.220000000000000000e+02 1.854000000000000000e+03
1.916000000000000000e+03 1.256000000000000000e+03 2.289200000000000000e+04 -4.160000000000000000e+03 -9.390000000000000000e+02 5.090000000000000000e+02
7.608000000000000000e+03 5.528000000000000000e+03 2.179200000000000000e+04 -4.176000000000000000e+03 5.600000000000000000e+01 9.460000000000000000e+02
1.700000000000000000e+03 3.716000000000000000e+03 2.059600000000000000e+04 -4.160000000000000000e+03 2.200000000000000000e+02 1.790000000000000000e+03
4.236000000000000000e+03 4.588000000000000000e+03 1.944400000000000000e+04 -4.160000000000000000e+03 -8.060000000000000000e+02 8.135000000000000000e+03
5.048000000000000000e+03 3.448000000000000000e+03 1.785600000000000000e+04 -4.176000000000000000e+03 -1.970000000000000000e+02 -2.643000000000000000e+03
4.836000000000000000e+03 2.916000000000000000e+03 2.005600000000000000e+04 -4.176000000000000000e+03 4.370000000000000000e+02 2.155000000000000000e+03
4.548000000000000000e+03 2.404000000000000000e+03 1.347200000000000000e+04 -4.160000000000000000e+03 8.940000000000000000e+02 1.801000000000000000e+03
4.048000000000000000e+03 1.888000000000000000e+03 1.219600000000000000e+04 -4.208000000000000000e+03 2.170000000000000000e+02 2.211000000000000000e+03
3.532000000000000000e+03 5.044000000000000000e+03 4.092000000000000000e+03 -4.208000000000000000e+03 5.650000000000000000e+02 2.320000000000000000e+02
-8.668000000000000000e+03 -7.240000000000000000e+02 4.260000000000000000e+03 -4.192000000000000000e+03 -3.610000000000000000e+02 -4.130000000000000000e+02
-8.224000000000000000e+03 -1.204000000000000000e+03 5.920000000000000000e+02 -4.176000000000000000e+03 -7.200000000000000000e+01 1.721000000000000000e+03
-8.452000000000000000e+03 3.320000000000000000e+02 2.604000000000000000e+03 -4.160000000000000000e+03 4.110000000000000000e+02 9.240000000000000000e+02
1.066800000000000000e+04 2.884000000000000000e+03 1.774000000000000000e+04 -4.160000000000000000e+03 -1.800000000000000000e+01 1.341000000000000000e+03
8.432000000000000000e+03 2.080000000000000000e+02 1.136000000000000000e+04 -4.192000000000000000e+03 -1.860000000000000000e+02 -1.430000000000000000e+02
-1.292000000000000000e+03 1.192000000000000000e+03 1.443600000000000000e+04 -4.160000000000000000e+03 -1.140000000000000000e+02 -2.680000000000000000e+02
1.168000000000000000e+03 2.768000000000000000e+03 1.249600000000000000e+04 -4.160000000000000000e+03 -3.100000000000000000e+02 -5.170000000000000000e+02
-2.532400000000000000e+04 4.260000000000000000e+03 1.156800000000000000e+04 -4.160000000000000000e+03 -3.870000000000000000e+02 -9.660000000000000000e+02
-4.640000000000000000e+02 1.600000000000000000e+03 1.684400000000000000e+04 -4.160000000000000000e+03 -2.970000000000000000e+02 -1.143000000000000000e+03
1.241200000000000000e+04 1.400000000000000000e+03 1.639600000000000000e+04 -4.160000000000000000e+03 -5.770000000000000000e+02 -1.663000000000000000e+03
9.272000000000000000e+03 1.240000000000000000e+03 1.694800000000000000e+04 -4.192000000000000000e+03 -6.610000000000000000e+02 -1.846000000000000000e+03
1.440000000000000000e+02 1.924000000000000000e+03 1.357600000000000000e+04 -4.160000000000000000e+03 -9.040000000000000000e+02 -2.295000000000000000e+03
-7.540000000000000000e+03 3.748000000000000000e+03 1.201600000000000000e+04 -4.192000000000000000e+03 -5.840000000000000000e+02 -2.348000000000000000e+03
2.208000000000000000e+03 3.988000000000000000e+03 1.110800000000000000e+04 -4.192000000000000000e+03 -5.730000000000000000e+02 -1.507000000000000000e+03
3.404000000000000000e+03 2.764000000000000000e+03 1.176400000000000000e+04 -4.192000000000000000e+03 -6.190000000000000000e+02 -2.512000000000000000e+03
2.752000000000000000e+03 2.528000000000000000e+03 1.243200000000000000e+04 -4.128000000000000000e+03 -6.350000000000000000e+02 -1.833000000000000000e+03
1.140000000000000000e+03 2.248000000000000000e+03 1.270400000000000000e+04 -4.176000000000000000e+03 -6.770000000000000000e+02 -1.059000000000000000e+03
1.000000000000000000e+02 2.192000000000000000e+03 9.788000000000000000e+03 -4.160000000000000000e+03 -4.970000000000000000e+02 -7.960000000000000000e+02
1.424000000000000000e+03 2.040000000000000000e+03 7.452000000000000000e+03 -4.192000000000000000e+03 -4.690000000000000000e+02 -1.187000000000000000e+03
1.812000000000000000e+03 1.996000000000000000e+03 1.051600000000000000e+04 -4.160000000000000000e+03 -4.540000000000000000e+02 -7.660000000000000000e+02
1.812000000000000000e+03 1.348000000000000000e+03 1.054800000000000000e+04 -4.144000000000000000e+03 -1.580000000000000000e+02 -8.750000000000000000e+02
2.280000000000000000e+02 1.164000000000000000e+03 1.211200000000000000e+04 -4.192000000000000000e+03 -1.550000000000000000e+02 -6.420000000000000000e+02
4.400000000000000000e+02 1.760000000000000000e+03 1.252000000000000000e+04 -4.192000000000000000e+03 1.010000000000000000e+02 -6.950000000000000000e+02
1.216000000000000000e+03 1.576000000000000000e+03 1.359600000000000000e+04 -4.144000000000000000e+03 2.150000000000000000e+02 -1.983000000000000000e+03
8.560000000000000000e+02 1.756000000000000000e+03 1.484400000000000000e+04 -4.160000000000000000e+03 2.890000000000000000e+02 1.322000000000000000e+03
2.292000000000000000e+03 1.840000000000000000e+03 1.533600000000000000e+04 -4.192000000000000000e+03 1.500000000000000000e+02 -1.112000000000000000e+03
2.688000000000000000e+03 2.028000000000000000e+03 1.696400000000000000e+04 -4.176000000000000000e+03 3.380000000000000000e+02 8.602000000000000000e+03
2.896000000000000000e+03 2.004000000000000000e+03 1.633600000000000000e+04 -4.160000000000000000e+03 -7.140000000000000000e+02 1.077000000000000000e+03
3.156000000000000000e+03 1.808000000000000000e+03 1.578800000000000000e+04 -4.144000000000000000e+03 -2.739000000000000000e+03 1.114000000000000000e+03
3.828000000000000000e+03 2.076000000000000000e+03 1.702000000000000000e+04 -4.176000000000000000e+03 -8.000000000000000000e+00 1.241000000000000000e+03
3.128000000000000000e+03 2.016000000000000000e+03 1.710000000000000000e+04 -4.192000000000000000e+03 -1.420000000000000000e+02 1.313000000000000000e+03
