9.988000000000000000e+03 1.392000000000000000e+03 1.288800000000000000e+04 -4.224000000000000000e+03 -3.600000000000000000e+02 1.840000000000000000e+02
1.201600000000000000e+04 1.004000000000000000e+03 1.230000000000000000e+04 -4.208000000000000000e+03 -2.950000000000000000e+02 1.200000000000000000e+02
8.964000000000000000e+03 9.880000000000000000e+02 1.247600000000000000e+04 -4.208000000000000000e+03 -3.550000000000000000e+02 8.200000000000000000e+01
8.064000000000000000e+03 1.516000000000000000e+03 1.258000000000000000e+04 -4.256000000000000000e+03 -3.000000000000000000e+02 1.010000000000000000e+02
8.756000000000000000e+03 2.060000000000000000e+03 1.264400000000000000e+04 -4.208000000000000000e+03 -3.300000000000000000e+02 1.300000000000000000e+01
8.832000000000000000e+03 2.288000000000000000e+03 1.256800000000000000e+04 -4.192000000000000000e+03 -3.220000000000000000e+02 -2.890000000000000000e+02
8.756000000000000000e+03 2.448000000000000000e+03 1.238400000000000000e+04 -4.208000000000000000e+03 -4.130000000000000000e+02 5.860000000000000000e+02
8.264000000000000000e+03 2.332000000000000000e+03 1.232400000000000000e+04 -4.176000000000000000e+03 -3.030000000000000000e+02 -9.700000000000000000e+01
8.592000000000000000e+03 2.316000000000000000e+03 1.235200000000000000e+04 -4.224000000000000000e+03 1.180000000000000000e+02 -6.690000000000000000e+02
8.832000000000000000e+03 1.876000000000000000e+03 1.248400000000000000e+04 -4.224000000000000000e+03 1.510000000000000000e+02 9.350000000000000000e+02
9.152000000000000000e+03 1.512000000000000000e+03 1.246800000000000000e+04 -4.224000000000000000e+03 1.894000000000000000e+03 -5.020000000000000000e+02
8.812000000000000000e+03 1.372000000000000000e+03 1.228800000000000000e+04 -4.208000000000000000e+03 -1.845000000000000000e+03 6.310000000000000000e+02
8.432000000000000000e+03 1.448000000000000000e+03 1.241200000000000000e+04 -4.224000000000000000e+03 -6.240000000000000000e+02 8.470000000000000000e+02
8.292000000000000000e+03 1.644000000000000000e+03 1.251200000000000000e+04 -4.208000000000000000e+03 -5.910000000000000000e+02 9.740000000000000000e+02
8.644000000000000000e+03 1.908000000000000000e+03 1.247200000000000000e+04 -4.208000000000000000e+03 -4.040000000000000000e+02 1.435000000000000000e+03
8.776000000000000000e+03 2.264000000000000000e+03 1.248400000000000000e+04 -4.208000000000000000e+03 -1.850000000000000000e+02 1.864000000000000000e+03
8.632000000000000000e+03 2.444000000000000000e+03 1.236800000000000000e+04 -4.192000000000000000e+03 -2.910000000000000000e+02 1.645000000000000000e+03
8.528000000000000000e+03 2.256000000000000000e+03 1.231200000000000000e+04 -4.208000000000000000e+03 -3.410000000000000000e+02 1.752000000000000000e+03
8.316000000000000000e+03 1.732000000000000000e+03 1.248800000000000000e+04 -4.192000000000000000e+03 -2.360000000000000000e+02 1.341000000000000000e+03
8.644000000000000000e+03 1.676000000000000000e+03 -1.970800000000000000e+04 -4.208000000000000000e+03 -2.430000000000000000e+02 1.560000000000000000e+03
8.640000000000000000e+03 1.688000000000000000e+03 1.666800000000000000e+04 -4.208000000000000000e+03 -3.000000000000000000e+02 1.549000000000000000e+03
8.724000000000000000e+03 2.072000000000000000e+03 1.406000000000000000e+04 -4.192000000000000000e+03 -3.770000000000000000e+02 1.887000000000000000e+03
8.652000000000000000e+03 2.128000000000000000e+03 1.901600000000000000e+04 -4.224000000000000000e+03 -3.980000000000000000e+02 2.463000000000000000e+03
8.568000000000000000e+03 2.128000000000000000e+03 1.715600000000000000e+04 -4.224000000000000000e+03 -3.420000000000000000e+02 1.195000000000000000e+03
8.144000000000000000e+03 1.920000000000000000e+03 1.569600000000000000e+04 -4.192000000000000000e+03 -3.890000000000000000e+02 1.200000000000000000e+02
8.520000000000000000e+03 1.800000000000000000e+03 1.639200000000000000e+04 -4.192000000000000000e+03 -3.200000000000000000e+02 2.559000000000000000e+03
8.660000000000000000e+03 1.704000000000000000e+03 1.580800000000000000e+04 -4.224000000000000000e+03 4.200000000000000000e+01 2.060000000000000000e+03
8.736000000000000000e+03 1.820000000000000000e+03 1.474400000000000000e+04 -4.208000000000000000e+03 -8.250000000000000000e+02 2.575000000000000000e+03
8.424000000000000000e+03 -2.432000000000000000e+04 1.332000000000000000e+04 -4.192000000000000000e+03 -8.290000000000000000e+02 1.719000000000000000e+03
8.344000000000000000e+03 -3.496000000000000000e+03 1.186800000000000000e+04 -4.224000000000000000e+03 -8.040000000000000000e+02 1.141000000000000000e+03
5.676000000000000000e+03 2.716000000000000000e+03 8.680000000000000000e+03 -4.192000000000000000e+03 -8.500000000000000000e+02 -4.310000000000000000e+02
1.688400000000000000e+04 2.484000000000000000e+03 4.956000000000000000e+03 -4.256000000000000000e+03 -6.170000000000000000e+02 1.075000000000000000e+03
1.418800000000000000e+04 2.652000000000000000e+03 3.200000000000000000e+03 -4.224000000000000000e+03 -3.790000000000000000e+02 4.220000000000000000e+02
1.050800000000000000e+04 2.200000000000000000e+03 2.620000000000000000e+03 -4.240000000000000000e+03 -2.960000000000000000e+02 2.100000000000000000e+02
1.232800000000000000e+04 2.428000000000000000e+03 2.944000000000000000e+03 -4.192000000000000000e+03 -2.400000000000000000e+02 -1.080000000000000000e+03
1.167600000000000000e+04 2.424000000000000000e+03 4.064000000000000000e+03 -4.224000000000000000e+03 -3.400000000000000000e+02 -1.765000000000000000e+03
1.144800000000000000e+04 2.200000000000000000e+03 1.700400000000000000e+04 -4.240000000000000000e+03 -2.910000000000000000e+02 -5.660000000000000000e+02
1.207200000000000000e+04 1.948000000000000000e+03 1.770000000000000000e+04 -4.192000000000000000e+03 -3.180000000000000000e+02 -1.039000000000000000e+03
1.084400000000000000e+04 1.980000000000000000e+03 1.688800000000000000e+04 -4.224000000000000000e+03 -3.010000000000000000e+02 -9.890000000000000000e+02
9.992000000000000000e+03 1.556000000000000000e+03 1.453200000000000000e+04 -4.192000000000000000e+03 -1.290000000000000000e+02 -1.045000000000000000e+03
8.512000000000000000e+03 9.160000000000000000e+02 1.120000000000000000e+04 -4.208000000000000000e+03 -6.000000000000000000e+00 -7.230000000000000000e+02
6.532000000000000000e+03 8.560000000000000000e+02 9.220000000000000000e+03 -4.224000000000000000e+03 -3.300000000000000000e+01 -5.420000000000000000e+02
4.904000000000000000e+03 7.920000000000000000e+02 1.398400000000000000e+04 -4.224000000000000000e+03 3.940000000000000000e+02 -4.650000000000000000e+02
3.384000000000000000e+03 6.320000000000000000e+02 1.295600000000000000e+04 -4.224000000000000000e+03 3.500000000000000000e+02 -3.330000000000000000e+02
2.816000000000000000e+03 9.520000000000000000e+02 7.948000000000000000e+03 -4.192000000000000000e+03 2.000000000000000000e+02 -4.220000000000000000e+02
3.700000000000000000e+03 2.692000000000000000e+03 1.193600000000000000e+04 -4.208000000000000000e+03 3.960000000000000000e+02 4.630000000000000000e+02
6.868000000000000000e+03 2.084000000000000000e+03 1.309200000000000000e+04 -4.176000000000000000e+03 4.040000000000000000e+02 7.800000000000000000e+01
-2.276000000000000000e+03 2.752000000000000000e+03 1.276000000000000000e+04 -4.208000000000000000e+03 3.750000000000000000e+02 -7.090000000000000000e+02
6.800000000000000000e+01 3.112000000000000000e+03 1.136400000000000000e+04 -4.224000000000000000e+03 4.080000000000000000e+02 2.810000000000000000e+02
9.184000000000000000e+03 2.140000000000000000e+03 9.512000000000000000e+03 -4.224000000000000000e+03 2.480000000000000000e+02 2.870000000000000000e+02
1.230800000000000000e+04 1.072000000000000000e+03 8.080000000000000000e+03 -4.192000000000000000e+03 2.730000000000000000e+02 -1.190000000000000000e+02
1.157200000000000000e+04 2.472000000000000000e+03 6.748000000000000000e+03 -4.224000000000000000e+03 2.260000000000000000e+02 1.570000000000000000e+02
5.760000000000000000e+03 1.644000000000000000e+03 8.508000000000000000e+03 -4.208000000000000000e+03 1.560000000000000000e+02 -1.200000000000000000e+01
-8.160000000000000000e+02 1.116000000000000000e+03 1.104000000000000000e+04 -4.224000000000000000e+03 8.700000000000000000e+01 -4.100000000000000000e+02
4.764000000000000000e+03 1.000000000000000000e+03 1.054800000000000000e+04 -4.224000000000000000e+03 4.000000000000000000e+00 5.166000000000000000e+03
1.564000000000000000e+04 1.860000000000000000e+03 1.006000000000000000e+04 -4.240000000000000000e+03 -7.700000000000000000e+01 -2.461800000000000000e+04
9.892000000000000000e+03 1.816000000000000000e+03 1.195200000000000000e+04 -4.224000000000000000e+03 -2.460000000000000000e+02 -2.290000000000000000e+03
6.424000000000000000e+03 1.312000000000000000e+03 1.220800000000000000e+04 -4.240000000000000000e+03 -1.130000000000000000e+02 4.531000000000000000e+03
4.556000000000000000e+03 1.608000000000000000e+03 1.298400000000000000e+04 -4.192000000000000000e+03 -3.242000000000000000e+03 3.036000000000000000e+03
