7.140000000000000000e+03 2.500000000000000000e+03 1.263600000000000000e+04 -4.208000000000000000e+03 -3.520000000000000000e+02 2.344000000000000000e+03
7.236000000000000000e+03 2.876000000000000000e+03 1.284800000000000000e+04 -4.240000000000000000e+03 -3.490000000000000000e+02 1.526000000000000000e+03
6.584000000000000000e+03 3.012000000000000000e+03 1.331600000000000000e+04 -4.240000000000000000e+03 -3.000000000000000000e+02 4.560000000000000000e+02
6.256000000000000000e+03 2.960000000000000000e+03 1.326000000000000000e+04 -4.240000000000000000e+03 -2.240000000000000000e+02 3.150000000000000000e+02
3.796000000000000000e+03 2.188000000000000000e+03 1.442400000000000000e+04 -4.224000000000000000e+03 -1.690000000000000000e+02 4.920000000000000000e+02
5.260000000000000000e+03 2.104000000000000000e+03 1.395200000000000000e+04 -4.192000000000000000e+03 -2.410000000000000000e+02 4.300000000000000000e+02
6.244000000000000000e+03 2.036000000000000000e+03 1.358000000000000000e+04 -4.240000000000000000e+03 -2.590000000000000000e+02 1.440000000000000000e+02
6.144000000000000000e+03 2.380000000000000000e+03 1.340400000000000000e+04 -4.224000000000000000e+03 -2.320000000000000000e+02 2.160000000000000000e+02
5.460000000000000000e+03 2.620000000000000000e+03 1.362800000000000000e+04 -4.224000000000000000e+03 -2.670000000000000000e+02 4.460000000000000000e+02
5.760000000000000000e+03 2.788000000000000000e+03 1.354400000000000000e+04 -4.224000000000000000e+03 -3.040000000000000000e+02 3.530000000000000000e+02
6.292000000000000000e+03 2.712000000000000000e+03 1.332800000000000000e+04 -4.240000000000000000e+03 -3.160000000000000000e+02 1.620000000000000000e+02
6.264000000000000000e+03 2.488000000000000000e+03 1.351600000000000000e+04 -4.224000000000000000e+03 -3.140000000000000000e+02 1.140000000000000000e+02
5.616000000000000000e+03 2.420000000000000000e+03 1.377200000000000000e+04 -4.208000000000000000e+03 -2.960000000000000000e+02 2.470000000000000000e+02
5.624000000000000000e+03 2.316000000000000000e+03 1.362800000000000000e+04 -4.192000000000000000e+03 -3.140000000000000000e+02 2.510000000000000000e+02
6.180000000000000000e+03 2.412000000000000000e+03 1.334000000000000000e+04 -4.240000000000000000e+03 -3.260000000000000000e+02 8.800000000000000000e+01
6.304000000000000000e+03 2.548000000000000000e+03 1.352800000000000000e+04 -4.224000000000000000e+03 -3.080000000000000000e+02 -9.800000000000000000e+01
5.864000000000000000e+03 2.572000000000000000e+03 1.340800000000000000e+04 -4.224000000000000000e+03 -2.940000000000000000e+02 -1.210000000000000000e+02
5.692000000000000000e+03 2.512000000000000000e+03 1.360800000000000000e+04 -4.208000000000000000e+03 -2.850000000000000000e+02 -2.400000000000000000e+01
6.064000000000000000e+03 2.464000000000000000e+03 1.356400000000000000e+04 -4.208000000000000000e+03 -2.930000000000000000e+02 1.360000000000000000e+02
6.200000000000000000e+03 2.544000000000000000e+03 1.329200000000000000e+04 -4.256000000000000000e+03 -2.850000000000000000e+02 2.190000000000000000e+02
6.224000000000000000e+03 2.516000000000000000e+03 1.345600000000000000e+04 -4.208000000000000000e+03 -2.830000000000000000e+02 2.520000000000000000e+02
6.412000000000000000e+03 2.492000000000000000e+03 1.344400000000000000e+04 -4.192000000000000000e+03 -2.980000000000000000e+02 2.840000000000000000e+02
6.156000000000000000e+03 2.448000000000000000e+03 1.336800000000000000e+04 -4.208000000000000000e+03 -2.950000000000000000e+02 2.270000000000000000e+02
6.100000000000000000e+03 2.488000000000000000e+03 1.347200000000000000e+04 -4.192000000000000000e+03 -2.740000000000000000e+02 1.920000000000000000e+02
6.012000000000000000e+03 2.480000000000000000e+03 1.341200000000000000e+04 -4.240000000000000000e+03 -2.660000000000000000e+02 1.830000000000000000e+02
5.832000000000000000e+03 2.452000000000000000e+03 1.354000000000000000e+04 -4.224000000000000000e+03 -2.540000000000000000e+02 1.460000000000000000e+02
6.096000000000000000e+03 2.504000000000000000e+03 1.344000000000000000e+04 -4.208000000000000000e+03 -2.130000000000000000e+02 6.100000000000000000e+01
6.008000000000000000e+03 2.452000000000000000e+03 1.349200000000000000e+04 -4.192000000000000000e+03 -1.410000000000000000e+02 1.380000000000000000e+02
5.924000000000000000e+03 2.348000000000000000e+03 1.348400000000000000e+04 -4.224000000000000000e+03 -2.100000000000000000e+01 5.430000000000000000e+02
5.744000000000000000e+03 2.404000000000000000e+03 1.351200000000000000e+04 -4.208000000000000000e+03 7.900000000000000000e+01 3.340000000000000000e+02
6.484000000000000000e+03 2.548000000000000000e+03 1.338400000000000000e+04 -4.256000000000000000e+03 -1.700000000000000000e+02 -1.116000000000000000e+03
5.936000000000000000e+03 2.808000000000000000e+03 1.306400000000000000e+04 -4.240000000000000000e+03 1.280000000000000000e+02 -2.773000000000000000e+03
4.944000000000000000e+03 3.968000000000000000e+03 2.042800000000000000e+04 -4.240000000000000000e+03 -1.100000000000000000e+01 -1.397000000000000000e+03
4.916000000000000000e+03 2.032000000000000000e+03 1.850400000000000000e+04 -4.224000000000000000e+03 1.030000000000000000e+02 -7.320000000000000000e+02
5.160000000000000000e+02 6.116000000000000000e+03 2.836000000000000000e+04 -4.224000000000000000e+03 2.780000000000000000e+02 -4.900000000000000000e+02
6.676000000000000000e+03 2.876000000000000000e+03 1.963600000000000000e+04 -4.240000000000000000e+03 8.500000000000000000e+01 2.550000000000000000e+02
8.504000000000000000e+03 4.356000000000000000e+03 1.946400000000000000e+04 -4.240000000000000000e+03 -1.110000000000000000e+02 2.610000000000000000e+02
8.340000000000000000e+03 3.728000000000000000e+03 1.934400000000000000e+04 -4.224000000000000000e+03 -1.100000000000000000e+02 4.870000000000000000e+02
9.852000000000000000e+03 3.400000000000000000e+03 1.813200000000000000e+04 -4.240000000000000000e+03 -1.850000000000000000e+02 4.440000000000000000e+02
8.548000000000000000e+03 3.532000000000000000e+03 1.616000000000000000e+04 -4.224000000000000000e+03 -3.150000000000000000e+02 4.060000000000000000e+02
7.540000000000000000e+03 3.456000000000000000e+03 1.548000000000000000e+04 -4.208000000000000000e+03 -5.530000000000000000e+02 5.720000000000000000e+02
7.244000000000000000e+03 3.652000000000000000e+03 1.660400000000000000e+04 -4.208000000000000000e+03 -5.940000000000000000e+02 8.060000000000000000e+02
7.036000000000000000e+03 3.144000000000000000e+03 1.491600000000000000e+04 -4.224000000000000000e+03 -7.150000000000000000e+02 1.001000000000000000e+03
6.388000000000000000e+03 2.548000000000000000e+03 1.206400000000000000e+04 -4.224000000000000000e+03 -7.580000000000000000e+02 1.188000000000000000e+03
5.284000000000000000e+03 2.108000000000000000e+03 9.880000000000000000e+03 -4.240000000000000000e+03 -6.880000000000000000e+02 1.208000000000000000e+03
3.976000000000000000e+03 1.404000000000000000e+03 7.748000000000000000e+03 -4.240000000000000000e+03 -5.390000000000000000e+02 1.359000000000000000e+03
2.408000000000000000e+03 5.320000000000000000e+02 4.312000000000000000e+03 -4.240000000000000000e+03 -3.230000000000000000e+02 1.438000000000000000e+03
1.856000000000000000e+03 2.880000000000000000e+02 2.352000000000000000e+03 -4.208000000000000000e+03 -1.830000000000000000e+02 1.788000000000000000e+03
2.560000000000000000e+03 5.640000000000000000e+02 3.136000000000000000e+03 -4.192000000000000000e+03 -8.700000000000000000e+01 1.942000000000000000e+03
3.352000000000000000e+03 7.360000000000000000e+02 5.828000000000000000e+03 -4.240000000000000000e+03 -3.660000000000000000e+02 1.741000000000000000e+03
3.732000000000000000e+03 1.820000000000000000e+03 1.142400000000000000e+04 -4.208000000000000000e+03 -6.470000000000000000e+02 1.901000000000000000e+03
2.368000000000000000e+03 2.752000000000000000e+03 1.641600000000000000e+04 -4.240000000000000000e+03 -8.190000000000000000e+02 2.100000000000000000e+03
5.144000000000000000e+03 3.236000000000000000e+03 1.629600000000000000e+04 -4.240000000000000000e+03 -7.730000000000000000e+02 2.072000000000000000e+03
6.480000000000000000e+03 3.108000000000000000e+03 1.480000000000000000e+04 -4.240000000000000000e+03 -7.330000000000000000e+02 2.241000000000000000e+03
6.204000000000000000e+03 2.616000000000000000e+03 1.207200000000000000e+04 -4.240000000000000000e+03 -8.960000000000000000e+02 2.072000000000000000e+03
5.528000000000000000e+03 2.764000000000000000e+03 1.272000000000000000e+04 -4.208000000000000000e+03 -9.520000000000000000e+02 1.846000000000000000e+03
5.048000000000000000e+03 2.876000000000000000e+03 1.342800000000000000e+04 -4.240000000000000000e+03 -1.140000000000000000e+03 1.424000000000000000e+03
5.076000000000000000e+03 3.096000000000000000e+03 1.468400000000000000e+04 -4.208000000000000000e+03 -1.067000000000000000e+03 1.005000000000000000e+03
5.408000000000000000e+03 3.060000000000000000e+03 1.489600000000000000e+04 -4.224000000000000000e+03 -1.084000000000000000e+03 4.950000000000000000e+02
5.160000000000000000e+03 2.660000000000000000e+03 1.442000000000000000e+04 -4.208000000000000000e+03 -9.730000000000000000e+02 1.120000000000000000e+02
4.692000000000000000e+03 2.116000000000000000e+03 1.254000000000000000e+04 -4.224000000000000000e+03 -8.750000000000000000e+02 -2.680000000000000000e+02
4.944000000000000000e+03 1.604000000000000000e+03 1.091600000000000000e+04 -4.192000000000000000e+03 -8.350000000000000000e+02 -6.430000000000000000e+02
4.848000000000000000e+03 1.648000000000000000e+03 9.900000000000000000e+03 -4.240000000000000000e+03 -7.700000000000000000e+02 -9.170000000000000000e+02
4.268000000000000000e+03 1.656000000000000000e+03 8.796000000000000000e+03 -4.192000000000000000e+03 -6.370000000000000000e+02 -1.158000000000000000e+03
3.144000000000000000e+03 1.220000000000000000e+03 7.168000000000000000e+03 -4.224000000000000000e+03 -2.860000000000000000e+02 -1.520000000000000000e+03
2.044000000000000000e+03 7.960000000000000000e+02 5.184000000000000000e+03 -4.224000000000000000e+03 -2.510000000000000000e+02 -1.933000000000000000e+03
2.648000000000000000e+03 1.212000000000000000e+03 6.772000000000000000e+03 -4.240000000000000000e+03 -6.600000000000000000e+01 -2.220000000000000000e+03
3.560000000000000000e+03 1.736000000000000000e+03 9.456000000000000000e+03 -4.208000000000000000e+03 -1.000000000000000000e+01 -2.609000000000000000e+03
3.984000000000000000e+03 1.856000000000000000e+03 1.118000000000000000e+04 -4.240000000000000000e+03 3.800000000000000000e+01 -2.599000000000000000e+03
4.500000000000000000e+03 2.376000000000000000e+03 1.391600000000000000e+04 -4.224000000000000000e+03 1.800000000000000000e+02 -2.443000000000000000e+03
5.652000000000000000e+03 2.608000000000000000e+03 1.539200000000000000e+04 -4.224000000000000000e+03 2.430000000000000000e+02 -2.296000000000000000e+03
5.524000000000000000e+03 2.420000000000000000e+03 1.547200000000000000e+04 -4.224000000000000000e+03 3.290000000000000000e+02 -2.276000000000000000e+03
6.360000000000000000e+03 2.676000000000000000e+03 1.550000000000000000e+04 -4.224000000000000000e+03 2.770000000000000000e+02 -2.259000000000000000e+03
6.528000000000000000e+03 2.700000000000000000e+03 1.563600000000000000e+04 -4.224000000000000000e+03 3.300000000000000000e+02 -2.312000000000000000e+03
6.916000000000000000e+03 2.800000000000000000e+03 1.547600000000000000e+04 -4.256000000000000000e+03 3.170000000000000000e+02 -2.148000000000000000e+03
7.076000000000000000e+03 3.032000000000000000e+03 1.549200000000000000e+04 -4.192000000000000000e+03 1.880000000000000000e+02 -1.824000000000000000e+03
7.568000000000000000e+03 2.916000000000000000e+03 1.588000000000000000e+04 -4.256000000000000000e+03 1.800000000000000000e+02 -1.507000000000000000e+03
8.196000000000000000e+03 3.112000000000000000e+03 1.601600000000000000e+04 -4.224000000000000000e+03 -3.000000000000000000e+01 -5.682000000000000000e+03
8.764000000000000000e+03 3.192000000000000000e+03 1.606800000000000000e+04 -4.240000000000000000e+03 -4.291000000000000000e+03 -5.910000000000000000e+02
8.640000000000000000e+03 2.844000000000000000e+03 1.602400000000000000e+04 -4.256000000000000000e+03 2.278000000000000000e+03 1.701000000000000000e+03
-1.920000000000000000e+03 -3.276800000000000000e+04 7.356000000000000000e+03 -4.192000000000000000e+03 -3.528000000000000000e+03 2.774000000000000000e+03
1.003600000000000000e+04 -5.388000000000000000e+03 1.352800000000000000e+04 -4.224000000000000000e+03 1.796000000000000000e+03 3.826000000000000000e+03
