5.776000000000000000e+03 2.308000000000000000e+03 1.353600000000000000e+04 -4.192000000000000000e+03 -3.020000000000000000e+02 2.840000000000000000e+02
5.496000000000000000e+03 2.220000000000000000e+03 1.354800000000000000e+04 -4.176000000000000000e+03 -2.950000000000000000e+02 2.680000000000000000e+02
5.600000000000000000e+03 2.512000000000000000e+03 1.362000000000000000e+04 -4.176000000000000000e+03 -2.810000000000000000e+02 2.330000000000000000e+02
5.452000000000000000e+03 2.428000000000000000e+03 1.382000000000000000e+04 -4.192000000000000000e+03 -2.650000000000000000e+02 1.710000000000000000e+02
5.568000000000000000e+03 2.600000000000000000e+03 1.368800000000000000e+04 -4.240000000000000000e+03 -2.650000000000000000e+02 1.730000000000000000e+02
5.780000000000000000e+03 2.500000000000000000e+03 1.350800000000000000e+04 -4.192000000000000000e+03 -2.850000000000000000e+02 2.930000000000000000e+02
6.084000000000000000e+03 2.480000000000000000e+03 1.352400000000000000e+04 -4.192000000000000000e+03 -2.970000000000000000e+02 5.600000000000000000e+02
5.976000000000000000e+03 2.448000000000000000e+03 1.349200000000000000e+04 -4.192000000000000000e+03 -2.700000000000000000e+02 7.230000000000000000e+02
5.544000000000000000e+03 2.340000000000000000e+03 1.384400000000000000e+04 -4.176000000000000000e+03 -2.710000000000000000e+02 3.440000000000000000e+02
4.080000000000000000e+03 2.032000000000000000e+03 1.422800000000000000e+04 -4.160000000000000000e+03 -2.590000000000000000e+02 3.700000000000000000e+01
6.208000000000000000e+03 2.648000000000000000e+03 1.338000000000000000e+04 -4.144000000000000000e+03 -2.310000000000000000e+02 5.880000000000000000e+02
6.268000000000000000e+03 2.568000000000000000e+03 1.337600000000000000e+04 -4.208000000000000000e+03 -2.820000000000000000e+02 7.760000000000000000e+02
5.108000000000000000e+03 2.576000000000000000e+03 1.381600000000000000e+04 -4.176000000000000000e+03 -2.990000000000000000e+02 6.210000000000000000e+02
5.320000000000000000e+03 2.532000000000000000e+03 1.374800000000000000e+04 -4.192000000000000000e+03 -2.740000000000000000e+02 7.210000000000000000e+02
5.824000000000000000e+03 2.408000000000000000e+03 1.363600000000000000e+04 -4.160000000000000000e+03 -2.850000000000000000e+02 8.400000000000000000e+02
5.228000000000000000e+03 2.156000000000000000e+03 1.377600000000000000e+04 -4.160000000000000000e+03 -2.600000000000000000e+02 7.060000000000000000e+02
4.824000000000000000e+03 2.144000000000000000e+03 1.388400000000000000e+04 -4.208000000000000000e+03 -2.840000000000000000e+02 5.580000000000000000e+02
5.120000000000000000e+03 2.300000000000000000e+03 1.385200000000000000e+04 -4.192000000000000000e+03 -2.580000000000000000e+02 6.350000000000000000e+02
5.332000000000000000e+03 2.404000000000000000e+03 1.376000000000000000e+04 -4.176000000000000000e+03 -2.490000000000000000e+02 6.530000000000000000e+02
5.008000000000000000e+03 2.644000000000000000e+03 1.384800000000000000e+04 -4.192000000000000000e+03 -2.450000000000000000e+02 4.520000000000000000e+02
4.556000000000000000e+03 2.500000000000000000e+03 1.408400000000000000e+04 -4.208000000000000000e+03 -2.850000000000000000e+02 1.670000000000000000e+02
4.864000000000000000e+03 2.424000000000000000e+03 1.406000000000000000e+04 -4.192000000000000000e+03 -2.780000000000000000e+02 1.280000000000000000e+02
5.152000000000000000e+03 2.256000000000000000e+03 1.379600000000000000e+04 -4.176000000000000000e+03 -2.700000000000000000e+02 1.410000000000000000e+02
5.216000000000000000e+03 2.256000000000000000e+03 1.380400000000000000e+04 -4.208000000000000000e+03 -2.820000000000000000e+02 8.000000000000000000e+01
5.080000000000000000e+03 2.500000000000000000e+03 1.381600000000000000e+04 -4.160000000000000000e+03 -2.940000000000000000e+02 8.500000000000000000e+01
5.364000000000000000e+03 2.492000000000000000e+03 1.360000000000000000e+04 -4.192000000000000000e+03 -2.680000000000000000e+02 2.610000000000000000e+02
5.492000000000000000e+03 2.504000000000000000e+03 1.368400000000000000e+04 -4.192000000000000000e+03 -2.750000000000000000e+02 3.820000000000000000e+02
5.220000000000000000e+03 2.408000000000000000e+03 1.376000000000000000e+04 -4.176000000000000000e+03 -2.820000000000000000e+02 3.850000000000000000e+02
5.096000000000000000e+03 2.308000000000000000e+03 1.370800000000000000e+04 -4.160000000000000000e+03 -2.950000000000000000e+02 3.570000000000000000e+02
4.984000000000000000e+03 2.280000000000000000e+03 1.386800000000000000e+04 -4.208000000000000000e+03 -2.860000000000000000e+02 2.670000000000000000e+02
4.932000000000000000e+03 2.364000000000000000e+03 1.395200000000000000e+04 -4.192000000000000000e+03 -2.750000000000000000e+02 1.450000000000000000e+02
4.704000000000000000e+03 2.268000000000000000e+03 1.400800000000000000e+04 -4.176000000000000000e+03 -2.540000000000000000e+02 2.400000000000000000e+01
4.732000000000000000e+03 2.312000000000000000e+03 1.392000000000000000e+04 -4.160000000000000000e+03 -2.760000000000000000e+02 -1.000000000000000000e+01
5.168000000000000000e+03 2.536000000000000000e+03 1.379200000000000000e+04 -4.192000000000000000e+03 -2.570000000000000000e+02 4.300000000000000000e+01
5.000000000000000000e+03 2.428000000000000000e+03 1.384000000000000000e+04 -4.208000000000000000e+03 -2.680000000000000000e+02 4.700000000000000000e+01
5.232000000000000000e+03 2.408000000000000000e+03 1.374400000000000000e+04 -4.192000000000000000e+03 -2.700000000000000000e+02 1.130000000000000000e+02
5.180000000000000000e+03 2.280000000000000000e+03 1.365600000000000000e+04 -4.160000000000000000e+03 -2.730000000000000000e+02 1.300000000000000000e+02
5.128000000000000000e+03 2.376000000000000000e+03 1.380800000000000000e+04 -4.176000000000000000e+03 -2.760000000000000000e+02 6.500000000000000000e+01
5.012000000000000000e+03 2.384000000000000000e+03 1.390800000000000000e+04 -4.192000000000000000e+03 -2.810000000000000000e+02 6.800000000000000000e+01
5.292000000000000000e+03 2.416000000000000000e+03 1.376800000000000000e+04 -4.192000000000000000e+03 -2.590000000000000000e+02 5.400000000000000000e+01
5.080000000000000000e+03 2.356000000000000000e+03 1.385200000000000000e+04 -4.192000000000000000e+03 -2.680000000000000000e+02 -5.100000000000000000e+01
4.880000000000000000e+03 2.440000000000000000e+03 1.400400000000000000e+04 -4.192000000000000000e+03 -2.500000000000000000e+02 -1.010000000000000000e+02
5.164000000000000000e+03 2.504000000000000000e+03 1.388000000000000000e+04 -4.176000000000000000e+03 -2.280000000000000000e+02 -8.000000000000000000e+01
5.316000000000000000e+03 2.408000000000000000e+03 1.363600000000000000e+04 -4.176000000000000000e+03 -2.400000000000000000e+02 1.000000000000000000e+02
5.616000000000000000e+03 2.420000000000000000e+03 1.362800000000000000e+04 -4.208000000000000000e+03 -2.200000000000000000e+02 1.000000000000000000e+02
4.964000000000000000e+03 2.560000000000000000e+03 1.404000000000000000e+04 -4.192000000000000000e+03 -1.440000000000000000e+02 5.300000000000000000e+01
5.552000000000000000e+03 2.556000000000000000e+03 1.390400000000000000e+04 -4.176000000000000000e+03 -1.530000000000000000e+02 3.480000000000000000e+02
5.964000000000000000e+03 2.532000000000000000e+03 1.354000000000000000e+04 -4.192000000000000000e+03 -1.970000000000000000e+02 7.750000000000000000e+02
5.340000000000000000e+03 2.352000000000000000e+03 1.387200000000000000e+04 -4.160000000000000000e+03 -3.060000000000000000e+02 7.270000000000000000e+02
4.856000000000000000e+03 2.212000000000000000e+03 1.402800000000000000e+04 -4.224000000000000000e+03 -3.530000000000000000e+02 4.940000000000000000e+02
4.608000000000000000e+03 2.200000000000000000e+03 1.403600000000000000e+04 -4.208000000000000000e+03 -3.610000000000000000e+02 -3.490000000000000000e+02
3.584000000000000000e+03 2.140000000000000000e+03 1.463200000000000000e+04 -4.192000000000000000e+03 -2.860000000000000000e+02 -9.430000000000000000e+02
5.072000000000000000e+03 2.276000000000000000e+03 1.405200000000000000e+04 -4.192000000000000000e+03 -2.200000000000000000e+02 -7.480000000000000000e+02
5.784000000000000000e+03 2.596000000000000000e+03 1.354400000000000000e+04 -4.176000000000000000e+03 -1.610000000000000000e+02 -3.610000000000000000e+02
5.516000000000000000e+03 2.872000000000000000e+03 1.340800000000000000e+04 -4.176000000000000000e+03 -9.400000000000000000e+01 -8.400000000000000000e+02
-1.856000000000000000e+03 1.692000000000000000e+03 1.190400000000000000e+04 -4.224000000000000000e+03 -7.980000000000000000e+02 -2.458000000000000000e+03
2.576000000000000000e+03 1.336000000000000000e+03 1.573200000000000000e+04 -4.160000000000000000e+03 8.500000000000000000e+02 -1.736000000000000000e+03
-6.776000000000000000e+03 5.592000000000000000e+03 2.996000000000000000e+04 -4.192000000000000000e+03 1.320000000000000000e+03 -6.140000000000000000e+02
4.816000000000000000e+03 6.240000000000000000e+03 2.342400000000000000e+04 -4.192000000000000000e+03 2.890000000000000000e+02 4.690000000000000000e+02
8.556000000000000000e+03 4.408000000000000000e+03 1.887200000000000000e+04 -4.176000000000000000e+03 9.100000000000000000e+01 3.260000000000000000e+02
7.696000000000000000e+03 3.280000000000000000e+03 1.825200000000000000e+04 -4.160000000000000000e+03 1.410000000000000000e+02 4.960000000000000000e+02
7.108000000000000000e+03 2.896000000000000000e+03 1.838000000000000000e+04 -4.208000000000000000e+03 2.420000000000000000e+02 6.280000000000000000e+02
7.480000000000000000e+03 3.792000000000000000e+03 1.940800000000000000e+04 -4.144000000000000000e+03 1.650000000000000000e+02 7.350000000000000000e+02
6.256000000000000000e+03 2.972000000000000000e+03 1.693200000000000000e+04 -4.192000000000000000e+03 1.000000000000000000e+02 6.580000000000000000e+02
5.684000000000000000e+03 2.968000000000000000e+03 1.656400000000000000e+04 -4.192000000000000000e+03 2.170000000000000000e+02 1.790000000000000000e+02
5.392000000000000000e+03 3.192000000000000000e+03 1.644400000000000000e+04 -4.160000000000000000e+03 2.050000000000000000e+02 -2.700000000000000000e+01
4.792000000000000000e+03 3.136000000000000000e+03 1.494800000000000000e+04 -4.224000000000000000e+03 5.900000000000000000e+01 -3.400000000000000000e+01
4.704000000000000000e+03 3.096000000000000000e+03 1.314800000000000000e+04 -4.192000000000000000e+03 -8.900000000000000000e+01 -5.000000000000000000e+01
4.012000000000000000e+03 2.176000000000000000e+03 1.044800000000000000e+04 -4.192000000000000000e+03 -2.970000000000000000e+02 -1.200000000000000000e+01
2.888000000000000000e+03 1.440000000000000000e+03 7.564000000000000000e+03 -4.192000000000000000e+03 -4.570000000000000000e+02 1.850000000000000000e+02
1.956000000000000000e+03 6.320000000000000000e+02 4.412000000000000000e+03 -4.160000000000000000e+03 -5.050000000000000000e+02 4.950000000000000000e+02
1.748000000000000000e+03 4.040000000000000000e+02 2.724000000000000000e+03 -4.208000000000000000e+03 -3.890000000000000000e+02 6.420000000000000000e+02
1.928000000000000000e+03 4.440000000000000000e+02 2.484000000000000000e+03 -4.176000000000000000e+03 -2.770000000000000000e+02 9.040000000000000000e+02
1.336000000000000000e+03 6.760000000000000000e+02 5.148000000000000000e+03 -4.192000000000000000e+03 -3.500000000000000000e+01 1.262000000000000000e+03
2.152000000000000000e+03 1.384000000000000000e+03 1.067600000000000000e+04 -4.192000000000000000e+03 3.200000000000000000e+01 1.052000000000000000e+03
5.360000000000000000e+03 2.692000000000000000e+03 1.553600000000000000e+04 -4.176000000000000000e+03 -4.200000000000000000e+01 5.330000000000000000e+02
8.476000000000000000e+03 3.600000000000000000e+03 1.726400000000000000e+04 -4.192000000000000000e+03 -2.400000000000000000e+02 8.440000000000000000e+02
7.988000000000000000e+03 3.328000000000000000e+03 1.493600000000000000e+04 -4.144000000000000000e+03 -5.600000000000000000e+02 8.400000000000000000e+02
6.444000000000000000e+03 2.940000000000000000e+03 1.230800000000000000e+04 -4.192000000000000000e+03 -5.440000000000000000e+02 6.800000000000000000e+02
4.156000000000000000e+03 2.472000000000000000e+03 1.110400000000000000e+04 -4.208000000000000000e+03 -4.430000000000000000e+02 3.390000000000000000e+02
3.900000000000000000e+03 2.940000000000000000e+03 1.226400000000000000e+04 -4.192000000000000000e+03 -3.560000000000000000e+02 -1.020000000000000000e+02
4.320000000000000000e+03 3.096000000000000000e+03 1.383200000000000000e+04 -4.208000000000000000e+03 -4.770000000000000000e+02 -6.820000000000000000e+02
4.072000000000000000e+03 2.884000000000000000e+03 1.311600000000000000e+04 -4.176000000000000000e+03 -6.920000000000000000e+02 -1.179000000000000000e+03
3.224000000000000000e+03 2.020000000000000000e+03 1.050000000000000000e+04 -4.192000000000000000e+03 -7.190000000000000000e+02 -1.426000000000000000e+03
