-9.204000000000000000e+03 3.196000000000000000e+03 1.334400000000000000e+04 -4.640000000000000000e+03 -3.640000000000000000e+02 1.970000000000000000e+03
-5.648000000000000000e+03 2.060000000000000000e+03 1.345200000000000000e+04 -4.656000000000000000e+03 -3.800000000000000000e+02 2.067000000000000000e+03
-3.984000000000000000e+03 2.384000000000000000e+03 1.326000000000000000e+04 -4.624000000000000000e+03 -3.770000000000000000e+02 2.205000000000000000e+03
-4.716000000000000000e+03 2.728000000000000000e+03 1.295200000000000000e+04 -4.656000000000000000e+03 -3.590000000000000000e+02 2.109000000000000000e+03
1.200000000000000000e+01 1.377200000000000000e+04 1.310800000000000000e+04 -4.656000000000000000e+03 -3.500000000000000000e+02 1.480000000000000000e+03
-5.704000000000000000e+03 1.968000000000000000e+03 1.310000000000000000e+04 -4.656000000000000000e+03 -3.520000000000000000e+02 5.660000000000000000e+02
-5.660000000000000000e+03 1.872000000000000000e+03 1.312000000000000000e+04 -4.656000000000000000e+03 -3.750000000000000000e+02 -1.470000000000000000e+02
-5.676000000000000000e+03 2.056000000000000000e+03 1.298000000000000000e+04 -4.656000000000000000e+03 -3.560000000000000000e+02 -5.980000000000000000e+02
-5.568000000000000000e+03 1.744000000000000000e+03 1.300400000000000000e+04 -4.672000000000000000e+03 -2.730000000000000000e+02 -6.850000000000000000e+02
-6.396000000000000000e+03 1.692000000000000000e+03 1.291600000000000000e+04 -4.592000000000000000e+03 -2.630000000000000000e+02 -3.330000000000000000e+02
-6.248000000000000000e+03 1.960000000000000000e+03 1.300000000000000000e+04 -4.640000000000000000e+03 -2.490000000000000000e+02 2.680000000000000000e+02
-5.968000000000000000e+03 1.964000000000000000e+03 1.283200000000000000e+04 -4.640000000000000000e+03 -2.330000000000000000e+02 7.450000000000000000e+02
-5.896000000000000000e+03 2.032000000000000000e+03 1.243600000000000000e+04 -4.672000000000000000e+03 -2.900000000000000000e+02 7.250000000000000000e+02
-5.804000000000000000e+03 2.320000000000000000e+03 1.231600000000000000e+04 -4.656000000000000000e+03 -2.920000000000000000e+02 5.950000000000000000e+02
-6.020000000000000000e+03 2.292000000000000000e+03 1.224000000000000000e+04 -4.624000000000000000e+03 -3.430000000000000000e+02 3.830000000000000000e+02
-6.612000000000000000e+03 2.296000000000000000e+03 1.238400000000000000e+04 -4.624000000000000000e+03 -3.150000000000000000e+02 -2.040000000000000000e+02
-6.468000000000000000e+03 2.176000000000000000e+03 1.252000000000000000e+04 -4.656000000000000000e+03 -3.280000000000000000e+02 -2.160000000000000000e+02
-6.740000000000000000e+03 1.912000000000000000e+03 1.264000000000000000e+04 -4.656000000000000000e+03 -4.190000000000000000e+02 -5.500000000000000000e+01
-7.248000000000000000e+03 1.884000000000000000e+03 1.269200000000000000e+04 -4.640000000000000000e+03 -2.450000000000000000e+02 -1.840000000000000000e+02
-8.488000000000000000e+03 1.876000000000000000e+03 1.285600000000000000e+04 -4.640000000000000000e+03 -2.070000000000000000e+02 -8.800000000000000000e+01
-8.380000000000000000e+03 1.884000000000000000e+03 1.285200000000000000e+04 -4.656000000000000000e+03 -2.090000000000000000e+02 6.300000000000000000e+01
-8.048000000000000000e+03 2.060000000000000000e+03 1.244800000000000000e+04 -4.640000000000000000e+03 -2.120000000000000000e+02 -1.120000000000000000e+02
-7.700000000000000000e+03 2.148000000000000000e+03 1.257600000000000000e+04 -4.624000000000000000e+03 -1.780000000000000000e+02 -6.900000000000000000e+01
-6.920000000000000000e+03 2.260000000000000000e+03 1.255200000000000000e+04 -4.656000000000000000e+03 -2.960000000000000000e+02 2.001000000000000000e+03
-6.192000000000000000e+03 2.124000000000000000e+03 1.258000000000000000e+04 -4.624000000000000000e+03 -2.630000000000000000e+02 -3.525000000000000000e+03
-6.076000000000000000e+03 2.004000000000000000e+03 1.258000000000000000e+04 -4.672000000000000000e+03 9.400000000000000000e+01 -1.800000000000000000e+02
-6.492000000000000000e+03 1.996000000000000000e+03 1.268800000000000000e+04 -4.672000000000000000e+03 5.230000000000000000e+02 3.410000000000000000e+02
-7.288000000000000000e+03 1.904000000000000000e+03 1.254000000000000000e+04 -4.656000000000000000e+03 -7.030000000000000000e+02 -2.770000000000000000e+02
-7.264000000000000000e+03 1.940000000000000000e+03 1.274800000000000000e+04 -4.656000000000000000e+03 -7.900000000000000000e+02 -9.370000000000000000e+02
-7.896000000000000000e+03 1.956000000000000000e+03 1.276400000000000000e+04 -4.656000000000000000e+03 -1.012000000000000000e+03 -5.140000000000000000e+02
-7.812000000000000000e+03 2.008000000000000000e+03 1.243600000000000000e+04 -4.656000000000000000e+03 -1.246000000000000000e+03 -6.390000000000000000e+02
-6.744000000000000000e+03 2.016000000000000000e+03 1.286800000000000000e+04 -4.640000000000000000e+03 -1.131000000000000000e+03 -3.500000000000000000e+02
-6.880000000000000000e+03 1.948000000000000000e+03 1.397200000000000000e+04 -4.672000000000000000e+03 -8.680000000000000000e+02 -9.700000000000000000e+02
-7.196000000000000000e+03 2.008000000000000000e+03 2.116800000000000000e+04 -4.656000000000000000e+03 -9.530000000000000000e+02 -8.050000000000000000e+02
-6.592000000000000000e+03 2.112000000000000000e+03 2.182000000000000000e+04 -4.640000000000000000e+03 -8.330000000000000000e+02 -8.210000000000000000e+02
-6.904000000000000000e+03 2.244000000000000000e+03 2.156000000000000000e+04 -4.624000000000000000e+03 -7.680000000000000000e+02 5.580000000000000000e+02
-7.400000000000000000e+03 2.104000000000000000e+03 2.088800000000000000e+04 -4.672000000000000000e+03 -7.480000000000000000e+02 6.000000000000000000e+01
-6.048000000000000000e+03 1.980000000000000000e+03 1.875600000000000000e+04 -4.608000000000000000e+03 -6.440000000000000000e+02 6.369000000000000000e+03
-8.376000000000000000e+03 1.452000000000000000e+03 1.759200000000000000e+04 -4.640000000000000000e+03 -3.500000000000000000e+02 -1.312000000000000000e+03
-1.235200000000000000e+04 3.792000000000000000e+03 1.622800000000000000e+04 -4.640000000000000000e+03 -1.900000000000000000e+02 -4.908000000000000000e+03
-1.476000000000000000e+04 4.732000000000000000e+03 1.466800000000000000e+04 -4.624000000000000000e+03 -5.650000000000000000e+02 -9.700000000000000000e+01
-1.247600000000000000e+04 3.456000000000000000e+03 1.028400000000000000e+04 -4.656000000000000000e+03 1.790000000000000000e+02 -1.230000000000000000e+02
-1.064000000000000000e+04 3.044000000000000000e+03 6.108000000000000000e+03 -4.640000000000000000e+03 -3.100000000000000000e+01 -5.180000000000000000e+02
-9.172000000000000000e+03 2.168000000000000000e+03 2.016000000000000000e+03 -4.624000000000000000e+03 -2.570000000000000000e+02 -1.009000000000000000e+03
-8.468000000000000000e+03 1.772000000000000000e+03 6.720000000000000000e+02 -4.640000000000000000e+03 -4.840000000000000000e+02 -1.136000000000000000e+03
-7.640000000000000000e+03 1.900000000000000000e+03 7.560000000000000000e+02 -4.656000000000000000e+03 -4.550000000000000000e+02 -1.458000000000000000e+03
-6.820000000000000000e+03 2.080000000000000000e+03 -5.124000000000000000e+03 -4.656000000000000000e+03 -3.970000000000000000e+02 -1.529000000000000000e+03
-4.944000000000000000e+03 1.500000000000000000e+03 -1.760000000000000000e+02 -4.656000000000000000e+03 -2.540000000000000000e+02 -9.430000000000000000e+02
-3.116000000000000000e+03 7.880000000000000000e+02 1.049600000000000000e+04 -4.640000000000000000e+03 -3.090000000000000000e+02 -2.032000000000000000e+03
-2.560000000000000000e+02 1.280000000000000000e+02 1.913200000000000000e+04 -4.640000000000000000e+03 -2.220000000000000000e+02 -1.849000000000000000e+03
3.360000000000000000e+02 1.480000000000000000e+02 1.990400000000000000e+04 -4.640000000000000000e+03 -9.900000000000000000e+01 -1.881000000000000000e+03
-1.320000000000000000e+02 -2.800000000000000000e+01 1.322800000000000000e+04 -4.624000000000000000e+03 -1.900000000000000000e+01 -1.846000000000000000e+03
-2.240000000000000000e+03 -3.520000000000000000e+02 1.034000000000000000e+04 -4.624000000000000000e+03 -2.010000000000000000e+02 -1.192000000000000000e+03
-1.448000000000000000e+04 -3.120000000000000000e+02 7.672000000000000000e+03 -4.672000000000000000e+03 -2.980000000000000000e+02 -1.703000000000000000e+03
-4.600000000000000000e+03 3.280000000000000000e+03 8.568000000000000000e+03 -4.608000000000000000e+03 -2.990000000000000000e+02 -1.709000000000000000e+03
-5.256000000000000000e+03 4.784000000000000000e+03 7.892000000000000000e+03 -4.640000000000000000e+03 -3.820000000000000000e+02 -2.039000000000000000e+03
-5.868000000000000000e+03 3.368000000000000000e+03 6.976000000000000000e+03 -4.656000000000000000e+03 -1.770000000000000000e+02 -2.576000000000000000e+03
-4.644000000000000000e+03 1.444000000000000000e+03 7.776000000000000000e+03 -4.640000000000000000e+03 -3.930000000000000000e+02 -2.767000000000000000e+03
-4.332000000000000000e+03 1.100000000000000000e+03 9.484000000000000000e+03 -4.656000000000000000e+03 -3.310000000000000000e+02 -2.398000000000000000e+03
-3.692000000000000000e+03 1.016000000000000000e+03 1.084000000000000000e+04 -4.640000000000000000e+03 1.300000000000000000e+01 -2.715000000000000000e+03
-4.444000000000000000e+03 1.464000000000000000e+03 1.344800000000000000e+04 -4.624000000000000000e+03 1.830000000000000000e+02 -2.564000000000000000e+03
-4.584000000000000000e+03 1.312000000000000000e+03 1.273600000000000000e+04 -4.656000000000000000e+03 2.630000000000000000e+02 -1.140400000000000000e+04
-4.036000000000000000e+03 9.200000000000000000e+02 1.372000000000000000e+04 -4.640000000000000000e+03 4.910000000000000000e+02 -2.481000000000000000e+03
-4.732000000000000000e+03 1.132000000000000000e+03 1.541200000000000000e+04 -4.656000000000000000e+03 4.690000000000000000e+02 -2.690000000000000000e+02
-5.004000000000000000e+03 1.404000000000000000e+03 1.561200000000000000e+04 -4.640000000000000000e+03 2.751000000000000000e+03 3.198000000000000000e+03
-4.868000000000000000e+03 1.588000000000000000e+03 1.531200000000000000e+04 -4.656000000000000000e+03 1.290000000000000000e+03 2.346000000000000000e+03
-4.968000000000000000e+03 2.092000000000000000e+03 1.556800000000000000e+04 -4.624000000000000000e+03 2.523000000000000000e+03 1.021000000000000000e+03
-3.736000000000000000e+03 1.748000000000000000e+03 1.654000000000000000e+04 -4.656000000000000000e+03 -1.395000000000000000e+03 1.413000000000000000e+03
-3.788000000000000000e+03 1.924000000000000000e+03 1.532800000000000000e+04 -4.656000000000000000e+03 -6.420000000000000000e+02 1.283000000000000000e+03
