3.276700000000000000e+04 3.708000000000000000e+03 1.101600000000000000e+04 -4.208000000000000000e+03 -2.120000000000000000e+02 3.900000000000000000e+02
-2.417200000000000000e+04 3.752000000000000000e+03 1.110400000000000000e+04 -4.240000000000000000e+03 -3.080000000000000000e+02 4.650000000000000000e+02
-2.938000000000000000e+04 1.868000000000000000e+03 1.207600000000000000e+04 -4.192000000000000000e+03 -2.900000000000000000e+02 3.290000000000000000e+02
8.400000000000000000e+02 3.820000000000000000e+03 1.220800000000000000e+04 -4.224000000000000000e+03 -3.820000000000000000e+02 1.520000000000000000e+02
7.996000000000000000e+03 1.252000000000000000e+03 1.218000000000000000e+04 -4.224000000000000000e+03 -3.290000000000000000e+02 1.230000000000000000e+02
1.204400000000000000e+04 9.600000000000000000e+02 1.213200000000000000e+04 -4.208000000000000000e+03 -2.740000000000000000e+02 1.000000000000000000e+02
6.696000000000000000e+03 1.596000000000000000e+03 1.152000000000000000e+04 -4.192000000000000000e+03 -2.140000000000000000e+02 2.420000000000000000e+02
6.984000000000000000e+03 2.388000000000000000e+03 1.118000000000000000e+04 -4.256000000000000000e+03 -2.290000000000000000e+02 2.070000000000000000e+02
1.056800000000000000e+04 1.928000000000000000e+03 1.066800000000000000e+04 -4.256000000000000000e+03 -3.290000000000000000e+02 -7.200000000000000000e+01
1.076800000000000000e+04 1.984000000000000000e+03 1.125200000000000000e+04 -4.224000000000000000e+03 -2.860000000000000000e+02 -1.010000000000000000e+02
9.892000000000000000e+03 2.332000000000000000e+03 1.212400000000000000e+04 -4.224000000000000000e+03 -2.560000000000000000e+02 3.000000000000000000e+00
8.980000000000000000e+03 2.244000000000000000e+03 1.138400000000000000e+04 -4.224000000000000000e+03 -2.230000000000000000e+02 2.880000000000000000e+02
9.748000000000000000e+03 1.644000000000000000e+03 1.162000000000000000e+04 -4.240000000000000000e+03 -2.790000000000000000e+02 3.400000000000000000e+02
1.003200000000000000e+04 1.720000000000000000e+03 1.148000000000000000e+04 -4.224000000000000000e+03 -2.680000000000000000e+02 6.900000000000000000e+01
9.240000000000000000e+03 1.772000000000000000e+03 1.181600000000000000e+04 -4.208000000000000000e+03 -2.730000000000000000e+02 -1.670000000000000000e+02
8.808000000000000000e+03 1.444000000000000000e+03 1.179600000000000000e+04 -4.192000000000000000e+03 -3.640000000000000000e+02 -5.237000000000000000e+03
1.072000000000000000e+04 9.600000000000000000e+02 1.199600000000000000e+04 -4.176000000000000000e+03 -3.000000000000000000e+02 1.308000000000000000e+03
1.063200000000000000e+04 1.272000000000000000e+03 1.198800000000000000e+04 -4.224000000000000000e+03 -1.450000000000000000e+02 -6.420000000000000000e+02
9.864000000000000000e+03 1.824000000000000000e+03 1.187200000000000000e+04 -4.192000000000000000e+03 1.310000000000000000e+02 -2.460000000000000000e+02
9.668000000000000000e+03 1.696000000000000000e+03 1.222000000000000000e+04 -4.208000000000000000e+03 -1.930000000000000000e+02 2.930000000000000000e+02
9.732000000000000000e+03 2.084000000000000000e+03 1.165600000000000000e+04 -4.224000000000000000e+03 2.116000000000000000e+03 5.150000000000000000e+02
1.031600000000000000e+04 2.076000000000000000e+03 1.172000000000000000e+04 -4.192000000000000000e+03 -1.950000000000000000e+02 8.190000000000000000e+02
9.904000000000000000e+03 2.024000000000000000e+03 1.180000000000000000e+04 -4.224000000000000000e+03 -5.590000000000000000e+02 1.038000000000000000e+03
1.015200000000000000e+04 1.960000000000000000e+03 1.158800000000000000e+04 -4.224000000000000000e+03 -6.990000000000000000e+02 1.300000000000000000e+03
9.688000000000000000e+03 1.812000000000000000e+03 1.156000000000000000e+04 -4.240000000000000000e+03 -5.540000000000000000e+02 1.463000000000000000e+03
9.528000000000000000e+03 1.544000000000000000e+03 1.151600000000000000e+04 -4.208000000000000000e+03 -4.860000000000000000e+02 1.621000000000000000e+03
9.144000000000000000e+03 1.524000000000000000e+03 1.191200000000000000e+04 -4.224000000000000000e+03 -4.920000000000000000e+02 1.601000000000000000e+03
9.256000000000000000e+03 1.792000000000000000e+03 1.213600000000000000e+04 -4.224000000000000000e+03 -4.330000000000000000e+02 1.236000000000000000e+03
9.684000000000000000e+03 1.464000000000000000e+03 1.182800000000000000e+04 -4.208000000000000000e+03 -3.360000000000000000e+02 1.422000000000000000e+03
1.011200000000000000e+04 1.696000000000000000e+03 1.352400000000000000e+04 -4.208000000000000000e+03 -2.040000000000000000e+02 3.871000000000000000e+03
1.003600000000000000e+04 2.100000000000000000e+03 3.187600000000000000e+04 -4.192000000000000000e+03 -4.900000000000000000e+01 -1.720000000000000000e+02
9.272000000000000000e+03 1.840000000000000000e+03 1.998000000000000000e+04 -4.224000000000000000e+03 -1.400000000000000000e+01 -4.516000000000000000e+03
9.296000000000000000e+03 2.060000000000000000e+03 1.760800000000000000e+04 -4.224000000000000000e+03 -1.100000000000000000e+01 1.498000000000000000e+03
1.008000000000000000e+04 1.612000000000000000e+03 1.795600000000000000e+04 -4.224000000000000000e+03 7.130000000000000000e+02 1.045000000000000000e+03
1.023600000000000000e+04 1.868000000000000000e+03 1.636800000000000000e+04 -4.208000000000000000e+03 -3.920000000000000000e+02 1.130000000000000000e+03
9.856000000000000000e+03 2.116000000000000000e+03 1.486000000000000000e+04 -4.208000000000000000e+03 -1.660000000000000000e+02 2.384000000000000000e+03
9.632000000000000000e+03 1.288000000000000000e+03 1.388800000000000000e+04 -4.256000000000000000e+03 -1.550000000000000000e+02 7.380000000000000000e+02
9.128000000000000000e+03 -3.840000000000000000e+02 1.228000000000000000e+04 -4.224000000000000000e+03 -6.770000000000000000e+02 3.140000000000000000e+02
9.640000000000000000e+03 1.568000000000000000e+03 9.880000000000000000e+03 -4.240000000000000000e+03 -7.760000000000000000e+02 -6.150000000000000000e+02
1.859600000000000000e+04 4.532000000000000000e+03 7.640000000000000000e+03 -4.192000000000000000e+03 -3.170000000000000000e+02 -9.500000000000000000e+01
-3.628000000000000000e+03 3.364000000000000000e+03 4.620000000000000000e+03 -4.192000000000000000e+03 -3.940000000000000000e+02 -1.300000000000000000e+01
1.625200000000000000e+04 2.492000000000000000e+03 2.300000000000000000e+03 -4.224000000000000000e+03 -4.820000000000000000e+02 -1.370000000000000000e+02
1.419200000000000000e+04 1.736000000000000000e+03 1.120000000000000000e+03 -4.224000000000000000e+03 -6.260000000000000000e+02 -1.120000000000000000e+02
1.464000000000000000e+04 1.624000000000000000e+03 -1.500000000000000000e+03 -4.224000000000000000e+03 -4.110000000000000000e+02 -1.810000000000000000e+02
1.318800000000000000e+04 1.688000000000000000e+03 1.271200000000000000e+04 -4.224000000000000000e+03 -5.740000000000000000e+02 -2.720000000000000000e+02
1.292000000000000000e+04 8.120000000000000000e+02 7.960000000000000000e+03 -4.224000000000000000e+03 -4.910000000000000000e+02 -6.810000000000000000e+02
1.335600000000000000e+04 4.720000000000000000e+02 1.173600000000000000e+04 -4.208000000000000000e+03 -4.300000000000000000e+01 -1.000000000000000000e+03
1.177600000000000000e+04 4.880000000000000000e+02 1.452400000000000000e+04 -4.208000000000000000e+03 4.600000000000000000e+01 -1.226000000000000000e+03
9.236000000000000000e+03 4.000000000000000000e+02 1.053200000000000000e+04 -4.208000000000000000e+03 -8.000000000000000000e+00 -1.294000000000000000e+03
7.080000000000000000e+03 5.000000000000000000e+02 8.308000000000000000e+03 -4.224000000000000000e+03 1.720000000000000000e+02 -1.119000000000000000e+03
5.116000000000000000e+03 4.400000000000000000e+02 1.108400000000000000e+04 -4.256000000000000000e+03 1.320000000000000000e+02 -9.210000000000000000e+02
3.820000000000000000e+03 2.200000000000000000e+02 1.092400000000000000e+04 -4.224000000000000000e+03 1.000000000000000000e+02 -6.250000000000000000e+02
3.004000000000000000e+03 2.352000000000000000e+03 1.170000000000000000e+04 -4.208000000000000000e+03 1.980000000000000000e+02 -4.010000000000000000e+02
5.428000000000000000e+03 8.960000000000000000e+02 1.077600000000000000e+04 -4.176000000000000000e+03 3.280000000000000000e+02 -2.800000000000000000e+02
-7.920000000000000000e+03 3.424000000000000000e+03 9.184000000000000000e+03 -4.224000000000000000e+03 2.240000000000000000e+02 -2.650000000000000000e+02
3.572000000000000000e+03 2.948000000000000000e+03 6.864000000000000000e+03 -4.240000000000000000e+03 2.790000000000000000e+02 -4.720000000000000000e+02
1.562400000000000000e+04 1.496000000000000000e+03 6.468000000000000000e+03 -4.224000000000000000e+03 3.920000000000000000e+02 -7.980000000000000000e+02
1.608400000000000000e+04 6.080000000000000000e+02 9.344000000000000000e+03 -4.208000000000000000e+03 3.760000000000000000e+02 -1.646000000000000000e+04
1.330000000000000000e+04 8.600000000000000000e+02 9.416000000000000000e+03 -4.240000000000000000e+03 3.360000000000000000e+02 1.170000000000000000e+03
7.156000000000000000e+03 1.104000000000000000e+03 1.038400000000000000e+04 -4.240000000000000000e+03 3.720000000000000000e+02 1.665300000000000000e+04
