-4.896000000000000000e+03 2.484000000000000000e+03 1.402400000000000000e+04 -4.672000000000000000e+03 -2.890000000000000000e+02 1.720000000000000000e+02
-5.016000000000000000e+03 2.384000000000000000e+03 1.379600000000000000e+04 -4.656000000000000000e+03 -2.890000000000000000e+02 1.770000000000000000e+02
-4.000000000000000000e+03 2.072000000000000000e+03 1.380000000000000000e+04 -4.656000000000000000e+03 -2.710000000000000000e+02 5.300000000000000000e+01
-3.964000000000000000e+03 1.868000000000000000e+03 1.370800000000000000e+04 -4.640000000000000000e+03 -2.950000000000000000e+02 -1.040000000000000000e+02
-4.248000000000000000e+03 1.908000000000000000e+03 1.391200000000000000e+04 -4.640000000000000000e+03 -3.050000000000000000e+02 -8.100000000000000000e+01
-3.784000000000000000e+03 1.868000000000000000e+03 1.382800000000000000e+04 -4.656000000000000000e+03 -2.730000000000000000e+02 5.400000000000000000e+01
-3.940000000000000000e+03 1.864000000000000000e+03 1.380800000000000000e+04 -4.672000000000000000e+03 -2.700000000000000000e+02 1.490000000000000000e+02
-4.024000000000000000e+03 2.024000000000000000e+03 1.396400000000000000e+04 -4.672000000000000000e+03 -2.870000000000000000e+02 2.330000000000000000e+02
-4.140000000000000000e+03 2.108000000000000000e+03 1.393600000000000000e+04 -4.640000000000000000e+03 -2.980000000000000000e+02 2.700000000000000000e+02
-3.756000000000000000e+03 2.208000000000000000e+03 1.388400000000000000e+04 -4.608000000000000000e+03 -3.030000000000000000e+02 2.700000000000000000e+02
-3.780000000000000000e+03 2.144000000000000000e+03 1.368400000000000000e+04 -4.656000000000000000e+03 -3.030000000000000000e+02 3.010000000000000000e+02
-3.960000000000000000e+03 2.076000000000000000e+03 1.388400000000000000e+04 -4.656000000000000000e+03 -2.950000000000000000e+02 3.010000000000000000e+02
-3.996000000000000000e+03 2.080000000000000000e+03 1.393200000000000000e+04 -4.656000000000000000e+03 -2.860000000000000000e+02 2.160000000000000000e+02
-4.132000000000000000e+03 2.064000000000000000e+03 1.402000000000000000e+04 -4.640000000000000000e+03 -3.060000000000000000e+02 1.030000000000000000e+02
-4.272000000000000000e+03 2.100000000000000000e+03 1.382800000000000000e+04 -4.640000000000000000e+03 -2.730000000000000000e+02 1.390000000000000000e+02
-4.160000000000000000e+03 2.092000000000000000e+03 1.383600000000000000e+04 -4.688000000000000000e+03 -2.770000000000000000e+02 8.400000000000000000e+01
-3.716000000000000000e+03 2.068000000000000000e+03 1.389600000000000000e+04 -4.640000000000000000e+03 -3.120000000000000000e+02 -6.200000000000000000e+01
-3.740000000000000000e+03 2.104000000000000000e+03 1.398400000000000000e+04 -4.640000000000000000e+03 -2.850000000000000000e+02 0.000000000000000000e+00
-3.868000000000000000e+03 1.940000000000000000e+03 1.395600000000000000e+04 -4.624000000000000000e+03 -3.070000000000000000e+02 8.600000000000000000e+01
-3.872000000000000000e+03 2.032000000000000000e+03 1.394400000000000000e+04 -4.640000000000000000e+03 -2.660000000000000000e+02 4.050000000000000000e+02
-4.064000000000000000e+03 1.936000000000000000e+03 1.388400000000000000e+04 -4.656000000000000000e+03 -2.850000000000000000e+02 6.020000000000000000e+02
-3.992000000000000000e+03 2.036000000000000000e+03 1.383600000000000000e+04 -4.656000000000000000e+03 -2.520000000000000000e+02 1.290000000000000000e+02
-3.876000000000000000e+03 2.040000000000000000e+03 1.384000000000000000e+04 -4.624000000000000000e+03 -8.400000000000000000e+01 -1.827000000000000000e+03
-4.036000000000000000e+03 2.108000000000000000e+03 1.399200000000000000e+04 -4.640000000000000000e+03 5.430000000000000000e+02 1.134000000000000000e+03
-4.340000000000000000e+03 2.076000000000000000e+03 1.399600000000000000e+04 -4.656000000000000000e+03 1.940000000000000000e+02 -1.393000000000000000e+03
-4.008000000000000000e+03 2.096000000000000000e+03 1.396800000000000000e+04 -4.640000000000000000e+03 6.230000000000000000e+02 -5.250000000000000000e+02
-4.004000000000000000e+03 2.080000000000000000e+03 1.393200000000000000e+04 -4.640000000000000000e+03 -7.520000000000000000e+02 -8.490000000000000000e+02
-4.028000000000000000e+03 2.028000000000000000e+03 1.402000000000000000e+04 -4.656000000000000000e+03 -4.860000000000000000e+02 4.270000000000000000e+02
-4.296000000000000000e+03 1.948000000000000000e+03 1.420000000000000000e+04 -4.656000000000000000e+03 -6.830000000000000000e+02 7.260000000000000000e+02
-3.820000000000000000e+03 1.984000000000000000e+03 2.138400000000000000e+04 -4.624000000000000000e+03 -8.600000000000000000e+02 1.868000000000000000e+03
-3.604000000000000000e+03 2.040000000000000000e+03 3.068800000000000000e+04 -4.672000000000000000e+03 -7.080000000000000000e+02 1.004000000000000000e+03
-3.572000000000000000e+03 2.104000000000000000e+03 1.956400000000000000e+04 -4.672000000000000000e+03 -9.120000000000000000e+02 3.600000000000000000e+02
-3.716000000000000000e+03 2.064000000000000000e+03 2.325200000000000000e+04 -4.672000000000000000e+03 -8.950000000000000000e+02 1.541000000000000000e+03
-5.440000000000000000e+03 1.636000000000000000e+03 1.988400000000000000e+04 -4.656000000000000000e+03 -8.720000000000000000e+02 1.500000000000000000e+03
-6.052000000000000000e+03 6.280000000000000000e+03 1.896800000000000000e+04 -4.640000000000000000e+03 -9.080000000000000000e+02 1.001000000000000000e+03
-1.392800000000000000e+04 1.078000000000000000e+04 1.985600000000000000e+04 -4.640000000000000000e+03 -7.950000000000000000e+02 1.485000000000000000e+03
-5.516000000000000000e+03 4.216000000000000000e+03 2.050400000000000000e+04 -4.656000000000000000e+03 -6.410000000000000000e+02 1.872000000000000000e+03
-6.864000000000000000e+03 3.040000000000000000e+03 1.805200000000000000e+04 -4.656000000000000000e+03 -4.710000000000000000e+02 8.285000000000000000e+03
-4.548000000000000000e+03 3.580000000000000000e+03 1.434800000000000000e+04 -4.640000000000000000e+03 -3.550000000000000000e+02 -1.300000000000000000e+02
-3.984000000000000000e+03 3.052000000000000000e+03 1.048400000000000000e+04 -4.640000000000000000e+03 -1.470000000000000000e+02 -1.498000000000000000e+03
-3.616000000000000000e+03 3.084000000000000000e+03 5.212000000000000000e+03 -4.656000000000000000e+03 -2.330000000000000000e+02 1.467000000000000000e+03
-4.440000000000000000e+03 3.244000000000000000e+03 3.268000000000000000e+03 -4.624000000000000000e+03 -2.570000000000000000e+02 1.471000000000000000e+03
-3.708000000000000000e+03 2.700000000000000000e+03 1.508000000000000000e+03 -4.640000000000000000e+03 -3.770000000000000000e+02 2.670000000000000000e+02
-2.784000000000000000e+03 1.996000000000000000e+03 2.184000000000000000e+03 -4.656000000000000000e+03 -7.410000000000000000e+02 -1.490000000000000000e+02
-1.936000000000000000e+03 1.528000000000000000e+03 3.188000000000000000e+03 -4.672000000000000000e+03 -7.000000000000000000e+02 2.130000000000000000e+02
-3.320000000000000000e+02 8.320000000000000000e+02 3.816000000000000000e+03 -4.656000000000000000e+03 -5.550000000000000000e+02 -3.330000000000000000e+02
-2.200000000000000000e+02 5.160000000000000000e+02 1.273200000000000000e+04 -4.656000000000000000e+03 -5.270000000000000000e+02 -3.050000000000000000e+02
6.040000000000000000e+02 -3.200000000000000000e+01 1.832800000000000000e+04 -4.624000000000000000e+03 -2.900000000000000000e+02 -1.063000000000000000e+03
7.960000000000000000e+02 5.960000000000000000e+02 1.560800000000000000e+04 -4.656000000000000000e+03 -1.660000000000000000e+02 -1.302000000000000000e+03
-7.496000000000000000e+03 1.400000000000000000e+02 1.063200000000000000e+04 -4.656000000000000000e+03 -3.550000000000000000e+02 -1.525000000000000000e+03
-1.722000000000000000e+04 -1.360000000000000000e+02 7.872000000000000000e+03 -4.640000000000000000e+03 -3.180000000000000000e+02 -8.270000000000000000e+02
-2.784000000000000000e+03 3.188000000000000000e+03 7.776000000000000000e+03 -4.688000000000000000e+03 -2.370000000000000000e+02 -1.185000000000000000e+03
-3.240000000000000000e+03 3.672000000000000000e+03 5.892000000000000000e+03 -4.624000000000000000e+03 -1.740000000000000000e+02 -1.863000000000000000e+03
-2.056000000000000000e+03 2.660000000000000000e+03 6.808000000000000000e+03 -4.656000000000000000e+03 -1.380000000000000000e+02 1.500000000000000000e+01
-2.600000000000000000e+03 1.364000000000000000e+03 9.192000000000000000e+03 -4.640000000000000000e+03 -7.800000000000000000e+01 -1.934000000000000000e+03
-3.080000000000000000e+03 5.480000000000000000e+02 1.006800000000000000e+04 -4.672000000000000000e+03 3.300000000000000000e+02 -1.348000000000000000e+03
-3.636000000000000000e+03 7.160000000000000000e+02 1.168800000000000000e+04 -4.640000000000000000e+03 3.140000000000000000e+02 -8.740000000000000000e+02
-2.292000000000000000e+03 6.640000000000000000e+02 1.332400000000000000e+04 -4.656000000000000000e+03 3.590000000000000000e+02 -6.530000000000000000e+02
-3.044000000000000000e+03 9.160000000000000000e+02 1.412800000000000000e+04 -4.656000000000000000e+03 5.660000000000000000e+02 -1.134000000000000000e+03
-3.996000000000000000e+03 1.264000000000000000e+03 1.477600000000000000e+04 -4.656000000000000000e+03 6.100000000000000000e+02 3.720000000000000000e+02
-4.032000000000000000e+03 8.400000000000000000e+02 1.486800000000000000e+04 -4.656000000000000000e+03 6.190000000000000000e+02 1.050000000000000000e+02
-3.696000000000000000e+03 9.440000000000000000e+02 1.605200000000000000e+04 -4.656000000000000000e+03 1.476000000000000000e+03 3.095000000000000000e+03
-3.288000000000000000e+03 1.676000000000000000e+03 1.861600000000000000e+04 -4.640000000000000000e+03 1.765000000000000000e+03 1.718000000000000000e+03
-3.464000000000000000e+03 1.920000000000000000e+03 1.771200000000000000e+04 -4.624000000000000000e+03 4.890000000000000000e+02 1.736000000000000000e+03
-3.592000000000000000e+03 1.548000000000000000e+03 1.819200000000000000e+04 -4.672000000000000000e+03 -3.457000000000000000e+03 1.947000000000000000e+03
-4.568000000000000000e+03 1.724000000000000000e+03 1.767600000000000000e+04 -4.672000000000000000e+03 3.810000000000000000e+02 1.609000000000000000e+03
-4.728000000000000000e+03 2.456000000000000000e+03 3.220800000000000000e+04 -4.672000000000000000e+03 -9.800000000000000000e+01 1.754000000000000000e+03
-5.044000000000000000e+03 2.584000000000000000e+03 -1.075600000000000000e+04 -4.656000000000000000e+03 -5.360000000000000000e+02 1.820000000000000000e+03
-4.548000000000000000e+03 2.156000000000000000e+03 6.428000000000000000e+03 -4.672000000000000000e+03 -1.670000000000000000e+02 1.821000000000000000e+03
-4.656000000000000000e+03 2.724000000000000000e+03 1.577600000000000000e+04 -4.656000000000000000e+03 -2.590000000000000000e+02 1.769000000000000000e+03
-4.788000000000000000e+03 2.632000000000000000e+03 1.377600000000000000e+04 -4.640000000000000000e+03 -3.280000000000000000e+02 1.716000000000000000e+03
-1.260000000000000000e+04 5.888000000000000000e+03 7.192000000000000000e+03 -4.672000000000000000e+03 -3.450000000000000000e+02 1.626000000000000000e+03
