-3.788000000000000000e+03 5.760000000000000000e+02 1.453600000000000000e+04 -4.304000000000000000e+03 -5.620000000000000000e+02 2.236000000000000000e+03
-3.436000000000000000e+03 5.480000000000000000e+02 1.278400000000000000e+04 -4.336000000000000000e+03 -6.260000000000000000e+02 1.921000000000000000e+03
-3.776000000000000000e+03 7.920000000000000000e+02 1.345600000000000000e+04 -4.304000000000000000e+03 -6.160000000000000000e+02 1.735000000000000000e+03
-4.400000000000000000e+03 8.040000000000000000e+02 1.426400000000000000e+04 -4.320000000000000000e+03 -5.080000000000000000e+02 1.407000000000000000e+03
-4.584000000000000000e+03 9.720000000000000000e+02 1.438800000000000000e+04 -4.320000000000000000e+03 -4.810000000000000000e+02 1.254000000000000000e+03
-4.552000000000000000e+03 1.380000000000000000e+03 1.376400000000000000e+04 -4.320000000000000000e+03 -4.610000000000000000e+02 1.046000000000000000e+03
-4.204000000000000000e+03 1.600000000000000000e+03 1.383600000000000000e+04 -4.336000000000000000e+03 -3.830000000000000000e+02 7.440000000000000000e+02
-4.340000000000000000e+03 1.388000000000000000e+03 1.387600000000000000e+04 -4.320000000000000000e+03 -3.920000000000000000e+02 5.450000000000000000e+02
-4.636000000000000000e+03 8.840000000000000000e+02 1.379200000000000000e+04 -4.336000000000000000e+03 -3.350000000000000000e+02 3.240000000000000000e+02
-4.716000000000000000e+03 6.280000000000000000e+02 1.379600000000000000e+04 -4.320000000000000000e+03 -2.800000000000000000e+02 1.020000000000000000e+02
-4.872000000000000000e+03 7.320000000000000000e+02 1.377600000000000000e+04 -4.304000000000000000e+03 -2.090000000000000000e+02 -1.350000000000000000e+02
-4.612000000000000000e+03 1.012000000000000000e+03 1.383200000000000000e+04 -4.304000000000000000e+03 -1.800000000000000000e+02 -3.670000000000000000e+02
-4.532000000000000000e+03 1.184000000000000000e+03 1.372400000000000000e+04 -4.304000000000000000e+03 -1.670000000000000000e+02 -4.910000000000000000e+02
-4.448000000000000000e+03 1.236000000000000000e+03 1.381200000000000000e+04 -4.336000000000000000e+03 -1.440000000000000000e+02 -5.760000000000000000e+02
-4.224000000000000000e+03 1.152000000000000000e+03 1.401200000000000000e+04 -4.320000000000000000e+03 -1.720000000000000000e+02 -5.430000000000000000e+02
-3.976000000000000000e+03 1.108000000000000000e+03 1.387200000000000000e+04 -4.320000000000000000e+03 -1.570000000000000000e+02 -4.540000000000000000e+02
-4.072000000000000000e+03 1.040000000000000000e+03 1.384800000000000000e+04 -4.288000000000000000e+03 -1.830000000000000000e+02 -3.770000000000000000e+02
-3.872000000000000000e+03 9.720000000000000000e+02 1.399200000000000000e+04 -4.320000000000000000e+03 -1.890000000000000000e+02 -2.650000000000000000e+02
-3.604000000000000000e+03 1.132000000000000000e+03 1.398800000000000000e+04 -4.320000000000000000e+03 -2.240000000000000000e+02 -9.900000000000000000e+01
-3.808000000000000000e+03 1.336000000000000000e+03 1.393600000000000000e+04 -4.304000000000000000e+03 -2.260000000000000000e+02 1.300000000000000000e+01
-3.684000000000000000e+03 1.368000000000000000e+03 1.402800000000000000e+04 -4.320000000000000000e+03 -2.450000000000000000e+02 7.400000000000000000e+01
-3.764000000000000000e+03 1.320000000000000000e+03 1.388000000000000000e+04 -4.320000000000000000e+03 -2.320000000000000000e+02 1.110000000000000000e+02
-3.848000000000000000e+03 1.220000000000000000e+03 1.406400000000000000e+04 -4.320000000000000000e+03 -2.400000000000000000e+02 5.600000000000000000e+01
-3.944000000000000000e+03 1.120000000000000000e+03 1.392000000000000000e+04 -4.304000000000000000e+03 -1.790000000000000000e+02 1.700000000000000000e+01
-4.048000000000000000e+03 1.120000000000000000e+03 1.394800000000000000e+04 -4.336000000000000000e+03 -9.400000000000000000e+01 -8.300000000000000000e+01
-4.064000000000000000e+03 1.172000000000000000e+03 1.397200000000000000e+04 -4.288000000000000000e+03 1.500000000000000000e+01 -8.100000000000000000e+01
-4.924000000000000000e+03 1.352000000000000000e+03 1.355600000000000000e+04 -4.320000000000000000e+03 -4.700000000000000000e+01 1.846000000000000000e+03
-6.440000000000000000e+03 1.872000000000000000e+03 1.733200000000000000e+04 -4.304000000000000000e+03 6.560000000000000000e+02 -2.637000000000000000e+03
-4.348000000000000000e+03 3.388000000000000000e+03 1.638000000000000000e+04 -4.320000000000000000e+03 -3.700000000000000000e+02 1.435000000000000000e+03
-1.068000000000000000e+03 4.856000000000000000e+03 1.670000000000000000e+04 -4.304000000000000000e+03 -2.630000000000000000e+02 -4.260000000000000000e+02
-5.208000000000000000e+03 5.120000000000000000e+02 1.603200000000000000e+04 -4.320000000000000000e+03 5.700000000000000000e+01 -1.770000000000000000e+02
-5.968000000000000000e+03 1.632000000000000000e+03 1.827200000000000000e+04 -4.320000000000000000e+03 -2.800000000000000000e+01 4.980000000000000000e+02
-5.512000000000000000e+03 2.428000000000000000e+03 1.915200000000000000e+04 -4.336000000000000000e+03 -1.250000000000000000e+02 1.097000000000000000e+03
-5.112000000000000000e+03 2.568000000000000000e+03 2.003600000000000000e+04 -4.320000000000000000e+03 -2.420000000000000000e+02 1.318000000000000000e+03
-4.820000000000000000e+03 2.372000000000000000e+03 1.947200000000000000e+04 -4.320000000000000000e+03 -2.750000000000000000e+02 1.432000000000000000e+03
-5.156000000000000000e+03 2.112000000000000000e+03 1.895600000000000000e+04 -4.304000000000000000e+03 -4.070000000000000000e+02 1.559000000000000000e+03
-5.188000000000000000e+03 1.900000000000000000e+03 1.864800000000000000e+04 -4.304000000000000000e+03 -4.720000000000000000e+02 1.596000000000000000e+03
-4.908000000000000000e+03 1.756000000000000000e+03 1.715200000000000000e+04 -4.288000000000000000e+03 -5.960000000000000000e+02 1.797000000000000000e+03
-4.324000000000000000e+03 1.436000000000000000e+03 1.518000000000000000e+04 -4.320000000000000000e+03 -6.770000000000000000e+02 2.393000000000000000e+03
-3.748000000000000000e+03 9.200000000000000000e+02 1.313200000000000000e+04 -4.320000000000000000e+03 -7.700000000000000000e+02 2.632000000000000000e+03
-3.288000000000000000e+03 4.080000000000000000e+02 1.008000000000000000e+04 -4.288000000000000000e+03 -6.260000000000000000e+02 2.902000000000000000e+03
-2.732000000000000000e+03 1.880000000000000000e+02 7.036000000000000000e+03 -4.288000000000000000e+03 -5.800000000000000000e+02 3.110000000000000000e+03
-1.840000000000000000e+03 -9.200000000000000000e+01 4.528000000000000000e+03 -4.336000000000000000e+03 -4.220000000000000000e+02 3.287000000000000000e+03
-1.168000000000000000e+03 -2.120000000000000000e+02 2.284000000000000000e+03 -4.320000000000000000e+03 -2.550000000000000000e+02 3.426000000000000000e+03
-9.520000000000000000e+02 -1.880000000000000000e+02 2.072000000000000000e+03 -4.352000000000000000e+03 -7.500000000000000000e+01 3.587000000000000000e+03
-1.284000000000000000e+03 1.120000000000000000e+02 4.600000000000000000e+03 -4.320000000000000000e+03 8.700000000000000000e+01 3.706000000000000000e+03
-2.496000000000000000e+03 9.280000000000000000e+02 1.032400000000000000e+04 -4.320000000000000000e+03 7.700000000000000000e+01 3.121000000000000000e+03
-4.012000000000000000e+03 1.328000000000000000e+03 1.523600000000000000e+04 -4.336000000000000000e+03 -4.180000000000000000e+02 3.447000000000000000e+03
-7.252000000000000000e+03 1.256000000000000000e+03 1.677200000000000000e+04 -4.352000000000000000e+03 -6.890000000000000000e+02 4.492000000000000000e+03
-1.245600000000000000e+04 -9.600000000000000000e+01 1.342000000000000000e+04 -4.320000000000000000e+03 -1.070000000000000000e+02 2.802000000000000000e+03
-1.074000000000000000e+04 2.320000000000000000e+02 1.034000000000000000e+04 -4.304000000000000000e+03 -3.100000000000000000e+01 2.556000000000000000e+03
-8.380000000000000000e+03 1.012000000000000000e+03 1.143600000000000000e+04 -4.320000000000000000e+03 -3.300000000000000000e+01 2.307000000000000000e+03
-7.220000000000000000e+03 1.276000000000000000e+03 1.256400000000000000e+04 -4.288000000000000000e+03 -1.190000000000000000e+02 1.820000000000000000e+03
-7.212000000000000000e+03 1.048000000000000000e+03 1.374000000000000000e+04 -4.304000000000000000e+03 -3.000000000000000000e+02 1.752000000000000000e+03
-6.460000000000000000e+03 1.196000000000000000e+03 1.268000000000000000e+04 -4.320000000000000000e+03 -3.550000000000000000e+02 1.426000000000000000e+03
-6.864000000000000000e+03 8.360000000000000000e+02 1.087600000000000000e+04 -4.336000000000000000e+03 -3.760000000000000000e+02 1.140000000000000000e+03
-5.956000000000000000e+03 5.240000000000000000e+02 9.152000000000000000e+03 -4.320000000000000000e+03 -3.490000000000000000e+02 8.910000000000000000e+02
-6.104000000000000000e+03 4.960000000000000000e+02 1.005200000000000000e+04 -4.304000000000000000e+03 -4.910000000000000000e+02 4.990000000000000000e+02
-6.552000000000000000e+03 3.840000000000000000e+02 1.071200000000000000e+04 -4.304000000000000000e+03 -6.130000000000000000e+02 2.590000000000000000e+02
-5.640000000000000000e+03 2.960000000000000000e+02 8.680000000000000000e+03 -4.304000000000000000e+03 -4.760000000000000000e+02 -2.300000000000000000e+01
-4.448000000000000000e+03 3.360000000000000000e+02 6.520000000000000000e+03 -4.336000000000000000e+03 -2.700000000000000000e+02 -1.980000000000000000e+02
-4.804000000000000000e+03 3.920000000000000000e+02 6.876000000000000000e+03 -4.336000000000000000e+03 -2.580000000000000000e+02 -4.660000000000000000e+02
-6.192000000000000000e+03 5.840000000000000000e+02 9.740000000000000000e+03 -4.336000000000000000e+03 -2.910000000000000000e+02 -7.100000000000000000e+02
-7.360000000000000000e+03 6.440000000000000000e+02 1.098000000000000000e+04 -4.336000000000000000e+03 -1.380000000000000000e+02 -9.860000000000000000e+02
-7.572000000000000000e+03 5.200000000000000000e+02 1.124400000000000000e+04 -4.288000000000000000e+03 2.200000000000000000e+01 -1.349000000000000000e+03
-8.116000000000000000e+03 7.040000000000000000e+02 1.262000000000000000e+04 -4.336000000000000000e+03 7.000000000000000000e+00 -1.749000000000000000e+03
-8.404000000000000000e+03 9.720000000000000000e+02 1.352000000000000000e+04 -4.336000000000000000e+03 7.000000000000000000e+01 -2.144000000000000000e+03
-8.192000000000000000e+03 1.124000000000000000e+03 1.341600000000000000e+04 -4.320000000000000000e+03 1.330000000000000000e+02 -2.282000000000000000e+03
-8.108000000000000000e+03 1.268000000000000000e+03 1.386400000000000000e+04 -4.304000000000000000e+03 -8.100000000000000000e+01 -2.321000000000000000e+03
-7.960000000000000000e+03 1.228000000000000000e+03 1.452000000000000000e+04 -4.304000000000000000e+03 -1.460000000000000000e+02 -2.081000000000000000e+03
-7.848000000000000000e+03 1.308000000000000000e+03 1.474000000000000000e+04 -4.288000000000000000e+03 -2.960000000000000000e+02 -1.941000000000000000e+03
-7.828000000000000000e+03 1.208000000000000000e+03 1.504000000000000000e+04 -4.304000000000000000e+03 -4.690000000000000000e+02 -1.664000000000000000e+03
-7.292000000000000000e+03 1.004000000000000000e+03 1.432800000000000000e+04 -4.320000000000000000e+03 -5.580000000000000000e+02 -1.319000000000000000e+03
-7.284000000000000000e+03 8.720000000000000000e+02 1.436000000000000000e+04 -4.304000000000000000e+03 -6.450000000000000000e+02 -9.030000000000000000e+02
-7.476000000000000000e+03 6.920000000000000000e+02 1.495200000000000000e+04 -4.320000000000000000e+03 -7.010000000000000000e+02 -5.120000000000000000e+02
-7.860000000000000000e+03 5.560000000000000000e+02 1.500800000000000000e+04 -4.304000000000000000e+03 -7.980000000000000000e+02 -2.080000000000000000e+02
-7.712000000000000000e+03 3.480000000000000000e+02 1.424000000000000000e+04 -4.336000000000000000e+03 -6.940000000000000000e+02 -2.580000000000000000e+02
-1.119600000000000000e+04 1.108000000000000000e+03 2.216400000000000000e+04 -4.320000000000000000e+03 6.790000000000000000e+02 2.879000000000000000e+03
1.349200000000000000e+04 -2.018000000000000000e+04 -3.276800000000000000e+04 -4.288000000000000000e+03 -9.970000000000000000e+02 -2.072000000000000000e+03
-1.341600000000000000e+04 -4.368000000000000000e+03 1.178000000000000000e+04 -4.304000000000000000e+03 -1.090000000000000000e+03 3.440000000000000000e+02
-3.900000000000000000e+03 -6.280000000000000000e+02 3.840000000000000000e+03 -4.336000000000000000e+03 -6.650000000000000000e+02 4.810000000000000000e+02
-9.104000000000000000e+03 9.040000000000000000e+02 1.820000000000000000e+04 -4.336000000000000000e+03 1.100000000000000000e+01 5.830000000000000000e+02
-6.152000000000000000e+03 6.440000000000000000e+02 8.572000000000000000e+03 -4.320000000000000000e+03 -5.190000000000000000e+02 1.930000000000000000e+02
-7.472000000000000000e+03 4.400000000000000000e+02 1.311600000000000000e+04 -4.320000000000000000e+03 -2.450000000000000000e+02 -2.400000000000000000e+01
