3.708000000000000000e+03 2.212000000000000000e+03 1.397600000000000000e+04 -4.224000000000000000e+03 -2.660000000000000000e+02 -1.900000000000000000e+01
3.788000000000000000e+03 2.488000000000000000e+03 1.405600000000000000e+04 -4.208000000000000000e+03 -3.020000000000000000e+02 2.450000000000000000e+02
3.832000000000000000e+03 2.528000000000000000e+03 1.408400000000000000e+04 -4.224000000000000000e+03 -3.830000000000000000e+02 6.140000000000000000e+02
3.812000000000000000e+03 2.320000000000000000e+03 1.418400000000000000e+04 -4.240000000000000000e+03 -4.190000000000000000e+02 8.840000000000000000e+02
3.620000000000000000e+03 2.088000000000000000e+03 1.410400000000000000e+04 -4.224000000000000000e+03 -4.410000000000000000e+02 1.138000000000000000e+03
3.676000000000000000e+03 2.172000000000000000e+03 1.416000000000000000e+04 -4.224000000000000000e+03 -4.330000000000000000e+02 1.150000000000000000e+03
2.944000000000000000e+03 2.148000000000000000e+03 1.422400000000000000e+04 -4.224000000000000000e+03 -4.450000000000000000e+02 1.038000000000000000e+03
2.948000000000000000e+03 2.320000000000000000e+03 1.442000000000000000e+04 -4.256000000000000000e+03 -3.810000000000000000e+02 9.170000000000000000e+02
2.764000000000000000e+03 2.416000000000000000e+03 1.424800000000000000e+04 -4.240000000000000000e+03 -3.860000000000000000e+02 5.860000000000000000e+02
2.516000000000000000e+03 2.224000000000000000e+03 1.445200000000000000e+04 -4.224000000000000000e+03 -2.990000000000000000e+02 3.800000000000000000e+02
2.624000000000000000e+03 2.348000000000000000e+03 1.453200000000000000e+04 -4.176000000000000000e+03 -2.660000000000000000e+02 2.130000000000000000e+02
2.924000000000000000e+03 2.120000000000000000e+03 1.426000000000000000e+04 -4.224000000000000000e+03 -3.100000000000000000e+02 1.260000000000000000e+02
2.780000000000000000e+03 2.192000000000000000e+03 1.437600000000000000e+04 -4.208000000000000000e+03 -2.900000000000000000e+02 4.200000000000000000e+01
2.904000000000000000e+03 2.260000000000000000e+03 1.445200000000000000e+04 -4.208000000000000000e+03 -2.520000000000000000e+02 -6.000000000000000000e+00
2.952000000000000000e+03 2.328000000000000000e+03 1.428400000000000000e+04 -4.240000000000000000e+03 -2.520000000000000000e+02 1.000000000000000000e+00
2.904000000000000000e+03 2.360000000000000000e+03 1.418400000000000000e+04 -4.240000000000000000e+03 -2.660000000000000000e+02 4.800000000000000000e+01
3.176000000000000000e+03 2.308000000000000000e+03 1.439600000000000000e+04 -4.224000000000000000e+03 -2.610000000000000000e+02 1.680000000000000000e+02
3.296000000000000000e+03 2.212000000000000000e+03 1.420400000000000000e+04 -4.224000000000000000e+03 -2.650000000000000000e+02 4.200000000000000000e+02
3.520000000000000000e+03 2.156000000000000000e+03 1.408000000000000000e+04 -4.208000000000000000e+03 -3.490000000000000000e+02 7.710000000000000000e+02
3.336000000000000000e+03 2.192000000000000000e+03 1.399200000000000000e+04 -4.224000000000000000e+03 -3.390000000000000000e+02 1.148000000000000000e+03
3.296000000000000000e+03 2.336000000000000000e+03 1.408000000000000000e+04 -4.224000000000000000e+03 -3.980000000000000000e+02 1.538000000000000000e+03
3.352000000000000000e+03 2.376000000000000000e+03 1.409600000000000000e+04 -4.224000000000000000e+03 -4.190000000000000000e+02 1.868000000000000000e+03
3.060000000000000000e+03 2.160000000000000000e+03 1.422400000000000000e+04 -4.224000000000000000e+03 -4.500000000000000000e+02 2.196000000000000000e+03
2.784000000000000000e+03 2.064000000000000000e+03 1.425600000000000000e+04 -4.192000000000000000e+03 -4.670000000000000000e+02 2.400000000000000000e+03
2.492000000000000000e+03 2.096000000000000000e+03 1.445600000000000000e+04 -4.224000000000000000e+03 -5.030000000000000000e+02 1.923000000000000000e+03
2.800000000000000000e+01 1.908000000000000000e+03 1.478800000000000000e+04 -4.256000000000000000e+03 -2.030000000000000000e+02 -2.880000000000000000e+02
-1.452000000000000000e+03 1.588000000000000000e+03 1.533200000000000000e+04 -4.224000000000000000e+03 -9.400000000000000000e+01 -1.420000000000000000e+03
2.612000000000000000e+03 2.740000000000000000e+03 1.460000000000000000e+04 -4.224000000000000000e+03 -1.730000000000000000e+02 -8.470000000000000000e+02
2.728000000000000000e+03 2.604000000000000000e+03 1.402400000000000000e+04 -4.256000000000000000e+03 -3.020000000000000000e+02 1.490000000000000000e+02
2.908000000000000000e+03 2.260000000000000000e+03 1.394400000000000000e+04 -4.240000000000000000e+03 -2.710000000000000000e+02 5.800000000000000000e+01
3.196000000000000000e+03 2.052000000000000000e+03 1.417200000000000000e+04 -4.224000000000000000e+03 -2.890000000000000000e+02 1.440000000000000000e+02
2.036000000000000000e+03 1.648000000000000000e+03 1.447600000000000000e+04 -4.256000000000000000e+03 -2.080000000000000000e+02 -3.010000000000000000e+02
1.372000000000000000e+03 1.756000000000000000e+03 1.464400000000000000e+04 -4.224000000000000000e+03 -1.270000000000000000e+02 -7.770000000000000000e+02
1.740000000000000000e+03 2.320000000000000000e+03 1.443600000000000000e+04 -4.240000000000000000e+03 4.200000000000000000e+01 -1.170000000000000000e+03
2.000000000000000000e+03 2.568000000000000000e+03 1.454800000000000000e+04 -4.192000000000000000e+03 7.100000000000000000e+01 -1.312000000000000000e+03
2.152000000000000000e+03 2.308000000000000000e+03 1.286000000000000000e+04 -4.208000000000000000e+03 5.910000000000000000e+02 -8.800000000000000000e+02
5.800000000000000000e+02 5.528000000000000000e+03 1.998000000000000000e+04 -4.208000000000000000e+03 3.130000000000000000e+02 -5.930000000000000000e+02
4.076000000000000000e+03 3.828000000000000000e+03 2.095600000000000000e+04 -4.224000000000000000e+03 -5.440000000000000000e+02 -1.092000000000000000e+03
1.295200000000000000e+04 3.052000000000000000e+03 1.174400000000000000e+04 -4.224000000000000000e+03 7.800000000000000000e+01 -8.490000000000000000e+02
6.712000000000000000e+03 1.716000000000000000e+03 1.439200000000000000e+04 -4.256000000000000000e+03 1.560000000000000000e+02 -1.289000000000000000e+03
4.944000000000000000e+03 3.708000000000000000e+03 1.825600000000000000e+04 -4.224000000000000000e+03 9.400000000000000000e+01 -1.167000000000000000e+03
4.280000000000000000e+03 3.796000000000000000e+03 1.934800000000000000e+04 -4.240000000000000000e+03 1.120000000000000000e+02 -1.296000000000000000e+03
4.644000000000000000e+03 4.220000000000000000e+03 1.966000000000000000e+04 -4.240000000000000000e+03 1.020000000000000000e+02 -9.510000000000000000e+02
4.752000000000000000e+03 4.064000000000000000e+03 1.882800000000000000e+04 -4.224000000000000000e+03 -2.420000000000000000e+02 -9.450000000000000000e+02
5.116000000000000000e+03 4.188000000000000000e+03 1.956800000000000000e+04 -4.224000000000000000e+03 -4.740000000000000000e+02 -9.840000000000000000e+02
5.392000000000000000e+03 3.844000000000000000e+03 1.934000000000000000e+04 -4.240000000000000000e+03 -8.180000000000000000e+02 -1.150000000000000000e+03
5.320000000000000000e+03 3.624000000000000000e+03 1.853200000000000000e+04 -4.224000000000000000e+03 -1.123000000000000000e+03 -8.030000000000000000e+02
4.748000000000000000e+03 2.728000000000000000e+03 1.538800000000000000e+04 -4.256000000000000000e+03 -1.259000000000000000e+03 -5.460000000000000000e+02
3.832000000000000000e+03 1.936000000000000000e+03 1.243600000000000000e+04 -4.208000000000000000e+03 -1.196000000000000000e+03 -4.000000000000000000e+02
2.860000000000000000e+03 1.184000000000000000e+03 8.632000000000000000e+03 -4.208000000000000000e+03 -1.165000000000000000e+03 -2.620000000000000000e+02
2.368000000000000000e+03 6.680000000000000000e+02 6.432000000000000000e+03 -4.224000000000000000e+03 -1.065000000000000000e+03 -7.300000000000000000e+01
2.092000000000000000e+03 4.840000000000000000e+02 4.752000000000000000e+03 -4.272000000000000000e+03 -9.270000000000000000e+02 7.200000000000000000e+01
1.788000000000000000e+03 2.240000000000000000e+02 4.196000000000000000e+03 -4.224000000000000000e+03 -7.040000000000000000e+02 1.600000000000000000e+02
2.528000000000000000e+03 3.440000000000000000e+02 5.080000000000000000e+03 -4.208000000000000000e+03 -4.970000000000000000e+02 2.360000000000000000e+02
3.440000000000000000e+03 3.040000000000000000e+02 6.704000000000000000e+03 -4.224000000000000000e+03 -3.270000000000000000e+02 3.910000000000000000e+02
3.764000000000000000e+03 1.184000000000000000e+03 9.468000000000000000e+03 -4.208000000000000000e+03 -7.100000000000000000e+01 3.860000000000000000e+02
1.980000000000000000e+03 1.284000000000000000e+03 1.282000000000000000e+04 -4.256000000000000000e+03 -1.490000000000000000e+02 4.750000000000000000e+02
8.600000000000000000e+02 1.580000000000000000e+03 1.536800000000000000e+04 -4.240000000000000000e+03 -3.700000000000000000e+01 3.250000000000000000e+02
2.956000000000000000e+03 1.944000000000000000e+03 1.546800000000000000e+04 -4.208000000000000000e+03 -5.400000000000000000e+01 1.210000000000000000e+02
5.112000000000000000e+03 2.228000000000000000e+03 1.417600000000000000e+04 -4.208000000000000000e+03 -2.000000000000000000e+01 3.020000000000000000e+02
5.288000000000000000e+03 2.080000000000000000e+03 1.308800000000000000e+04 -4.224000000000000000e+03 1.000000000000000000e+00 5.070000000000000000e+02
5.116000000000000000e+03 2.176000000000000000e+03 1.262400000000000000e+04 -4.224000000000000000e+03 1.700000000000000000e+01 5.900000000000000000e+02
4.552000000000000000e+03 2.424000000000000000e+03 1.360800000000000000e+04 -4.224000000000000000e+03 1.800000000000000000e+01 5.350000000000000000e+02
3.440000000000000000e+03 2.636000000000000000e+03 1.473200000000000000e+04 -4.208000000000000000e+03 -5.800000000000000000e+01 3.290000000000000000e+02
3.052000000000000000e+03 2.592000000000000000e+03 1.529200000000000000e+04 -4.240000000000000000e+03 -1.580000000000000000e+02 7.100000000000000000e+01
3.436000000000000000e+03 2.792000000000000000e+03 1.516400000000000000e+04 -4.224000000000000000e+03 -2.550000000000000000e+02 -4.400000000000000000e+01
4.064000000000000000e+03 2.796000000000000000e+03 1.432000000000000000e+04 -4.256000000000000000e+03 -3.050000000000000000e+02 3.700000000000000000e+01
4.388000000000000000e+03 2.524000000000000000e+03 1.400400000000000000e+04 -4.240000000000000000e+03 -3.070000000000000000e+02 8.800000000000000000e+01
4.332000000000000000e+03 2.396000000000000000e+03 1.398000000000000000e+04 -4.272000000000000000e+03 -4.210000000000000000e+02 1.510000000000000000e+02
3.844000000000000000e+03 2.352000000000000000e+03 1.423600000000000000e+04 -4.224000000000000000e+03 -4.310000000000000000e+02 2.380000000000000000e+02
3.732000000000000000e+03 2.348000000000000000e+03 1.440000000000000000e+04 -4.240000000000000000e+03 -4.650000000000000000e+02 3.170000000000000000e+02
3.764000000000000000e+03 2.380000000000000000e+03 1.433600000000000000e+04 -4.192000000000000000e+03 -4.700000000000000000e+02 3.600000000000000000e+02
3.984000000000000000e+03 2.288000000000000000e+03 1.425600000000000000e+04 -4.240000000000000000e+03 -4.500000000000000000e+02 3.880000000000000000e+02
4.396000000000000000e+03 2.440000000000000000e+03 1.407600000000000000e+04 -4.224000000000000000e+03 -3.820000000000000000e+02 4.000000000000000000e+02
4.320000000000000000e+03 2.388000000000000000e+03 1.400000000000000000e+04 -4.224000000000000000e+03 -3.790000000000000000e+02 4.200000000000000000e+02
4.164000000000000000e+03 2.484000000000000000e+03 1.382000000000000000e+04 -4.240000000000000000e+03 -3.760000000000000000e+02 4.100000000000000000e+02
4.044000000000000000e+03 2.420000000000000000e+03 1.402400000000000000e+04 -4.256000000000000000e+03 -3.530000000000000000e+02 4.170000000000000000e+02
4.040000000000000000e+03 2.352000000000000000e+03 1.400800000000000000e+04 -4.208000000000000000e+03 -3.450000000000000000e+02 3.460000000000000000e+02
3.976000000000000000e+03 2.408000000000000000e+03 1.422800000000000000e+04 -4.224000000000000000e+03 -3.390000000000000000e+02 2.010000000000000000e+02
4.252000000000000000e+03 2.464000000000000000e+03 1.416800000000000000e+04 -4.240000000000000000e+03 -3.020000000000000000e+02 3.400000000000000000e+01
4.148000000000000000e+03 2.292000000000000000e+03 1.412800000000000000e+04 -4.224000000000000000e+03 -2.610000000000000000e+02 -1.910000000000000000e+02
4.336000000000000000e+03 2.396000000000000000e+03 1.424000000000000000e+04 -4.240000000000000000e+03 -2.410000000000000000e+02 -3.640000000000000000e+02
4.068000000000000000e+03 2.276000000000000000e+03 1.411600000000000000e+04 -4.208000000000000000e+03 -2.270000000000000000e+02 -4.600000000000000000e+02
3.816000000000000000e+03 2.324000000000000000e+03 1.422800000000000000e+04 -4.224000000000000000e+03 -2.300000000000000000e+02 -4.800000000000000000e+02
