4.480000000000000000e+03 2.380000000000000000e+03 1.376400000000000000e+04 -4.224000000000000000e+03 -2.450000000000000000e+02 8.400000000000000000e+01
4.920000000000000000e+03 2.116000000000000000e+03 1.393600000000000000e+04 -4.176000000000000000e+03 -2.550000000000000000e+02 1.100000000000000000e+01
4.696000000000000000e+03 2.448000000000000000e+03 1.405600000000000000e+04 -4.224000000000000000e+03 -2.680000000000000000e+02 -8.000000000000000000e+00
3.996000000000000000e+03 2.320000000000000000e+03 1.422400000000000000e+04 -4.224000000000000000e+03 -2.750000000000000000e+02 -7.000000000000000000e+00
4.504000000000000000e+03 1.900000000000000000e+03 1.404000000000000000e+04 -4.208000000000000000e+03 -2.830000000000000000e+02 1.270000000000000000e+02
4.956000000000000000e+03 1.840000000000000000e+03 1.411200000000000000e+04 -4.192000000000000000e+03 -3.060000000000000000e+02 1.700000000000000000e+02
5.304000000000000000e+03 1.844000000000000000e+03 1.402800000000000000e+04 -4.208000000000000000e+03 -2.840000000000000000e+02 -1.200000000000000000e+01
5.256000000000000000e+03 1.868000000000000000e+03 1.417600000000000000e+04 -4.224000000000000000e+03 -2.780000000000000000e+02 -2.490000000000000000e+02
4.916000000000000000e+03 2.136000000000000000e+03 1.418000000000000000e+04 -4.224000000000000000e+03 -2.920000000000000000e+02 -2.750000000000000000e+02
4.840000000000000000e+03 2.032000000000000000e+03 1.416400000000000000e+04 -4.208000000000000000e+03 -2.970000000000000000e+02 -2.780000000000000000e+02
4.312000000000000000e+03 2.148000000000000000e+03 1.414800000000000000e+04 -4.224000000000000000e+03 -2.900000000000000000e+02 9.400000000000000000e+01
3.968000000000000000e+03 2.096000000000000000e+03 1.421200000000000000e+04 -4.208000000000000000e+03 -2.880000000000000000e+02 3.681000000000000000e+03
4.096000000000000000e+03 2.044000000000000000e+03 1.416400000000000000e+04 -4.224000000000000000e+03 -3.600000000000000000e+01 -3.790000000000000000e+02
4.268000000000000000e+03 2.040000000000000000e+03 1.416800000000000000e+04 -4.224000000000000000e+03 3.900000000000000000e+02 7.420000000000000000e+02
4.112000000000000000e+03 2.076000000000000000e+03 1.432000000000000000e+04 -4.224000000000000000e+03 -9.770000000000000000e+02 -8.200000000000000000e+01
3.964000000000000000e+03 2.156000000000000000e+03 1.424800000000000000e+04 -4.256000000000000000e+03 2.713000000000000000e+03 -1.052000000000000000e+03
3.956000000000000000e+03 2.112000000000000000e+03 1.418000000000000000e+04 -4.208000000000000000e+03 3.770000000000000000e+02 -5.410000000000000000e+02
3.796000000000000000e+03 2.188000000000000000e+03 1.419200000000000000e+04 -4.192000000000000000e+03 -5.910000000000000000e+02 -6.970000000000000000e+02
3.736000000000000000e+03 2.024000000000000000e+03 1.413200000000000000e+04 -4.208000000000000000e+03 -1.119000000000000000e+03 -7.460000000000000000e+02
3.712000000000000000e+03 2.064000000000000000e+03 1.428400000000000000e+04 -4.240000000000000000e+03 -1.140000000000000000e+03 -8.640000000000000000e+02
3.652000000000000000e+03 2.060000000000000000e+03 1.415200000000000000e+04 -4.224000000000000000e+03 -9.780000000000000000e+02 -5.860000000000000000e+02
3.848000000000000000e+03 2.028000000000000000e+03 1.404800000000000000e+04 -4.192000000000000000e+03 -9.770000000000000000e+02 -6.020000000000000000e+02
3.836000000000000000e+03 2.152000000000000000e+03 1.388400000000000000e+04 -4.272000000000000000e+03 -7.310000000000000000e+02 -9.300000000000000000e+01
3.744000000000000000e+03 2.092000000000000000e+03 1.456400000000000000e+04 -4.224000000000000000e+03 -5.580000000000000000e+02 -1.470000000000000000e+02
3.976000000000000000e+03 2.084000000000000000e+03 1.510000000000000000e+04 -4.208000000000000000e+03 -4.350000000000000000e+02 -2.840000000000000000e+02
4.184000000000000000e+03 2.104000000000000000e+03 1.748000000000000000e+04 -4.224000000000000000e+03 -2.610000000000000000e+02 4.983000000000000000e+03
4.180000000000000000e+03 1.996000000000000000e+03 2.063200000000000000e+04 -4.192000000000000000e+03 -1.050000000000000000e+02 -2.585000000000000000e+03
3.844000000000000000e+03 1.992000000000000000e+03 2.150400000000000000e+04 -4.192000000000000000e+03 -1.030000000000000000e+02 -3.420000000000000000e+03
3.600000000000000000e+03 2.000000000000000000e+03 2.015200000000000000e+04 -4.256000000000000000e+03 -2.400000000000000000e+01 -4.770000000000000000e+02
3.972000000000000000e+03 3.200000000000000000e+03 1.742400000000000000e+04 -4.224000000000000000e+03 1.115000000000000000e+03 1.260000000000000000e+02
4.036000000000000000e+03 3.956000000000000000e+03 1.836800000000000000e+04 -4.208000000000000000e+03 -2.290000000000000000e+02 -9.200000000000000000e+01
4.040000000000000000e+03 -1.082000000000000000e+04 1.709600000000000000e+04 -4.208000000000000000e+03 -3.980000000000000000e+02 -2.340000000000000000e+03
1.480000000000000000e+03 3.216000000000000000e+03 1.408400000000000000e+04 -4.208000000000000000e+03 -2.380000000000000000e+02 -2.992000000000000000e+03
1.198800000000000000e+04 2.416000000000000000e+03 1.173600000000000000e+04 -4.208000000000000000e+03 -3.620000000000000000e+02 -1.304000000000000000e+03
2.168000000000000000e+03 2.288000000000000000e+03 8.832000000000000000e+03 -4.224000000000000000e+03 -1.650000000000000000e+02 -1.196000000000000000e+03
6.228000000000000000e+03 1.892000000000000000e+03 6.156000000000000000e+03 -4.224000000000000000e+03 -5.130000000000000000e+02 -1.346000000000000000e+03
6.172000000000000000e+03 2.056000000000000000e+03 3.704000000000000000e+03 -4.224000000000000000e+03 -1.270000000000000000e+02 -1.774000000000000000e+03
6.308000000000000000e+03 1.644000000000000000e+03 1.776000000000000000e+03 -4.208000000000000000e+03 -3.500000000000000000e+01 -1.840000000000000000e+03
5.576000000000000000e+03 1.324000000000000000e+03 1.624000000000000000e+03 -4.224000000000000000e+03 -9.400000000000000000e+01 -3.347000000000000000e+03
5.620000000000000000e+03 1.036000000000000000e+03 1.288000000000000000e+03 -4.192000000000000000e+03 -2.600000000000000000e+02 -2.737000000000000000e+03
5.612000000000000000e+03 6.400000000000000000e+02 1.353600000000000000e+04 -4.208000000000000000e+03 -3.390000000000000000e+02 -2.798000000000000000e+03
5.096000000000000000e+03 5.080000000000000000e+02 1.548000000000000000e+04 -4.208000000000000000e+03 -4.260000000000000000e+02 -2.046000000000000000e+03
4.156000000000000000e+03 6.760000000000000000e+02 1.578000000000000000e+04 -4.192000000000000000e+03 -4.810000000000000000e+02 -2.053000000000000000e+03
3.116000000000000000e+03 6.880000000000000000e+02 1.326800000000000000e+04 -4.208000000000000000e+03 -6.040000000000000000e+02 -2.015000000000000000e+03
2.664000000000000000e+03 3.160000000000000000e+02 1.191200000000000000e+04 -4.224000000000000000e+03 -6.360000000000000000e+02 -1.847000000000000000e+03
2.560000000000000000e+03 1.248000000000000000e+03 1.236000000000000000e+04 -4.224000000000000000e+03 -4.210000000000000000e+02 -1.625000000000000000e+03
2.452000000000000000e+03 1.548000000000000000e+03 1.319600000000000000e+04 -4.224000000000000000e+03 -3.110000000000000000e+02 -1.466000000000000000e+03
-1.200000000000000000e+01 2.548000000000000000e+03 1.432400000000000000e+04 -4.192000000000000000e+03 -4.130000000000000000e+02 -1.211000000000000000e+03
-8.716000000000000000e+03 3.120000000000000000e+03 1.381200000000000000e+04 -4.240000000000000000e+03 -2.860000000000000000e+02 -1.003000000000000000e+03
1.083600000000000000e+04 1.516000000000000000e+03 1.320400000000000000e+04 -4.192000000000000000e+03 -4.000000000000000000e+02 -8.390000000000000000e+02
1.542800000000000000e+04 1.412000000000000000e+03 1.228400000000000000e+04 -4.224000000000000000e+03 -6.700000000000000000e+01 -6.490000000000000000e+02
1.060400000000000000e+04 4.160000000000000000e+02 1.018800000000000000e+04 -4.192000000000000000e+03 -1.640000000000000000e+02 -5.600000000000000000e+02
2.560000000000000000e+03 1.040000000000000000e+03 1.012800000000000000e+04 -4.224000000000000000e+03 -1.490000000000000000e+02 -5.450000000000000000e+02
2.036000000000000000e+03 1.520000000000000000e+03 9.048000000000000000e+03 -4.224000000000000000e+03 2.000000000000000000e+00 -4.770000000000000000e+02
4.892000000000000000e+03 1.444000000000000000e+03 8.212000000000000000e+03 -4.224000000000000000e+03 5.000000000000000000e+01 -3.940000000000000000e+02
7.412000000000000000e+03 1.456000000000000000e+03 8.144000000000000000e+03 -4.192000000000000000e+03 1.040000000000000000e+02 -2.158400000000000000e+04
7.980000000000000000e+03 1.892000000000000000e+03 9.220000000000000000e+03 -4.208000000000000000e+03 6.000000000000000000e+00 2.832000000000000000e+03
5.732000000000000000e+03 1.900000000000000000e+03 1.038400000000000000e+04 -4.192000000000000000e+03 4.500000000000000000e+01 3.928000000000000000e+03
4.044000000000000000e+03 2.320000000000000000e+03 1.140000000000000000e+04 -4.240000000000000000e+03 -7.400000000000000000e+01 1.606000000000000000e+03
2.880000000000000000e+03 1.972000000000000000e+03 1.168000000000000000e+04 -4.224000000000000000e+03 -6.269000000000000000e+03 9.520000000000000000e+02
1.732000000000000000e+03 1.408000000000000000e+03 1.282800000000000000e+04 -4.208000000000000000e+03 9.760000000000000000e+02 3.890000000000000000e+02
2.400000000000000000e+03 1.132000000000000000e+03 1.383200000000000000e+04 -4.224000000000000000e+03 -1.018000000000000000e+03 1.600000000000000000e+02
