8.364000000000000000e+03 1.556000000000000000e+03 1.256800000000000000e+04 -4.208000000000000000e+03 -2.860000000000000000e+02 1.250000000000000000e+02
8.600000000000000000e+03 1.564000000000000000e+03 1.262000000000000000e+04 -4.224000000000000000e+03 -2.900000000000000000e+02 1.380000000000000000e+02
8.596000000000000000e+03 1.472000000000000000e+03 1.271600000000000000e+04 -4.208000000000000000e+03 -3.160000000000000000e+02 1.680000000000000000e+02
8.548000000000000000e+03 1.508000000000000000e+03 1.270000000000000000e+04 -4.224000000000000000e+03 -2.850000000000000000e+02 1.990000000000000000e+02
8.388000000000000000e+03 1.852000000000000000e+03 1.270400000000000000e+04 -4.208000000000000000e+03 -2.760000000000000000e+02 1.970000000000000000e+02
8.432000000000000000e+03 1.740000000000000000e+03 1.277200000000000000e+04 -4.224000000000000000e+03 -2.790000000000000000e+02 6.900000000000000000e+01
8.272000000000000000e+03 1.628000000000000000e+03 1.285200000000000000e+04 -4.208000000000000000e+03 -2.780000000000000000e+02 -8.000000000000000000e+00
8.116000000000000000e+03 1.660000000000000000e+03 1.296000000000000000e+04 -4.208000000000000000e+03 -2.620000000000000000e+02 -9.100000000000000000e+01
8.112000000000000000e+03 1.540000000000000000e+03 1.292800000000000000e+04 -4.240000000000000000e+03 -2.780000000000000000e+02 -5.400000000000000000e+01
8.068000000000000000e+03 1.744000000000000000e+03 1.284400000000000000e+04 -4.240000000000000000e+03 -2.780000000000000000e+02 1.460000000000000000e+02
8.164000000000000000e+03 1.684000000000000000e+03 1.265200000000000000e+04 -4.256000000000000000e+03 -2.900000000000000000e+02 3.590000000000000000e+02
8.252000000000000000e+03 1.716000000000000000e+03 1.275200000000000000e+04 -4.208000000000000000e+03 -3.180000000000000000e+02 -2.620000000000000000e+03
8.180000000000000000e+03 1.776000000000000000e+03 1.274400000000000000e+04 -4.224000000000000000e+03 -2.860000000000000000e+02 1.034000000000000000e+03
8.132000000000000000e+03 1.660000000000000000e+03 1.279200000000000000e+04 -4.208000000000000000e+03 -1.350000000000000000e+02 -3.520000000000000000e+02
7.920000000000000000e+03 1.700000000000000000e+03 1.263200000000000000e+04 -4.192000000000000000e+03 4.400000000000000000e+02 -2.810000000000000000e+02
7.784000000000000000e+03 1.748000000000000000e+03 1.266000000000000000e+04 -4.208000000000000000e+03 -1.101000000000000000e+03 4.500000000000000000e+01
7.832000000000000000e+03 1.504000000000000000e+03 1.269200000000000000e+04 -4.208000000000000000e+03 2.642000000000000000e+03 2.720000000000000000e+02
7.816000000000000000e+03 1.640000000000000000e+03 1.276400000000000000e+04 -4.208000000000000000e+03 -3.590000000000000000e+02 4.630000000000000000e+02
7.864000000000000000e+03 1.672000000000000000e+03 1.274800000000000000e+04 -4.208000000000000000e+03 -9.170000000000000000e+02 4.890000000000000000e+02
8.120000000000000000e+03 1.636000000000000000e+03 1.288000000000000000e+04 -4.224000000000000000e+03 -1.123000000000000000e+03 6.880000000000000000e+02
8.080000000000000000e+03 1.620000000000000000e+03 1.277600000000000000e+04 -4.192000000000000000e+03 -1.128000000000000000e+03 8.190000000000000000e+02
8.056000000000000000e+03 1.784000000000000000e+03 1.261600000000000000e+04 -4.192000000000000000e+03 -1.114000000000000000e+03 8.950000000000000000e+02
8.156000000000000000e+03 1.636000000000000000e+03 1.266400000000000000e+04 -4.192000000000000000e+03 -1.078000000000000000e+03 1.019000000000000000e+03
7.948000000000000000e+03 1.608000000000000000e+03 1.229200000000000000e+04 -4.224000000000000000e+03 -9.450000000000000000e+02 1.005000000000000000e+03
7.968000000000000000e+03 1.568000000000000000e+03 1.257200000000000000e+04 -4.224000000000000000e+03 -8.180000000000000000e+02 1.025000000000000000e+03
8.084000000000000000e+03 1.756000000000000000e+03 2.316000000000000000e+04 -4.224000000000000000e+03 -7.340000000000000000e+02 1.198000000000000000e+03
7.928000000000000000e+03 1.776000000000000000e+03 2.411600000000000000e+04 -4.224000000000000000e+03 -5.400000000000000000e+02 1.372000000000000000e+03
7.896000000000000000e+03 1.660000000000000000e+03 2.031600000000000000e+04 -4.224000000000000000e+03 -4.040000000000000000e+02 4.002000000000000000e+03
7.980000000000000000e+03 1.752000000000000000e+03 2.043600000000000000e+04 -4.240000000000000000e+03 -2.270000000000000000e+02 2.130000000000000000e+02
7.864000000000000000e+03 1.496000000000000000e+03 1.850800000000000000e+04 -4.224000000000000000e+03 -5.000000000000000000e+01 1.651000000000000000e+03
8.020000000000000000e+03 1.468000000000000000e+03 1.762400000000000000e+04 -4.208000000000000000e+03 1.100000000000000000e+02 -4.630000000000000000e+02
8.124000000000000000e+03 1.456000000000000000e+03 1.746000000000000000e+04 -4.208000000000000000e+03 7.230000000000000000e+02 7.300000000000000000e+02
8.532000000000000000e+03 1.310000000000000000e+04 1.639200000000000000e+04 -4.208000000000000000e+03 -1.057000000000000000e+03 1.200000000000000000e+03
8.608000000000000000e+03 1.208000000000000000e+03 1.462400000000000000e+04 -4.224000000000000000e+03 8.600000000000000000e+01 -3.200000000000000000e+01
1.554800000000000000e+04 1.532000000000000000e+03 1.278000000000000000e+04 -4.208000000000000000e+03 -3.070000000000000000e+02 -3.590000000000000000e+02
4.320000000000000000e+03 2.740000000000000000e+03 1.027200000000000000e+04 -4.192000000000000000e+03 -1.040000000000000000e+02 -5.800000000000000000e+02
9.552000000000000000e+03 2.356000000000000000e+03 6.460000000000000000e+03 -4.208000000000000000e+03 -5.700000000000000000e+01 -7.830000000000000000e+02
1.170800000000000000e+04 1.676000000000000000e+03 3.192000000000000000e+03 -4.224000000000000000e+03 1.300000000000000000e+01 -1.100000000000000000e+03
1.182000000000000000e+04 1.444000000000000000e+03 1.208000000000000000e+03 -4.224000000000000000e+03 5.400000000000000000e+01 -1.444000000000000000e+03
1.158000000000000000e+04 1.328000000000000000e+03 6.960000000000000000e+02 -4.192000000000000000e+03 4.500000000000000000e+01 -1.757000000000000000e+03
1.163200000000000000e+04 1.004000000000000000e+03 1.236000000000000000e+03 -4.208000000000000000e+03 2.900000000000000000e+01 -2.087000000000000000e+03
1.102000000000000000e+04 6.840000000000000000e+02 1.369600000000000000e+04 -4.208000000000000000e+03 -7.200000000000000000e+01 -2.356000000000000000e+03
1.040800000000000000e+04 5.360000000000000000e+02 1.472400000000000000e+04 -4.240000000000000000e+03 -4.100000000000000000e+01 -2.757000000000000000e+03
9.260000000000000000e+03 -4.000000000000000000e+00 1.190400000000000000e+04 -4.208000000000000000e+03 -2.320000000000000000e+02 -2.826000000000000000e+03
7.584000000000000000e+03 2.000000000000000000e+01 1.412800000000000000e+04 -4.224000000000000000e+03 -4.010000000000000000e+02 -2.792000000000000000e+03
5.468000000000000000e+03 -2.000000000000000000e+02 1.261600000000000000e+04 -4.208000000000000000e+03 -5.020000000000000000e+02 -2.654000000000000000e+03
3.608000000000000000e+03 -2.840000000000000000e+02 1.098000000000000000e+04 -4.224000000000000000e+03 -7.160000000000000000e+02 -2.670000000000000000e+03
2.520000000000000000e+03 -1.960000000000000000e+02 1.152000000000000000e+04 -4.192000000000000000e+03 -5.920000000000000000e+02 -2.518000000000000000e+03
2.228000000000000000e+03 2.112000000000000000e+03 1.197200000000000000e+04 -4.192000000000000000e+03 -5.330000000000000000e+02 -2.345000000000000000e+03
3.084000000000000000e+03 4.520000000000000000e+03 1.209600000000000000e+04 -4.192000000000000000e+03 -6.020000000000000000e+02 -2.185000000000000000e+03
-7.576000000000000000e+03 2.320000000000000000e+03 1.352400000000000000e+04 -4.192000000000000000e+03 -4.930000000000000000e+02 -1.952000000000000000e+03
2.320000000000000000e+02 2.680000000000000000e+03 1.281600000000000000e+04 -4.192000000000000000e+03 -4.070000000000000000e+02 -1.650000000000000000e+03
1.352800000000000000e+04 1.480000000000000000e+03 1.244000000000000000e+04 -4.208000000000000000e+03 -5.310000000000000000e+02 -1.386000000000000000e+03
1.374400000000000000e+04 1.068000000000000000e+03 1.201200000000000000e+04 -4.224000000000000000e+03 -3.630000000000000000e+02 -1.146000000000000000e+03
1.244000000000000000e+04 7.400000000000000000e+02 1.169200000000000000e+04 -4.192000000000000000e+03 -3.400000000000000000e+02 -8.730000000000000000e+02
7.240000000000000000e+03 6.040000000000000000e+02 1.100000000000000000e+04 -4.224000000000000000e+03 -3.400000000000000000e+02 -6.460000000000000000e+02
2.700000000000000000e+03 7.560000000000000000e+02 9.896000000000000000e+03 -4.224000000000000000e+03 -2.830000000000000000e+02 -3.290000000000000000e+02
5.080000000000000000e+03 1.260000000000000000e+03 7.680000000000000000e+03 -4.224000000000000000e+03 -2.220000000000000000e+02 8.000000000000000000e+00
7.352000000000000000e+03 1.304000000000000000e+03 9.608000000000000000e+03 -4.208000000000000000e+03 -3.350000000000000000e+02 -2.559000000000000000e+03
8.868000000000000000e+03 1.740000000000000000e+03 9.444000000000000000e+03 -4.192000000000000000e+03 -2.760000000000000000e+02 3.930000000000000000e+03
7.748000000000000000e+03 2.064000000000000000e+03 9.460000000000000000e+03 -4.176000000000000000e+03 -3.200000000000000000e+02 7.732000000000000000e+03
