-7.300000000000000000e+03 1.588000000000000000e+03 1.258400000000000000e+04 -4.656000000000000000e+03 -2.490000000000000000e+02 2.380000000000000000e+02
-8.044000000000000000e+03 1.596000000000000000e+03 1.215200000000000000e+04 -4.608000000000000000e+03 -2.540000000000000000e+02 6.200000000000000000e+01
-8.104000000000000000e+03 1.652000000000000000e+03 1.216400000000000000e+04 -4.640000000000000000e+03 -2.750000000000000000e+02 -9.700000000000000000e+01
-7.996000000000000000e+03 1.816000000000000000e+03 1.221200000000000000e+04 -4.640000000000000000e+03 -2.260000000000000000e+02 -2.880000000000000000e+02
-7.844000000000000000e+03 1.920000000000000000e+03 1.218800000000000000e+04 -4.656000000000000000e+03 -2.050000000000000000e+02 -4.210000000000000000e+02
-7.680000000000000000e+03 1.920000000000000000e+03 1.214800000000000000e+04 -4.656000000000000000e+03 -2.350000000000000000e+02 -5.320000000000000000e+02
-8.052000000000000000e+03 1.880000000000000000e+03 1.231200000000000000e+04 -4.624000000000000000e+03 -1.950000000000000000e+02 -5.010000000000000000e+02
-7.956000000000000000e+03 1.828000000000000000e+03 1.238000000000000000e+04 -4.640000000000000000e+03 -2.130000000000000000e+02 -4.820000000000000000e+02
-7.920000000000000000e+03 1.680000000000000000e+03 1.239200000000000000e+04 -4.608000000000000000e+03 -2.130000000000000000e+02 -4.890000000000000000e+02
-7.640000000000000000e+03 1.768000000000000000e+03 1.246400000000000000e+04 -4.608000000000000000e+03 -2.440000000000000000e+02 -5.170000000000000000e+02
-7.464000000000000000e+03 1.852000000000000000e+03 1.226000000000000000e+04 -4.608000000000000000e+03 -2.290000000000000000e+02 -4.890000000000000000e+02
-7.476000000000000000e+03 1.844000000000000000e+03 1.252400000000000000e+04 -4.640000000000000000e+03 -2.690000000000000000e+02 -4.920000000000000000e+02
-7.364000000000000000e+03 1.892000000000000000e+03 1.253600000000000000e+04 -4.640000000000000000e+03 -2.530000000000000000e+02 -4.440000000000000000e+02
-7.272000000000000000e+03 1.920000000000000000e+03 1.239200000000000000e+04 -4.640000000000000000e+03 -1.460000000000000000e+02 -3.760000000000000000e+02
-7.216000000000000000e+03 1.800000000000000000e+03 1.275600000000000000e+04 -4.656000000000000000e+03 -2.430000000000000000e+02 -2.370000000000000000e+02
-6.992000000000000000e+03 1.772000000000000000e+03 1.250800000000000000e+04 -4.624000000000000000e+03 -2.460000000000000000e+02 3.300000000000000000e+01
-7.024000000000000000e+03 1.740000000000000000e+03 1.252800000000000000e+04 -4.656000000000000000e+03 -2.750000000000000000e+02 2.060000000000000000e+02
-7.112000000000000000e+03 1.748000000000000000e+03 1.261200000000000000e+04 -4.640000000000000000e+03 -3.040000000000000000e+02 3.120000000000000000e+02
-6.876000000000000000e+03 1.900000000000000000e+03 1.288000000000000000e+04 -4.624000000000000000e+03 -2.870000000000000000e+02 2.780000000000000000e+02
-7.004000000000000000e+03 1.996000000000000000e+03 1.274000000000000000e+04 -4.640000000000000000e+03 -2.460000000000000000e+02 9.600000000000000000e+01
-7.116000000000000000e+03 2.004000000000000000e+03 1.234000000000000000e+04 -4.640000000000000000e+03 -2.600000000000000000e+02 2.200000000000000000e+01
-7.040000000000000000e+03 1.924000000000000000e+03 1.239600000000000000e+04 -4.608000000000000000e+03 -2.480000000000000000e+02 -1.900000000000000000e+01
-7.496000000000000000e+03 1.800000000000000000e+03 1.256800000000000000e+04 -4.640000000000000000e+03 -3.310000000000000000e+02 -2.770000000000000000e+02
-7.284000000000000000e+03 1.720000000000000000e+03 1.261600000000000000e+04 -4.624000000000000000e+03 -2.910000000000000000e+02 -4.760000000000000000e+02
-7.340000000000000000e+03 1.744000000000000000e+03 1.244400000000000000e+04 -4.624000000000000000e+03 -3.260000000000000000e+02 -5.800000000000000000e+02
-7.844000000000000000e+03 1.676000000000000000e+03 1.276400000000000000e+04 -4.624000000000000000e+03 -3.010000000000000000e+02 -6.330000000000000000e+02
-7.348000000000000000e+03 1.652000000000000000e+03 1.250800000000000000e+04 -4.592000000000000000e+03 -2.550000000000000000e+02 -5.660000000000000000e+02
-7.384000000000000000e+03 1.856000000000000000e+03 1.270000000000000000e+04 -4.624000000000000000e+03 -2.050000000000000000e+02 -5.000000000000000000e+02
-6.780000000000000000e+03 2.272000000000000000e+03 1.273200000000000000e+04 -4.624000000000000000e+03 -1.880000000000000000e+02 -3.740000000000000000e+02
-6.680000000000000000e+03 1.796000000000000000e+03 1.263200000000000000e+04 -4.624000000000000000e+03 -2.200000000000000000e+02 -2.370000000000000000e+02
-6.932000000000000000e+03 1.736000000000000000e+03 1.258000000000000000e+04 -4.624000000000000000e+03 -2.000000000000000000e+02 -1.900000000000000000e+01
-6.620000000000000000e+03 1.960000000000000000e+03 1.283600000000000000e+04 -4.640000000000000000e+03 -2.110000000000000000e+02 1.690000000000000000e+02
-6.568000000000000000e+03 1.856000000000000000e+03 1.262800000000000000e+04 -4.624000000000000000e+03 -1.940000000000000000e+02 5.580000000000000000e+02
-6.316000000000000000e+03 2.120000000000000000e+03 1.282400000000000000e+04 -4.608000000000000000e+03 2.190000000000000000e+02 5.700000000000000000e+02
-6.244000000000000000e+03 1.912000000000000000e+03 1.287200000000000000e+04 -4.656000000000000000e+03 -3.200000000000000000e+01 1.327000000000000000e+03
-5.992000000000000000e+03 2.052000000000000000e+03 -3.216000000000000000e+03 -4.640000000000000000e+03 1.260000000000000000e+03 6.480000000000000000e+02
-9.212000000000000000e+03 1.230400000000000000e+04 1.757200000000000000e+04 -4.624000000000000000e+03 -1.299000000000000000e+03 3.400000000000000000e+02
-1.064800000000000000e+04 3.884000000000000000e+03 1.992400000000000000e+04 -4.608000000000000000e+03 -7.910000000000000000e+02 1.770000000000000000e+02
-1.186800000000000000e+04 7.076000000000000000e+03 1.990400000000000000e+04 -4.624000000000000000e+03 -7.130000000000000000e+02 2.400000000000000000e+02
-1.052800000000000000e+04 3.144000000000000000e+03 1.984800000000000000e+04 -4.624000000000000000e+03 -5.490000000000000000e+02 0.000000000000000000e+00
-9.952000000000000000e+03 3.036000000000000000e+03 1.861600000000000000e+04 -4.624000000000000000e+03 -4.130000000000000000e+02 -4.790000000000000000e+02
-8.944000000000000000e+03 2.352000000000000000e+03 1.702800000000000000e+04 -4.656000000000000000e+03 -3.520000000000000000e+02 -2.930000000000000000e+02
-8.400000000000000000e+03 1.712000000000000000e+03 1.586000000000000000e+04 -4.656000000000000000e+03 -2.130000000000000000e+02 -6.220000000000000000e+02
-8.060000000000000000e+03 1.400000000000000000e+03 1.384000000000000000e+04 -4.624000000000000000e+03 -6.800000000000000000e+01 -8.700000000000000000e+02
-6.928000000000000000e+03 1.320000000000000000e+03 1.152400000000000000e+04 -4.656000000000000000e+03 -3.800000000000000000e+01 -9.810000000000000000e+02
-5.524000000000000000e+03 1.300000000000000000e+03 9.560000000000000000e+03 -4.640000000000000000e+03 -1.140000000000000000e+02 -1.124000000000000000e+03
-4.584000000000000000e+03 1.408000000000000000e+03 6.268000000000000000e+03 -4.640000000000000000e+03 -8.100000000000000000e+01 -9.460000000000000000e+02
-3.304000000000000000e+03 9.440000000000000000e+02 2.372000000000000000e+03 -4.640000000000000000e+03 -6.700000000000000000e+01 -8.190000000000000000e+02
-1.240000000000000000e+03 7.080000000000000000e+02 2.412000000000000000e+03 -4.640000000000000000e+03 8.500000000000000000e+01 3.206000000000000000e+03
-9.800000000000000000e+02 6.080000000000000000e+02 3.728000000000000000e+03 -4.640000000000000000e+03 -4.350000000000000000e+02 -1.943000000000000000e+03
-7.120000000000000000e+02 7.920000000000000000e+02 2.456000000000000000e+03 -4.624000000000000000e+03 3.270000000000000000e+02 4.050000000000000000e+02
-9.124000000000000000e+03 9.200000000000000000e+01 4.252000000000000000e+03 -4.656000000000000000e+03 6.580000000000000000e+02 -1.919000000000000000e+03
-2.010400000000000000e+04 2.800000000000000000e+02 1.110000000000000000e+04 -4.608000000000000000e+03 -1.410000000000000000e+02 -5.300000000000000000e+02
-2.320000000000000000e+03 1.372000000000000000e+03 1.906800000000000000e+04 -4.640000000000000000e+03 -5.230000000000000000e+02 -5.430000000000000000e+02
-3.172000000000000000e+03 4.284000000000000000e+03 1.354400000000000000e+04 -4.608000000000000000e+03 -5.690000000000000000e+02 -2.370000000000000000e+02
-1.368000000000000000e+03 3.132000000000000000e+03 1.398000000000000000e+04 -4.640000000000000000e+03 -6.810000000000000000e+02 -8.170000000000000000e+02
-3.512000000000000000e+03 2.864000000000000000e+03 1.130800000000000000e+04 -4.672000000000000000e+03 -9.450000000000000000e+02 -1.881000000000000000e+03
-4.356000000000000000e+03 2.064000000000000000e+03 9.596000000000000000e+03 -4.624000000000000000e+03 -9.680000000000000000e+02 -1.098000000000000000e+03
-4.692000000000000000e+03 1.632000000000000000e+03 8.712000000000000000e+03 -4.624000000000000000e+03 -9.370000000000000000e+02 -1.022000000000000000e+03
-5.340000000000000000e+03 1.924000000000000000e+03 5.752000000000000000e+03 -4.656000000000000000e+03 -7.600000000000000000e+02 -1.388000000000000000e+03
-4.592000000000000000e+03 1.404000000000000000e+03 7.228000000000000000e+03 -4.656000000000000000e+03 -8.180000000000000000e+02 -1.396000000000000000e+03
-5.012000000000000000e+03 1.476000000000000000e+03 9.684000000000000000e+03 -4.624000000000000000e+03 -8.390000000000000000e+02 -1.554000000000000000e+03
-5.240000000000000000e+03 1.216000000000000000e+03 9.900000000000000000e+03 -4.624000000000000000e+03 -6.590000000000000000e+02 -7.530000000000000000e+02
-4.752000000000000000e+03 1.080000000000000000e+03 1.077200000000000000e+04 -4.640000000000000000e+03 -5.870000000000000000e+02 -1.248000000000000000e+03
-4.664000000000000000e+03 1.312000000000000000e+03 1.462000000000000000e+04 -4.640000000000000000e+03 -5.580000000000000000e+02 -9.070000000000000000e+02
-5.072000000000000000e+03 2.204000000000000000e+03 1.434400000000000000e+04 -4.624000000000000000e+03 -3.180000000000000000e+02 -8.700000000000000000e+02
-4.740000000000000000e+03 2.072000000000000000e+03 1.565600000000000000e+04 -4.656000000000000000e+03 -1.860000000000000000e+02 -1.037000000000000000e+03
-5.024000000000000000e+03 2.388000000000000000e+03 1.608400000000000000e+04 -4.656000000000000000e+03 -1.500000000000000000e+02 -6.660000000000000000e+02
-5.412000000000000000e+03 2.540000000000000000e+03 1.599600000000000000e+04 -4.656000000000000000e+03 6.000000000000000000e+00 -1.084000000000000000e+03
-5.956000000000000000e+03 2.240000000000000000e+03 1.737600000000000000e+04 -4.624000000000000000e+03 1.060000000000000000e+02 -1.217000000000000000e+03
-5.884000000000000000e+03 2.848000000000000000e+03 1.758400000000000000e+04 -4.624000000000000000e+03 1.430000000000000000e+02 -1.591000000000000000e+03
-5.704000000000000000e+03 3.040000000000000000e+03 1.706800000000000000e+04 -4.624000000000000000e+03 9.000000000000000000e+01 -1.250000000000000000e+03
-5.524000000000000000e+03 2.984000000000000000e+03 1.686800000000000000e+04 -4.624000000000000000e+03 -4.300000000000000000e+01 7.883000000000000000e+03
-5.412000000000000000e+03 3.140000000000000000e+03 1.458800000000000000e+04 -4.640000000000000000e+03 -1.009100000000000000e+04 -4.182000000000000000e+03
-4.328000000000000000e+03 2.964000000000000000e+03 3.276700000000000000e+04 -4.624000000000000000e+03 -2.620000000000000000e+02 1.154000000000000000e+03
3.276700000000000000e+04 3.276700000000000000e+04 3.684000000000000000e+03 -4.640000000000000000e+03 -2.846000000000000000e+03 -2.377000000000000000e+03
1.360000000000000000e+03 -3.696000000000000000e+03 2.341600000000000000e+04 -4.640000000000000000e+03 1.149000000000000000e+03 -1.280000000000000000e+02
1.254000000000000000e+04 1.860400000000000000e+04 2.649200000000000000e+04 -4.640000000000000000e+03 9.060000000000000000e+02 -1.078000000000000000e+03
2.412000000000000000e+03 6.752000000000000000e+03 5.804000000000000000e+03 -4.624000000000000000e+03 -4.640000000000000000e+02 -6.960000000000000000e+02
-2.612000000000000000e+03 2.192000000000000000e+03 8.956000000000000000e+03 -4.640000000000000000e+03 -9.780000000000000000e+02 -6.250000000000000000e+02
-3.028000000000000000e+03 7.720000000000000000e+02 1.903200000000000000e+04 -4.624000000000000000e+03 6.300000000000000000e+01 -6.710000000000000000e+02
