4.820000000000000000e+03 1.868000000000000000e+03 1.388400000000000000e+04 -4.096000000000000000e+03 -2.120000000000000000e+02 4.800000000000000000e+02
4.928000000000000000e+03 1.996000000000000000e+03 1.397200000000000000e+04 -4.064000000000000000e+03 -2.620000000000000000e+02 1.830000000000000000e+02
5.040000000000000000e+03 2.152000000000000000e+03 1.396800000000000000e+04 -4.080000000000000000e+03 -2.420000000000000000e+02 -5.800000000000000000e+01
5.096000000000000000e+03 2.228000000000000000e+03 1.372800000000000000e+04 -4.096000000000000000e+03 -2.580000000000000000e+02 -1.910000000000000000e+02
5.412000000000000000e+03 2.092000000000000000e+03 1.374000000000000000e+04 -4.080000000000000000e+03 -2.710000000000000000e+02 2.090000000000000000e+02
5.392000000000000000e+03 1.768000000000000000e+03 1.382800000000000000e+04 -4.080000000000000000e+03 -2.170000000000000000e+02 -6.000000000000000000e+01
5.624000000000000000e+03 1.868000000000000000e+03 1.363200000000000000e+04 -4.096000000000000000e+03 -3.050000000000000000e+02 1.040000000000000000e+02
5.696000000000000000e+03 2.052000000000000000e+03 1.360800000000000000e+04 -4.080000000000000000e+03 -2.880000000000000000e+02 3.290000000000000000e+02
5.528000000000000000e+03 2.020000000000000000e+03 1.354800000000000000e+04 -4.096000000000000000e+03 -1.980000000000000000e+02 3.770000000000000000e+02
5.552000000000000000e+03 2.008000000000000000e+03 1.364400000000000000e+04 -4.096000000000000000e+03 -2.510000000000000000e+02 3.500000000000000000e+02
5.320000000000000000e+03 2.036000000000000000e+03 1.374800000000000000e+04 -4.096000000000000000e+03 -3.000000000000000000e+02 3.450000000000000000e+02
5.596000000000000000e+03 1.980000000000000000e+03 1.345600000000000000e+04 -4.112000000000000000e+03 -2.660000000000000000e+02 3.770000000000000000e+02
5.216000000000000000e+03 2.072000000000000000e+03 1.380800000000000000e+04 -4.128000000000000000e+03 -3.400000000000000000e+02 3.640000000000000000e+02
5.080000000000000000e+03 1.928000000000000000e+03 1.402800000000000000e+04 -4.048000000000000000e+03 -3.310000000000000000e+02 3.790000000000000000e+02
5.392000000000000000e+03 2.196000000000000000e+03 1.387200000000000000e+04 -4.096000000000000000e+03 -2.830000000000000000e+02 3.880000000000000000e+02
5.348000000000000000e+03 2.112000000000000000e+03 1.358400000000000000e+04 -4.096000000000000000e+03 -2.680000000000000000e+02 4.140000000000000000e+02
5.512000000000000000e+03 2.060000000000000000e+03 1.359600000000000000e+04 -4.080000000000000000e+03 -2.770000000000000000e+02 4.570000000000000000e+02
5.320000000000000000e+03 1.980000000000000000e+03 1.375200000000000000e+04 -4.096000000000000000e+03 -3.070000000000000000e+02 5.030000000000000000e+02
5.332000000000000000e+03 2.120000000000000000e+03 1.377200000000000000e+04 -4.080000000000000000e+03 -2.750000000000000000e+02 6.140000000000000000e+02
5.312000000000000000e+03 1.992000000000000000e+03 1.380800000000000000e+04 -4.096000000000000000e+03 -2.670000000000000000e+02 7.700000000000000000e+02
5.528000000000000000e+03 2.060000000000000000e+03 1.369600000000000000e+04 -4.128000000000000000e+03 -2.370000000000000000e+02 1.091000000000000000e+03
5.688000000000000000e+03 2.024000000000000000e+03 1.349600000000000000e+04 -4.048000000000000000e+03 -2.400000000000000000e+02 1.218000000000000000e+03
5.332000000000000000e+03 1.912000000000000000e+03 1.373200000000000000e+04 -4.080000000000000000e+03 -2.250000000000000000e+02 1.404000000000000000e+03
5.324000000000000000e+03 2.060000000000000000e+03 1.376000000000000000e+04 -4.080000000000000000e+03 -2.160000000000000000e+02 1.619000000000000000e+03
5.140000000000000000e+03 2.112000000000000000e+03 1.385600000000000000e+04 -4.112000000000000000e+03 -1.940000000000000000e+02 1.760000000000000000e+03
4.916000000000000000e+03 2.188000000000000000e+03 1.384000000000000000e+04 -4.096000000000000000e+03 -1.980000000000000000e+02 1.756000000000000000e+03
4.460000000000000000e+03 2.088000000000000000e+03 1.405600000000000000e+04 -4.096000000000000000e+03 -1.620000000000000000e+02 1.791000000000000000e+03
4.232000000000000000e+03 2.092000000000000000e+03 1.412000000000000000e+04 -4.096000000000000000e+03 -1.500000000000000000e+02 1.690000000000000000e+03
4.140000000000000000e+03 1.932000000000000000e+03 1.426000000000000000e+04 -4.096000000000000000e+03 -1.740000000000000000e+02 1.634000000000000000e+03
4.196000000000000000e+03 1.940000000000000000e+03 1.417200000000000000e+04 -4.064000000000000000e+03 -2.060000000000000000e+02 1.649000000000000000e+03
3.880000000000000000e+03 1.944000000000000000e+03 1.423200000000000000e+04 -4.064000000000000000e+03 -1.750000000000000000e+02 1.634000000000000000e+03
3.848000000000000000e+03 2.172000000000000000e+03 1.417200000000000000e+04 -4.096000000000000000e+03 -1.550000000000000000e+02 1.559000000000000000e+03
3.804000000000000000e+03 2.388000000000000000e+03 1.418000000000000000e+04 -4.048000000000000000e+03 -1.660000000000000000e+02 1.457000000000000000e+03
3.572000000000000000e+03 2.372000000000000000e+03 1.421200000000000000e+04 -4.064000000000000000e+03 -2.120000000000000000e+02 1.304000000000000000e+03
3.208000000000000000e+03 2.192000000000000000e+03 1.432000000000000000e+04 -4.080000000000000000e+03 -2.240000000000000000e+02 1.082000000000000000e+03
3.196000000000000000e+03 2.224000000000000000e+03 1.430400000000000000e+04 -4.048000000000000000e+03 -2.180000000000000000e+02 8.870000000000000000e+02
2.980000000000000000e+03 1.956000000000000000e+03 1.437600000000000000e+04 -4.080000000000000000e+03 -2.290000000000000000e+02 7.670000000000000000e+02
3.108000000000000000e+03 2.052000000000000000e+03 1.416400000000000000e+04 -4.096000000000000000e+03 -2.540000000000000000e+02 5.940000000000000000e+02
3.224000000000000000e+03 2.172000000000000000e+03 1.432800000000000000e+04 -4.128000000000000000e+03 -2.610000000000000000e+02 4.800000000000000000e+02
3.088000000000000000e+03 2.152000000000000000e+03 1.408800000000000000e+04 -4.080000000000000000e+03 -2.590000000000000000e+02 4.030000000000000000e+02
3.324000000000000000e+03 2.100000000000000000e+03 1.411200000000000000e+04 -4.096000000000000000e+03 -2.820000000000000000e+02 3.440000000000000000e+02
3.172000000000000000e+03 2.236000000000000000e+03 1.424400000000000000e+04 -4.080000000000000000e+03 -2.710000000000000000e+02 3.520000000000000000e+02
3.060000000000000000e+03 2.092000000000000000e+03 1.440800000000000000e+04 -4.064000000000000000e+03 -2.780000000000000000e+02 3.310000000000000000e+02
3.124000000000000000e+03 2.104000000000000000e+03 1.435600000000000000e+04 -4.064000000000000000e+03 -2.880000000000000000e+02 3.640000000000000000e+02
3.164000000000000000e+03 1.996000000000000000e+03 1.414000000000000000e+04 -4.080000000000000000e+03 -2.830000000000000000e+02 3.740000000000000000e+02
3.332000000000000000e+03 2.060000000000000000e+03 1.422400000000000000e+04 -4.064000000000000000e+03 -2.650000000000000000e+02 4.030000000000000000e+02
3.196000000000000000e+03 2.076000000000000000e+03 1.429600000000000000e+04 -4.080000000000000000e+03 -2.820000000000000000e+02 4.330000000000000000e+02
3.328000000000000000e+03 2.048000000000000000e+03 1.407600000000000000e+04 -4.096000000000000000e+03 -2.630000000000000000e+02 4.180000000000000000e+02
3.112000000000000000e+03 2.076000000000000000e+03 1.405200000000000000e+04 -4.064000000000000000e+03 -1.170000000000000000e+02 3.980000000000000000e+02
2.860000000000000000e+03 2.084000000000000000e+03 1.498400000000000000e+04 -4.080000000000000000e+03 5.450000000000000000e+02 1.295000000000000000e+03
3.640000000000000000e+03 9.560000000000000000e+02 1.808000000000000000e+04 -4.080000000000000000e+03 -2.300000000000000000e+02 -5.800000000000000000e+02
1.798000000000000000e+04 -1.109200000000000000e+04 6.460000000000000000e+03 -4.032000000000000000e+03 -4.940000000000000000e+03 -2.730000000000000000e+02
4.836000000000000000e+03 1.508000000000000000e+03 2.020800000000000000e+04 -4.080000000000000000e+03 -3.500000000000000000e+01 -7.100000000000000000e+01
5.000000000000000000e+03 2.504000000000000000e+03 2.050000000000000000e+04 -4.064000000000000000e+03 -2.160000000000000000e+02 -3.020000000000000000e+02
4.780000000000000000e+03 2.744000000000000000e+03 2.168000000000000000e+04 -4.064000000000000000e+03 -6.350000000000000000e+02 -1.810000000000000000e+02
5.524000000000000000e+03 2.876000000000000000e+03 2.136400000000000000e+04 -4.096000000000000000e+03 -8.110000000000000000e+02 -1.010000000000000000e+02
5.600000000000000000e+03 2.928000000000000000e+03 2.080400000000000000e+04 -4.096000000000000000e+03 -8.840000000000000000e+02 8.300000000000000000e+01
5.240000000000000000e+03 2.720000000000000000e+03 1.882400000000000000e+04 -4.128000000000000000e+03 -1.052000000000000000e+03 1.720000000000000000e+02
4.192000000000000000e+03 1.748000000000000000e+03 1.426800000000000000e+04 -4.080000000000000000e+03 -1.107000000000000000e+03 2.280000000000000000e+02
3.124000000000000000e+03 1.256000000000000000e+03 1.048400000000000000e+04 -4.080000000000000000e+03 -1.136000000000000000e+03 1.880000000000000000e+02
2.216000000000000000e+03 6.120000000000000000e+02 5.804000000000000000e+03 -4.112000000000000000e+03 -1.001000000000000000e+03 3.390000000000000000e+02
1.548000000000000000e+03 1.080000000000000000e+02 2.276000000000000000e+03 -4.112000000000000000e+03 -8.410000000000000000e+02 5.170000000000000000e+02
1.432000000000000000e+03 -1.520000000000000000e+02 4.440000000000000000e+02 -4.080000000000000000e+03 -6.750000000000000000e+02 2.289000000000000000e+03
6.000000000000000000e+02 -3.560000000000000000e+02 -1.524000000000000000e+03 -4.064000000000000000e+03 -2.580000000000000000e+02 3.415000000000000000e+03
-1.294000000000000000e+04 1.112000000000000000e+03 7.512000000000000000e+03 -4.096000000000000000e+03 -4.960000000000000000e+02 -2.989000000000000000e+03
2.320000000000000000e+02 7.040000000000000000e+02 5.468000000000000000e+03 -4.080000000000000000e+03 -2.550000000000000000e+02 -9.900000000000000000e+01
3.220000000000000000e+03 2.164000000000000000e+03 9.880000000000000000e+03 -4.080000000000000000e+03 7.700000000000000000e+01 -5.640000000000000000e+02
4.364000000000000000e+03 1.932000000000000000e+03 1.101200000000000000e+04 -4.080000000000000000e+03 -1.880000000000000000e+02 6.250000000000000000e+02
3.108000000000000000e+03 1.068000000000000000e+03 8.320000000000000000e+03 -4.080000000000000000e+03 -5.300000000000000000e+02 -1.570000000000000000e+02
1.388000000000000000e+03 5.480000000000000000e+02 6.044000000000000000e+03 -4.096000000000000000e+03 -4.460000000000000000e+02 -1.620000000000000000e+02
1.788000000000000000e+03 6.640000000000000000e+02 5.992000000000000000e+03 -4.096000000000000000e+03 -8.000000000000000000e+00 -2.330000000000000000e+02
2.220000000000000000e+03 1.040000000000000000e+03 7.168000000000000000e+03 -4.096000000000000000e+03 1.620000000000000000e+02 -8.750000000000000000e+02
4.320000000000000000e+03 1.684000000000000000e+03 9.740000000000000000e+03 -4.096000000000000000e+03 1.950000000000000000e+02 -8.880000000000000000e+02
3.864000000000000000e+03 2.548000000000000000e+03 1.460400000000000000e+04 -4.096000000000000000e+03 5.800000000000000000e+01 -2.740000000000000000e+02
3.908000000000000000e+03 1.556000000000000000e+03 1.246800000000000000e+04 -4.096000000000000000e+03 -1.980000000000000000e+02 -1.041000000000000000e+03
5.404000000000000000e+03 1.732000000000000000e+03 1.568400000000000000e+04 -4.096000000000000000e+03 1.780000000000000000e+02 -9.790000000000000000e+02
5.004000000000000000e+03 1.504000000000000000e+03 1.656800000000000000e+04 -4.096000000000000000e+03 -7.100000000000000000e+01 -9.060000000000000000e+02
5.072000000000000000e+03 1.044000000000000000e+03 1.558000000000000000e+04 -4.080000000000000000e+03 2.520000000000000000e+02 -8.420000000000000000e+02
4.956000000000000000e+03 1.624000000000000000e+03 1.643200000000000000e+04 -4.096000000000000000e+03 4.920000000000000000e+02 -1.652000000000000000e+03
4.932000000000000000e+03 2.420000000000000000e+03 1.807600000000000000e+04 -4.080000000000000000e+03 6.380000000000000000e+02 -1.418000000000000000e+03
5.432000000000000000e+03 2.916000000000000000e+03 1.791200000000000000e+04 -4.080000000000000000e+03 6.280000000000000000e+02 -1.808000000000000000e+03
5.772000000000000000e+03 3.304000000000000000e+03 1.907200000000000000e+04 -4.080000000000000000e+03 5.870000000000000000e+02 -1.879000000000000000e+03
4.044000000000000000e+03 2.688000000000000000e+03 1.910400000000000000e+04 -4.096000000000000000e+03 1.810000000000000000e+02 9.500000000000000000e+01
-3.276800000000000000e+04 3.276700000000000000e+04 3.276700000000000000e+04 -4.096000000000000000e+03 -4.342000000000000000e+03 -3.954000000000000000e+03
