1.254000000000000000e+04 1.860400000000000000e+04 2.649200000000000000e+04 -4.640000000000000000e+03 9.060000000000000000e+02 -1.078000000000000000e+03
2.412000000000000000e+03 6.752000000000000000e+03 5.804000000000000000e+03 -4.624000000000000000e+03 -4.640000000000000000e+02 -6.960000000000000000e+02
-2.612000000000000000e+03 2.192000000000000000e+03 8.956000000000000000e+03 -4.640000000000000000e+03 -9.780000000000000000e+02 -6.250000000000000000e+02
-3.028000000000000000e+03 7.720000000000000000e+02 1.903200000000000000e+04 -4.624000000000000000e+03 6.300000000000000000e+01 -6.710000000000000000e+02
-4.948000000000000000e+03 3.332000000000000000e+03 1.877200000000000000e+04 -4.640000000000000000e+03 -3.400000000000000000e+01 -3.920000000000000000e+02
-3.816000000000000000e+03 2.816000000000000000e+03 1.274000000000000000e+04 -5.700000000000000000e+02 -2.670000000000000000e+02 -2.360000000000000000e+02
-2.596000000000000000e+03 1.936000000000000000e+03 -2.240000000000000000e+02 -4.656000000000000000e+03 -2.830000000000000000e+02 -6.400000000000000000e+01
9.600000000000000000e+01 -4.592000000000000000e+03 1.358000000000000000e+04 -4.656000000000000000e+03 -1.990000000000000000e+02 9.300000000000000000e+01
-3.080000000000000000e+03 2.336000000000000000e+03 1.441200000000000000e+04 -4.656000000000000000e+03 -1.650000000000000000e+02 2.190000000000000000e+02
-2.992000000000000000e+03 2.416000000000000000e+03 1.455600000000000000e+04 -4.640000000000000000e+03 -2.060000000000000000e+02 2.890000000000000000e+02
-2.752000000000000000e+03 2.428000000000000000e+03 1.450000000000000000e+04 -4.608000000000000000e+03 -1.810000000000000000e+02 3.770000000000000000e+02
-2.724000000000000000e+03 2.168000000000000000e+03 1.410000000000000000e+04 -4.624000000000000000e+03 -2.760000000000000000e+02 5.510000000000000000e+02
-2.852000000000000000e+03 1.972000000000000000e+03 1.414400000000000000e+04 -4.624000000000000000e+03 -2.710000000000000000e+02 8.540000000000000000e+02
-2.964000000000000000e+03 1.748000000000000000e+03 1.418000000000000000e+04 -4.656000000000000000e+03 -2.620000000000000000e+02 1.040000000000000000e+03
-2.776000000000000000e+03 1.944000000000000000e+03 1.421600000000000000e+04 -4.624000000000000000e+03 -2.880000000000000000e+02 1.180000000000000000e+03
-2.608000000000000000e+03 2.084000000000000000e+03 1.422400000000000000e+04 -4.640000000000000000e+03 -3.100000000000000000e+02 1.290000000000000000e+03
-2.684000000000000000e+03 2.196000000000000000e+03 1.398000000000000000e+04 -4.624000000000000000e+03 -3.100000000000000000e+02 1.348000000000000000e+03
-2.712000000000000000e+03 2.156000000000000000e+03 1.404000000000000000e+04 -4.656000000000000000e+03 -3.110000000000000000e+02 1.393000000000000000e+03
-3.172000000000000000e+03 2.240000000000000000e+03 1.404800000000000000e+04 -4.656000000000000000e+03 -3.300000000000000000e+02 1.433000000000000000e+03
-3.272000000000000000e+03 2.368000000000000000e+03 1.401200000000000000e+04 -4.656000000000000000e+03 -3.340000000000000000e+02 1.354000000000000000e+03
-3.360000000000000000e+03 2.384000000000000000e+03 1.400000000000000000e+04 -4.624000000000000000e+03 -3.490000000000000000e+02 1.274000000000000000e+03
-3.628000000000000000e+03 2.164000000000000000e+03 1.392400000000000000e+04 -4.624000000000000000e+03 -3.330000000000000000e+02 1.207000000000000000e+03
-3.720000000000000000e+03 2.292000000000000000e+03 1.404000000000000000e+04 -4.624000000000000000e+03 -3.360000000000000000e+02 1.126000000000000000e+03
-3.880000000000000000e+03 2.048000000000000000e+03 1.388800000000000000e+04 -4.624000000000000000e+03 -3.580000000000000000e+02 9.950000000000000000e+02
-4.048000000000000000e+03 1.988000000000000000e+03 1.382000000000000000e+04 -4.640000000000000000e+03 -3.390000000000000000e+02 7.630000000000000000e+02
-4.020000000000000000e+03 1.960000000000000000e+03 1.386400000000000000e+04 -4.624000000000000000e+03 -2.990000000000000000e+02 1.930000000000000000e+02
-4.212000000000000000e+03 1.844000000000000000e+03 1.397200000000000000e+04 -4.656000000000000000e+03 -3.490000000000000000e+02 -5.430000000000000000e+02
-4.156000000000000000e+03 2.136000000000000000e+03 1.375200000000000000e+04 -4.640000000000000000e+03 -2.110000000000000000e+02 -6.670000000000000000e+02
-4.904000000000000000e+03 2.108000000000000000e+03 1.361600000000000000e+04 -4.640000000000000000e+03 -2.110000000000000000e+02 -6.870000000000000000e+02
-5.684000000000000000e+03 1.892000000000000000e+03 1.364800000000000000e+04 -4.656000000000000000e+03 1.270000000000000000e+02 -7.120000000000000000e+02
-4.996000000000000000e+03 1.968000000000000000e+03 1.396000000000000000e+04 -4.656000000000000000e+03 1.320000000000000000e+02 8.100000000000000000e+02
-3.972000000000000000e+03 2.224000000000000000e+03 1.370800000000000000e+04 -4.624000000000000000e+03 2.011000000000000000e+03 -6.980000000000000000e+02
-4.532000000000000000e+03 2.016000000000000000e+03 1.794000000000000000e+04 -4.592000000000000000e+03 -4.790000000000000000e+02 -9.160000000000000000e+02
-6.192000000000000000e+03 5.152000000000000000e+03 2.052800000000000000e+04 -4.624000000000000000e+03 -4.390000000000000000e+02 -7.100000000000000000e+01
-5.072000000000000000e+03 7.380000000000000000e+03 2.330400000000000000e+04 -4.624000000000000000e+03 -6.040000000000000000e+02 6.020000000000000000e+02
-7.392000000000000000e+03 7.016000000000000000e+03 2.448800000000000000e+04 -4.656000000000000000e+03 -4.220000000000000000e+02 1.469000000000000000e+03
-7.164000000000000000e+03 4.160000000000000000e+03 2.076800000000000000e+04 -4.640000000000000000e+03 -3.230000000000000000e+02 1.370000000000000000e+03
-4.328000000000000000e+03 3.888000000000000000e+03 2.038400000000000000e+04 -4.624000000000000000e+03 -2.360000000000000000e+02 2.017000000000000000e+03
-4.648000000000000000e+03 3.328000000000000000e+03 1.898800000000000000e+04 -4.624000000000000000e+03 -2.720000000000000000e+02 2.240000000000000000e+03
-3.872000000000000000e+03 2.884000000000000000e+03 1.895600000000000000e+04 -4.640000000000000000e+03 -3.720000000000000000e+02 1.457000000000000000e+03
-4.112000000000000000e+03 2.860000000000000000e+03 1.816400000000000000e+04 -4.640000000000000000e+03 -3.100000000000000000e+02 2.043000000000000000e+03
-4.340000000000000000e+03 2.564000000000000000e+03 1.532000000000000000e+04 -4.640000000000000000e+03 -5.600000000000000000e+02 2.371000000000000000e+03
-3.688000000000000000e+03 2.216000000000000000e+03 1.250800000000000000e+04 -4.640000000000000000e+03 -5.510000000000000000e+02 2.173000000000000000e+03
-3.544000000000000000e+03 2.060000000000000000e+03 8.552000000000000000e+03 -4.656000000000000000e+03 -5.950000000000000000e+02 2.186000000000000000e+03
-2.312000000000000000e+03 1.580000000000000000e+03 3.344000000000000000e+03 -4.656000000000000000e+03 -5.510000000000000000e+02 6.585000000000000000e+03
-7.840000000000000000e+02 9.720000000000000000e+02 1.228000000000000000e+03 -4.640000000000000000e+03 -7.350000000000000000e+02 2.497000000000000000e+03
1.800000000000000000e+02 6.360000000000000000e+02 7.720000000000000000e+02 -4.640000000000000000e+03 -3.050000000000000000e+02 1.306000000000000000e+03
2.880000000000000000e+02 4.120000000000000000e+02 -3.612000000000000000e+03 -4.640000000000000000e+03 -5.200000000000000000e+01 1.117000000000000000e+03
7.840000000000000000e+02 1.092000000000000000e+03 4.004000000000000000e+03 -4.624000000000000000e+03 -1.640000000000000000e+02 2.950000000000000000e+03
-1.878400000000000000e+04 -2.000000000000000000e+01 8.704000000000000000e+03 -4.624000000000000000e+03 -5.140000000000000000e+02 2.727000000000000000e+03
-3.596000000000000000e+03 1.092000000000000000e+03 1.791200000000000000e+04 -4.656000000000000000e+03 -5.440000000000000000e+02 2.761000000000000000e+03
-2.688000000000000000e+03 2.440000000000000000e+03 1.786000000000000000e+04 -4.640000000000000000e+03 -7.330000000000000000e+02 1.519000000000000000e+03
-5.240000000000000000e+03 1.844000000000000000e+03 1.663200000000000000e+04 -4.656000000000000000e+03 -5.730000000000000000e+02 2.250000000000000000e+03
-4.344000000000000000e+03 2.668000000000000000e+03 1.098400000000000000e+04 -4.640000000000000000e+03 -3.520000000000000000e+02 1.855000000000000000e+03
-3.492000000000000000e+03 1.516000000000000000e+03 7.464000000000000000e+03 -4.608000000000000000e+03 -2.280000000000000000e+02 1.460000000000000000e+03
-4.644000000000000000e+03 5.880000000000000000e+02 7.884000000000000000e+03 -4.624000000000000000e+03 9.000000000000000000e+00 1.071000000000000000e+03
-6.444000000000000000e+03 1.160000000000000000e+02 3.032000000000000000e+03 -4.624000000000000000e+03 -2.130000000000000000e+02 3.770000000000000000e+02
-3.072000000000000000e+03 2.360000000000000000e+02 5.272000000000000000e+03 -4.640000000000000000e+03 -1.950000000000000000e+02 7.670000000000000000e+02
-3.720000000000000000e+03 1.032000000000000000e+03 8.508000000000000000e+03 -4.624000000000000000e+03 -2.270000000000000000e+02 3.350000000000000000e+02
-5.344000000000000000e+03 1.336000000000000000e+03 9.164000000000000000e+03 -4.640000000000000000e+03 -2.020000000000000000e+02 6.870000000000000000e+02
-5.336000000000000000e+03 1.368000000000000000e+03 1.075200000000000000e+04 -4.624000000000000000e+03 -1.010000000000000000e+02 -2.870000000000000000e+02
-6.028000000000000000e+03 1.664000000000000000e+03 1.297200000000000000e+04 -4.640000000000000000e+03 -5.300000000000000000e+01 -5.770000000000000000e+02
-6.376000000000000000e+03 1.864000000000000000e+03 1.305200000000000000e+04 -4.656000000000000000e+03 -5.600000000000000000e+01 -6.570000000000000000e+02
-7.080000000000000000e+03 1.692000000000000000e+03 1.536400000000000000e+04 -4.608000000000000000e+03 3.800000000000000000e+01 -9.900000000000000000e+02
-8.304000000000000000e+03 1.968000000000000000e+03 1.432400000000000000e+04 -4.656000000000000000e+03 2.280000000000000000e+02 -1.508000000000000000e+03
-7.968000000000000000e+03 2.100000000000000000e+03 1.557200000000000000e+04 -4.608000000000000000e+03 2.070000000000000000e+02 -1.459000000000000000e+03
-8.264000000000000000e+03 2.324000000000000000e+03 1.416000000000000000e+04 -4.624000000000000000e+03 4.370000000000000000e+02 -1.675000000000000000e+03
-7.864000000000000000e+03 2.008000000000000000e+03 1.521600000000000000e+04 -4.624000000000000000e+03 3.080000000000000000e+02 -5.146000000000000000e+03
-8.616000000000000000e+03 2.340000000000000000e+03 1.412000000000000000e+04 -4.656000000000000000e+03 -1.851700000000000000e+04 1.217000000000000000e+03
-7.540000000000000000e+03 2.416000000000000000e+03 1.572000000000000000e+04 -4.624000000000000000e+03 -3.499000000000000000e+03 1.766000000000000000e+03
-7.812000000000000000e+03 3.156000000000000000e+03 -3.276800000000000000e+04 -4.640000000000000000e+03 4.790000000000000000e+02 -1.170000000000000000e+02
3.276700000000000000e+04 -3.276800000000000000e+04 2.588800000000000000e+04 -4.640000000000000000e+03 1.909000000000000000e+03 1.850000000000000000e+02
-6.184000000000000000e+03 4.708000000000000000e+03 3.276700000000000000e+04 -4.640000000000000000e+03 2.650000000000000000e+02 2.530000000000000000e+02
9.396000000000000000e+03 -1.272800000000000000e+04 3.187600000000000000e+04 -4.640000000000000000e+03 -1.114000000000000000e+03 6.790000000000000000e+02
-2.140000000000000000e+03 8.108000000000000000e+03 2.852000000000000000e+03 -4.608000000000000000e+03 -7.180000000000000000e+02 8.200000000000000000e+02
-2.740000000000000000e+03 1.260000000000000000e+03 1.132800000000000000e+04 -4.624000000000000000e+03 -2.300000000000000000e+02 9.860000000000000000e+02
-6.444000000000000000e+03 1.048000000000000000e+03 1.682000000000000000e+04 -4.640000000000000000e+03 -1.750000000000000000e+02 9.960000000000000000e+02
-8.408000000000000000e+03 2.708000000000000000e+03 1.608400000000000000e+04 -4.624000000000000000e+03 -2.030000000000000000e+02 1.088000000000000000e+03
-6.876000000000000000e+03 2.456000000000000000e+03 1.320000000000000000e+04 -4.656000000000000000e+03 -4.350000000000000000e+02 1.180000000000000000e+03
-5.936000000000000000e+03 2.056000000000000000e+03 1.186000000000000000e+04 -4.640000000000000000e+03 -4.250000000000000000e+02 1.113000000000000000e+03
