7.356000000000000000e+03 2.588000000000000000e+03 1.276400000000000000e+04 -4.256000000000000000e+03 -2.920000000000000000e+02 -1.790000000000000000e+02
7.820000000000000000e+03 2.648000000000000000e+03 1.267200000000000000e+04 -4.240000000000000000e+03 -2.990000000000000000e+02 1.260000000000000000e+02
7.760000000000000000e+03 2.428000000000000000e+03 1.272400000000000000e+04 -4.240000000000000000e+03 -3.150000000000000000e+02 3.770000000000000000e+02
7.844000000000000000e+03 2.380000000000000000e+03 1.270800000000000000e+04 -4.224000000000000000e+03 -3.250000000000000000e+02 4.920000000000000000e+02
7.712000000000000000e+03 2.480000000000000000e+03 1.284000000000000000e+04 -4.208000000000000000e+03 -2.830000000000000000e+02 5.140000000000000000e+02
7.276000000000000000e+03 2.616000000000000000e+03 1.303200000000000000e+04 -4.224000000000000000e+03 -2.880000000000000000e+02 5.600000000000000000e+02
7.580000000000000000e+03 2.740000000000000000e+03 1.287200000000000000e+04 -4.240000000000000000e+03 -3.470000000000000000e+02 5.720000000000000000e+02
7.480000000000000000e+03 2.756000000000000000e+03 1.273200000000000000e+04 -4.224000000000000000e+03 -3.360000000000000000e+02 6.180000000000000000e+02
7.312000000000000000e+03 2.576000000000000000e+03 1.317200000000000000e+04 -4.224000000000000000e+03 -3.150000000000000000e+02 5.340000000000000000e+02
7.464000000000000000e+03 2.560000000000000000e+03 1.280800000000000000e+04 -4.208000000000000000e+03 -3.290000000000000000e+02 -1.260000000000000000e+02
6.992000000000000000e+03 2.540000000000000000e+03 1.325600000000000000e+04 -4.224000000000000000e+03 -2.470000000000000000e+02 -3.900000000000000000e+02
6.432000000000000000e+03 2.216000000000000000e+03 1.352400000000000000e+04 -4.240000000000000000e+03 -1.730000000000000000e+02 -6.500000000000000000e+01
7.684000000000000000e+03 2.676000000000000000e+03 1.292400000000000000e+04 -4.208000000000000000e+03 -1.510000000000000000e+02 1.860000000000000000e+02
7.924000000000000000e+03 2.688000000000000000e+03 1.270400000000000000e+04 -4.256000000000000000e+03 -2.040000000000000000e+02 4.040000000000000000e+02
7.580000000000000000e+03 2.488000000000000000e+03 1.294800000000000000e+04 -4.240000000000000000e+03 -2.370000000000000000e+02 6.060000000000000000e+02
7.596000000000000000e+03 2.504000000000000000e+03 1.287200000000000000e+04 -4.224000000000000000e+03 -3.020000000000000000e+02 8.100000000000000000e+02
7.824000000000000000e+03 2.704000000000000000e+03 1.280400000000000000e+04 -4.240000000000000000e+03 -2.860000000000000000e+02 7.110000000000000000e+02
7.364000000000000000e+03 2.628000000000000000e+03 1.287600000000000000e+04 -4.192000000000000000e+03 -2.690000000000000000e+02 3.410000000000000000e+02
6.800000000000000000e+03 2.556000000000000000e+03 1.332800000000000000e+04 -4.240000000000000000e+03 -2.010000000000000000e+02 1.260000000000000000e+02
6.576000000000000000e+03 2.520000000000000000e+03 1.333600000000000000e+04 -4.192000000000000000e+03 -1.870000000000000000e+02 2.090000000000000000e+02
7.088000000000000000e+03 2.548000000000000000e+03 1.301600000000000000e+04 -4.240000000000000000e+03 -1.980000000000000000e+02 3.130000000000000000e+02
7.212000000000000000e+03 2.524000000000000000e+03 1.300400000000000000e+04 -4.224000000000000000e+03 -2.350000000000000000e+02 3.920000000000000000e+02
7.232000000000000000e+03 2.568000000000000000e+03 1.310800000000000000e+04 -4.192000000000000000e+03 -2.690000000000000000e+02 4.480000000000000000e+02
7.228000000000000000e+03 2.584000000000000000e+03 1.315200000000000000e+04 -4.224000000000000000e+03 -2.740000000000000000e+02 4.980000000000000000e+02
7.288000000000000000e+03 2.624000000000000000e+03 1.306000000000000000e+04 -4.224000000000000000e+03 -3.080000000000000000e+02 4.080000000000000000e+02
7.104000000000000000e+03 2.612000000000000000e+03 1.299200000000000000e+04 -4.208000000000000000e+03 -2.940000000000000000e+02 1.900000000000000000e+02
6.792000000000000000e+03 2.540000000000000000e+03 1.326000000000000000e+04 -4.224000000000000000e+03 -2.860000000000000000e+02 4.100000000000000000e+01
6.724000000000000000e+03 2.552000000000000000e+03 1.338800000000000000e+04 -4.240000000000000000e+03 -2.430000000000000000e+02 -4.500000000000000000e+01
7.020000000000000000e+03 2.540000000000000000e+03 1.295600000000000000e+04 -4.240000000000000000e+03 -2.040000000000000000e+02 -1.310000000000000000e+02
7.008000000000000000e+03 2.544000000000000000e+03 1.319600000000000000e+04 -4.224000000000000000e+03 -1.580000000000000000e+02 2.000000000000000000e+00
6.924000000000000000e+03 2.520000000000000000e+03 1.301200000000000000e+04 -4.256000000000000000e+03 -1.800000000000000000e+02 2.780000000000000000e+02
7.504000000000000000e+03 2.596000000000000000e+03 1.272000000000000000e+04 -4.240000000000000000e+03 -1.980000000000000000e+02 5.110000000000000000e+02
7.744000000000000000e+03 2.668000000000000000e+03 1.278000000000000000e+04 -4.224000000000000000e+03 -2.320000000000000000e+02 6.740000000000000000e+02
7.280000000000000000e+03 2.700000000000000000e+03 1.300800000000000000e+04 -4.272000000000000000e+03 -1.520000000000000000e+02 3.480000000000000000e+02
7.100000000000000000e+03 2.488000000000000000e+03 1.303600000000000000e+04 -4.224000000000000000e+03 -8.320000000000000000e+02 -4.856000000000000000e+03
1.022000000000000000e+04 5.556000000000000000e+03 2.311200000000000000e+04 -4.224000000000000000e+03 1.056000000000000000e+03 4.620000000000000000e+02
8.960000000000000000e+02 1.836000000000000000e+03 1.868000000000000000e+04 -4.224000000000000000e+03 -9.050000000000000000e+02 -1.159000000000000000e+03
2.799600000000000000e+04 -3.217600000000000000e+04 -3.276800000000000000e+04 -4.224000000000000000e+03 -2.180000000000000000e+02 -6.500000000000000000e+02
7.980000000000000000e+03 5.584000000000000000e+03 1.948800000000000000e+04 -4.208000000000000000e+03 4.100000000000000000e+01 3.840000000000000000e+02
9.280000000000000000e+03 3.400000000000000000e+03 1.788400000000000000e+04 -4.208000000000000000e+03 -1.350000000000000000e+02 4.550000000000000000e+02
9.916000000000000000e+03 3.100000000000000000e+03 1.708000000000000000e+04 -4.224000000000000000e+03 -2.760000000000000000e+02 2.360000000000000000e+02
8.472000000000000000e+03 3.364000000000000000e+03 1.699200000000000000e+04 -4.240000000000000000e+03 -1.160000000000000000e+02 3.500000000000000000e+01
9.296000000000000000e+03 3.456000000000000000e+03 1.883600000000000000e+04 -4.224000000000000000e+03 -2.820000000000000000e+02 4.120000000000000000e+02
8.936000000000000000e+03 3.924000000000000000e+03 1.878000000000000000e+04 -4.224000000000000000e+03 -3.640000000000000000e+02 4.510000000000000000e+02
8.700000000000000000e+03 3.228000000000000000e+03 1.608000000000000000e+04 -4.208000000000000000e+03 -5.410000000000000000e+02 6.490000000000000000e+02
8.116000000000000000e+03 3.012000000000000000e+03 1.471200000000000000e+04 -4.224000000000000000e+03 -5.570000000000000000e+02 6.060000000000000000e+02
6.476000000000000000e+03 2.176000000000000000e+03 1.202000000000000000e+04 -4.240000000000000000e+03 -5.040000000000000000e+02 8.940000000000000000e+02
4.692000000000000000e+03 1.560000000000000000e+03 8.416000000000000000e+03 -4.208000000000000000e+03 -4.230000000000000000e+02 9.590000000000000000e+02
3.044000000000000000e+03 9.560000000000000000e+02 5.264000000000000000e+03 -4.240000000000000000e+03 -3.060000000000000000e+02 9.970000000000000000e+02
2.444000000000000000e+03 6.800000000000000000e+02 2.972000000000000000e+03 -4.224000000000000000e+03 -2.770000000000000000e+02 1.355000000000000000e+03
2.132000000000000000e+03 3.960000000000000000e+02 1.640000000000000000e+03 -4.208000000000000000e+03 -2.970000000000000000e+02 1.561000000000000000e+03
2.324000000000000000e+03 5.920000000000000000e+02 2.268000000000000000e+03 -4.240000000000000000e+03 -1.090000000000000000e+02 1.751000000000000000e+03
2.552000000000000000e+03 9.640000000000000000e+02 4.216000000000000000e+03 -4.224000000000000000e+03 -6.100000000000000000e+01 1.574000000000000000e+03
3.828000000000000000e+03 2.060000000000000000e+03 9.744000000000000000e+03 -4.224000000000000000e+03 -1.370000000000000000e+02 1.403000000000000000e+03
6.748000000000000000e+03 3.340000000000000000e+03 1.548000000000000000e+04 -4.192000000000000000e+03 -4.960000000000000000e+02 1.636000000000000000e+03
9.240000000000000000e+03 3.812000000000000000e+03 1.762400000000000000e+04 -4.224000000000000000e+03 -8.400000000000000000e+02 1.678000000000000000e+03
8.352000000000000000e+03 2.936000000000000000e+03 1.442000000000000000e+04 -4.224000000000000000e+03 -7.460000000000000000e+02 1.421000000000000000e+03
6.568000000000000000e+03 2.468000000000000000e+03 1.168800000000000000e+04 -4.224000000000000000e+03 -6.990000000000000000e+02 9.580000000000000000e+02
6.600000000000000000e+03 2.540000000000000000e+03 1.079200000000000000e+04 -4.224000000000000000e+03 -7.350000000000000000e+02 4.930000000000000000e+02
6.208000000000000000e+03 2.628000000000000000e+03 1.118400000000000000e+04 -4.240000000000000000e+03 -8.740000000000000000e+02 1.830000000000000000e+02
5.888000000000000000e+03 2.088000000000000000e+03 1.067200000000000000e+04 -4.224000000000000000e+03 -8.570000000000000000e+02 -3.240000000000000000e+02
5.020000000000000000e+03 1.628000000000000000e+03 8.588000000000000000e+03 -4.224000000000000000e+03 -7.910000000000000000e+02 -5.310000000000000000e+02
3.832000000000000000e+03 1.648000000000000000e+03 7.292000000000000000e+03 -4.208000000000000000e+03 -6.650000000000000000e+02 -7.640000000000000000e+02
2.924000000000000000e+03 1.328000000000000000e+03 5.088000000000000000e+03 -4.224000000000000000e+03 -4.590000000000000000e+02 -1.072000000000000000e+03
4.200000000000000000e+03 1.824000000000000000e+03 7.208000000000000000e+03 -4.240000000000000000e+03 -4.760000000000000000e+02 -1.564000000000000000e+03
5.384000000000000000e+03 2.288000000000000000e+03 1.033600000000000000e+04 -4.208000000000000000e+03 -3.710000000000000000e+02 -2.028000000000000000e+03
6.424000000000000000e+03 2.568000000000000000e+03 1.341200000000000000e+04 -4.224000000000000000e+03 -1.960000000000000000e+02 -2.089000000000000000e+03
6.692000000000000000e+03 2.352000000000000000e+03 1.406400000000000000e+04 -4.224000000000000000e+03 -1.780000000000000000e+02 -2.211000000000000000e+03
7.940000000000000000e+03 2.592000000000000000e+03 1.447200000000000000e+04 -4.208000000000000000e+03 -4.100000000000000000e+01 -2.043000000000000000e+03
8.156000000000000000e+03 2.784000000000000000e+03 1.496000000000000000e+04 -4.240000000000000000e+03 3.400000000000000000e+01 -1.851000000000000000e+03
7.660000000000000000e+03 2.684000000000000000e+03 1.428000000000000000e+04 -4.224000000000000000e+03 1.140000000000000000e+02 -1.581000000000000000e+03
8.164000000000000000e+03 2.996000000000000000e+03 1.387200000000000000e+04 -4.192000000000000000e+03 9.600000000000000000e+01 -1.416000000000000000e+03
8.340000000000000000e+03 2.928000000000000000e+03 1.342400000000000000e+04 -4.240000000000000000e+03 1.520000000000000000e+02 -1.470000000000000000e+03
8.400000000000000000e+03 3.008000000000000000e+03 1.350400000000000000e+04 -4.240000000000000000e+03 1.730000000000000000e+02 -1.479000000000000000e+03
8.808000000000000000e+03 3.004000000000000000e+03 1.392800000000000000e+04 -4.208000000000000000e+03 9.200000000000000000e+01 -1.436000000000000000e+03
8.996000000000000000e+03 3.092000000000000000e+03 1.405200000000000000e+04 -4.224000000000000000e+03 1.240000000000000000e+02 -1.321000000000000000e+03
9.532000000000000000e+03 3.192000000000000000e+03 1.424000000000000000e+04 -4.224000000000000000e+03 1.500000000000000000e+01 -1.164000000000000000e+03
9.584000000000000000e+03 3.108000000000000000e+03 1.454800000000000000e+04 -4.240000000000000000e+03 -4.800000000000000000e+01 -9.140000000000000000e+02
9.672000000000000000e+03 3.136000000000000000e+03 1.456000000000000000e+04 -4.240000000000000000e+03 -2.150000000000000000e+02 -6.790000000000000000e+02
9.728000000000000000e+03 3.204000000000000000e+03 1.426400000000000000e+04 -4.208000000000000000e+03 -1.790000000000000000e+02 -9.770000000000000000e+02
9.096000000000000000e+03 2.712000000000000000e+03 1.304000000000000000e+04 -4.256000000000000000e+03 -3.790000000000000000e+02 6.642000000000000000e+03
7.736000000000000000e+03 2.260000000000000000e+03 1.336000000000000000e+04 -4.192000000000000000e+03 1.212000000000000000e+03 5.554000000000000000e+03
2.914800000000000000e+04 -1.372000000000000000e+03 -8.336000000000000000e+03 -4.192000000000000000e+03 -8.240000000000000000e+02 3.041000000000000000e+03
