1.451600000000000000e+04 1.320000000000000000e+03 7.584000000000000000e+03 -4.160000000000000000e+03 -1.100000000000000000e+01 2.179000000000000000e+03
1.428000000000000000e+04 1.624000000000000000e+03 7.888000000000000000e+03 -4.160000000000000000e+03 -1.200000000000000000e+01 2.649000000000000000e+03
1.396400000000000000e+04 1.896000000000000000e+03 7.516000000000000000e+03 -4.112000000000000000e+03 -6.800000000000000000e+01 3.252000000000000000e+03
1.410400000000000000e+04 2.004000000000000000e+03 7.372000000000000000e+03 -4.160000000000000000e+03 -1.090000000000000000e+02 3.755000000000000000e+03
1.393200000000000000e+04 1.692000000000000000e+03 6.960000000000000000e+03 -4.176000000000000000e+03 -8.300000000000000000e+01 4.145000000000000000e+03
1.413200000000000000e+04 1.608000000000000000e+03 7.456000000000000000e+03 -4.096000000000000000e+03 -5.000000000000000000e+00 4.527000000000000000e+03
1.420400000000000000e+04 1.596000000000000000e+03 7.552000000000000000e+03 -4.112000000000000000e+03 -5.900000000000000000e+01 4.754000000000000000e+03
1.409600000000000000e+04 1.484000000000000000e+03 8.116000000000000000e+03 -4.128000000000000000e+03 -7.000000000000000000e+01 4.940000000000000000e+03
1.365200000000000000e+04 1.648000000000000000e+03 8.124000000000000000e+03 -4.160000000000000000e+03 -1.140000000000000000e+02 5.119000000000000000e+03
1.355200000000000000e+04 1.600000000000000000e+03 8.232000000000000000e+03 -4.128000000000000000e+03 -1.630000000000000000e+02 5.263000000000000000e+03
1.292400000000000000e+04 1.512000000000000000e+03 8.884000000000000000e+03 -4.128000000000000000e+03 -1.890000000000000000e+02 5.411000000000000000e+03
1.298000000000000000e+04 1.816000000000000000e+03 9.464000000000000000e+03 -4.112000000000000000e+03 -2.410000000000000000e+02 5.521000000000000000e+03
1.265600000000000000e+04 1.952000000000000000e+03 9.820000000000000000e+03 -4.144000000000000000e+03 -2.400000000000000000e+02 5.612000000000000000e+03
1.205200000000000000e+04 1.788000000000000000e+03 9.972000000000000000e+03 -4.144000000000000000e+03 -2.200000000000000000e+02 5.369000000000000000e+03
1.180000000000000000e+04 1.860000000000000000e+03 1.020400000000000000e+04 -4.112000000000000000e+03 -2.730000000000000000e+02 4.963000000000000000e+03
1.144000000000000000e+04 1.932000000000000000e+03 1.059600000000000000e+04 -4.160000000000000000e+03 -3.010000000000000000e+02 4.800000000000000000e+03
1.141200000000000000e+04 1.908000000000000000e+03 1.109600000000000000e+04 -4.144000000000000000e+03 -3.160000000000000000e+02 4.181000000000000000e+03
1.075600000000000000e+04 2.008000000000000000e+03 1.155200000000000000e+04 -4.160000000000000000e+03 -3.650000000000000000e+02 3.616000000000000000e+03
9.680000000000000000e+03 2.336000000000000000e+03 1.184400000000000000e+04 -4.144000000000000000e+03 -3.120000000000000000e+02 3.058000000000000000e+03
9.504000000000000000e+03 2.536000000000000000e+03 1.169600000000000000e+04 -4.160000000000000000e+03 -2.720000000000000000e+02 2.603000000000000000e+03
9.492000000000000000e+03 2.168000000000000000e+03 1.262400000000000000e+04 -4.144000000000000000e+03 -2.870000000000000000e+02 2.131000000000000000e+03
8.256000000000000000e+03 1.948000000000000000e+03 1.265600000000000000e+04 -4.144000000000000000e+03 -2.750000000000000000e+02 1.530000000000000000e+03
8.092000000000000000e+03 1.648000000000000000e+03 1.282400000000000000e+04 -4.144000000000000000e+03 -2.900000000000000000e+02 1.055000000000000000e+03
8.004000000000000000e+03 1.624000000000000000e+03 1.292000000000000000e+04 -4.112000000000000000e+03 -3.340000000000000000e+02 9.170000000000000000e+02
7.800000000000000000e+03 1.860000000000000000e+03 1.314800000000000000e+04 -4.144000000000000000e+03 -3.130000000000000000e+02 1.374000000000000000e+03
7.440000000000000000e+03 2.252000000000000000e+03 1.302800000000000000e+04 -4.128000000000000000e+03 -3.210000000000000000e+02 1.245000000000000000e+03
7.516000000000000000e+03 2.588000000000000000e+03 1.306400000000000000e+04 -4.160000000000000000e+03 -2.720000000000000000e+02 1.491000000000000000e+03
7.600000000000000000e+03 2.664000000000000000e+03 1.266000000000000000e+04 -4.160000000000000000e+03 -3.050000000000000000e+02 1.800000000000000000e+03
7.952000000000000000e+03 2.492000000000000000e+03 1.318800000000000000e+04 -4.144000000000000000e+03 -3.230000000000000000e+02 2.080000000000000000e+03
7.472000000000000000e+03 2.000000000000000000e+03 1.256000000000000000e+04 -4.144000000000000000e+03 -3.180000000000000000e+02 2.221000000000000000e+03
8.336000000000000000e+03 1.768000000000000000e+03 1.256000000000000000e+04 -4.144000000000000000e+03 -2.900000000000000000e+02 2.132000000000000000e+03
8.372000000000000000e+03 1.696000000000000000e+03 1.267200000000000000e+04 -4.176000000000000000e+03 -3.140000000000000000e+02 1.857000000000000000e+03
8.056000000000000000e+03 1.784000000000000000e+03 1.272400000000000000e+04 -4.128000000000000000e+03 -2.960000000000000000e+02 1.541000000000000000e+03
7.952000000000000000e+03 2.036000000000000000e+03 1.301600000000000000e+04 -4.128000000000000000e+03 -2.810000000000000000e+02 1.097000000000000000e+03
7.408000000000000000e+03 2.416000000000000000e+03 1.309200000000000000e+04 -4.128000000000000000e+03 -2.330000000000000000e+02 -1.920000000000000000e+02
7.068000000000000000e+03 2.492000000000000000e+03 1.322800000000000000e+04 -4.128000000000000000e+03 -3.860000000000000000e+02 -5.640000000000000000e+02
6.724000000000000000e+03 2.440000000000000000e+03 1.342800000000000000e+04 -4.128000000000000000e+03 -1.360000000000000000e+02 -9.400000000000000000e+02
6.164000000000000000e+03 1.952000000000000000e+03 1.345200000000000000e+04 -4.160000000000000000e+03 5.800000000000000000e+01 -2.929000000000000000e+03
5.940000000000000000e+03 1.624000000000000000e+03 1.449600000000000000e+04 -4.128000000000000000e+03 1.464000000000000000e+03 -2.441000000000000000e+03
4.056000000000000000e+03 2.244000000000000000e+03 1.980000000000000000e+04 -4.160000000000000000e+03 -6.630000000000000000e+02 -1.914000000000000000e+03
6.160000000000000000e+03 3.652000000000000000e+03 1.979600000000000000e+04 -4.128000000000000000e+03 -1.242000000000000000e+03 -1.772000000000000000e+03
3.872000000000000000e+03 -3.260000000000000000e+03 3.276700000000000000e+04 -4.112000000000000000e+03 -7.480000000000000000e+02 -1.702000000000000000e+03
2.228000000000000000e+03 9.736000000000000000e+03 2.425200000000000000e+04 -4.160000000000000000e+03 -6.190000000000000000e+02 -1.600000000000000000e+03
1.070400000000000000e+04 8.836000000000000000e+03 2.010800000000000000e+04 -4.128000000000000000e+03 -6.950000000000000000e+02 -1.504000000000000000e+03
1.242400000000000000e+04 4.576000000000000000e+03 1.883200000000000000e+04 -4.128000000000000000e+03 -4.070000000000000000e+02 -1.392000000000000000e+03
1.172000000000000000e+04 2.828000000000000000e+03 1.765200000000000000e+04 -4.112000000000000000e+03 -3.050000000000000000e+02 -1.341000000000000000e+03
1.187600000000000000e+04 2.676000000000000000e+03 1.650000000000000000e+04 -4.144000000000000000e+03 -3.600000000000000000e+02 -1.298000000000000000e+03
1.122800000000000000e+04 2.224000000000000000e+03 1.544000000000000000e+04 -4.176000000000000000e+03 -3.560000000000000000e+02 -1.345000000000000000e+03
1.144000000000000000e+04 2.312000000000000000e+03 1.287600000000000000e+04 -4.128000000000000000e+03 -2.820000000000000000e+02 -8.940000000000000000e+02
9.848000000000000000e+03 2.192000000000000000e+03 8.952000000000000000e+03 -4.112000000000000000e+03 -3.030000000000000000e+02 -8.660000000000000000e+02
7.696000000000000000e+03 1.576000000000000000e+03 4.588000000000000000e+03 -4.128000000000000000e+03 -3.100000000000000000e+02 3.997000000000000000e+03
5.484000000000000000e+03 1.252000000000000000e+03 1.848000000000000000e+03 -4.144000000000000000e+03 -2.740000000000000000e+02 -2.635000000000000000e+03
4.024000000000000000e+03 6.320000000000000000e+02 -4.040000000000000000e+02 -4.144000000000000000e+03 1.168000000000000000e+03 -1.434000000000000000e+03
2.816000000000000000e+03 2.000000000000000000e+02 -2.800000000000000000e+01 -4.144000000000000000e+03 -5.910000000000000000e+02 -1.219000000000000000e+03
1.588000000000000000e+03 1.400000000000000000e+02 3.840000000000000000e+02 -4.128000000000000000e+03 -1.450000000000000000e+02 -1.125000000000000000e+03
3.048000000000000000e+03 -1.164000000000000000e+03 1.165600000000000000e+04 -4.144000000000000000e+03 -6.000000000000000000e+01 -1.150000000000000000e+03
-1.092000000000000000e+03 2.252000000000000000e+03 4.516000000000000000e+03 -4.128000000000000000e+03 -6.000000000000000000e+00 -1.325000000000000000e+03
1.097200000000000000e+04 7.480000000000000000e+02 6.736000000000000000e+03 -4.160000000000000000e+03 -1.940000000000000000e+02 -1.368000000000000000e+03
6.220000000000000000e+03 1.112000000000000000e+03 6.524000000000000000e+03 -4.176000000000000000e+03 -4.930000000000000000e+02 -1.703000000000000000e+03
7.588000000000000000e+03 1.068000000000000000e+03 7.340000000000000000e+03 -4.112000000000000000e+03 -1.770000000000000000e+02 -1.677000000000000000e+03
8.344000000000000000e+03 1.252000000000000000e+03 6.208000000000000000e+03 -4.144000000000000000e+03 -1.040000000000000000e+02 -1.925000000000000000e+03
5.536000000000000000e+03 1.012000000000000000e+03 4.764000000000000000e+03 -4.192000000000000000e+03 -1.590000000000000000e+02 -1.323000000000000000e+03
4.464000000000000000e+03 7.080000000000000000e+02 6.828000000000000000e+03 -4.144000000000000000e+03 -3.340000000000000000e+02 -1.821000000000000000e+03
6.560000000000000000e+03 1.404000000000000000e+03 8.908000000000000000e+03 -4.112000000000000000e+03 -3.720000000000000000e+02 -2.092000000000000000e+03
8.616000000000000000e+03 1.580000000000000000e+03 1.054400000000000000e+04 -4.112000000000000000e+03 -2.240000000000000000e+02 -2.182000000000000000e+03
1.034000000000000000e+04 1.972000000000000000e+03 1.063200000000000000e+04 -4.128000000000000000e+03 -2.030000000000000000e+02 -2.099000000000000000e+03
1.192400000000000000e+04 1.680000000000000000e+03 1.330400000000000000e+04 -4.128000000000000000e+03 -1.320000000000000000e+02 -2.170000000000000000e+03
1.289600000000000000e+04 1.920000000000000000e+03 1.494000000000000000e+04 -4.160000000000000000e+03 -2.610000000000000000e+02 -2.309000000000000000e+03
1.420800000000000000e+04 2.336000000000000000e+03 1.498400000000000000e+04 -4.112000000000000000e+03 -3.290000000000000000e+02 7.366000000000000000e+03
1.516800000000000000e+04 2.644000000000000000e+03 1.545600000000000000e+04 -4.160000000000000000e+03 -4.000000000000000000e+02 1.655000000000000000e+03
1.626800000000000000e+04 3.376000000000000000e+03 1.370800000000000000e+04 -4.160000000000000000e+03 2.810000000000000000e+02 8.050000000000000000e+03
1.468000000000000000e+04 3.360000000000000000e+03 1.418400000000000000e+04 -4.128000000000000000e+03 -1.600000000000000000e+03 -3.729000000000000000e+03
1.573600000000000000e+04 3.728000000000000000e+03 -3.276800000000000000e+04 -4.128000000000000000e+03 3.850000000000000000e+02 6.730000000000000000e+02
1.926000000000000000e+04 -1.942800000000000000e+04 2.077200000000000000e+04 -4.128000000000000000e+03 1.201000000000000000e+03 3.524000000000000000e+03
-8.104000000000000000e+03 3.816000000000000000e+03 2.230000000000000000e+04 -4.160000000000000000e+03 -3.560000000000000000e+02 3.039000000000000000e+03
1.550800000000000000e+04 3.864000000000000000e+03 1.113200000000000000e+04 -4.160000000000000000e+03 -7.760000000000000000e+02 3.052000000000000000e+03
1.851600000000000000e+04 5.656000000000000000e+03 1.060800000000000000e+04 -4.128000000000000000e+03 -5.630000000000000000e+02 2.717000000000000000e+03
4.348000000000000000e+03 1.520000000000000000e+03 1.053200000000000000e+04 -4.144000000000000000e+03 -3.390000000000000000e+02 2.599000000000000000e+03
1.130800000000000000e+04 1.228000000000000000e+03 1.145600000000000000e+04 -4.160000000000000000e+03 -3.860000000000000000e+02 2.371000000000000000e+03
1.471200000000000000e+04 2.172000000000000000e+03 1.132000000000000000e+04 -4.144000000000000000e+03 -4.400000000000000000e+02 2.051000000000000000e+03
