3.276700000000000000e+04 -2.728000000000000000e+03 1.721200000000000000e+04 -4.240000000000000000e+03 -3.370000000000000000e+02 -1.183000000000000000e+03
-3.276800000000000000e+04 -7.244000000000000000e+03 2.006400000000000000e+04 -4.256000000000000000e+03 -3.340000000000000000e+02 -1.271000000000000000e+03
2.116000000000000000e+03 2.480000000000000000e+02 6.136000000000000000e+03 -4.192000000000000000e+03 -3.410000000000000000e+02 -1.310000000000000000e+03
-6.272000000000000000e+03 6.024000000000000000e+03 -7.760000000000000000e+02 -4.224000000000000000e+03 -2.430000000000000000e+02 -9.590000000000000000e+02
-1.149200000000000000e+04 2.628000000000000000e+03 1.448400000000000000e+04 -4.208000000000000000e+03 -2.450000000000000000e+02 -4.790000000000000000e+02
-2.600000000000000000e+03 4.000000000000000000e+01 1.182000000000000000e+04 -4.208000000000000000e+03 -2.000000000000000000e+02 -2.600000000000000000e+01
1.447200000000000000e+04 -4.240000000000000000e+03 1.171600000000000000e+04 -4.224000000000000000e+03 -2.440000000000000000e+02 4.860000000000000000e+02
-8.572000000000000000e+03 3.884000000000000000e+03 1.308400000000000000e+04 -4.160000000000000000e+03 -2.170000000000000000e+02 8.610000000000000000e+02
-7.628000000000000000e+03 3.244000000000000000e+03 1.331600000000000000e+04 -4.192000000000000000e+03 -2.870000000000000000e+02 6.540000000000000000e+02
-6.924000000000000000e+03 2.996000000000000000e+03 1.288400000000000000e+04 -4.256000000000000000e+03 -2.200000000000000000e+02 -3.500000000000000000e+02
-6.576000000000000000e+03 3.204000000000000000e+03 1.254400000000000000e+04 -4.240000000000000000e+03 -1.550000000000000000e+02 -5.220000000000000000e+02
-6.748000000000000000e+03 2.372000000000000000e+03 1.249200000000000000e+04 -4.224000000000000000e+03 -1.560000000000000000e+02 2.570000000000000000e+02
-6.616000000000000000e+03 2.168000000000000000e+03 1.272400000000000000e+04 -4.208000000000000000e+03 -1.690000000000000000e+02 8.700000000000000000e+02
-6.988000000000000000e+03 2.116000000000000000e+03 1.289200000000000000e+04 -4.256000000000000000e+03 -5.500000000000000000e+02 8.710000000000000000e+02
-7.140000000000000000e+03 2.060000000000000000e+03 1.276400000000000000e+04 -4.224000000000000000e+03 -2.270000000000000000e+02 8.910000000000000000e+02
-6.936000000000000000e+03 2.380000000000000000e+03 1.272400000000000000e+04 -4.208000000000000000e+03 -3.070000000000000000e+02 3.960000000000000000e+02
-6.636000000000000000e+03 2.800000000000000000e+03 1.294000000000000000e+04 -4.224000000000000000e+03 -3.310000000000000000e+02 -4.310000000000000000e+02
-6.324000000000000000e+03 2.952000000000000000e+03 1.299200000000000000e+04 -4.224000000000000000e+03 -3.970000000000000000e+02 -1.310000000000000000e+02
-6.408000000000000000e+03 2.560000000000000000e+03 1.304000000000000000e+04 -4.240000000000000000e+03 -3.590000000000000000e+02 2.400000000000000000e+01
-6.440000000000000000e+03 2.172000000000000000e+03 1.308400000000000000e+04 -4.208000000000000000e+03 -3.740000000000000000e+02 -4.320000000000000000e+02
-6.432000000000000000e+03 2.188000000000000000e+03 1.312000000000000000e+04 -4.208000000000000000e+03 -3.990000000000000000e+02 -1.140000000000000000e+03
-5.968000000000000000e+03 2.164000000000000000e+03 1.340800000000000000e+04 -4.224000000000000000e+03 -1.820000000000000000e+02 1.902000000000000000e+03
-5.736000000000000000e+03 2.476000000000000000e+03 1.319600000000000000e+04 -4.240000000000000000e+03 -1.710000000000000000e+02 -1.850000000000000000e+02
-4.736000000000000000e+03 2.432000000000000000e+03 1.305200000000000000e+04 -4.240000000000000000e+03 1.150000000000000000e+02 -2.670000000000000000e+02
-4.664000000000000000e+03 2.876000000000000000e+03 1.182400000000000000e+04 -4.208000000000000000e+03 -3.530000000000000000e+02 1.960000000000000000e+02
-5.076000000000000000e+03 2.716000000000000000e+03 1.302000000000000000e+04 -4.224000000000000000e+03 -7.530000000000000000e+02 4.700000000000000000e+02
-5.292000000000000000e+03 2.548000000000000000e+03 1.342800000000000000e+04 -4.256000000000000000e+03 7.500000000000000000e+01 6.670000000000000000e+02
-5.556000000000000000e+03 1.604000000000000000e+03 1.353600000000000000e+04 -4.224000000000000000e+03 -3.360000000000000000e+02 8.010000000000000000e+02
-6.848000000000000000e+03 2.524000000000000000e+03 1.353600000000000000e+04 -4.192000000000000000e+03 -3.300000000000000000e+01 1.060000000000000000e+03
-4.756000000000000000e+03 2.632000000000000000e+03 1.322000000000000000e+04 -4.224000000000000000e+03 9.000000000000000000e+00 1.449000000000000000e+03
-4.508000000000000000e+03 2.476000000000000000e+03 1.333200000000000000e+04 -4.224000000000000000e+03 5.900000000000000000e+01 1.655000000000000000e+03
-5.128000000000000000e+03 2.620000000000000000e+03 1.246800000000000000e+04 -4.208000000000000000e+03 2.700000000000000000e+01 1.924000000000000000e+03
-6.000000000000000000e+03 2.444000000000000000e+03 1.286000000000000000e+04 -4.176000000000000000e+03 -8.700000000000000000e+01 1.896000000000000000e+03
-5.476000000000000000e+03 2.636000000000000000e+03 1.313200000000000000e+04 -4.224000000000000000e+03 -2.720000000000000000e+02 2.368000000000000000e+03
-7.788000000000000000e+03 2.336000000000000000e+03 1.270800000000000000e+04 -4.240000000000000000e+03 -4.470000000000000000e+02 2.517000000000000000e+03
-6.664000000000000000e+03 2.244000000000000000e+03 -4.792000000000000000e+03 -4.224000000000000000e+03 -6.060000000000000000e+02 5.733000000000000000e+03
-5.136000000000000000e+03 2.776000000000000000e+03 2.059200000000000000e+04 -4.192000000000000000e+03 -5.870000000000000000e+02 -4.700000000000000000e+02
-6.540000000000000000e+03 2.968000000000000000e+03 1.644000000000000000e+04 -4.208000000000000000e+03 -4.560000000000000000e+02 7.230000000000000000e+02
-1.790800000000000000e+04 -6.112000000000000000e+03 1.456400000000000000e+04 -4.208000000000000000e+03 -2.660000000000000000e+02 2.106000000000000000e+03
-9.348000000000000000e+03 4.848000000000000000e+03 1.747600000000000000e+04 -4.224000000000000000e+03 -1.890000000000000000e+02 1.650000000000000000e+03
-7.460000000000000000e+03 1.720000000000000000e+02 1.782400000000000000e+04 -4.208000000000000000e+03 3.840000000000000000e+02 1.779000000000000000e+03
-5.728000000000000000e+03 2.832000000000000000e+03 1.892000000000000000e+04 -4.208000000000000000e+03 3.770000000000000000e+02 1.125000000000000000e+03
-7.556000000000000000e+03 3.472000000000000000e+03 1.960800000000000000e+04 -4.224000000000000000e+03 4.740000000000000000e+02 1.040000000000000000e+03
-7.760000000000000000e+03 3.808000000000000000e+03 1.964000000000000000e+04 -4.224000000000000000e+03 -4.000000000000000000e+01 7.750000000000000000e+02
-8.556000000000000000e+03 4.144000000000000000e+03 1.909600000000000000e+04 -4.208000000000000000e+03 -5.200000000000000000e+02 4.780000000000000000e+02
-8.392000000000000000e+03 4.076000000000000000e+03 1.475200000000000000e+04 -4.240000000000000000e+03 -3.080000000000000000e+02 1.660000000000000000e+02
-8.232000000000000000e+03 4.160000000000000000e+03 1.124000000000000000e+04 -4.256000000000000000e+03 -4.800000000000000000e+02 4.000000000000000000e+00
-7.488000000000000000e+03 4.136000000000000000e+03 5.960000000000000000e+03 -4.208000000000000000e+03 -5.160000000000000000e+02 -8.000000000000000000e+00
-5.564000000000000000e+03 2.864000000000000000e+03 1.700000000000000000e+03 -4.224000000000000000e+03 -4.370000000000000000e+02 -2.290000000000000000e+02
-4.588000000000000000e+03 2.028000000000000000e+03 -6.520000000000000000e+02 -4.224000000000000000e+03 -5.130000000000000000e+02 -4.450000000000000000e+02
-2.956000000000000000e+03 7.960000000000000000e+02 -1.388000000000000000e+03 -4.240000000000000000e+03 -6.970000000000000000e+02 -6.250000000000000000e+02
-1.464000000000000000e+03 1.320000000000000000e+02 -3.240000000000000000e+02 -4.240000000000000000e+03 -4.220000000000000000e+02 -8.960000000000000000e+02
-6.600000000000000000e+02 -2.040000000000000000e+02 5.020000000000000000e+03 -4.240000000000000000e+03 -2.240000000000000000e+02 -1.164000000000000000e+03
-3.800000000000000000e+02 1.240000000000000000e+02 1.156800000000000000e+04 -4.208000000000000000e+03 -1.740000000000000000e+02 -1.458000000000000000e+03
-6.676000000000000000e+03 -8.000000000000000000e+02 2.025200000000000000e+04 -4.224000000000000000e+03 -1.350000000000000000e+02 -1.805000000000000000e+03
-8.372000000000000000e+03 -2.364000000000000000e+03 1.622800000000000000e+04 -4.224000000000000000e+03 4.500000000000000000e+01 -2.017000000000000000e+03
-3.044000000000000000e+03 1.780000000000000000e+03 1.192400000000000000e+04 -4.208000000000000000e+03 3.100000000000000000e+01 -2.390000000000000000e+03
-6.552000000000000000e+03 3.260000000000000000e+03 9.492000000000000000e+03 -4.208000000000000000e+03 -5.200000000000000000e+01 -2.708000000000000000e+03
-6.040000000000000000e+03 2.868000000000000000e+03 9.288000000000000000e+03 -4.224000000000000000e+03 -5.800000000000000000e+01 -3.061000000000000000e+03
-6.452000000000000000e+03 2.500000000000000000e+03 1.122000000000000000e+04 -4.208000000000000000e+03 -2.020000000000000000e+02 -3.468000000000000000e+03
-5.644000000000000000e+03 2.308000000000000000e+03 1.065600000000000000e+04 -4.208000000000000000e+03 -3.100000000000000000e+02 6.630000000000000000e+02
-5.052000000000000000e+03 1.992000000000000000e+03 7.480000000000000000e+03 -4.240000000000000000e+03 -4.100000000000000000e+02 2.590000000000000000e+03
-5.568000000000000000e+03 2.112000000000000000e+03 4.576000000000000000e+03 -4.208000000000000000e+03 -4.700000000000000000e+02 2.046000000000000000e+03
-5.816000000000000000e+03 2.132000000000000000e+03 4.716000000000000000e+03 -4.256000000000000000e+03 -5.610000000000000000e+02 1.680000000000000000e+02
-5.236000000000000000e+03 1.480000000000000000e+03 5.564000000000000000e+03 -4.224000000000000000e+03 -7.700000000000000000e+02 -7.610000000000000000e+02
-4.144000000000000000e+03 9.760000000000000000e+02 8.096000000000000000e+03 -4.240000000000000000e+03 -1.894100000000000000e+04 -4.430000000000000000e+02
