-1.032000000000000000e+03 -6.432000000000000000e+03 2.374400000000000000e+04 -4.304000000000000000e+03 -6.010000000000000000e+02 2.534000000000000000e+03
-2.335200000000000000e+04 -3.500000000000000000e+03 1.169600000000000000e+04 -4.320000000000000000e+03 -1.308000000000000000e+03 2.427000000000000000e+03
-1.199200000000000000e+04 6.400000000000000000e+02 6.416000000000000000e+03 -4.272000000000000000e+03 -6.920000000000000000e+02 1.226000000000000000e+03
-9.864000000000000000e+03 1.744000000000000000e+03 7.468000000000000000e+03 -4.352000000000000000e+03 -5.930000000000000000e+02 4.070000000000000000e+02
-9.180000000000000000e+03 6.160000000000000000e+02 8.412000000000000000e+03 -4.352000000000000000e+03 -3.740000000000000000e+02 -6.700000000000000000e+01
-1.362800000000000000e+04 -1.240000000000000000e+03 1.030000000000000000e+04 -4.320000000000000000e+03 -3.740000000000000000e+02 -1.310000000000000000e+02
-1.260000000000000000e+04 8.400000000000000000e+01 9.188000000000000000e+03 -4.320000000000000000e+03 -2.910000000000000000e+02 -6.600000000000000000e+01
-1.158400000000000000e+04 -1.200000000000000000e+01 8.964000000000000000e+03 -4.320000000000000000e+03 -2.400000000000000000e+02 8.900000000000000000e+01
-1.152800000000000000e+04 -1.120000000000000000e+02 9.124000000000000000e+03 -4.304000000000000000e+03 -2.120000000000000000e+02 1.150000000000000000e+02
-1.158000000000000000e+04 -3.120000000000000000e+02 9.164000000000000000e+03 -4.336000000000000000e+03 -4.130000000000000000e+02 -9.000000000000000000e+00
-1.149200000000000000e+04 -3.280000000000000000e+02 9.232000000000000000e+03 -4.336000000000000000e+03 1.900000000000000000e+01 -9.340000000000000000e+02
-1.149200000000000000e+04 -2.440000000000000000e+02 9.720000000000000000e+03 -4.320000000000000000e+03 1.500000000000000000e+02 -1.461000000000000000e+03
-1.163600000000000000e+04 3.320000000000000000e+02 8.916000000000000000e+03 -4.288000000000000000e+03 5.100000000000000000e+01 -1.185000000000000000e+03
-1.263600000000000000e+04 -1.240000000000000000e+02 9.852000000000000000e+03 -4.320000000000000000e+03 2.700000000000000000e+01 -9.540000000000000000e+02
-1.122000000000000000e+04 2.240000000000000000e+02 9.880000000000000000e+03 -4.320000000000000000e+03 1.030000000000000000e+02 -1.183000000000000000e+03
-1.089200000000000000e+04 1.440000000000000000e+02 9.696000000000000000e+03 -4.320000000000000000e+03 1.270000000000000000e+02 -1.059000000000000000e+03
-1.112800000000000000e+04 -2.000000000000000000e+01 9.404000000000000000e+03 -4.320000000000000000e+03 -6.000000000000000000e+00 -7.180000000000000000e+02
-1.155600000000000000e+04 -2.280000000000000000e+02 9.864000000000000000e+03 -4.352000000000000000e+03 -5.700000000000000000e+01 -4.350000000000000000e+02
-1.058000000000000000e+04 9.200000000000000000e+01 1.000400000000000000e+04 -4.304000000000000000e+03 -6.800000000000000000e+01 -3.290000000000000000e+02
-1.025600000000000000e+04 1.680000000000000000e+02 1.002000000000000000e+04 -4.336000000000000000e+03 -1.090000000000000000e+02 -7.900000000000000000e+01
-1.080000000000000000e+04 6.800000000000000000e+01 9.880000000000000000e+03 -4.336000000000000000e+03 -2.530000000000000000e+02 3.020000000000000000e+02
-1.093600000000000000e+04 8.000000000000000000e+00 1.007600000000000000e+04 -4.352000000000000000e+03 -3.580000000000000000e+02 5.520000000000000000e+02
-1.040400000000000000e+04 1.200000000000000000e+02 1.028800000000000000e+04 -4.320000000000000000e+03 -3.360000000000000000e+02 5.680000000000000000e+02
-1.036000000000000000e+04 1.320000000000000000e+02 9.960000000000000000e+03 -4.320000000000000000e+03 -3.470000000000000000e+02 4.880000000000000000e+02
-1.075600000000000000e+04 3.600000000000000000e+01 9.936000000000000000e+03 -4.288000000000000000e+03 -3.130000000000000000e+02 3.310000000000000000e+02
-1.094000000000000000e+04 -2.400000000000000000e+01 9.864000000000000000e+03 -4.336000000000000000e+03 -2.000000000000000000e+02 -3.200000000000000000e+01
-1.097600000000000000e+04 -1.120000000000000000e+02 9.672000000000000000e+03 -4.288000000000000000e+03 2.620000000000000000e+02 -3.350000000000000000e+02
-1.113600000000000000e+04 -1.240000000000000000e+02 9.128000000000000000e+03 -4.336000000000000000e+03 5.850000000000000000e+02 -4.812000000000000000e+03
-1.166400000000000000e+04 -1.080000000000000000e+02 9.676000000000000000e+03 -4.320000000000000000e+03 -3.181000000000000000e+03 -3.325000000000000000e+03
-1.259200000000000000e+04 -1.720000000000000000e+02 1.855600000000000000e+04 -4.320000000000000000e+03 1.700000000000000000e+02 -2.770000000000000000e+02
-1.677600000000000000e+04 2.332000000000000000e+03 -2.573200000000000000e+04 -4.320000000000000000e+03 1.180000000000000000e+02 -7.700000000000000000e+02
-2.113600000000000000e+04 -7.636000000000000000e+03 1.207600000000000000e+04 -4.320000000000000000e+03 1.780000000000000000e+02 -9.440000000000000000e+02
-1.062800000000000000e+04 1.244000000000000000e+03 1.355600000000000000e+04 -4.288000000000000000e+03 6.000000000000000000e+01 -3.570000000000000000e+02
-1.337600000000000000e+04 6.320000000000000000e+02 1.439600000000000000e+04 -4.304000000000000000e+03 -6.200000000000000000e+01 9.000000000000000000e+01
-1.368000000000000000e+04 8.800000000000000000e+02 1.434800000000000000e+04 -4.288000000000000000e+03 -5.000000000000000000e+01 3.520000000000000000e+02
-1.201200000000000000e+04 1.048000000000000000e+03 1.490400000000000000e+04 -4.304000000000000000e+03 -1.540000000000000000e+02 8.990000000000000000e+02
-1.214000000000000000e+04 1.028000000000000000e+03 1.393200000000000000e+04 -4.320000000000000000e+03 -4.430000000000000000e+02 1.194000000000000000e+03
-1.191600000000000000e+04 6.480000000000000000e+02 1.307200000000000000e+04 -4.352000000000000000e+03 -5.330000000000000000e+02 1.695000000000000000e+03
-1.156800000000000000e+04 5.080000000000000000e+02 1.199600000000000000e+04 -4.320000000000000000e+03 -5.130000000000000000e+02 1.918000000000000000e+03
-1.068400000000000000e+04 6.080000000000000000e+02 8.548000000000000000e+03 -4.304000000000000000e+03 -5.330000000000000000e+02 2.260000000000000000e+03
-7.612000000000000000e+03 8.000000000000000000e+00 6.272000000000000000e+03 -4.304000000000000000e+03 -4.300000000000000000e+02 2.492000000000000000e+03
-6.108000000000000000e+03 -8.000000000000000000e+01 2.884000000000000000e+03 -4.320000000000000000e+03 -2.970000000000000000e+02 2.495000000000000000e+03
-3.836000000000000000e+03 -2.000000000000000000e+02 7.640000000000000000e+02 -4.304000000000000000e+03 -1.020000000000000000e+02 2.482000000000000000e+03
-2.248000000000000000e+03 -2.680000000000000000e+02 4.320000000000000000e+02 -4.336000000000000000e+03 7.600000000000000000e+01 2.886000000000000000e+03
-1.668000000000000000e+03 -1.240000000000000000e+02 2.076000000000000000e+03 -4.320000000000000000e+03 -3.400000000000000000e+02 3.449000000000000000e+03
-2.156000000000000000e+03 -1.360000000000000000e+02 7.008000000000000000e+03 -4.304000000000000000e+03 -1.130000000000000000e+02 2.123000000000000000e+03
-5.708000000000000000e+03 2.720000000000000000e+02 8.804000000000000000e+03 -4.336000000000000000e+03 6.500000000000000000e+01 2.057000000000000000e+03
-1.305600000000000000e+04 -8.960000000000000000e+02 1.008800000000000000e+04 -4.304000000000000000e+03 -5.000000000000000000e+00 1.959000000000000000e+03
-1.859200000000000000e+04 -1.616000000000000000e+03 9.852000000000000000e+03 -4.320000000000000000e+03 -9.400000000000000000e+01 1.852000000000000000e+03
-1.483200000000000000e+04 -9.200000000000000000e+02 9.752000000000000000e+03 -4.304000000000000000e+03 -1.450000000000000000e+02 1.917000000000000000e+03
-1.103200000000000000e+04 1.360000000000000000e+02 8.216000000000000000e+03 -4.336000000000000000e+03 -1.940000000000000000e+02 1.659000000000000000e+03
-8.864000000000000000e+03 5.800000000000000000e+02 7.960000000000000000e+03 -4.320000000000000000e+03 -3.020000000000000000e+02 1.433000000000000000e+03
-9.024000000000000000e+03 7.600000000000000000e+02 8.068000000000000000e+03 -4.320000000000000000e+03 -3.130000000000000000e+02 9.290000000000000000e+02
-9.916000000000000000e+03 9.680000000000000000e+02 8.112000000000000000e+03 -4.320000000000000000e+03 -4.410000000000000000e+02 5.370000000000000000e+02
-1.082400000000000000e+04 9.320000000000000000e+02 8.296000000000000000e+03 -4.320000000000000000e+03 -5.040000000000000000e+02 3.470000000000000000e+02
-1.127200000000000000e+04 3.880000000000000000e+02 8.416000000000000000e+03 -4.336000000000000000e+03 -5.310000000000000000e+02 1.270000000000000000e+02
-1.064800000000000000e+04 1.800000000000000000e+02 7.144000000000000000e+03 -4.304000000000000000e+03 -3.860000000000000000e+02 -2.560000000000000000e+02
-9.776000000000000000e+03 -1.280000000000000000e+02 5.296000000000000000e+03 -4.320000000000000000e+03 -3.350000000000000000e+02 -3.930000000000000000e+02
-8.764000000000000000e+03 -4.040000000000000000e+02 4.448000000000000000e+03 -4.304000000000000000e+03 -3.260000000000000000e+02 -6.160000000000000000e+02
-7.960000000000000000e+03 -1.280000000000000000e+02 5.112000000000000000e+03 -4.336000000000000000e+03 -3.570000000000000000e+02 -8.200000000000000000e+02
-8.548000000000000000e+03 -5.600000000000000000e+01 6.528000000000000000e+03 -4.320000000000000000e+03 -2.510000000000000000e+02 -1.063000000000000000e+03
-1.028000000000000000e+04 -2.960000000000000000e+02 6.468000000000000000e+03 -4.288000000000000000e+03 -1.600000000000000000e+01 -1.327000000000000000e+03
-1.072800000000000000e+04 -2.840000000000000000e+02 6.204000000000000000e+03 -4.336000000000000000e+03 2.000000000000000000e+01 -1.217000000000000000e+03
-1.068400000000000000e+04 -5.600000000000000000e+02 6.740000000000000000e+03 -4.304000000000000000e+03 4.800000000000000000e+01 -1.216000000000000000e+03
-1.052400000000000000e+04 -6.840000000000000000e+02 8.500000000000000000e+03 -4.288000000000000000e+03 7.400000000000000000e+01 -1.122000000000000000e+03
-1.215200000000000000e+04 -6.520000000000000000e+02 9.292000000000000000e+03 -4.336000000000000000e+03 3.800000000000000000e+01 -9.560000000000000000e+02
-1.243200000000000000e+04 -2.280000000000000000e+02 1.001600000000000000e+04 -4.304000000000000000e+03 -4.800000000000000000e+01 -7.740000000000000000e+02
-1.259200000000000000e+04 -7.600000000000000000e+01 1.086000000000000000e+04 -4.336000000000000000e+03 -1.080000000000000000e+02 -6.980000000000000000e+02
-1.260800000000000000e+04 8.000000000000000000e+00 1.110800000000000000e+04 -4.320000000000000000e+03 -5.100000000000000000e+01 -5.590000000000000000e+02
-1.214400000000000000e+04 -8.000000000000000000e+00 1.088000000000000000e+04 -4.336000000000000000e+03 -1.520000000000000000e+02 -1.062000000000000000e+03
-1.196400000000000000e+04 4.800000000000000000e+01 1.059200000000000000e+04 -4.320000000000000000e+03 -1.750000000000000000e+02 -1.370000000000000000e+03
-1.246000000000000000e+04 -1.440000000000000000e+02 1.107200000000000000e+04 -4.288000000000000000e+03 -2.620000000000000000e+02 -1.454000000000000000e+03
-1.257200000000000000e+04 1.360000000000000000e+02 1.100000000000000000e+04 -4.336000000000000000e+03 3.504000000000000000e+03 -4.126000000000000000e+03
-1.197600000000000000e+04 1.960000000000000000e+02 9.968000000000000000e+03 -4.304000000000000000e+03 -3.719000000000000000e+03 -1.873000000000000000e+03
-1.088800000000000000e+04 3.120000000000000000e+02 3.276700000000000000e+04 -4.336000000000000000e+03 -6.084000000000000000e+03 -3.241000000000000000e+03
-1.209200000000000000e+04 -3.276800000000000000e+04 5.800000000000000000e+02 -4.304000000000000000e+03 1.377000000000000000e+03 -1.082000000000000000e+03
7.040000000000000000e+03 -1.752000000000000000e+03 3.276700000000000000e+04 -4.336000000000000000e+03 -1.658000000000000000e+03 1.034000000000000000e+03
-1.053200000000000000e+04 8.920000000000000000e+02 -2.384000000000000000e+03 -4.320000000000000000e+03 -6.640000000000000000e+02 1.131000000000000000e+03
-3.276800000000000000e+04 -1.070400000000000000e+04 1.772000000000000000e+03 -4.320000000000000000e+03 -4.090000000000000000e+02 1.115000000000000000e+03
-3.412000000000000000e+03 8.520000000000000000e+02 8.988000000000000000e+03 -4.320000000000000000e+03 -1.240000000000000000e+02 8.920000000000000000e+02
-1.177600000000000000e+04 1.924000000000000000e+03 1.235200000000000000e+04 -4.336000000000000000e+03 -1.390000000000000000e+02 8.360000000000000000e+02
-1.577200000000000000e+04 -2.920000000000000000e+02 1.046000000000000000e+04 -4.336000000000000000e+03 -3.360000000000000000e+02 9.050000000000000000e+02
