3.140000000000000000e+03 1.224000000000000000e+03 1.442400000000000000e+04 -4.640000000000000000e+03 -2.850000000000000000e+02 1.200000000000000000e+02
3.804000000000000000e+03 2.048000000000000000e+03 1.426400000000000000e+04 -4.640000000000000000e+03 -2.210000000000000000e+02 -8.800000000000000000e+01
3.764000000000000000e+03 2.436000000000000000e+03 1.455200000000000000e+04 -4.656000000000000000e+03 -3.750000000000000000e+02 7.700000000000000000e+01
3.196000000000000000e+03 1.800000000000000000e+03 1.456400000000000000e+04 -4.624000000000000000e+03 -2.570000000000000000e+02 1.370000000000000000e+02
2.656000000000000000e+03 2.040000000000000000e+03 1.455600000000000000e+04 -4.640000000000000000e+03 -2.970000000000000000e+02 -8.400000000000000000e+01
2.840000000000000000e+03 2.568000000000000000e+03 1.453200000000000000e+04 -4.640000000000000000e+03 -2.660000000000000000e+02 -1.820000000000000000e+02
2.664000000000000000e+03 3.180000000000000000e+03 1.457600000000000000e+04 -4.640000000000000000e+03 -3.430000000000000000e+02 8.700000000000000000e+01
2.492000000000000000e+03 3.292000000000000000e+03 1.393200000000000000e+04 -4.656000000000000000e+03 -2.880000000000000000e+02 1.540000000000000000e+02
2.388000000000000000e+03 2.432000000000000000e+03 1.446000000000000000e+04 -4.624000000000000000e+03 -2.960000000000000000e+02 4.600000000000000000e+01
1.656000000000000000e+03 1.580000000000000000e+03 1.460800000000000000e+04 -4.624000000000000000e+03 -2.910000000000000000e+02 5.300000000000000000e+02
1.296000000000000000e+03 1.392000000000000000e+03 1.461200000000000000e+04 -4.672000000000000000e+03 -3.010000000000000000e+02 1.410000000000000000e+03
1.084000000000000000e+03 1.876000000000000000e+03 1.492400000000000000e+04 -4.640000000000000000e+03 -2.800000000000000000e+02 2.012000000000000000e+03
-3.164000000000000000e+03 2.176000000000000000e+03 1.518000000000000000e+04 -4.624000000000000000e+03 -2.980000000000000000e+02 1.792000000000000000e+03
1.120000000000000000e+03 3.256000000000000000e+03 1.451600000000000000e+04 -4.656000000000000000e+03 -3.310000000000000000e+02 2.780000000000000000e+03
1.392000000000000000e+03 2.336000000000000000e+03 1.422800000000000000e+04 -4.656000000000000000e+03 -2.390000000000000000e+02 1.537000000000000000e+03
2.072000000000000000e+03 1.648000000000000000e+03 1.452000000000000000e+04 -4.640000000000000000e+03 -1.680000000000000000e+02 1.323000000000000000e+03
2.800000000000000000e+03 1.544000000000000000e+03 1.455600000000000000e+04 -4.640000000000000000e+03 -7.200000000000000000e+01 9.520000000000000000e+02
2.960000000000000000e+03 1.660000000000000000e+03 1.442000000000000000e+04 -4.640000000000000000e+03 2.750000000000000000e+02 1.123000000000000000e+03
2.040000000000000000e+03 2.292000000000000000e+03 1.444800000000000000e+04 -4.624000000000000000e+03 6.520000000000000000e+02 6.910000000000000000e+02
-1.096000000000000000e+03 2.732000000000000000e+03 1.462800000000000000e+04 -4.640000000000000000e+03 1.096000000000000000e+03 1.264000000000000000e+03
2.908000000000000000e+03 2.736000000000000000e+03 1.446400000000000000e+04 -4.640000000000000000e+03 7.250000000000000000e+02 1.500000000000000000e+03
2.764000000000000000e+03 2.168000000000000000e+03 1.444000000000000000e+04 -4.624000000000000000e+03 3.010000000000000000e+02 1.790000000000000000e+03
1.240000000000000000e+03 2.004000000000000000e+03 1.450800000000000000e+04 -4.624000000000000000e+03 2.600000000000000000e+02 2.061000000000000000e+03
1.628000000000000000e+03 1.840000000000000000e+03 1.420400000000000000e+04 -4.624000000000000000e+03 4.000000000000000000e+00 2.015000000000000000e+03
2.196000000000000000e+03 1.936000000000000000e+03 1.414000000000000000e+04 -4.656000000000000000e+03 -1.830000000000000000e+02 1.849000000000000000e+03
1.728000000000000000e+03 2.260000000000000000e+03 1.394800000000000000e+04 -4.624000000000000000e+03 -1.560000000000000000e+02 2.160000000000000000e+03
1.500000000000000000e+03 2.456000000000000000e+03 1.422800000000000000e+04 -4.608000000000000000e+03 -3.940000000000000000e+02 1.942000000000000000e+03
1.944000000000000000e+03 2.268000000000000000e+03 1.534800000000000000e+04 -4.624000000000000000e+03 -5.080000000000000000e+02 2.111000000000000000e+03
2.264000000000000000e+03 1.964000000000000000e+03 1.670000000000000000e+04 -4.640000000000000000e+03 -5.920000000000000000e+02 2.967000000000000000e+03
1.700000000000000000e+03 1.824000000000000000e+03 2.751200000000000000e+04 -4.640000000000000000e+03 -6.000000000000000000e+02 3.880000000000000000e+03
1.960000000000000000e+03 1.856000000000000000e+03 2.093600000000000000e+04 -4.624000000000000000e+03 -5.060000000000000000e+02 -1.536000000000000000e+03
3.168000000000000000e+03 2.268000000000000000e+03 2.050400000000000000e+04 -4.608000000000000000e+03 -4.040000000000000000e+02 1.552000000000000000e+03
3.428000000000000000e+03 2.360000000000000000e+03 2.042800000000000000e+04 -4.640000000000000000e+03 -2.890000000000000000e+02 1.221000000000000000e+03
2.156000000000000000e+03 2.220000000000000000e+03 2.046800000000000000e+04 -4.624000000000000000e+03 -1.100000000000000000e+02 1.554000000000000000e+03
9.720000000000000000e+02 2.244000000000000000e+03 2.119600000000000000e+04 -4.656000000000000000e+03 -2.200000000000000000e+01 1.229000000000000000e+03
1.368000000000000000e+03 -1.040000000000000000e+03 2.060400000000000000e+04 -4.624000000000000000e+03 1.080000000000000000e+02 8.080000000000000000e+02
3.600000000000000000e+02 2.118800000000000000e+04 1.805600000000000000e+04 -4.624000000000000000e+03 -1.530000000000000000e+02 5.420000000000000000e+02
1.104000000000000000e+03 3.672000000000000000e+03 1.314800000000000000e+04 -4.640000000000000000e+03 -1.060000000000000000e+02 4.220000000000000000e+02
1.636000000000000000e+03 4.488000000000000000e+03 8.680000000000000000e+03 -4.608000000000000000e+03 -3.440000000000000000e+02 -2.240000000000000000e+02
1.240000000000000000e+02 3.096000000000000000e+03 4.332000000000000000e+03 -4.656000000000000000e+03 -5.110000000000000000e+02 -6.080000000000000000e+02
1.164000000000000000e+03 3.368000000000000000e+03 1.980000000000000000e+03 -4.672000000000000000e+03 -4.100000000000000000e+02 -9.400000000000000000e+02
2.280000000000000000e+03 3.832000000000000000e+03 1.572000000000000000e+03 -4.640000000000000000e+03 -3.140000000000000000e+02 -1.322000000000000000e+03
2.996000000000000000e+03 3.528000000000000000e+03 3.768000000000000000e+03 -4.640000000000000000e+03 -2.530000000000000000e+02 -1.626000000000000000e+03
2.332000000000000000e+03 2.996000000000000000e+03 6.124000000000000000e+03 -4.592000000000000000e+03 -3.450000000000000000e+02 -1.708000000000000000e+03
9.480000000000000000e+02 1.764000000000000000e+03 1.067600000000000000e+04 -4.624000000000000000e+03 -3.630000000000000000e+02 -1.714000000000000000e+03
2.960000000000000000e+02 1.156000000000000000e+03 1.252400000000000000e+04 -4.624000000000000000e+03 -1.880000000000000000e+02 -1.277000000000000000e+03
9.040000000000000000e+02 5.600000000000000000e+02 1.756400000000000000e+04 -4.640000000000000000e+03 -2.000000000000000000e+00 -1.540000000000000000e+03
7.800000000000000000e+02 3.280000000000000000e+02 1.680400000000000000e+04 -4.624000000000000000e+03 -2.160000000000000000e+02 -1.364000000000000000e+03
1.400000000000000000e+02 7.200000000000000000e+01 1.275600000000000000e+04 -4.624000000000000000e+03 -5.400000000000000000e+02 -1.113000000000000000e+03
5.360000000000000000e+02 4.880000000000000000e+02 9.824000000000000000e+03 -4.640000000000000000e+03 -5.090000000000000000e+02 -9.480000000000000000e+02
-1.400000000000000000e+02 7.520000000000000000e+02 9.620000000000000000e+03 -4.656000000000000000e+03 -3.940000000000000000e+02 -1.083000000000000000e+03
-6.468000000000000000e+03 1.464000000000000000e+03 9.740000000000000000e+03 -4.640000000000000000e+03 -5.150000000000000000e+02 -2.260000000000000000e+03
-4.220000000000000000e+03 1.796000000000000000e+03 9.552000000000000000e+03 -4.624000000000000000e+03 -3.320000000000000000e+02 -4.371000000000000000e+03
-1.380000000000000000e+03 2.880000000000000000e+03 7.588000000000000000e+03 -4.624000000000000000e+03 -2.620000000000000000e+02 -4.460000000000000000e+02
8.000000000000000000e+02 2.948000000000000000e+03 6.616000000000000000e+03 -4.608000000000000000e+03 -6.900000000000000000e+01 -1.410000000000000000e+03
1.460000000000000000e+03 2.288000000000000000e+03 9.268000000000000000e+03 -4.640000000000000000e+03 -3.200000000000000000e+01 -6.670000000000000000e+02
1.044000000000000000e+03 1.456000000000000000e+03 1.249600000000000000e+04 -4.640000000000000000e+03 -1.850000000000000000e+02 -1.016000000000000000e+03
0.000000000000000000e+00 1.452000000000000000e+03 1.390000000000000000e+04 -4.672000000000000000e+03 1.260000000000000000e+02 -4.780000000000000000e+02
-8.280000000000000000e+02 1.552000000000000000e+03 1.350400000000000000e+04 -4.640000000000000000e+03 -6.540000000000000000e+02 -3.690000000000000000e+02
-9.600000000000000000e+02 1.612000000000000000e+03 1.466400000000000000e+04 -4.624000000000000000e+03 3.540000000000000000e+02 -5.310000000000000000e+02
-9.120000000000000000e+02 1.388000000000000000e+03 1.598400000000000000e+04 -4.672000000000000000e+03 -1.626000000000000000e+03 -1.040000000000000000e+02
