-8.076000000000000000e+03 2.336000000000000000e+03 1.218000000000000000e+04 -4.656000000000000000e+03 -2.880000000000000000e+02 -4.740000000000000000e+02
-8.264000000000000000e+03 2.132000000000000000e+03 1.231600000000000000e+04 -4.640000000000000000e+03 -2.690000000000000000e+02 -9.600000000000000000e+01
-8.456000000000000000e+03 2.236000000000000000e+03 1.222800000000000000e+04 -4.624000000000000000e+03 -2.230000000000000000e+02 7.600000000000000000e+01
-8.864000000000000000e+03 2.364000000000000000e+03 1.176000000000000000e+04 -4.608000000000000000e+03 -2.030000000000000000e+02 3.020000000000000000e+02
-1.236400000000000000e+04 2.252000000000000000e+03 1.183200000000000000e+04 -4.656000000000000000e+03 -2.150000000000000000e+02 5.730000000000000000e+02
-9.564000000000000000e+03 2.440000000000000000e+03 1.222400000000000000e+04 -4.640000000000000000e+03 -2.500000000000000000e+02 6.930000000000000000e+02
-8.380000000000000000e+03 2.608000000000000000e+03 1.214000000000000000e+04 -4.656000000000000000e+03 -3.250000000000000000e+02 7.430000000000000000e+02
-7.628000000000000000e+03 2.624000000000000000e+03 1.180800000000000000e+04 -4.656000000000000000e+03 -3.070000000000000000e+02 7.260000000000000000e+02
-7.384000000000000000e+03 2.544000000000000000e+03 1.172800000000000000e+04 -4.624000000000000000e+03 -3.200000000000000000e+02 2.990000000000000000e+02
-7.480000000000000000e+03 2.204000000000000000e+03 1.177600000000000000e+04 -4.656000000000000000e+03 -3.490000000000000000e+02 -1.510000000000000000e+02
-8.604000000000000000e+03 2.220000000000000000e+03 1.186000000000000000e+04 -4.624000000000000000e+03 -3.570000000000000000e+02 -3.060000000000000000e+02
-8.120000000000000000e+03 2.468000000000000000e+03 1.165600000000000000e+04 -4.704000000000000000e+03 -3.640000000000000000e+02 -3.960000000000000000e+02
-7.404000000000000000e+03 2.740000000000000000e+03 1.199200000000000000e+04 -4.688000000000000000e+03 -4.090000000000000000e+02 -4.200000000000000000e+02
-7.532000000000000000e+03 2.696000000000000000e+03 1.216400000000000000e+04 -4.624000000000000000e+03 -3.270000000000000000e+02 -3.330000000000000000e+02
-8.148000000000000000e+03 2.408000000000000000e+03 1.235200000000000000e+04 -4.624000000000000000e+03 -2.780000000000000000e+02 -6.500000000000000000e+01
-8.784000000000000000e+03 2.176000000000000000e+03 1.217200000000000000e+04 -4.672000000000000000e+03 -2.940000000000000000e+02 3.130000000000000000e+02
-8.552000000000000000e+03 2.340000000000000000e+03 1.207200000000000000e+04 -4.624000000000000000e+03 -3.040000000000000000e+02 6.650000000000000000e+02
-8.396000000000000000e+03 2.636000000000000000e+03 1.217200000000000000e+04 -4.672000000000000000e+03 -2.920000000000000000e+02 9.450000000000000000e+02
-8.532000000000000000e+03 2.812000000000000000e+03 1.188400000000000000e+04 -4.672000000000000000e+03 -2.920000000000000000e+02 1.932000000000000000e+03
-8.092000000000000000e+03 2.448000000000000000e+03 1.215200000000000000e+04 -4.656000000000000000e+03 -2.580000000000000000e+02 -6.740000000000000000e+02
-7.568000000000000000e+03 2.300000000000000000e+03 1.184400000000000000e+04 -4.640000000000000000e+03 -5.700000000000000000e+01 -1.960000000000000000e+02
-7.508000000000000000e+03 2.384000000000000000e+03 1.178800000000000000e+04 -4.640000000000000000e+03 5.410000000000000000e+02 5.000000000000000000e+01
-7.680000000000000000e+03 2.484000000000000000e+03 1.176800000000000000e+04 -4.640000000000000000e+03 3.567000000000000000e+03 1.470000000000000000e+02
-7.480000000000000000e+03 2.548000000000000000e+03 1.186400000000000000e+04 -4.640000000000000000e+03 -7.670000000000000000e+03 4.530000000000000000e+02
-7.588000000000000000e+03 2.552000000000000000e+03 1.189200000000000000e+04 -4.656000000000000000e+03 -2.000000000000000000e+01 1.073000000000000000e+03
-8.020000000000000000e+03 2.412000000000000000e+03 1.198000000000000000e+04 -4.688000000000000000e+03 -5.330000000000000000e+02 1.323000000000000000e+03
-7.932000000000000000e+03 2.540000000000000000e+03 1.215200000000000000e+04 -4.656000000000000000e+03 -6.490000000000000000e+02 1.234000000000000000e+03
-8.620000000000000000e+03 2.460000000000000000e+03 1.201200000000000000e+04 -4.656000000000000000e+03 -6.520000000000000000e+02 1.594000000000000000e+03
-8.892000000000000000e+03 2.364000000000000000e+03 1.196400000000000000e+04 -4.640000000000000000e+03 -5.430000000000000000e+02 2.069000000000000000e+03
-8.532000000000000000e+03 2.464000000000000000e+03 1.194800000000000000e+04 -4.688000000000000000e+03 -5.070000000000000000e+02 1.734000000000000000e+03
-8.160000000000000000e+03 2.568000000000000000e+03 1.401200000000000000e+04 -4.656000000000000000e+03 -4.730000000000000000e+02 2.702000000000000000e+03
-8.188000000000000000e+03 2.532000000000000000e+03 3.276700000000000000e+04 -4.624000000000000000e+03 -5.090000000000000000e+02 3.221000000000000000e+03
-7.892000000000000000e+03 2.360000000000000000e+03 1.322000000000000000e+04 -4.640000000000000000e+03 -3.580000000000000000e+02 1.141000000000000000e+03
-7.872000000000000000e+03 2.392000000000000000e+03 1.677600000000000000e+04 -4.640000000000000000e+03 -1.750000000000000000e+02 -1.937000000000000000e+03
-7.500000000000000000e+03 2.408000000000000000e+03 1.641200000000000000e+04 -4.656000000000000000e+03 -2.420000000000000000e+02 1.339000000000000000e+03
-6.916000000000000000e+03 2.416000000000000000e+03 1.639200000000000000e+04 -4.656000000000000000e+03 -4.320000000000000000e+02 2.415000000000000000e+03
-7.992000000000000000e+03 2.436000000000000000e+03 1.670000000000000000e+04 -4.656000000000000000e+03 -3.250000000000000000e+02 1.052000000000000000e+03
-2.182400000000000000e+04 3.108000000000000000e+03 1.440400000000000000e+04 -4.656000000000000000e+03 3.350000000000000000e+02 8.430000000000000000e+02
-2.233200000000000000e+04 1.034000000000000000e+04 1.354400000000000000e+04 -4.656000000000000000e+03 -3.130000000000000000e+02 9.270000000000000000e+02
-6.440000000000000000e+03 -1.080000000000000000e+03 1.028400000000000000e+04 -4.656000000000000000e+03 -1.880000000000000000e+02 6.110000000000000000e+02
-1.090400000000000000e+04 3.064000000000000000e+03 6.172000000000000000e+03 -4.656000000000000000e+03 -7.690000000000000000e+02 8.760000000000000000e+02
-1.032800000000000000e+04 2.344000000000000000e+03 3.224000000000000000e+03 -4.656000000000000000e+03 -9.040000000000000000e+02 1.760000000000000000e+02
-9.496000000000000000e+03 3.088000000000000000e+03 1.976000000000000000e+03 -4.656000000000000000e+03 -7.150000000000000000e+02 3.990000000000000000e+02
-9.528000000000000000e+03 2.832000000000000000e+03 5.520000000000000000e+02 -4.640000000000000000e+03 -5.060000000000000000e+02 -5.530000000000000000e+02
-8.648000000000000000e+03 1.892000000000000000e+03 5.476000000000000000e+03 -4.640000000000000000e+03 -5.790000000000000000e+02 -6.380000000000000000e+02
-8.220000000000000000e+03 2.104000000000000000e+03 -7.440000000000000000e+02 -4.672000000000000000e+03 -5.440000000000000000e+02 -6.960000000000000000e+02
-6.296000000000000000e+03 1.688000000000000000e+03 7.136000000000000000e+03 -4.672000000000000000e+03 -4.580000000000000000e+02 -7.300000000000000000e+02
-3.920000000000000000e+03 1.340000000000000000e+03 1.638400000000000000e+04 -4.672000000000000000e+03 -2.810000000000000000e+02 -1.194000000000000000e+03
-2.292000000000000000e+03 9.200000000000000000e+02 1.754800000000000000e+04 -4.688000000000000000e+03 -3.980000000000000000e+02 -6.920000000000000000e+02
-1.436000000000000000e+03 7.480000000000000000e+02 1.188000000000000000e+04 -4.672000000000000000e+03 -2.780000000000000000e+02 -1.673000000000000000e+03
-1.076000000000000000e+03 1.032000000000000000e+03 6.280000000000000000e+03 -4.640000000000000000e+03 -2.490000000000000000e+02 -1.375000000000000000e+03
-1.216000000000000000e+04 3.140000000000000000e+03 4.340000000000000000e+03 -4.624000000000000000e+03 -2.410000000000000000e+02 -9.570000000000000000e+02
-1.212000000000000000e+04 7.240000000000000000e+02 5.128000000000000000e+03 -4.624000000000000000e+03 -1.110000000000000000e+02 -1.112000000000000000e+03
-8.476000000000000000e+03 1.768000000000000000e+03 6.408000000000000000e+03 -4.656000000000000000e+03 6.000000000000000000e+00 -1.304000000000000000e+03
-8.996000000000000000e+03 3.556000000000000000e+03 7.656000000000000000e+03 -4.672000000000000000e+03 9.200000000000000000e+01 -6.634000000000000000e+03
-8.296000000000000000e+03 4.004000000000000000e+03 8.216000000000000000e+03 -4.672000000000000000e+03 1.810000000000000000e+02 -3.350000000000000000e+02
-5.944000000000000000e+03 2.596000000000000000e+03 9.384000000000000000e+03 -4.640000000000000000e+03 4.110000000000000000e+02 1.284600000000000000e+04
-4.540000000000000000e+03 1.148000000000000000e+03 1.065200000000000000e+04 -4.640000000000000000e+03 3.940000000000000000e+02 -6.011000000000000000e+03
-4.404000000000000000e+03 5.600000000000000000e+02 1.167600000000000000e+04 -4.656000000000000000e+03 3.290000000000000000e+02 -6.383000000000000000e+03
-4.564000000000000000e+03 1.088000000000000000e+03 1.215200000000000000e+04 -4.656000000000000000e+03 -9.017000000000000000e+03 -1.991000000000000000e+03
-5.256000000000000000e+03 1.208000000000000000e+03 1.154000000000000000e+04 -4.656000000000000000e+03 -2.408000000000000000e+03 -1.505000000000000000e+03
-6.584000000000000000e+03 1.080000000000000000e+03 1.194800000000000000e+04 -4.672000000000000000e+03 6.290000000000000000e+03 -2.198000000000000000e+03
-7.260000000000000000e+03 1.048000000000000000e+03 1.387600000000000000e+04 -4.640000000000000000e+03 -4.800000000000000000e+01 -1.774000000000000000e+03
-8.000000000000000000e+03 1.572000000000000000e+03 1.268400000000000000e+04 -4.656000000000000000e+03 -2.169000000000000000e+03 -1.799000000000000000e+03
