2.248000000000000000e+03 2.112000000000000000e+03 1.453200000000000000e+04 -4.336000000000000000e+03 -2.800000000000000000e+02 2.280000000000000000e+02
-1.236000000000000000e+03 1.076000000000000000e+03 1.483200000000000000e+04 -4.352000000000000000e+03 -2.880000000000000000e+02 -3.230000000000000000e+02
8.080000000000000000e+02 1.868000000000000000e+03 1.475200000000000000e+04 -4.352000000000000000e+03 4.700000000000000000e+01 -1.647000000000000000e+03
3.576000000000000000e+03 2.172000000000000000e+03 1.420800000000000000e+04 -4.352000000000000000e+03 8.400000000000000000e+01 -1.697000000000000000e+03
3.368000000000000000e+03 1.864000000000000000e+03 1.394400000000000000e+04 -4.336000000000000000e+03 -1.600000000000000000e+01 -1.086000000000000000e+03
3.572000000000000000e+03 1.964000000000000000e+03 1.404400000000000000e+04 -4.320000000000000000e+03 -1.550000000000000000e+02 -4.310000000000000000e+02
3.964000000000000000e+03 2.284000000000000000e+03 1.407600000000000000e+04 -4.320000000000000000e+03 -2.800000000000000000e+02 3.400000000000000000e+02
3.016000000000000000e+03 2.452000000000000000e+03 1.456800000000000000e+04 -4.304000000000000000e+03 -4.130000000000000000e+02 7.820000000000000000e+02
1.676000000000000000e+03 2.264000000000000000e+03 1.491200000000000000e+04 -4.352000000000000000e+03 -3.070000000000000000e+02 3.670000000000000000e+02
1.512000000000000000e+03 1.932000000000000000e+03 1.477600000000000000e+04 -4.336000000000000000e+03 -1.220000000000000000e+02 -4.850000000000000000e+02
3.712000000000000000e+03 2.200000000000000000e+03 1.418000000000000000e+04 -4.336000000000000000e+03 -9.500000000000000000e+01 -5.690000000000000000e+02
3.960000000000000000e+03 2.180000000000000000e+03 1.388400000000000000e+04 -4.336000000000000000e+03 -2.100000000000000000e+02 6.200000000000000000e+01
3.712000000000000000e+03 2.128000000000000000e+03 1.422800000000000000e+04 -4.336000000000000000e+03 -3.090000000000000000e+02 5.950000000000000000e+02
2.720000000000000000e+03 2.120000000000000000e+03 1.404800000000000000e+04 -4.320000000000000000e+03 -3.260000000000000000e+02 7.590000000000000000e+02
2.764000000000000000e+03 2.112000000000000000e+03 1.418800000000000000e+04 -4.336000000000000000e+03 -3.240000000000000000e+02 7.000000000000000000e+02
2.432000000000000000e+03 2.152000000000000000e+03 1.446400000000000000e+04 -4.320000000000000000e+03 -3.280000000000000000e+02 6.490000000000000000e+02
2.420000000000000000e+03 2.212000000000000000e+03 1.451600000000000000e+04 -4.368000000000000000e+03 -3.800000000000000000e+02 7.220000000000000000e+02
2.500000000000000000e+03 1.928000000000000000e+03 1.443200000000000000e+04 -4.320000000000000000e+03 -3.860000000000000000e+02 6.270000000000000000e+02
2.132000000000000000e+03 1.916000000000000000e+03 1.447200000000000000e+04 -4.336000000000000000e+03 -3.360000000000000000e+02 4.580000000000000000e+02
2.448000000000000000e+03 2.080000000000000000e+03 1.448000000000000000e+04 -4.320000000000000000e+03 -2.920000000000000000e+02 3.230000000000000000e+02
2.528000000000000000e+03 2.244000000000000000e+03 1.450000000000000000e+04 -4.336000000000000000e+03 -3.090000000000000000e+02 3.180000000000000000e+02
2.388000000000000000e+03 2.280000000000000000e+03 1.440400000000000000e+04 -4.320000000000000000e+03 -3.020000000000000000e+02 2.600000000000000000e+02
2.336000000000000000e+03 2.148000000000000000e+03 1.446800000000000000e+04 -4.336000000000000000e+03 -2.720000000000000000e+02 1.810000000000000000e+02
2.452000000000000000e+03 2.072000000000000000e+03 1.442000000000000000e+04 -4.352000000000000000e+03 -2.660000000000000000e+02 9.800000000000000000e+01
2.548000000000000000e+03 2.120000000000000000e+03 1.435200000000000000e+04 -4.352000000000000000e+03 -2.880000000000000000e+02 5.200000000000000000e+01
2.436000000000000000e+03 1.984000000000000000e+03 1.442000000000000000e+04 -4.352000000000000000e+03 -2.860000000000000000e+02 1.700000000000000000e+01
1.976000000000000000e+03 2.096000000000000000e+03 1.470000000000000000e+04 -4.320000000000000000e+03 -2.380000000000000000e+02 -1.590000000000000000e+02
2.356000000000000000e+03 2.396000000000000000e+03 1.398000000000000000e+04 -4.352000000000000000e+03 -5.180000000000000000e+02 -1.190000000000000000e+02
2.280000000000000000e+03 2.172000000000000000e+03 1.526400000000000000e+04 -4.336000000000000000e+03 -3.250000000000000000e+02 1.930000000000000000e+02
3.164000000000000000e+03 2.104000000000000000e+03 1.480000000000000000e+04 -4.320000000000000000e+03 -3.190000000000000000e+02 4.630000000000000000e+02
3.236000000000000000e+03 2.036000000000000000e+03 1.433600000000000000e+04 -4.336000000000000000e+03 -3.920000000000000000e+02 8.220000000000000000e+02
2.892000000000000000e+03 1.880000000000000000e+03 1.399200000000000000e+04 -4.320000000000000000e+03 -3.870000000000000000e+02 1.269000000000000000e+03
2.620000000000000000e+03 1.976000000000000000e+03 1.421200000000000000e+04 -4.320000000000000000e+03 -4.410000000000000000e+02 1.484000000000000000e+03
1.992000000000000000e+03 2.132000000000000000e+03 1.444400000000000000e+04 -4.320000000000000000e+03 -4.790000000000000000e+02 1.427000000000000000e+03
1.780000000000000000e+03 2.152000000000000000e+03 1.460800000000000000e+04 -4.288000000000000000e+03 -4.500000000000000000e+02 1.209000000000000000e+03
1.540000000000000000e+03 2.172000000000000000e+03 1.468800000000000000e+04 -4.320000000000000000e+03 -4.160000000000000000e+02 9.430000000000000000e+02
6.880000000000000000e+02 1.612000000000000000e+03 1.476000000000000000e+04 -4.368000000000000000e+03 -3.050000000000000000e+02 4.250000000000000000e+02
1.416000000000000000e+03 1.744000000000000000e+03 1.462000000000000000e+04 -4.336000000000000000e+03 -2.040000000000000000e+02 -1.610000000000000000e+02
2.192000000000000000e+03 1.900000000000000000e+03 1.452400000000000000e+04 -4.336000000000000000e+03 -2.240000000000000000e+02 -2.510000000000000000e+02
2.212000000000000000e+03 2.160000000000000000e+03 1.433600000000000000e+04 -4.352000000000000000e+03 -2.600000000000000000e+02 -1.420000000000000000e+02
1.636000000000000000e+03 2.420000000000000000e+03 1.425200000000000000e+04 -4.352000000000000000e+03 -1.330000000000000000e+02 -1.970000000000000000e+02
2.384000000000000000e+03 2.576000000000000000e+03 1.416400000000000000e+04 -4.336000000000000000e+03 -3.100000000000000000e+01 -2.010000000000000000e+02
2.728000000000000000e+03 2.428000000000000000e+03 1.439200000000000000e+04 -4.384000000000000000e+03 -1.370000000000000000e+02 1.350000000000000000e+02
2.840000000000000000e+03 2.032000000000000000e+03 1.431200000000000000e+04 -4.336000000000000000e+03 -3.140000000000000000e+02 6.150000000000000000e+02
1.604000000000000000e+03 1.432000000000000000e+03 1.445600000000000000e+04 -4.352000000000000000e+03 -3.570000000000000000e+02 6.030000000000000000e+02
9.680000000000000000e+02 1.380000000000000000e+03 1.479600000000000000e+04 -4.304000000000000000e+03 -3.090000000000000000e+02 1.660000000000000000e+02
8.440000000000000000e+02 1.600000000000000000e+03 1.448000000000000000e+04 -4.336000000000000000e+03 -1.490000000000000000e+02 -4.500000000000000000e+02
1.696000000000000000e+03 1.932000000000000000e+03 1.443200000000000000e+04 -4.352000000000000000e+03 -1.240000000000000000e+02 -9.400000000000000000e+02
2.592000000000000000e+03 2.424000000000000000e+03 1.435200000000000000e+04 -4.320000000000000000e+03 -8.200000000000000000e+01 -9.510000000000000000e+02
2.396000000000000000e+03 2.468000000000000000e+03 1.433200000000000000e+04 -4.320000000000000000e+03 -1.310000000000000000e+02 -7.470000000000000000e+02
1.780000000000000000e+03 2.496000000000000000e+03 1.480000000000000000e+04 -4.320000000000000000e+03 -3.630000000000000000e+02 -7.240000000000000000e+02
2.296000000000000000e+03 3.072000000000000000e+03 1.425200000000000000e+04 -4.352000000000000000e+03 8.910000000000000000e+02 -1.112000000000000000e+03
4.208000000000000000e+03 5.184000000000000000e+03 1.361600000000000000e+04 -4.368000000000000000e+03 1.496000000000000000e+03 9.500000000000000000e+01
3.644000000000000000e+03 5.756000000000000000e+03 2.004800000000000000e+04 -4.320000000000000000e+03 -2.000000000000000000e+00 1.094000000000000000e+03
-1.332000000000000000e+03 -1.120000000000000000e+02 1.561600000000000000e+04 -4.320000000000000000e+03 1.130000000000000000e+02 9.300000000000000000e+01
3.912000000000000000e+03 6.840000000000000000e+02 1.632000000000000000e+04 -4.320000000000000000e+03 -4.050000000000000000e+02 1.090000000000000000e+03
3.996000000000000000e+03 3.160000000000000000e+03 1.833600000000000000e+04 -4.336000000000000000e+03 -7.600000000000000000e+02 1.515000000000000000e+03
2.260000000000000000e+03 2.772000000000000000e+03 1.947600000000000000e+04 -4.288000000000000000e+03 -5.910000000000000000e+02 1.221000000000000000e+03
2.816000000000000000e+03 2.344000000000000000e+03 1.847600000000000000e+04 -4.336000000000000000e+03 -6.390000000000000000e+02 1.543000000000000000e+03
2.656000000000000000e+03 2.392000000000000000e+03 1.888000000000000000e+04 -4.352000000000000000e+03 -3.670000000000000000e+02 1.645000000000000000e+03
1.936000000000000000e+03 1.760000000000000000e+03 1.878000000000000000e+04 -4.352000000000000000e+03 -2.980000000000000000e+02 1.604000000000000000e+03
1.432000000000000000e+03 1.620000000000000000e+03 1.769200000000000000e+04 -4.352000000000000000e+03 -2.500000000000000000e+02 1.347000000000000000e+03
1.220000000000000000e+03 1.800000000000000000e+03 1.720400000000000000e+04 -4.336000000000000000e+03 -5.000000000000000000e+00 1.038000000000000000e+03
1.164000000000000000e+03 2.008000000000000000e+03 1.740400000000000000e+04 -4.336000000000000000e+03 -3.200000000000000000e+01 6.410000000000000000e+02
1.724000000000000000e+03 2.468000000000000000e+03 1.643600000000000000e+04 -4.320000000000000000e+03 -9.900000000000000000e+01 3.680000000000000000e+02
1.676000000000000000e+03 1.932000000000000000e+03 1.410800000000000000e+04 -4.336000000000000000e+03 -2.750000000000000000e+02 2.850000000000000000e+02
1.536000000000000000e+03 1.844000000000000000e+03 1.321200000000000000e+04 -4.352000000000000000e+03 -4.130000000000000000e+02 4.620000000000000000e+02
1.708000000000000000e+03 1.584000000000000000e+03 1.144000000000000000e+04 -4.336000000000000000e+03 -5.660000000000000000e+02 9.910000000000000000e+02
1.412000000000000000e+03 1.308000000000000000e+03 9.748000000000000000e+03 -4.320000000000000000e+03 -7.000000000000000000e+02 1.079000000000000000e+03
1.380000000000000000e+03 1.044000000000000000e+03 7.588000000000000000e+03 -4.304000000000000000e+03 -8.610000000000000000e+02 1.394000000000000000e+03
1.208000000000000000e+03 9.440000000000000000e+02 5.972000000000000000e+03 -4.352000000000000000e+03 -8.670000000000000000e+02 1.584000000000000000e+03
1.232000000000000000e+03 1.116000000000000000e+03 5.800000000000000000e+03 -4.320000000000000000e+03 -9.420000000000000000e+02 1.843000000000000000e+03
1.544000000000000000e+03 1.348000000000000000e+03 6.816000000000000000e+03 -4.304000000000000000e+03 -9.780000000000000000e+02 2.172000000000000000e+03
-1.084000000000000000e+03 1.272000000000000000e+03 9.344000000000000000e+03 -4.320000000000000000e+03 -9.840000000000000000e+02 2.811000000000000000e+03
-4.764000000000000000e+03 1.100000000000000000e+03 1.448800000000000000e+04 -4.320000000000000000e+03 -9.580000000000000000e+02 2.712000000000000000e+03
-1.044000000000000000e+03 1.560000000000000000e+03 1.698400000000000000e+04 -4.320000000000000000e+03 -9.760000000000000000e+02 2.639000000000000000e+03
1.340000000000000000e+03 1.756000000000000000e+03 1.623600000000000000e+04 -4.336000000000000000e+03 -1.038000000000000000e+03 2.166000000000000000e+03
1.420000000000000000e+03 1.544000000000000000e+03 1.407600000000000000e+04 -4.352000000000000000e+03 -1.083000000000000000e+03 2.582000000000000000e+03
1.264000000000000000e+03 1.364000000000000000e+03 1.248800000000000000e+04 -4.320000000000000000e+03 -9.590000000000000000e+02 2.433000000000000000e+03
7.240000000000000000e+02 1.168000000000000000e+03 1.233600000000000000e+04 -4.336000000000000000e+03 -8.190000000000000000e+02 2.228000000000000000e+03
4.640000000000000000e+02 1.244000000000000000e+03 1.259200000000000000e+04 -4.320000000000000000e+03 -7.240000000000000000e+02 1.914000000000000000e+03
4.040000000000000000e+02 1.192000000000000000e+03 1.274400000000000000e+04 -4.336000000000000000e+03 -6.470000000000000000e+02 1.592000000000000000e+03
3.560000000000000000e+02 1.432000000000000000e+03 1.234000000000000000e+04 -4.320000000000000000e+03 -6.400000000000000000e+02 1.252000000000000000e+03
2.160000000000000000e+02 1.216000000000000000e+03 1.082400000000000000e+04 -4.352000000000000000e+03 -4.610000000000000000e+02 9.680000000000000000e+02
-9.200000000000000000e+01 1.168000000000000000e+03 9.260000000000000000e+03 -4.336000000000000000e+03 -4.830000000000000000e+02 6.860000000000000000e+02
