1.142000000000000000e+04 -1.951200000000000000e+04 2.826800000000000000e+04 -4.128000000000000000e+03 -2.230000000000000000e+02 3.301000000000000000e+03
3.276700000000000000e+04 -8.220000000000000000e+03 2.087600000000000000e+04 -4.160000000000000000e+03 7.300000000000000000e+01 3.618000000000000000e+03
2.864000000000000000e+03 4.488000000000000000e+03 5.952000000000000000e+03 -4.128000000000000000e+03 -7.830000000000000000e+02 3.284000000000000000e+03
1.091600000000000000e+04 2.856000000000000000e+03 8.748000000000000000e+03 -4.128000000000000000e+03 1.320000000000000000e+02 3.066000000000000000e+03
3.340000000000000000e+03 5.716000000000000000e+03 1.009600000000000000e+04 -4.128000000000000000e+03 -2.750000000000000000e+02 2.855000000000000000e+03
1.612000000000000000e+04 3.344000000000000000e+03 6.920000000000000000e+03 -4.112000000000000000e+03 -3.340000000000000000e+02 2.545000000000000000e+03
1.471200000000000000e+04 9.480000000000000000e+02 7.544000000000000000e+03 -4.128000000000000000e+03 -4.480000000000000000e+02 2.011000000000000000e+03
1.178400000000000000e+04 9.400000000000000000e+02 8.328000000000000000e+03 -4.144000000000000000e+03 -4.960000000000000000e+02 8.610000000000000000e+02
1.156400000000000000e+04 1.244000000000000000e+03 9.452000000000000000e+03 -4.112000000000000000e+03 -4.600000000000000000e+02 -8.980000000000000000e+02
1.297200000000000000e+04 1.560000000000000000e+03 9.804000000000000000e+03 -4.144000000000000000e+03 -3.500000000000000000e+02 -1.726000000000000000e+03
1.372800000000000000e+04 1.660000000000000000e+03 9.840000000000000000e+03 -4.112000000000000000e+03 -4.100000000000000000e+02 -1.827000000000000000e+03
1.289200000000000000e+04 2.348000000000000000e+03 1.181600000000000000e+04 -4.144000000000000000e+03 -3.370000000000000000e+02 -1.726000000000000000e+03
1.160800000000000000e+04 2.964000000000000000e+03 1.066000000000000000e+04 -4.128000000000000000e+03 -4.540000000000000000e+02 -1.606000000000000000e+03
9.348000000000000000e+03 2.520000000000000000e+03 9.352000000000000000e+03 -4.176000000000000000e+03 -5.890000000000000000e+02 -1.429000000000000000e+03
1.100000000000000000e+04 1.924000000000000000e+03 8.856000000000000000e+03 -4.160000000000000000e+03 -6.860000000000000000e+02 -1.257000000000000000e+03
1.270000000000000000e+04 1.540000000000000000e+03 8.540000000000000000e+03 -4.144000000000000000e+03 -7.450000000000000000e+02 -1.547000000000000000e+03
1.339200000000000000e+04 1.516000000000000000e+03 8.336000000000000000e+03 -4.144000000000000000e+03 -7.410000000000000000e+02 -1.938000000000000000e+03
1.322400000000000000e+04 1.688000000000000000e+03 8.464000000000000000e+03 -4.160000000000000000e+03 -7.480000000000000000e+02 -1.743000000000000000e+03
1.321600000000000000e+04 2.172000000000000000e+03 8.576000000000000000e+03 -4.144000000000000000e+03 -7.210000000000000000e+02 -1.416000000000000000e+03
1.327200000000000000e+04 2.444000000000000000e+03 9.116000000000000000e+03 -4.128000000000000000e+03 -7.050000000000000000e+02 -1.270000000000000000e+03
1.316400000000000000e+04 2.300000000000000000e+03 8.192000000000000000e+03 -4.128000000000000000e+03 -6.690000000000000000e+02 -1.302000000000000000e+03
1.280400000000000000e+04 1.904000000000000000e+03 7.568000000000000000e+03 -4.112000000000000000e+03 -6.910000000000000000e+02 -1.179000000000000000e+03
1.341200000000000000e+04 1.520000000000000000e+03 7.676000000000000000e+03 -4.160000000000000000e+03 -6.280000000000000000e+02 -9.890000000000000000e+02
1.383200000000000000e+04 1.328000000000000000e+03 7.788000000000000000e+03 -4.128000000000000000e+03 -5.760000000000000000e+02 -9.320000000000000000e+02
1.383600000000000000e+04 1.660000000000000000e+03 7.684000000000000000e+03 -4.144000000000000000e+03 -5.080000000000000000e+02 -9.340000000000000000e+02
1.367600000000000000e+04 1.856000000000000000e+03 7.200000000000000000e+03 -4.128000000000000000e+03 -4.410000000000000000e+02 -1.978000000000000000e+03
1.384000000000000000e+04 2.052000000000000000e+03 7.252000000000000000e+03 -4.144000000000000000e+03 -1.400000000000000000e+01 6.310000000000000000e+02
1.410400000000000000e+04 2.064000000000000000e+03 7.312000000000000000e+03 -4.128000000000000000e+03 -4.880000000000000000e+02 -2.628000000000000000e+03
1.422000000000000000e+04 1.936000000000000000e+03 7.088000000000000000e+03 -4.128000000000000000e+03 1.490000000000000000e+03 -2.267000000000000000e+03
1.405600000000000000e+04 1.628000000000000000e+03 1.017200000000000000e+04 -4.144000000000000000e+03 -2.680000000000000000e+02 -2.380000000000000000e+03
1.435600000000000000e+04 8.756000000000000000e+03 1.336400000000000000e+04 -4.112000000000000000e+03 3.380000000000000000e+02 -2.141000000000000000e+03
3.030400000000000000e+04 1.144800000000000000e+04 1.084800000000000000e+04 -4.128000000000000000e+03 1.400000000000000000e+02 -1.995000000000000000e+03
1.727200000000000000e+04 4.492000000000000000e+03 8.848000000000000000e+03 -4.128000000000000000e+03 3.630000000000000000e+02 -1.929000000000000000e+03
2.202400000000000000e+04 2.732000000000000000e+03 9.536000000000000000e+03 -4.128000000000000000e+03 5.890000000000000000e+02 -1.797000000000000000e+03
2.442400000000000000e+04 2.892000000000000000e+03 8.488000000000000000e+03 -4.128000000000000000e+03 5.370000000000000000e+02 -1.789000000000000000e+03
2.259600000000000000e+04 2.124000000000000000e+03 8.392000000000000000e+03 -4.160000000000000000e+03 3.870000000000000000e+02 -1.839000000000000000e+03
2.090400000000000000e+04 2.220000000000000000e+03 7.372000000000000000e+03 -4.128000000000000000e+03 2.450000000000000000e+02 -1.517000000000000000e+03
2.016000000000000000e+04 2.320000000000000000e+03 4.708000000000000000e+03 -4.160000000000000000e+03 2.390000000000000000e+02 -4.730000000000000000e+02
1.867200000000000000e+04 1.836000000000000000e+03 1.668000000000000000e+03 -4.160000000000000000e+03 2.940000000000000000e+02 2.362000000000000000e+03
1.476000000000000000e+04 8.960000000000000000e+02 9.200000000000000000e+01 -4.144000000000000000e+03 7.130000000000000000e+02 -3.386000000000000000e+03
8.624000000000000000e+03 6.560000000000000000e+02 -5.920000000000000000e+02 -4.144000000000000000e+03 -2.040000000000000000e+02 -5.924000000000000000e+03
4.928000000000000000e+03 4.880000000000000000e+02 -2.232000000000000000e+03 -4.144000000000000000e+03 -2.750000000000000000e+02 -1.849000000000000000e+03
3.380000000000000000e+03 -6.400000000000000000e+02 1.438000000000000000e+04 -4.128000000000000000e+03 -8.800000000000000000e+01 -1.576000000000000000e+03
3.852000000000000000e+03 2.588000000000000000e+03 5.428000000000000000e+03 -4.128000000000000000e+03 2.100000000000000000e+02 -2.224000000000000000e+03
-3.328000000000000000e+03 -2.432000000000000000e+03 -4.760000000000000000e+02 -4.160000000000000000e+03 2.140000000000000000e+02 -2.184000000000000000e+03
7.360000000000000000e+02 9.000000000000000000e+02 1.288000000000000000e+03 -4.128000000000000000e+03 1.980000000000000000e+02 -2.155000000000000000e+03
1.278800000000000000e+04 8.000000000000000000e+02 1.100000000000000000e+03 -4.112000000000000000e+03 3.300000000000000000e+01 -2.168000000000000000e+03
1.559200000000000000e+04 5.520000000000000000e+02 1.556000000000000000e+03 -4.144000000000000000e+03 1.020000000000000000e+02 -2.378000000000000000e+03
1.427200000000000000e+04 9.040000000000000000e+02 2.328000000000000000e+03 -4.160000000000000000e+03 2.930000000000000000e+02 -3.119000000000000000e+03
1.604000000000000000e+04 1.124000000000000000e+03 1.828000000000000000e+03 -4.160000000000000000e+03 3.960000000000000000e+02 -2.690000000000000000e+03
1.415200000000000000e+04 2.720000000000000000e+02 1.188000000000000000e+03 -4.144000000000000000e+03 3.760000000000000000e+02 -1.814000000000000000e+03
8.928000000000000000e+03 3.480000000000000000e+02 1.400000000000000000e+03 -4.144000000000000000e+03 3.010000000000000000e+02 -2.448000000000000000e+03
8.376000000000000000e+03 5.160000000000000000e+02 1.872000000000000000e+03 -4.160000000000000000e+03 2.420000000000000000e+02 -2.373000000000000000e+03
1.037200000000000000e+04 8.640000000000000000e+02 2.312000000000000000e+03 -4.160000000000000000e+03 2.590000000000000000e+02 -2.225000000000000000e+03
1.323200000000000000e+04 1.180000000000000000e+03 1.604000000000000000e+03 -4.160000000000000000e+03 2.470000000000000000e+02 -1.971000000000000000e+03
1.310000000000000000e+04 1.384000000000000000e+03 1.600000000000000000e+03 -4.160000000000000000e+03 2.160000000000000000e+02 -1.719000000000000000e+03
1.797200000000000000e+04 1.192000000000000000e+03 2.376000000000000000e+03 -4.128000000000000000e+03 1.460000000000000000e+02 -1.478000000000000000e+03
1.930800000000000000e+04 1.184000000000000000e+03 2.396000000000000000e+03 -4.128000000000000000e+03 1.680000000000000000e+02 -1.444000000000000000e+03
1.858800000000000000e+04 1.568000000000000000e+03 2.508000000000000000e+03 -4.160000000000000000e+03 1.960000000000000000e+02 -1.561000000000000000e+03
2.198000000000000000e+04 1.472000000000000000e+03 2.124000000000000000e+03 -4.160000000000000000e+03 2.090000000000000000e+02 -1.375000000000000000e+03
2.082400000000000000e+04 1.496000000000000000e+03 1.812000000000000000e+03 -4.160000000000000000e+03 1.730000000000000000e+02 -1.610400000000000000e+04
2.128800000000000000e+04 1.508000000000000000e+03 1.836000000000000000e+03 -4.128000000000000000e+03 1.870000000000000000e+02 7.271000000000000000e+03
2.063600000000000000e+04 1.596000000000000000e+03 1.280000000000000000e+03 -4.160000000000000000e+03 2.779000000000000000e+03 -4.815000000000000000e+03
1.956800000000000000e+04 1.708000000000000000e+03 9.120000000000000000e+02 -4.128000000000000000e+03 -1.458000000000000000e+03 2.402000000000000000e+03
1.958800000000000000e+04 1.372000000000000000e+03 3.276700000000000000e+04 -4.144000000000000000e+03 1.127000000000000000e+03 2.732000000000000000e+03
1.812400000000000000e+04 -2.361200000000000000e+04 -1.735600000000000000e+04 -4.160000000000000000e+03 6.400000000000000000e+02 2.031000000000000000e+03
-3.090400000000000000e+04 3.212000000000000000e+03 3.148000000000000000e+03 -4.144000000000000000e+03 -2.190000000000000000e+02 2.216000000000000000e+03
2.056800000000000000e+04 -1.356400000000000000e+04 8.656000000000000000e+03 -4.128000000000000000e+03 6.100000000000000000e+01 1.609000000000000000e+03
3.276700000000000000e+04 -4.400000000000000000e+02 1.488000000000000000e+03 -4.128000000000000000e+03 -1.530000000000000000e+02 7.580000000000000000e+02
6.840000000000000000e+03 1.884000000000000000e+03 -8.200000000000000000e+02 -4.160000000000000000e+03 1.170000000000000000e+02 3.060000000000000000e+02
2.270000000000000000e+04 1.504000000000000000e+03 2.092000000000000000e+03 -4.160000000000000000e+03 4.840000000000000000e+02 2.690000000000000000e+02
1.739200000000000000e+04 2.796000000000000000e+03 2.464000000000000000e+03 -4.128000000000000000e+03 2.800000000000000000e+02 -5.800000000000000000e+01
1.713200000000000000e+04 2.968000000000000000e+03 2.328000000000000000e+03 -4.128000000000000000e+03 -5.700000000000000000e+01 -7.540000000000000000e+02
1.886000000000000000e+04 2.184000000000000000e+03 6.480000000000000000e+02 -4.128000000000000000e+03 1.170000000000000000e+02 -1.006000000000000000e+03
1.670800000000000000e+04 1.220000000000000000e+03 1.604000000000000000e+03 -4.128000000000000000e+03 4.430000000000000000e+02 -1.308000000000000000e+03
1.530800000000000000e+04 1.400000000000000000e+03 3.036000000000000000e+03 -4.128000000000000000e+03 4.190000000000000000e+02 -1.470000000000000000e+03
1.590400000000000000e+04 3.128000000000000000e+03 1.956000000000000000e+03 -4.192000000000000000e+03 2.040000000000000000e+02 -1.697000000000000000e+03
1.778800000000000000e+04 3.156000000000000000e+03 8.120000000000000000e+02 -4.160000000000000000e+03 4.700000000000000000e+01 -1.847000000000000000e+03
1.758000000000000000e+04 1.820000000000000000e+03 2.320000000000000000e+02 -4.112000000000000000e+03 2.260000000000000000e+02 -1.763000000000000000e+03
