-9.536000000000000000e+03 2.088000000000000000e+03 1.010400000000000000e+04 -4.640000000000000000e+03 -2.600000000000000000e+02 3.000000000000000000e+02
-9.552000000000000000e+03 2.712000000000000000e+03 1.079200000000000000e+04 -4.656000000000000000e+03 -2.500000000000000000e+02 5.160000000000000000e+02
-9.660000000000000000e+03 2.924000000000000000e+03 1.051600000000000000e+04 -4.656000000000000000e+03 -2.500000000000000000e+02 5.790000000000000000e+02
-9.784000000000000000e+03 2.544000000000000000e+03 1.039200000000000000e+04 -4.688000000000000000e+03 -2.500000000000000000e+02 5.470000000000000000e+02
-9.812000000000000000e+03 2.036000000000000000e+03 1.039200000000000000e+04 -4.656000000000000000e+03 -2.900000000000000000e+02 2.690000000000000000e+02
-1.002400000000000000e+04 1.948000000000000000e+03 1.019600000000000000e+04 -4.688000000000000000e+03 -3.070000000000000000e+02 4.000000000000000000e+00
-1.146400000000000000e+04 2.344000000000000000e+03 1.026400000000000000e+04 -4.688000000000000000e+03 -3.180000000000000000e+02 -1.730000000000000000e+02
-1.146000000000000000e+04 2.588000000000000000e+03 1.038400000000000000e+04 -4.656000000000000000e+03 -3.050000000000000000e+02 -1.140000000000000000e+02
-1.009200000000000000e+04 2.640000000000000000e+03 1.055600000000000000e+04 -4.656000000000000000e+03 -2.930000000000000000e+02 -8.500000000000000000e+01
-1.004000000000000000e+04 2.376000000000000000e+03 1.054000000000000000e+04 -4.640000000000000000e+03 -2.720000000000000000e+02 7.000000000000000000e+00
-1.007600000000000000e+04 2.096000000000000000e+03 1.060000000000000000e+04 -4.656000000000000000e+03 -2.920000000000000000e+02 1.010000000000000000e+02
-1.021600000000000000e+04 2.252000000000000000e+03 1.056000000000000000e+04 -4.640000000000000000e+03 -2.080000000000000000e+02 1.760000000000000000e+02
-1.049600000000000000e+04 2.484000000000000000e+03 1.052800000000000000e+04 -4.656000000000000000e+03 -2.360000000000000000e+02 3.050000000000000000e+02
-1.037200000000000000e+04 2.488000000000000000e+03 1.056800000000000000e+04 -4.656000000000000000e+03 -2.380000000000000000e+02 5.910000000000000000e+02
-9.996000000000000000e+03 2.352000000000000000e+03 1.041200000000000000e+04 -4.656000000000000000e+03 -2.680000000000000000e+02 9.780000000000000000e+02
-9.872000000000000000e+03 2.156000000000000000e+03 1.020400000000000000e+04 -4.656000000000000000e+03 -2.910000000000000000e+02 8.760000000000000000e+02
-9.944000000000000000e+03 2.032000000000000000e+03 1.016000000000000000e+04 -4.672000000000000000e+03 -3.210000000000000000e+02 -2.734000000000000000e+03
-9.808000000000000000e+03 1.996000000000000000e+03 1.007600000000000000e+04 -4.640000000000000000e+03 -3.050000000000000000e+02 -6.930000000000000000e+02
-9.776000000000000000e+03 2.336000000000000000e+03 1.016400000000000000e+04 -4.672000000000000000e+03 -2.100000000000000000e+02 1.888000000000000000e+03
-9.888000000000000000e+03 2.452000000000000000e+03 1.037200000000000000e+04 -4.624000000000000000e+03 -4.700000000000000000e+01 8.250000000000000000e+02
-9.928000000000000000e+03 2.492000000000000000e+03 1.046400000000000000e+04 -4.688000000000000000e+03 8.650000000000000000e+02 1.041000000000000000e+03
-1.021600000000000000e+04 2.376000000000000000e+03 1.044400000000000000e+04 -4.688000000000000000e+03 7.700000000000000000e+01 1.260000000000000000e+03
-1.042400000000000000e+04 2.256000000000000000e+03 1.050000000000000000e+04 -4.640000000000000000e+03 2.910000000000000000e+02 1.776000000000000000e+03
-1.054800000000000000e+04 2.080000000000000000e+03 1.063200000000000000e+04 -4.640000000000000000e+03 -1.000000000000000000e+00 1.742000000000000000e+03
-1.066400000000000000e+04 2.180000000000000000e+03 1.066000000000000000e+04 -4.656000000000000000e+03 -5.050000000000000000e+02 1.523000000000000000e+03
-1.026400000000000000e+04 2.312000000000000000e+03 1.036800000000000000e+04 -4.672000000000000000e+03 -7.550000000000000000e+02 1.235000000000000000e+03
-9.996000000000000000e+03 2.312000000000000000e+03 1.048400000000000000e+04 -4.624000000000000000e+03 -6.330000000000000000e+02 8.740000000000000000e+02
-1.011600000000000000e+04 2.360000000000000000e+03 1.075600000000000000e+04 -4.656000000000000000e+03 -5.680000000000000000e+02 8.980000000000000000e+02
-9.892000000000000000e+03 2.552000000000000000e+03 1.695600000000000000e+04 -4.656000000000000000e+03 -4.890000000000000000e+02 1.036000000000000000e+03
-1.012000000000000000e+04 2.264000000000000000e+03 1.165600000000000000e+04 -4.656000000000000000e+03 -4.060000000000000000e+02 8.680000000000000000e+02
-9.924000000000000000e+03 2.124000000000000000e+03 1.194000000000000000e+04 -4.640000000000000000e+03 -3.510000000000000000e+02 2.247000000000000000e+03
-1.000400000000000000e+04 2.240000000000000000e+03 1.458400000000000000e+04 -4.624000000000000000e+03 -3.660000000000000000e+02 1.600000000000000000e+02
-9.680000000000000000e+03 2.120000000000000000e+03 1.461200000000000000e+04 -4.640000000000000000e+03 -2.920000000000000000e+02 -7.130000000000000000e+02
-9.644000000000000000e+03 2.324000000000000000e+03 1.410800000000000000e+04 -4.672000000000000000e+03 -2.230000000000000000e+02 1.625000000000000000e+03
-1.190000000000000000e+04 2.536000000000000000e+03 1.440000000000000000e+04 -4.656000000000000000e+03 -1.160000000000000000e+02 1.036000000000000000e+03
-1.618400000000000000e+04 4.164000000000000000e+03 1.349200000000000000e+04 -4.672000000000000000e+03 -4.020000000000000000e+02 1.137000000000000000e+03
-8.148000000000000000e+03 -2.448000000000000000e+03 1.175600000000000000e+04 -4.656000000000000000e+03 -6.920000000000000000e+02 7.450000000000000000e+02
-9.708000000000000000e+03 1.136000000000000000e+03 8.780000000000000000e+03 -4.672000000000000000e+03 1.385000000000000000e+03 9.960000000000000000e+02
-1.342400000000000000e+04 4.024000000000000000e+03 5.552000000000000000e+03 -4.656000000000000000e+03 3.290000000000000000e+02 9.840000000000000000e+02
-1.416800000000000000e+04 3.152000000000000000e+03 3.092000000000000000e+03 -4.640000000000000000e+03 -1.830000000000000000e+02 1.245000000000000000e+03
-1.404000000000000000e+04 2.664000000000000000e+03 1.844000000000000000e+03 -4.624000000000000000e+03 -5.750000000000000000e+02 1.278000000000000000e+03
-1.346400000000000000e+04 2.548000000000000000e+03 2.520000000000000000e+03 -4.640000000000000000e+03 -5.410000000000000000e+02 -9.500000000000000000e+01
-1.254000000000000000e+04 2.740000000000000000e+03 9.440000000000000000e+02 -4.656000000000000000e+03 -2.290000000000000000e+02 -3.380000000000000000e+02
-1.093600000000000000e+04 2.204000000000000000e+03 -3.064000000000000000e+03 -4.656000000000000000e+03 -1.860000000000000000e+02 -1.067000000000000000e+03
-8.628000000000000000e+03 1.596000000000000000e+03 4.704000000000000000e+03 -4.624000000000000000e+03 -4.250000000000000000e+02 -3.900000000000000000e+02
-5.904000000000000000e+03 1.244000000000000000e+03 1.212800000000000000e+04 -4.640000000000000000e+03 -6.840000000000000000e+02 -1.310000000000000000e+03
-3.448000000000000000e+03 6.440000000000000000e+02 1.648800000000000000e+04 -4.672000000000000000e+03 -4.200000000000000000e+02 1.334000000000000000e+03
-2.188000000000000000e+03 4.600000000000000000e+02 1.244400000000000000e+04 -4.656000000000000000e+03 -1.690000000000000000e+02 -6.990000000000000000e+02
-2.056000000000000000e+03 5.320000000000000000e+02 9.836000000000000000e+03 -4.624000000000000000e+03 -3.030000000000000000e+02 -2.220000000000000000e+02
-1.296000000000000000e+03 1.184000000000000000e+03 7.900000000000000000e+03 -4.656000000000000000e+03 -1.280000000000000000e+02 3.250000000000000000e+02
-1.587600000000000000e+04 -2.840000000000000000e+02 8.484000000000000000e+03 -4.688000000000000000e+03 -3.100000000000000000e+02 7.550000000000000000e+02
-1.404400000000000000e+04 1.272000000000000000e+03 8.408000000000000000e+03 -4.640000000000000000e+03 -2.900000000000000000e+01 1.387000000000000000e+03
-1.302400000000000000e+04 2.636000000000000000e+03 4.188000000000000000e+03 -4.640000000000000000e+03 -2.140000000000000000e+02 1.141000000000000000e+03
-1.353600000000000000e+04 3.468000000000000000e+03 3.404000000000000000e+03 -4.656000000000000000e+03 -1.670000000000000000e+02 1.066000000000000000e+03
-9.604000000000000000e+03 2.824000000000000000e+03 1.644000000000000000e+03 -4.656000000000000000e+03 -1.900000000000000000e+01 7.210000000000000000e+02
-6.684000000000000000e+03 2.488000000000000000e+03 4.832000000000000000e+03 -4.640000000000000000e+03 -5.600000000000000000e+01 5.980000000000000000e+02
-6.352000000000000000e+03 2.224000000000000000e+03 4.680000000000000000e+03 -4.672000000000000000e+03 1.370000000000000000e+02 -8.780000000000000000e+02
-9.208000000000000000e+03 2.220000000000000000e+03 5.832000000000000000e+03 -4.656000000000000000e+03 2.950000000000000000e+02 -8.834000000000000000e+03
-1.210400000000000000e+04 1.960000000000000000e+03 6.864000000000000000e+03 -4.688000000000000000e+03 3.100000000000000000e+02 -6.026000000000000000e+03
-1.115600000000000000e+04 1.716000000000000000e+03 7.676000000000000000e+03 -4.656000000000000000e+03 5.090000000000000000e+02 -8.447000000000000000e+03
-1.103600000000000000e+04 1.704000000000000000e+03 9.884000000000000000e+03 -4.640000000000000000e+03 3.260000000000000000e+02 -3.324000000000000000e+03
-7.128000000000000000e+03 1.140000000000000000e+03 1.072400000000000000e+04 -4.656000000000000000e+03 6.529000000000000000e+03 -5.352000000000000000e+03
-9.828000000000000000e+03 1.288000000000000000e+03 1.137200000000000000e+04 -4.624000000000000000e+03 -5.107000000000000000e+03 -6.591000000000000000e+03
-9.580000000000000000e+03 1.064000000000000000e+03 1.014800000000000000e+04 -4.640000000000000000e+03 -3.903000000000000000e+03 -7.012000000000000000e+03
-9.476000000000000000e+03 1.508000000000000000e+03 1.044800000000000000e+04 -4.656000000000000000e+03 -5.476000000000000000e+03 -7.653000000000000000e+03
