3.264000000000000000e+03 2.316000000000000000e+03 1.276400000000000000e+04 -4.160000000000000000e+03 -2.110000000000000000e+02 8.070000000000000000e+02
3.240000000000000000e+03 3.412000000000000000e+03 1.347600000000000000e+04 -4.160000000000000000e+03 -2.200000000000000000e+02 6.630000000000000000e+02
3.364000000000000000e+03 2.716000000000000000e+03 1.458400000000000000e+04 -4.160000000000000000e+03 -2.390000000000000000e+02 6.310000000000000000e+02
4.560000000000000000e+03 1.756000000000000000e+03 1.469600000000000000e+04 -4.160000000000000000e+03 -2.360000000000000000e+02 6.750000000000000000e+02
4.492000000000000000e+03 1.664000000000000000e+03 1.412400000000000000e+04 -4.160000000000000000e+03 -2.430000000000000000e+02 6.890000000000000000e+02
4.056000000000000000e+03 1.784000000000000000e+03 1.401200000000000000e+04 -4.160000000000000000e+03 -2.510000000000000000e+02 7.460000000000000000e+02
3.576000000000000000e+03 1.732000000000000000e+03 1.420400000000000000e+04 -4.160000000000000000e+03 -2.340000000000000000e+02 7.510000000000000000e+02
3.248000000000000000e+03 1.824000000000000000e+03 1.440000000000000000e+04 -4.160000000000000000e+03 -2.530000000000000000e+02 6.540000000000000000e+02
3.076000000000000000e+03 1.992000000000000000e+03 1.447600000000000000e+04 -4.176000000000000000e+03 -2.670000000000000000e+02 3.210000000000000000e+02
3.360000000000000000e+03 2.488000000000000000e+03 1.448800000000000000e+04 -4.176000000000000000e+03 -2.330000000000000000e+02 1.510000000000000000e+02
3.156000000000000000e+03 2.516000000000000000e+03 1.436000000000000000e+04 -4.160000000000000000e+03 -2.470000000000000000e+02 1.540000000000000000e+02
2.732000000000000000e+03 2.500000000000000000e+03 1.423600000000000000e+04 -4.176000000000000000e+03 -2.570000000000000000e+02 2.380000000000000000e+02
2.272000000000000000e+03 2.324000000000000000e+03 1.441200000000000000e+04 -4.160000000000000000e+03 -2.410000000000000000e+02 4.010000000000000000e+02
2.156000000000000000e+03 2.160000000000000000e+03 1.442000000000000000e+04 -4.208000000000000000e+03 -2.730000000000000000e+02 5.460000000000000000e+02
2.280000000000000000e+03 2.132000000000000000e+03 1.438800000000000000e+04 -4.160000000000000000e+03 -2.790000000000000000e+02 5.200000000000000000e+02
2.760000000000000000e+03 1.892000000000000000e+03 1.444000000000000000e+04 -4.176000000000000000e+03 -2.670000000000000000e+02 2.520000000000000000e+02
2.432000000000000000e+03 2.056000000000000000e+03 1.445200000000000000e+04 -4.192000000000000000e+03 -2.700000000000000000e+02 1.820000000000000000e+02
2.408000000000000000e+03 1.996000000000000000e+03 1.454400000000000000e+04 -4.176000000000000000e+03 -2.660000000000000000e+02 2.050000000000000000e+02
2.484000000000000000e+03 1.996000000000000000e+03 1.436400000000000000e+04 -4.144000000000000000e+03 -2.610000000000000000e+02 5.380000000000000000e+02
2.604000000000000000e+03 2.060000000000000000e+03 1.408400000000000000e+04 -4.160000000000000000e+03 -2.520000000000000000e+02 6.261000000000000000e+03
2.596000000000000000e+03 2.184000000000000000e+03 1.438400000000000000e+04 -4.176000000000000000e+03 -2.600000000000000000e+01 7.170000000000000000e+02
2.032000000000000000e+03 2.208000000000000000e+03 1.436800000000000000e+04 -4.160000000000000000e+03 4.790000000000000000e+02 4.990000000000000000e+02
1.840000000000000000e+03 2.240000000000000000e+03 1.445600000000000000e+04 -4.144000000000000000e+03 9.510000000000000000e+02 3.110000000000000000e+02
2.284000000000000000e+03 2.368000000000000000e+03 1.452800000000000000e+04 -4.128000000000000000e+03 -8.370000000000000000e+02 5.220000000000000000e+02
2.304000000000000000e+03 2.396000000000000000e+03 1.454000000000000000e+04 -4.144000000000000000e+03 -8.470000000000000000e+02 7.200000000000000000e+02
2.576000000000000000e+03 2.256000000000000000e+03 1.444800000000000000e+04 -4.192000000000000000e+03 -8.390000000000000000e+02 8.750000000000000000e+02
2.588000000000000000e+03 2.224000000000000000e+03 1.426400000000000000e+04 -4.160000000000000000e+03 -1.081000000000000000e+03 1.231000000000000000e+03
2.496000000000000000e+03 2.064000000000000000e+03 1.500400000000000000e+04 -4.144000000000000000e+03 -1.091000000000000000e+03 1.586000000000000000e+03
1.780000000000000000e+03 1.984000000000000000e+03 5.216000000000000000e+03 -4.144000000000000000e+03 -1.035000000000000000e+03 1.867000000000000000e+03
1.844000000000000000e+03 2.036000000000000000e+03 1.848400000000000000e+04 -4.176000000000000000e+03 -1.089000000000000000e+03 2.214000000000000000e+03
2.104000000000000000e+03 2.224000000000000000e+03 2.267200000000000000e+04 -4.160000000000000000e+03 -1.040000000000000000e+03 2.232000000000000000e+03
2.324000000000000000e+03 -5.760000000000000000e+03 2.246000000000000000e+04 -4.160000000000000000e+03 -1.066000000000000000e+03 1.804000000000000000e+03
2.648000000000000000e+03 1.592000000000000000e+03 2.300000000000000000e+04 -4.160000000000000000e+03 -1.113000000000000000e+03 2.661000000000000000e+03
1.776000000000000000e+03 3.316000000000000000e+03 2.091200000000000000e+04 -4.192000000000000000e+03 -8.530000000000000000e+02 1.444000000000000000e+03
1.501600000000000000e+04 2.908000000000000000e+03 2.039600000000000000e+04 -4.160000000000000000e+03 -6.340000000000000000e+02 1.264700000000000000e+04
3.368000000000000000e+03 3.192000000000000000e+03 1.921600000000000000e+04 -4.176000000000000000e+03 -4.140000000000000000e+02 -1.217000000000000000e+03
3.332000000000000000e+03 2.324000000000000000e+03 1.834400000000000000e+04 -4.160000000000000000e+03 -4.560000000000000000e+02 2.754000000000000000e+03
3.032000000000000000e+03 2.216000000000000000e+03 1.534000000000000000e+04 -4.176000000000000000e+03 2.115000000000000000e+03 2.765000000000000000e+03
3.288000000000000000e+03 2.340000000000000000e+03 9.576000000000000000e+03 -4.160000000000000000e+03 8.860000000000000000e+02 2.519000000000000000e+03
3.356000000000000000e+03 2.500000000000000000e+03 4.840000000000000000e+03 -4.192000000000000000e+03 6.750000000000000000e+02 1.772000000000000000e+03
2.960000000000000000e+03 1.984000000000000000e+03 8.000000000000000000e+02 -4.192000000000000000e+03 -2.670000000000000000e+02 3.300000000000000000e+02
2.976000000000000000e+03 9.680000000000000000e+02 2.480000000000000000e+02 -4.176000000000000000e+03 -1.820000000000000000e+02 3.163000000000000000e+03
2.476000000000000000e+03 7.080000000000000000e+02 -6.120000000000000000e+02 -4.160000000000000000e+03 8.500000000000000000e+01 -1.381000000000000000e+03
1.836000000000000000e+03 7.200000000000000000e+01 1.374000000000000000e+04 -4.192000000000000000e+03 -1.710000000000000000e+02 1.810000000000000000e+02
1.476000000000000000e+03 6.000000000000000000e+01 4.904000000000000000e+03 -4.192000000000000000e+03 7.400000000000000000e+01 1.300000000000000000e+01
1.276000000000000000e+03 -2.240000000000000000e+02 1.326800000000000000e+04 -4.160000000000000000e+03 -2.220000000000000000e+02 -5.100000000000000000e+01
1.332000000000000000e+03 3.932000000000000000e+03 1.338400000000000000e+04 -4.176000000000000000e+03 -1.520000000000000000e+02 -3.720000000000000000e+02
1.256000000000000000e+03 -3.084000000000000000e+03 1.481200000000000000e+04 -4.160000000000000000e+03 -1.010000000000000000e+02 -5.670000000000000000e+02
-2.774000000000000000e+04 1.676000000000000000e+03 1.301600000000000000e+04 -4.192000000000000000e+03 -2.440000000000000000e+02 -8.190000000000000000e+02
4.580000000000000000e+03 1.776000000000000000e+03 1.490000000000000000e+04 -4.176000000000000000e+03 -3.040000000000000000e+02 -1.097000000000000000e+03
1.208800000000000000e+04 2.684000000000000000e+03 1.030400000000000000e+04 -4.192000000000000000e+03 1.000000000000000000e+01 -1.331000000000000000e+03
8.060000000000000000e+03 2.696000000000000000e+03 1.256400000000000000e+04 -4.176000000000000000e+03 5.900000000000000000e+01 -1.689000000000000000e+03
-6.328000000000000000e+03 2.612000000000000000e+03 1.090800000000000000e+04 -4.160000000000000000e+03 7.000000000000000000e+01 -2.478000000000000000e+03
-4.964000000000000000e+03 1.676000000000000000e+03 1.083200000000000000e+04 -4.144000000000000000e+03 2.000000000000000000e+00 -2.184000000000000000e+03
1.040000000000000000e+03 2.724000000000000000e+03 1.231600000000000000e+04 -4.176000000000000000e+03 3.700000000000000000e+01 -2.202000000000000000e+03
3.644000000000000000e+03 2.160000000000000000e+03 9.664000000000000000e+03 -4.208000000000000000e+03 -1.610000000000000000e+02 -2.202000000000000000e+03
1.388000000000000000e+03 2.120000000000000000e+03 8.440000000000000000e+03 -4.160000000000000000e+03 -2.760000000000000000e+02 -2.008000000000000000e+03
-4.880000000000000000e+02 2.172000000000000000e+03 8.468000000000000000e+03 -4.144000000000000000e+03 -2.210000000000000000e+02 -1.695000000000000000e+03
-7.200000000000000000e+01 1.180000000000000000e+03 9.728000000000000000e+03 -4.144000000000000000e+03 -5.700000000000000000e+02 -1.455000000000000000e+03
-2.772000000000000000e+03 1.204000000000000000e+03 1.083600000000000000e+04 -4.192000000000000000e+03 -4.910000000000000000e+02 -1.188000000000000000e+03
-2.448000000000000000e+03 1.272000000000000000e+03 1.316400000000000000e+04 -4.160000000000000000e+03 -6.030000000000000000e+02 -3.893000000000000000e+03
-1.892000000000000000e+03 1.336000000000000000e+03 1.412400000000000000e+04 -4.192000000000000000e+03 -7.140000000000000000e+02 -1.384000000000000000e+03
-9.760000000000000000e+02 1.412000000000000000e+03 1.671600000000000000e+04 -4.160000000000000000e+03 -7.300000000000000000e+02 7.769000000000000000e+03
-8.560000000000000000e+02 1.640000000000000000e+03 1.704800000000000000e+04 -4.160000000000000000e+03 -1.123000000000000000e+03 -2.752000000000000000e+03
-1.320000000000000000e+02 1.504000000000000000e+03 1.849200000000000000e+04 -4.176000000000000000e+03 6.491000000000000000e+03 9.700000000000000000e+02
1.760000000000000000e+02 2.228000000000000000e+03 1.725200000000000000e+04 -4.160000000000000000e+03 2.284000000000000000e+03 1.655000000000000000e+03
1.244000000000000000e+03 2.460000000000000000e+03 1.794800000000000000e+04 -4.160000000000000000e+03 -1.412000000000000000e+03 1.164000000000000000e+03
2.600000000000000000e+02 2.760000000000000000e+03 1.799600000000000000e+04 -4.176000000000000000e+03 1.553000000000000000e+03 -1.008000000000000000e+03
4.880000000000000000e+02 2.552000000000000000e+03 1.768800000000000000e+04 -4.128000000000000000e+03 -9.630000000000000000e+02 -7.010000000000000000e+02
3.520000000000000000e+02 2.692000000000000000e+03 3.276700000000000000e+04 -4.160000000000000000e+03 2.960000000000000000e+02 -7.440000000000000000e+02
3.560000000000000000e+02 2.280000000000000000e+03 8.552000000000000000e+03 -4.160000000000000000e+03 9.710000000000000000e+02 -7.140000000000000000e+02
