7.920000000000000000e+03 2.464000000000000000e+03 1.267200000000000000e+04 -4.176000000000000000e+03 -3.030000000000000000e+02 -2.340000000000000000e+02
7.284000000000000000e+03 2.412000000000000000e+03 1.293200000000000000e+04 -4.192000000000000000e+03 -3.210000000000000000e+02 -1.530000000000000000e+02
7.044000000000000000e+03 2.196000000000000000e+03 1.307600000000000000e+04 -4.192000000000000000e+03 -3.180000000000000000e+02 1.700000000000000000e+01
7.660000000000000000e+03 2.312000000000000000e+03 1.278000000000000000e+04 -4.192000000000000000e+03 -3.560000000000000000e+02 2.550000000000000000e+02
7.428000000000000000e+03 2.556000000000000000e+03 1.294000000000000000e+04 -4.192000000000000000e+03 -3.620000000000000000e+02 9.700000000000000000e+01
6.584000000000000000e+03 2.560000000000000000e+03 1.332400000000000000e+04 -4.208000000000000000e+03 -3.540000000000000000e+02 -1.650000000000000000e+02
6.856000000000000000e+03 2.548000000000000000e+03 1.309600000000000000e+04 -4.176000000000000000e+03 -2.980000000000000000e+02 1.800000000000000000e+01
7.788000000000000000e+03 2.564000000000000000e+03 1.269200000000000000e+04 -4.160000000000000000e+03 -2.990000000000000000e+02 3.830000000000000000e+02
7.712000000000000000e+03 2.340000000000000000e+03 1.276400000000000000e+04 -4.208000000000000000e+03 -2.990000000000000000e+02 4.450000000000000000e+02
6.932000000000000000e+03 2.332000000000000000e+03 1.315200000000000000e+04 -4.192000000000000000e+03 -2.750000000000000000e+02 2.170000000000000000e+02
7.132000000000000000e+03 2.240000000000000000e+03 1.303600000000000000e+04 -4.176000000000000000e+03 -2.500000000000000000e+02 3.020000000000000000e+02
7.228000000000000000e+03 2.432000000000000000e+03 1.286400000000000000e+04 -4.224000000000000000e+03 -2.570000000000000000e+02 3.900000000000000000e+02
7.168000000000000000e+03 2.596000000000000000e+03 1.300400000000000000e+04 -4.192000000000000000e+03 -2.550000000000000000e+02 4.100000000000000000e+02
6.924000000000000000e+03 2.584000000000000000e+03 1.319600000000000000e+04 -4.160000000000000000e+03 -2.750000000000000000e+02 2.990000000000000000e+02
6.820000000000000000e+03 2.356000000000000000e+03 1.322800000000000000e+04 -4.176000000000000000e+03 -2.780000000000000000e+02 2.390000000000000000e+02
6.900000000000000000e+03 2.240000000000000000e+03 1.316400000000000000e+04 -4.160000000000000000e+03 -2.980000000000000000e+02 1.390000000000000000e+02
6.908000000000000000e+03 2.328000000000000000e+03 1.322400000000000000e+04 -4.176000000000000000e+03 -2.940000000000000000e+02 4.300000000000000000e+01
6.824000000000000000e+03 2.444000000000000000e+03 1.316000000000000000e+04 -4.192000000000000000e+03 -2.940000000000000000e+02 -5.000000000000000000e+00
6.916000000000000000e+03 2.592000000000000000e+03 1.298800000000000000e+04 -4.192000000000000000e+03 -2.740000000000000000e+02 4.100000000000000000e+01
7.176000000000000000e+03 2.488000000000000000e+03 1.294000000000000000e+04 -4.192000000000000000e+03 -2.830000000000000000e+02 1.010000000000000000e+02
7.336000000000000000e+03 2.572000000000000000e+03 1.283600000000000000e+04 -4.224000000000000000e+03 -2.730000000000000000e+02 2.040000000000000000e+02
7.276000000000000000e+03 2.288000000000000000e+03 1.296800000000000000e+04 -4.160000000000000000e+03 -2.840000000000000000e+02 2.740000000000000000e+02
7.224000000000000000e+03 2.380000000000000000e+03 1.303200000000000000e+04 -4.192000000000000000e+03 -2.740000000000000000e+02 3.240000000000000000e+02
7.104000000000000000e+03 2.448000000000000000e+03 1.309600000000000000e+04 -4.176000000000000000e+03 -2.800000000000000000e+02 2.420000000000000000e+02
6.776000000000000000e+03 2.440000000000000000e+03 1.332800000000000000e+04 -4.192000000000000000e+03 -2.690000000000000000e+02 1.800000000000000000e+01
6.640000000000000000e+03 2.476000000000000000e+03 1.324400000000000000e+04 -4.208000000000000000e+03 -2.430000000000000000e+02 -1.520000000000000000e+02
6.852000000000000000e+03 2.344000000000000000e+03 1.315600000000000000e+04 -4.176000000000000000e+03 -2.520000000000000000e+02 -1.700000000000000000e+02
7.168000000000000000e+03 2.452000000000000000e+03 1.319600000000000000e+04 -4.176000000000000000e+03 -2.300000000000000000e+02 -8.900000000000000000e+01
7.424000000000000000e+03 2.440000000000000000e+03 1.298000000000000000e+04 -4.224000000000000000e+03 -2.280000000000000000e+02 1.020000000000000000e+02
7.576000000000000000e+03 2.516000000000000000e+03 1.272800000000000000e+04 -4.208000000000000000e+03 -2.720000000000000000e+02 3.510000000000000000e+02
7.476000000000000000e+03 2.472000000000000000e+03 1.285200000000000000e+04 -4.192000000000000000e+03 -2.450000000000000000e+02 5.420000000000000000e+02
7.340000000000000000e+03 2.548000000000000000e+03 1.294800000000000000e+04 -4.208000000000000000e+03 -2.710000000000000000e+02 4.680000000000000000e+02
6.828000000000000000e+03 2.472000000000000000e+03 1.318400000000000000e+04 -4.192000000000000000e+03 -2.910000000000000000e+02 3.000000000000000000e+02
6.916000000000000000e+03 2.544000000000000000e+03 1.311200000000000000e+04 -4.208000000000000000e+03 -2.610000000000000000e+02 1.970000000000000000e+02
6.948000000000000000e+03 2.476000000000000000e+03 1.316800000000000000e+04 -4.192000000000000000e+03 -2.620000000000000000e+02 1.810000000000000000e+02
7.028000000000000000e+03 2.452000000000000000e+03 1.298400000000000000e+04 -4.208000000000000000e+03 -2.630000000000000000e+02 2.250000000000000000e+02
7.124000000000000000e+03 2.388000000000000000e+03 1.292400000000000000e+04 -4.160000000000000000e+03 -2.760000000000000000e+02 2.770000000000000000e+02
7.080000000000000000e+03 2.444000000000000000e+03 1.311600000000000000e+04 -4.176000000000000000e+03 -2.690000000000000000e+02 2.570000000000000000e+02
6.884000000000000000e+03 2.432000000000000000e+03 1.319600000000000000e+04 -4.160000000000000000e+03 -2.510000000000000000e+02 1.340000000000000000e+02
6.908000000000000000e+03 2.440000000000000000e+03 1.319200000000000000e+04 -4.208000000000000000e+03 -2.480000000000000000e+02 1.240000000000000000e+02
7.108000000000000000e+03 2.412000000000000000e+03 1.296000000000000000e+04 -4.192000000000000000e+03 -2.490000000000000000e+02 -2.000000000000000000e+00
6.324000000000000000e+03 2.452000000000000000e+03 1.340800000000000000e+04 -4.176000000000000000e+03 -9.300000000000000000e+01 -3.050000000000000000e+02
6.400000000000000000e+03 2.220000000000000000e+03 1.351200000000000000e+04 -4.192000000000000000e+03 8.400000000000000000e+01 -5.440000000000000000e+02
1.066000000000000000e+04 4.716000000000000000e+03 1.184000000000000000e+04 -4.224000000000000000e+03 -5.660000000000000000e+02 3.383000000000000000e+03
8.272000000000000000e+03 6.172000000000000000e+03 2.573200000000000000e+04 -4.208000000000000000e+03 1.407000000000000000e+03 1.272000000000000000e+03
7.480000000000000000e+03 -1.364000000000000000e+03 1.366000000000000000e+04 -4.208000000000000000e+03 -2.800000000000000000e+02 3.300000000000000000e+01
1.004800000000000000e+04 2.164000000000000000e+03 1.461200000000000000e+04 -4.192000000000000000e+03 4.770000000000000000e+02 -2.800000000000000000e+02
1.023200000000000000e+04 3.720000000000000000e+03 1.633600000000000000e+04 -4.224000000000000000e+03 -3.800000000000000000e+01 -3.850000000000000000e+02
9.040000000000000000e+03 3.800000000000000000e+03 1.714800000000000000e+04 -4.192000000000000000e+03 -1.110000000000000000e+02 -5.460000000000000000e+02
9.216000000000000000e+03 3.504000000000000000e+03 1.715600000000000000e+04 -4.208000000000000000e+03 4.700000000000000000e+01 -4.870000000000000000e+02
9.876000000000000000e+03 3.624000000000000000e+03 1.800400000000000000e+04 -4.176000000000000000e+03 -2.700000000000000000e+01 -5.730000000000000000e+02
1.001600000000000000e+04 3.800000000000000000e+03 1.804800000000000000e+04 -4.192000000000000000e+03 -1.140000000000000000e+02 -6.480000000000000000e+02
1.014400000000000000e+04 3.836000000000000000e+03 1.726000000000000000e+04 -4.192000000000000000e+03 -3.270000000000000000e+02 -4.710000000000000000e+02
9.492000000000000000e+03 3.140000000000000000e+03 1.500400000000000000e+04 -4.208000000000000000e+03 -5.490000000000000000e+02 -2.250000000000000000e+02
7.512000000000000000e+03 2.752000000000000000e+03 1.223200000000000000e+04 -4.192000000000000000e+03 -5.950000000000000000e+02 6.400000000000000000e+02
5.336000000000000000e+03 1.912000000000000000e+03 1.001600000000000000e+04 -4.192000000000000000e+03 -7.580000000000000000e+02 -7.900000000000000000e+01
3.324000000000000000e+03 6.680000000000000000e+02 4.064000000000000000e+03 -4.176000000000000000e+03 -6.730000000000000000e+02 5.040000000000000000e+02
1.768000000000000000e+03 2.480000000000000000e+02 5.200000000000000000e+01 -4.192000000000000000e+03 -5.280000000000000000e+02 6.760000000000000000e+02
1.312000000000000000e+03 -8.000000000000000000e+00 -8.960000000000000000e+02 -4.176000000000000000e+03 -3.940000000000000000e+02 7.680000000000000000e+02
2.396000000000000000e+03 5.000000000000000000e+02 2.720000000000000000e+02 -4.208000000000000000e+03 -2.500000000000000000e+01 2.293000000000000000e+03
2.012000000000000000e+03 5.760000000000000000e+02 3.744000000000000000e+03 -4.192000000000000000e+03 1.570000000000000000e+02 5.170000000000000000e+02
9.000000000000000000e+02 1.028000000000000000e+03 1.216400000000000000e+04 -4.224000000000000000e+03 1.500000000000000000e+02 -3.840000000000000000e+02
7.872000000000000000e+03 2.116000000000000000e+03 1.444400000000000000e+04 -4.176000000000000000e+03 -9.300000000000000000e+01 2.900000000000000000e+01
1.237200000000000000e+04 2.600000000000000000e+03 1.458800000000000000e+04 -4.192000000000000000e+03 -3.440000000000000000e+02 2.450000000000000000e+02
1.132400000000000000e+04 2.580000000000000000e+03 1.412800000000000000e+04 -4.208000000000000000e+03 -4.020000000000000000e+02 -9.900000000000000000e+01
7.764000000000000000e+03 2.188000000000000000e+03 1.113600000000000000e+04 -4.208000000000000000e+03 -4.990000000000000000e+02 -2.770000000000000000e+02
5.140000000000000000e+03 1.788000000000000000e+03 8.652000000000000000e+03 -4.224000000000000000e+03 -3.440000000000000000e+02 -6.670000000000000000e+02
4.344000000000000000e+03 1.532000000000000000e+03 7.648000000000000000e+03 -4.224000000000000000e+03 -3.980000000000000000e+02 -9.970000000000000000e+02
4.984000000000000000e+03 1.664000000000000000e+03 7.808000000000000000e+03 -4.176000000000000000e+03 -2.540000000000000000e+02 -1.354000000000000000e+03
4.812000000000000000e+03 1.660000000000000000e+03 8.336000000000000000e+03 -4.192000000000000000e+03 -3.070000000000000000e+02 -1.665000000000000000e+03
3.844000000000000000e+03 1.332000000000000000e+03 6.260000000000000000e+03 -4.176000000000000000e+03 -2.600000000000000000e+02 -1.986000000000000000e+03
4.640000000000000000e+03 1.704000000000000000e+03 6.404000000000000000e+03 -4.176000000000000000e+03 -7.000000000000000000e+01 -2.194000000000000000e+03
6.552000000000000000e+03 2.100000000000000000e+03 8.924000000000000000e+03 -4.192000000000000000e+03 1.160000000000000000e+02 -2.636000000000000000e+03
7.856000000000000000e+03 2.252000000000000000e+03 1.046800000000000000e+04 -4.208000000000000000e+03 1.350000000000000000e+02 -2.733000000000000000e+03
8.960000000000000000e+03 2.736000000000000000e+03 1.214000000000000000e+04 -4.208000000000000000e+03 1.630000000000000000e+02 -3.018000000000000000e+03
1.001600000000000000e+04 3.196000000000000000e+03 1.329600000000000000e+04 -4.208000000000000000e+03 2.550000000000000000e+02 -3.156000000000000000e+03
9.828000000000000000e+03 3.140000000000000000e+03 1.298800000000000000e+04 -4.224000000000000000e+03 2.610000000000000000e+02 -3.203000000000000000e+03
1.079200000000000000e+04 3.340000000000000000e+03 1.350000000000000000e+04 -4.208000000000000000e+03 4.620000000000000000e+02 -3.233000000000000000e+03
1.192400000000000000e+04 3.956000000000000000e+03 1.472000000000000000e+04 -4.224000000000000000e+03 3.060000000000000000e+02 -3.244000000000000000e+03
1.156800000000000000e+04 3.480000000000000000e+03 1.332800000000000000e+04 -4.176000000000000000e+03 2.640000000000000000e+02 -3.146000000000000000e+03
1.196000000000000000e+04 3.452000000000000000e+03 1.302000000000000000e+04 -4.192000000000000000e+03 1.450000000000000000e+02 -2.945000000000000000e+03
1.246800000000000000e+04 3.460000000000000000e+03 1.348400000000000000e+04 -4.240000000000000000e+03 1.500000000000000000e+02 -2.817000000000000000e+03
1.323600000000000000e+04 3.572000000000000000e+03 1.369600000000000000e+04 -4.224000000000000000e+03 -1.110000000000000000e+02 -2.523000000000000000e+03
