-6.004000000000000000e+03 2.444000000000000000e+03 1.279600000000000000e+04 -4.672000000000000000e+03 -3.130000000000000000e+02 2.320000000000000000e+02
-6.380000000000000000e+03 2.232000000000000000e+03 1.289600000000000000e+04 -4.656000000000000000e+03 -3.190000000000000000e+02 2.200000000000000000e+02
-8.644000000000000000e+03 2.180000000000000000e+03 1.297600000000000000e+04 -4.624000000000000000e+03 -3.310000000000000000e+02 7.170000000000000000e+02
-7.540000000000000000e+03 2.444000000000000000e+03 1.288800000000000000e+04 -4.640000000000000000e+03 -2.910000000000000000e+02 1.109000000000000000e+03
-6.560000000000000000e+03 2.872000000000000000e+03 1.286000000000000000e+04 -4.624000000000000000e+03 -2.840000000000000000e+02 3.270000000000000000e+02
-6.472000000000000000e+03 3.112000000000000000e+03 1.298400000000000000e+04 -4.672000000000000000e+03 -3.170000000000000000e+02 7.380000000000000000e+02
-6.768000000000000000e+03 2.860000000000000000e+03 1.298800000000000000e+04 -4.656000000000000000e+03 -2.860000000000000000e+02 4.489000000000000000e+03
-6.644000000000000000e+03 2.480000000000000000e+03 1.278800000000000000e+04 -4.624000000000000000e+03 -3.000000000000000000e+02 1.389000000000000000e+03
-6.248000000000000000e+03 2.324000000000000000e+03 1.296800000000000000e+04 -4.656000000000000000e+03 -2.890000000000000000e+02 1.219000000000000000e+03
-6.212000000000000000e+03 2.284000000000000000e+03 1.302000000000000000e+04 -4.640000000000000000e+03 -2.180000000000000000e+02 1.723000000000000000e+03
-6.348000000000000000e+03 2.420000000000000000e+03 1.289600000000000000e+04 -4.624000000000000000e+03 -1.240000000000000000e+02 1.464000000000000000e+03
-6.184000000000000000e+03 2.548000000000000000e+03 1.270800000000000000e+04 -4.640000000000000000e+03 3.550000000000000000e+02 1.520000000000000000e+03
-5.984000000000000000e+03 2.748000000000000000e+03 1.282000000000000000e+04 -4.656000000000000000e+03 7.120000000000000000e+02 1.286000000000000000e+03
-6.440000000000000000e+03 2.816000000000000000e+03 1.286800000000000000e+04 -4.640000000000000000e+03 1.250000000000000000e+02 1.464000000000000000e+03
-6.748000000000000000e+03 2.644000000000000000e+03 1.291200000000000000e+04 -4.656000000000000000e+03 -2.053000000000000000e+03 1.532000000000000000e+03
-6.364000000000000000e+03 2.536000000000000000e+03 1.295600000000000000e+04 -4.624000000000000000e+03 -8.210000000000000000e+02 1.853000000000000000e+03
-6.048000000000000000e+03 2.600000000000000000e+03 1.296400000000000000e+04 -4.640000000000000000e+03 -4.670000000000000000e+02 1.699000000000000000e+03
-6.560000000000000000e+03 2.636000000000000000e+03 1.305200000000000000e+04 -4.656000000000000000e+03 -3.080000000000000000e+02 1.912000000000000000e+03
-6.424000000000000000e+03 2.660000000000000000e+03 1.303200000000000000e+04 -4.592000000000000000e+03 -3.050000000000000000e+02 2.177000000000000000e+03
-5.992000000000000000e+03 2.640000000000000000e+03 1.305200000000000000e+04 -4.640000000000000000e+03 -2.010000000000000000e+02 3.800000000000000000e+02
-6.056000000000000000e+03 2.556000000000000000e+03 1.289600000000000000e+04 -4.624000000000000000e+03 -3.120000000000000000e+02 3.164000000000000000e+03
-6.132000000000000000e+03 2.504000000000000000e+03 1.314800000000000000e+04 -4.624000000000000000e+03 -5.120000000000000000e+02 2.060000000000000000e+03
-6.332000000000000000e+03 2.840000000000000000e+03 1.300000000000000000e+04 -4.624000000000000000e+03 -6.620000000000000000e+02 3.019000000000000000e+03
-5.888000000000000000e+03 2.584000000000000000e+03 1.276400000000000000e+04 -4.640000000000000000e+03 -6.250000000000000000e+02 1.590000000000000000e+03
-5.976000000000000000e+03 2.544000000000000000e+03 1.359200000000000000e+04 -4.640000000000000000e+03 -5.270000000000000000e+02 9.280000000000000000e+02
-5.908000000000000000e+03 2.684000000000000000e+03 2.034000000000000000e+04 -4.624000000000000000e+03 -3.780000000000000000e+02 1.809000000000000000e+03
-6.020000000000000000e+03 2.576000000000000000e+03 2.610800000000000000e+04 -4.592000000000000000e+03 -1.560000000000000000e+02 1.828000000000000000e+03
-6.360000000000000000e+03 2.524000000000000000e+03 2.010400000000000000e+04 -4.624000000000000000e+03 -2.010000000000000000e+02 1.614000000000000000e+03
-5.792000000000000000e+03 2.592000000000000000e+03 1.750400000000000000e+04 -4.640000000000000000e+03 -2.450000000000000000e+02 1.528000000000000000e+03
-4.936000000000000000e+03 2.452000000000000000e+03 1.940800000000000000e+04 -4.608000000000000000e+03 -4.180000000000000000e+02 1.055000000000000000e+03
-5.644000000000000000e+03 2.392000000000000000e+03 1.790400000000000000e+04 -4.608000000000000000e+03 -1.050000000000000000e+02 1.211000000000000000e+03
-6.296000000000000000e+03 2.644000000000000000e+03 1.682400000000000000e+04 -4.672000000000000000e+03 -3.000000000000000000e+02 6.020000000000000000e+02
-1.095200000000000000e+04 5.580000000000000000e+03 1.676800000000000000e+04 -4.640000000000000000e+03 -5.520000000000000000e+02 4.900000000000000000e+01
-1.389600000000000000e+04 8.712000000000000000e+03 1.483200000000000000e+04 -4.624000000000000000e+03 -6.080000000000000000e+02 -9.800000000000000000e+01
-1.086000000000000000e+04 7.568000000000000000e+03 1.089200000000000000e+04 -4.656000000000000000e+03 -4.050000000000000000e+02 -6.700000000000000000e+02
-9.292000000000000000e+03 4.100000000000000000e+03 6.724000000000000000e+03 -4.656000000000000000e+03 -2.890000000000000000e+02 -7.110000000000000000e+02
-9.736000000000000000e+03 4.404000000000000000e+03 3.164000000000000000e+03 -4.640000000000000000e+03 -2.130000000000000000e+02 -1.094000000000000000e+03
-9.384000000000000000e+03 4.224000000000000000e+03 1.436000000000000000e+03 -4.656000000000000000e+03 -1.500000000000000000e+02 -1.432000000000000000e+03
-9.656000000000000000e+03 3.156000000000000000e+03 1.792000000000000000e+03 -4.656000000000000000e+03 -1.640000000000000000e+02 -1.443000000000000000e+03
-9.792000000000000000e+03 3.420000000000000000e+03 5.416000000000000000e+03 -4.640000000000000000e+03 -2.510000000000000000e+02 -1.867000000000000000e+03
-8.364000000000000000e+03 3.244000000000000000e+03 9.000000000000000000e+03 -4.656000000000000000e+03 -2.290000000000000000e+02 -1.320000000000000000e+03
-6.268000000000000000e+03 2.204000000000000000e+03 9.344000000000000000e+03 -4.624000000000000000e+03 -9.200000000000000000e+01 -1.643000000000000000e+03
-4.296000000000000000e+03 1.560000000000000000e+03 1.138000000000000000e+04 -4.624000000000000000e+03 -2.000000000000000000e+01 -1.151000000000000000e+03
-1.988000000000000000e+03 7.920000000000000000e+02 1.388400000000000000e+04 -4.640000000000000000e+03 -4.500000000000000000e+01 -1.271000000000000000e+03
-1.212000000000000000e+03 3.360000000000000000e+02 1.258000000000000000e+04 -4.640000000000000000e+03 -9.800000000000000000e+01 -8.300000000000000000e+02
-1.524000000000000000e+03 3.760000000000000000e+02 1.197600000000000000e+04 -4.608000000000000000e+03 -4.500000000000000000e+01 -9.690000000000000000e+02
-2.144000000000000000e+03 9.720000000000000000e+02 1.034000000000000000e+04 -4.656000000000000000e+03 -1.620000000000000000e+02 -9.770000000000000000e+02
-4.224000000000000000e+03 2.320000000000000000e+03 1.018000000000000000e+04 -4.656000000000000000e+03 -2.250000000000000000e+02 -1.071000000000000000e+03
-7.624000000000000000e+03 2.584000000000000000e+03 1.037600000000000000e+04 -4.624000000000000000e+03 -1.520000000000000000e+02 -1.126000000000000000e+03
-1.564000000000000000e+04 2.524000000000000000e+03 1.126400000000000000e+04 -4.640000000000000000e+03 -2.360000000000000000e+02 2.396000000000000000e+03
-1.080400000000000000e+04 2.836000000000000000e+03 1.058400000000000000e+04 -4.640000000000000000e+03 -2.230000000000000000e+02 1.219000000000000000e+03
-7.180000000000000000e+03 2.580000000000000000e+03 7.700000000000000000e+03 -4.640000000000000000e+03 -2.660000000000000000e+02 -2.052000000000000000e+03
-7.152000000000000000e+03 2.528000000000000000e+03 6.320000000000000000e+03 -4.624000000000000000e+03 -5.900000000000000000e+01 -3.293000000000000000e+03
-6.924000000000000000e+03 2.028000000000000000e+03 5.868000000000000000e+03 -4.640000000000000000e+03 -1.140000000000000000e+02 -1.090000000000000000e+03
-7.044000000000000000e+03 2.004000000000000000e+03 6.920000000000000000e+03 -4.640000000000000000e+03 -9.000000000000000000e+01 -1.730000000000000000e+02
-7.636000000000000000e+03 2.320000000000000000e+03 8.192000000000000000e+03 -4.624000000000000000e+03 9.200000000000000000e+01 2.480000000000000000e+02
