9.168000000000000000e+03 1.504000000000000000e+03 1.273600000000000000e+04 -4.224000000000000000e+03 -1.970000000000000000e+02 6.500000000000000000e+02
1.014400000000000000e+04 1.392000000000000000e+03 1.321600000000000000e+04 -4.208000000000000000e+03 -2.260000000000000000e+02 6.510000000000000000e+02
1.067200000000000000e+04 1.132000000000000000e+03 1.284800000000000000e+04 -4.208000000000000000e+03 -2.770000000000000000e+02 5.840000000000000000e+02
9.844000000000000000e+03 9.680000000000000000e+02 1.242800000000000000e+04 -4.208000000000000000e+03 -2.250000000000000000e+02 5.220000000000000000e+02
9.208000000000000000e+03 1.172000000000000000e+03 1.242800000000000000e+04 -4.224000000000000000e+03 -2.570000000000000000e+02 5.020000000000000000e+02
9.052000000000000000e+03 1.308000000000000000e+03 1.244400000000000000e+04 -4.176000000000000000e+03 -2.510000000000000000e+02 5.420000000000000000e+02
9.372000000000000000e+03 1.700000000000000000e+03 1.240400000000000000e+04 -4.208000000000000000e+03 -2.760000000000000000e+02 3.330000000000000000e+02
8.864000000000000000e+03 1.892000000000000000e+03 1.239200000000000000e+04 -4.240000000000000000e+03 -2.450000000000000000e+02 2.000000000000000000e+01
8.544000000000000000e+03 1.888000000000000000e+03 1.248400000000000000e+04 -4.192000000000000000e+03 -2.950000000000000000e+02 -1.670000000000000000e+02
7.396000000000000000e+03 2.068000000000000000e+03 1.126800000000000000e+04 -4.240000000000000000e+03 -2.650000000000000000e+02 -1.640000000000000000e+02
7.444000000000000000e+03 1.696000000000000000e+03 1.233600000000000000e+04 -4.192000000000000000e+03 -2.570000000000000000e+02 -1.730000000000000000e+02
8.308000000000000000e+03 1.424000000000000000e+03 1.262400000000000000e+04 -4.224000000000000000e+03 -2.470000000000000000e+02 -3.010000000000000000e+02
8.572000000000000000e+03 1.328000000000000000e+03 1.246400000000000000e+04 -4.208000000000000000e+03 -2.710000000000000000e+02 -8.810000000000000000e+02
8.732000000000000000e+03 1.372000000000000000e+03 1.248800000000000000e+04 -4.192000000000000000e+03 -2.660000000000000000e+02 -4.565000000000000000e+03
8.592000000000000000e+03 1.436000000000000000e+03 1.269200000000000000e+04 -4.176000000000000000e+03 -2.970000000000000000e+02 -2.052000000000000000e+03
8.508000000000000000e+03 1.544000000000000000e+03 1.272000000000000000e+04 -4.224000000000000000e+03 -2.250000000000000000e+02 -1.628000000000000000e+03
8.676000000000000000e+03 1.640000000000000000e+03 1.308800000000000000e+04 -4.208000000000000000e+03 1.640000000000000000e+02 -1.418000000000000000e+03
1.006000000000000000e+04 1.716000000000000000e+03 1.255600000000000000e+04 -4.192000000000000000e+03 -2.920000000000000000e+02 -9.910000000000000000e+02
8.352000000000000000e+03 1.788000000000000000e+03 1.271200000000000000e+04 -4.224000000000000000e+03 1.797000000000000000e+03 -5.530000000000000000e+02
7.944000000000000000e+03 1.752000000000000000e+03 1.286800000000000000e+04 -4.208000000000000000e+03 -3.500000000000000000e+01 -1.470000000000000000e+02
8.424000000000000000e+03 1.656000000000000000e+03 1.301200000000000000e+04 -4.224000000000000000e+03 -2.060000000000000000e+02 2.330000000000000000e+02
8.728000000000000000e+03 1.688000000000000000e+03 1.279600000000000000e+04 -4.192000000000000000e+03 -5.570000000000000000e+02 6.180000000000000000e+02
8.440000000000000000e+03 1.640000000000000000e+03 1.250000000000000000e+04 -4.192000000000000000e+03 -5.610000000000000000e+02 9.510000000000000000e+02
8.328000000000000000e+03 1.592000000000000000e+03 1.248400000000000000e+04 -4.208000000000000000e+03 -6.520000000000000000e+02 1.291000000000000000e+03
8.144000000000000000e+03 1.416000000000000000e+03 1.265200000000000000e+04 -4.208000000000000000e+03 -7.110000000000000000e+02 1.508000000000000000e+03
8.320000000000000000e+03 1.516000000000000000e+03 1.331200000000000000e+04 -4.192000000000000000e+03 -7.970000000000000000e+02 1.602000000000000000e+03
8.104000000000000000e+03 1.568000000000000000e+03 2.606800000000000000e+04 -4.192000000000000000e+03 -8.360000000000000000e+02 1.700000000000000000e+03
7.784000000000000000e+03 1.560000000000000000e+03 2.132800000000000000e+04 -4.224000000000000000e+03 -8.660000000000000000e+02 1.854000000000000000e+03
7.784000000000000000e+03 1.624000000000000000e+03 1.792800000000000000e+04 -4.208000000000000000e+03 -7.830000000000000000e+02 1.976000000000000000e+03
7.828000000000000000e+03 1.820000000000000000e+03 1.824800000000000000e+04 -4.224000000000000000e+03 -6.750000000000000000e+02 5.455000000000000000e+03
8.184000000000000000e+03 1.944000000000000000e+03 1.827600000000000000e+04 -4.192000000000000000e+03 -5.410000000000000000e+02 5.280000000000000000e+02
8.188000000000000000e+03 1.464000000000000000e+03 1.704000000000000000e+04 -4.192000000000000000e+03 -3.720000000000000000e+02 2.408000000000000000e+03
8.116000000000000000e+03 2.360000000000000000e+02 1.682000000000000000e+04 -4.208000000000000000e+03 -2.950000000000000000e+02 2.266000000000000000e+03
7.064000000000000000e+03 1.952000000000000000e+03 1.618800000000000000e+04 -4.224000000000000000e+03 6.140000000000000000e+02 1.879000000000000000e+03
5.004000000000000000e+03 1.920000000000000000e+03 1.462000000000000000e+04 -4.240000000000000000e+03 -4.500000000000000000e+01 2.902000000000000000e+03
6.796000000000000000e+03 1.516000000000000000e+03 1.296000000000000000e+04 -4.208000000000000000e+03 5.900000000000000000e+02 1.596000000000000000e+03
1.100400000000000000e+04 2.204000000000000000e+03 1.067200000000000000e+04 -4.208000000000000000e+03 -4.600000000000000000e+01 1.093000000000000000e+03
1.286400000000000000e+04 2.076000000000000000e+03 7.400000000000000000e+03 -4.224000000000000000e+03 -1.000000000000000000e+00 9.720000000000000000e+02
1.313200000000000000e+04 2.104000000000000000e+03 5.088000000000000000e+03 -4.208000000000000000e+03 1.550000000000000000e+02 8.900000000000000000e+01
1.268400000000000000e+04 2.364000000000000000e+03 1.880000000000000000e+03 -4.192000000000000000e+03 -8.000000000000000000e+01 3.410000000000000000e+02
1.276400000000000000e+04 2.032000000000000000e+03 3.800000000000000000e+02 -4.192000000000000000e+03 -2.130000000000000000e+02 6.200000000000000000e+01
1.240000000000000000e+04 1.576000000000000000e+03 -2.040000000000000000e+02 -4.208000000000000000e+03 -2.200000000000000000e+02 -9.500000000000000000e+01
1.176400000000000000e+04 1.080000000000000000e+03 1.102800000000000000e+04 -4.208000000000000000e+03 -4.450000000000000000e+02 -1.090000000000000000e+02
1.098800000000000000e+04 4.000000000000000000e+02 1.388400000000000000e+04 -4.240000000000000000e+03 -5.150000000000000000e+02 -6.000000000000000000e+02
9.568000000000000000e+03 2.920000000000000000e+02 1.328400000000000000e+04 -4.256000000000000000e+03 -4.800000000000000000e+02 -7.810000000000000000e+02
7.296000000000000000e+03 -4.000000000000000000e+00 1.408800000000000000e+04 -4.192000000000000000e+03 -5.220000000000000000e+02 -1.121000000000000000e+03
5.512000000000000000e+03 -4.400000000000000000e+01 1.132400000000000000e+04 -4.240000000000000000e+03 -4.210000000000000000e+02 -1.419000000000000000e+03
3.748000000000000000e+03 -1.000000000000000000e+02 1.088400000000000000e+04 -4.240000000000000000e+03 -1.230000000000000000e+02 -1.402000000000000000e+03
2.532000000000000000e+03 2.180000000000000000e+03 1.265200000000000000e+04 -4.192000000000000000e+03 -2.900000000000000000e+02 -1.219000000000000000e+03
3.124000000000000000e+03 2.000000000000000000e+03 1.274800000000000000e+04 -4.224000000000000000e+03 -4.080000000000000000e+02 -1.030000000000000000e+03
-6.916000000000000000e+03 1.472000000000000000e+03 1.204000000000000000e+04 -4.208000000000000000e+03 -2.490000000000000000e+02 -6.580000000000000000e+02
-1.728000000000000000e+03 1.560000000000000000e+03 1.140000000000000000e+04 -4.256000000000000000e+03 -3.340000000000000000e+02 -3.370000000000000000e+02
1.350800000000000000e+04 1.292000000000000000e+03 9.980000000000000000e+03 -4.208000000000000000e+03 -3.200000000000000000e+02 -3.070000000000000000e+02
1.540000000000000000e+04 1.524000000000000000e+03 9.608000000000000000e+03 -4.208000000000000000e+03 -2.550000000000000000e+02 -1.340000000000000000e+02
1.198800000000000000e+04 1.828000000000000000e+03 8.844000000000000000e+03 -4.208000000000000000e+03 -2.710000000000000000e+02 -2.000000000000000000e+00
6.244000000000000000e+03 1.676000000000000000e+03 7.632000000000000000e+03 -4.208000000000000000e+03 -4.040000000000000000e+02 1.540000000000000000e+02
3.292000000000000000e+03 1.452000000000000000e+03 8.636000000000000000e+03 -4.176000000000000000e+03 -3.160000000000000000e+02 5.000000000000000000e+02
6.492000000000000000e+03 1.500000000000000000e+03 1.119200000000000000e+04 -4.192000000000000000e+03 -2.860000000000000000e+02 7.230000000000000000e+02
8.712000000000000000e+03 1.380000000000000000e+03 1.082800000000000000e+04 -4.208000000000000000e+03 -1.330000000000000000e+02 1.003700000000000000e+04
8.360000000000000000e+03 1.152000000000000000e+03 9.992000000000000000e+03 -4.224000000000000000e+03 -1.380000000000000000e+02 -5.055000000000000000e+03
7.136000000000000000e+03 7.480000000000000000e+02 1.296800000000000000e+04 -4.208000000000000000e+03 -1.360000000000000000e+02 4.978000000000000000e+03
5.588000000000000000e+03 3.360000000000000000e+02 1.126800000000000000e+04 -4.224000000000000000e+03 8.556000000000000000e+03 -3.510000000000000000e+02
3.780000000000000000e+03 5.520000000000000000e+02 1.268000000000000000e+04 -4.240000000000000000e+03 -1.105000000000000000e+03 -1.176000000000000000e+03
