7.416000000000000000e+03 2.416000000000000000e+03 1.338800000000000000e+04 -4.256000000000000000e+03 -3.190000000000000000e+02 -7.900000000000000000e+01
6.232000000000000000e+03 2.784000000000000000e+03 1.351200000000000000e+04 -4.224000000000000000e+03 -3.080000000000000000e+02 3.900000000000000000e+01
2.572000000000000000e+03 2.156000000000000000e+03 1.520800000000000000e+04 -4.256000000000000000e+03 -2.900000000000000000e+02 -6.010000000000000000e+02
7.072000000000000000e+03 2.752000000000000000e+03 1.322000000000000000e+04 -4.192000000000000000e+03 -2.900000000000000000e+02 -6.380000000000000000e+02
7.280000000000000000e+03 2.932000000000000000e+03 1.310400000000000000e+04 -4.224000000000000000e+03 -2.840000000000000000e+02 -3.840000000000000000e+02
5.552000000000000000e+03 2.584000000000000000e+03 1.364800000000000000e+04 -4.224000000000000000e+03 -2.960000000000000000e+02 -3.010000000000000000e+02
5.516000000000000000e+03 2.428000000000000000e+03 1.368800000000000000e+04 -4.208000000000000000e+03 -2.520000000000000000e+02 -3.900000000000000000e+01
7.296000000000000000e+03 2.372000000000000000e+03 1.298400000000000000e+04 -4.240000000000000000e+03 -2.610000000000000000e+02 3.920000000000000000e+02
6.764000000000000000e+03 2.200000000000000000e+03 1.325600000000000000e+04 -4.256000000000000000e+03 -2.820000000000000000e+02 6.360000000000000000e+02
7.096000000000000000e+03 2.456000000000000000e+03 1.314000000000000000e+04 -4.240000000000000000e+03 -3.140000000000000000e+02 6.350000000000000000e+02
7.372000000000000000e+03 2.660000000000000000e+03 1.289600000000000000e+04 -4.224000000000000000e+03 -2.820000000000000000e+02 5.770000000000000000e+02
7.440000000000000000e+03 2.588000000000000000e+03 1.284000000000000000e+04 -4.208000000000000000e+03 -3.080000000000000000e+02 5.370000000000000000e+02
6.856000000000000000e+03 2.548000000000000000e+03 1.308000000000000000e+04 -4.256000000000000000e+03 -2.790000000000000000e+02 4.340000000000000000e+02
6.588000000000000000e+03 2.364000000000000000e+03 1.327200000000000000e+04 -4.240000000000000000e+03 -3.050000000000000000e+02 2.020000000000000000e+02
6.448000000000000000e+03 2.352000000000000000e+03 1.327600000000000000e+04 -4.224000000000000000e+03 -2.690000000000000000e+02 1.640000000000000000e+02
6.568000000000000000e+03 2.436000000000000000e+03 1.329600000000000000e+04 -4.224000000000000000e+03 -2.520000000000000000e+02 2.610000000000000000e+02
6.304000000000000000e+03 2.460000000000000000e+03 1.334400000000000000e+04 -4.240000000000000000e+03 -3.040000000000000000e+02 3.200000000000000000e+02
6.344000000000000000e+03 2.532000000000000000e+03 1.336000000000000000e+04 -4.224000000000000000e+03 -3.050000000000000000e+02 2.480000000000000000e+02
6.708000000000000000e+03 2.472000000000000000e+03 1.318800000000000000e+04 -4.240000000000000000e+03 -2.750000000000000000e+02 1.850000000000000000e+02
6.868000000000000000e+03 2.632000000000000000e+03 1.329200000000000000e+04 -4.224000000000000000e+03 -2.940000000000000000e+02 2.450000000000000000e+02
6.596000000000000000e+03 2.480000000000000000e+03 1.340400000000000000e+04 -4.224000000000000000e+03 -2.860000000000000000e+02 2.290000000000000000e+02
6.308000000000000000e+03 2.536000000000000000e+03 1.351200000000000000e+04 -4.256000000000000000e+03 -2.800000000000000000e+02 1.340000000000000000e+02
6.520000000000000000e+03 2.460000000000000000e+03 1.322400000000000000e+04 -4.208000000000000000e+03 -2.860000000000000000e+02 2.000000000000000000e+01
6.708000000000000000e+03 2.468000000000000000e+03 1.329600000000000000e+04 -4.224000000000000000e+03 -2.560000000000000000e+02 -3.700000000000000000e+01
6.504000000000000000e+03 2.468000000000000000e+03 1.327200000000000000e+04 -4.256000000000000000e+03 -2.730000000000000000e+02 -5.600000000000000000e+01
6.332000000000000000e+03 2.480000000000000000e+03 1.340400000000000000e+04 -4.240000000000000000e+03 -2.570000000000000000e+02 -3.200000000000000000e+01
6.496000000000000000e+03 2.512000000000000000e+03 1.336800000000000000e+04 -4.192000000000000000e+03 -2.420000000000000000e+02 1.100000000000000000e+01
6.588000000000000000e+03 2.584000000000000000e+03 1.336000000000000000e+04 -4.208000000000000000e+03 -2.540000000000000000e+02 7.500000000000000000e+01
6.552000000000000000e+03 2.340000000000000000e+03 1.317200000000000000e+04 -4.208000000000000000e+03 -2.160000000000000000e+02 4.200000000000000000e+01
6.640000000000000000e+03 2.388000000000000000e+03 1.323200000000000000e+04 -4.192000000000000000e+03 -2.090000000000000000e+02 1.800000000000000000e+02
6.632000000000000000e+03 2.400000000000000000e+03 1.318000000000000000e+04 -4.208000000000000000e+03 -1.930000000000000000e+02 4.170000000000000000e+02
6.732000000000000000e+03 2.492000000000000000e+03 1.322000000000000000e+04 -4.224000000000000000e+03 -9.900000000000000000e+01 2.620000000000000000e+02
6.620000000000000000e+03 2.620000000000000000e+03 1.335600000000000000e+04 -4.224000000000000000e+03 1.390000000000000000e+02 1.098000000000000000e+03
6.928000000000000000e+03 2.548000000000000000e+03 1.298800000000000000e+04 -4.208000000000000000e+03 5.810000000000000000e+02 -4.140000000000000000e+02
6.792000000000000000e+03 2.548000000000000000e+03 1.314000000000000000e+04 -4.224000000000000000e+03 1.116000000000000000e+03 -1.530000000000000000e+02
5.884000000000000000e+03 2.492000000000000000e+03 1.370400000000000000e+04 -4.240000000000000000e+03 -1.930000000000000000e+02 -1.700000000000000000e+02
6.776000000000000000e+03 6.596000000000000000e+03 2.318800000000000000e+04 -4.224000000000000000e+03 -2.830000000000000000e+02 -1.490000000000000000e+02
9.292000000000000000e+03 3.276700000000000000e+04 3.276700000000000000e+04 -4.224000000000000000e+03 -6.000000000000000000e+01 -2.870000000000000000e+02
7.812000000000000000e+03 2.316000000000000000e+03 2.346000000000000000e+04 -4.240000000000000000e+03 -1.830000000000000000e+02 -1.380000000000000000e+02
9.772000000000000000e+03 5.084000000000000000e+03 1.755200000000000000e+04 -4.224000000000000000e+03 -2.040000000000000000e+02 2.760000000000000000e+02
9.412000000000000000e+03 4.008000000000000000e+03 1.792400000000000000e+04 -4.256000000000000000e+03 -2.280000000000000000e+02 3.030000000000000000e+02
8.448000000000000000e+03 3.540000000000000000e+03 1.714800000000000000e+04 -4.240000000000000000e+03 -2.960000000000000000e+02 5.300000000000000000e+02
8.572000000000000000e+03 3.504000000000000000e+03 1.721600000000000000e+04 -4.272000000000000000e+03 -4.550000000000000000e+02 7.950000000000000000e+02
8.224000000000000000e+03 3.584000000000000000e+03 1.812400000000000000e+04 -4.256000000000000000e+03 -5.160000000000000000e+02 9.890000000000000000e+02
8.116000000000000000e+03 3.444000000000000000e+03 1.716400000000000000e+04 -4.256000000000000000e+03 -6.110000000000000000e+02 1.075000000000000000e+03
7.672000000000000000e+03 3.580000000000000000e+03 1.504000000000000000e+04 -4.240000000000000000e+03 -4.840000000000000000e+02 1.142000000000000000e+03
7.108000000000000000e+03 2.964000000000000000e+03 1.274000000000000000e+04 -4.208000000000000000e+03 -3.460000000000000000e+02 1.384000000000000000e+03
5.456000000000000000e+03 1.928000000000000000e+03 9.672000000000000000e+03 -4.208000000000000000e+03 -1.620000000000000000e+02 1.481000000000000000e+03
3.584000000000000000e+03 9.840000000000000000e+02 6.156000000000000000e+03 -4.224000000000000000e+03 -4.300000000000000000e+01 1.732000000000000000e+03
2.192000000000000000e+03 3.480000000000000000e+02 2.540000000000000000e+03 -4.240000000000000000e+03 8.600000000000000000e+01 1.955000000000000000e+03
1.632000000000000000e+03 4.800000000000000000e+01 7.760000000000000000e+02 -4.288000000000000000e+03 3.200000000000000000e+02 1.505000000000000000e+03
1.996000000000000000e+03 2.400000000000000000e+02 1.224000000000000000e+03 -4.272000000000000000e+03 3.620000000000000000e+02 8.050000000000000000e+02
2.064000000000000000e+03 3.440000000000000000e+02 3.304000000000000000e+03 -4.256000000000000000e+03 -1.780000000000000000e+02 4.470000000000000000e+02
2.452000000000000000e+03 5.240000000000000000e+02 9.224000000000000000e+03 -4.240000000000000000e+03 -3.550000000000000000e+02 1.700000000000000000e+01
4.856000000000000000e+03 1.400000000000000000e+03 1.502800000000000000e+04 -4.256000000000000000e+03 -3.580000000000000000e+02 -4.070000000000000000e+02
8.240000000000000000e+03 2.976000000000000000e+03 1.900000000000000000e+04 -4.240000000000000000e+03 -3.640000000000000000e+02 -6.240000000000000000e+02
8.560000000000000000e+03 3.168000000000000000e+03 1.628800000000000000e+04 -4.256000000000000000e+03 -3.330000000000000000e+02 -1.006000000000000000e+03
6.268000000000000000e+03 2.724000000000000000e+03 1.250800000000000000e+04 -4.208000000000000000e+03 -3.300000000000000000e+02 -1.407000000000000000e+03
5.204000000000000000e+03 2.504000000000000000e+03 1.028000000000000000e+04 -4.256000000000000000e+03 -5.240000000000000000e+02 -1.820000000000000000e+03
4.728000000000000000e+03 2.680000000000000000e+03 8.984000000000000000e+03 -4.224000000000000000e+03 -5.860000000000000000e+02 -2.149000000000000000e+03
4.676000000000000000e+03 2.096000000000000000e+03 9.252000000000000000e+03 -4.224000000000000000e+03 -5.020000000000000000e+02 -2.390000000000000000e+03
4.584000000000000000e+03 2.316000000000000000e+03 9.348000000000000000e+03 -4.256000000000000000e+03 -4.560000000000000000e+02 -2.576000000000000000e+03
3.892000000000000000e+03 1.988000000000000000e+03 7.536000000000000000e+03 -4.208000000000000000e+03 -4.310000000000000000e+02 -2.372000000000000000e+03
3.412000000000000000e+03 1.940000000000000000e+03 6.832000000000000000e+03 -4.240000000000000000e+03 -5.720000000000000000e+02 -2.235000000000000000e+03
3.976000000000000000e+03 2.256000000000000000e+03 7.656000000000000000e+03 -4.224000000000000000e+03 -5.910000000000000000e+02 -1.858000000000000000e+03
5.444000000000000000e+03 2.760000000000000000e+03 9.372000000000000000e+03 -4.224000000000000000e+03 -4.020000000000000000e+02 -1.497000000000000000e+03
7.188000000000000000e+03 3.292000000000000000e+03 1.074400000000000000e+04 -4.224000000000000000e+03 -4.050000000000000000e+02 -1.213000000000000000e+03
8.640000000000000000e+03 3.248000000000000000e+03 1.238000000000000000e+04 -4.256000000000000000e+03 -3.160000000000000000e+02 -8.300000000000000000e+02
8.536000000000000000e+03 2.980000000000000000e+03 1.334400000000000000e+04 -4.224000000000000000e+03 -1.950000000000000000e+02 -6.820000000000000000e+02
9.672000000000000000e+03 3.120000000000000000e+03 1.531200000000000000e+04 -4.224000000000000000e+03 -2.850000000000000000e+02 -7.070000000000000000e+02
9.424000000000000000e+03 2.768000000000000000e+03 1.499200000000000000e+04 -4.208000000000000000e+03 -2.380000000000000000e+02 -7.350000000000000000e+02
9.464000000000000000e+03 2.892000000000000000e+03 1.540400000000000000e+04 -4.224000000000000000e+03 -3.090000000000000000e+02 -7.050000000000000000e+02
9.880000000000000000e+03 2.824000000000000000e+03 1.646400000000000000e+04 -4.240000000000000000e+03 -5.660000000000000000e+02 4.272000000000000000e+03
1.030000000000000000e+04 3.072000000000000000e+03 1.624000000000000000e+04 -4.256000000000000000e+03 2.145000000000000000e+03 3.102000000000000000e+03
1.086000000000000000e+04 3.136000000000000000e+03 1.641600000000000000e+04 -4.224000000000000000e+03 -8.210000000000000000e+02 7.020000000000000000e+03
1.102800000000000000e+04 4.120000000000000000e+02 1.012800000000000000e+04 -4.240000000000000000e+03 -2.990000000000000000e+02 4.016000000000000000e+03
2.497200000000000000e+04 6.316000000000000000e+03 -3.152000000000000000e+04 -4.224000000000000000e+03 4.250000000000000000e+02 2.934000000000000000e+03
-5.056000000000000000e+03 -4.832000000000000000e+03 2.343200000000000000e+04 -4.240000000000000000e+03 5.000000000000000000e+00 6.430000000000000000e+02
2.170400000000000000e+04 3.684000000000000000e+03 1.309600000000000000e+04 -4.224000000000000000e+03 -1.400000000000000000e+02 5.890000000000000000e+02
6.812000000000000000e+03 8.296000000000000000e+03 2.141200000000000000e+04 -4.208000000000000000e+03 2.350000000000000000e+02 8.590000000000000000e+02
-2.576000000000000000e+03 3.340000000000000000e+03 1.544800000000000000e+04 -4.240000000000000000e+03 2.110000000000000000e+02 1.210000000000000000e+03
