1.670000000000000000e+02 -1.756000000000000000e+03 1.067200000000000000e+04 -4.208000000000000000e+03 2.200000000000000000e+01 2.921000000000000000e+03
1.174400000000000000e+04 1.428000000000000000e+03 1.091200000000000000e+04 -4.208000000000000000e+03 -1.500000000000000000e+01 2.937000000000000000e+03
5.252000000000000000e+03 3.056000000000000000e+03 1.131200000000000000e+04 -4.208000000000000000e+03 -7.300000000000000000e+01 2.661000000000000000e+03
1.530000000000000000e+04 2.384000000000000000e+03 1.158400000000000000e+04 -4.224000000000000000e+03 -1.360000000000000000e+02 2.191000000000000000e+03
1.383600000000000000e+04 1.644000000000000000e+03 1.163200000000000000e+04 -4.208000000000000000e+03 -1.250000000000000000e+02 1.635000000000000000e+03
1.131600000000000000e+04 2.160000000000000000e+03 1.180000000000000000e+04 -4.240000000000000000e+03 -1.600000000000000000e+02 1.142000000000000000e+03
1.036000000000000000e+04 1.560000000000000000e+03 1.202800000000000000e+04 -4.224000000000000000e+03 -1.760000000000000000e+02 4.830000000000000000e+02
1.166400000000000000e+04 1.436000000000000000e+03 1.198000000000000000e+04 -4.208000000000000000e+03 -1.670000000000000000e+02 3.650000000000000000e+02
1.207200000000000000e+04 1.396000000000000000e+03 1.196000000000000000e+04 -4.208000000000000000e+03 -2.250000000000000000e+02 8.900000000000000000e+01
1.129600000000000000e+04 1.196000000000000000e+03 1.190400000000000000e+04 -4.224000000000000000e+03 -2.200000000000000000e+02 -1.890000000000000000e+02
1.087200000000000000e+04 1.284000000000000000e+03 1.206800000000000000e+04 -4.192000000000000000e+03 -3.090000000000000000e+02 -2.690000000000000000e+02
1.066000000000000000e+04 1.152000000000000000e+03 1.233200000000000000e+04 -4.224000000000000000e+03 -3.170000000000000000e+02 -3.920000000000000000e+02
1.052000000000000000e+04 1.312000000000000000e+03 1.243600000000000000e+04 -4.224000000000000000e+03 -2.820000000000000000e+02 -4.870000000000000000e+02
1.007600000000000000e+04 1.304000000000000000e+03 1.256400000000000000e+04 -4.256000000000000000e+03 -3.220000000000000000e+02 -5.880000000000000000e+02
9.984000000000000000e+03 1.660000000000000000e+03 1.264000000000000000e+04 -4.224000000000000000e+03 -2.460000000000000000e+02 -4.540000000000000000e+02
9.628000000000000000e+03 1.960000000000000000e+03 1.298800000000000000e+04 -4.192000000000000000e+03 -4.190000000000000000e+02 -5.350000000000000000e+02
9.064000000000000000e+03 2.316000000000000000e+03 1.310000000000000000e+04 -4.240000000000000000e+03 -2.860000000000000000e+02 -5.090000000000000000e+02
9.336000000000000000e+03 2.276000000000000000e+03 1.346800000000000000e+04 -4.224000000000000000e+03 -2.750000000000000000e+02 -4.450000000000000000e+02
9.300000000000000000e+03 1.884000000000000000e+03 1.342800000000000000e+04 -4.160000000000000000e+03 -1.770000000000000000e+02 -6.970000000000000000e+02
9.080000000000000000e+03 1.592000000000000000e+03 1.367200000000000000e+04 -4.208000000000000000e+03 -2.860000000000000000e+02 -7.360000000000000000e+02
8.720000000000000000e+03 1.564000000000000000e+03 1.410000000000000000e+04 -4.208000000000000000e+03 -2.840000000000000000e+02 7.410000000000000000e+02
8.792000000000000000e+03 1.396000000000000000e+03 1.304800000000000000e+04 -4.208000000000000000e+03 -1.260000000000000000e+02 6.350000000000000000e+02
8.660000000000000000e+03 1.624000000000000000e+03 1.328400000000000000e+04 -4.208000000000000000e+03 -3.540000000000000000e+02 -5.100000000000000000e+01
8.320000000000000000e+03 1.912000000000000000e+03 1.308800000000000000e+04 -4.240000000000000000e+03 2.530000000000000000e+02 -1.200000000000000000e+02
8.192000000000000000e+03 2.064000000000000000e+03 1.327200000000000000e+04 -4.224000000000000000e+03 1.710000000000000000e+02 2.490000000000000000e+02
7.724000000000000000e+03 2.164000000000000000e+03 1.324400000000000000e+04 -4.256000000000000000e+03 -1.450000000000000000e+02 7.010000000000000000e+02
6.884000000000000000e+03 1.976000000000000000e+03 1.308000000000000000e+04 -4.224000000000000000e+03 -4.180000000000000000e+02 7.760000000000000000e+02
6.892000000000000000e+03 1.728000000000000000e+03 1.296400000000000000e+04 -4.192000000000000000e+03 -5.000000000000000000e+02 1.155000000000000000e+03
6.644000000000000000e+03 2.408000000000000000e+03 1.256800000000000000e+04 -4.224000000000000000e+03 -4.900000000000000000e+02 1.264000000000000000e+03
6.696000000000000000e+03 2.064000000000000000e+03 1.280800000000000000e+04 -4.208000000000000000e+03 -4.010000000000000000e+02 1.408000000000000000e+03
5.956000000000000000e+03 1.840000000000000000e+03 1.286000000000000000e+04 -4.208000000000000000e+03 -4.150000000000000000e+02 1.242000000000000000e+03
7.548000000000000000e+03 1.876000000000000000e+03 1.321200000000000000e+04 -4.240000000000000000e+03 -1.870000000000000000e+02 1.300000000000000000e+03
7.020000000000000000e+03 1.596000000000000000e+03 1.538800000000000000e+04 -4.224000000000000000e+03 1.000000000000000000e+00 2.278000000000000000e+03
7.184000000000000000e+03 1.936000000000000000e+03 1.866400000000000000e+04 -4.224000000000000000e+03 1.180000000000000000e+02 1.698000000000000000e+03
7.080000000000000000e+03 1.956000000000000000e+03 2.122800000000000000e+04 -4.192000000000000000e+03 2.960000000000000000e+02 3.317000000000000000e+03
6.732000000000000000e+03 2.164000000000000000e+03 1.950800000000000000e+04 -4.224000000000000000e+03 4.490000000000000000e+02 -3.300000000000000000e+01
7.024000000000000000e+03 2.768000000000000000e+03 1.989600000000000000e+04 -4.256000000000000000e+03 6.390000000000000000e+02 -1.605000000000000000e+03
7.260000000000000000e+03 2.660000000000000000e+03 1.892400000000000000e+04 -4.240000000000000000e+03 1.083000000000000000e+03 2.168000000000000000e+03
8.312000000000000000e+03 2.328000000000000000e+03 1.872800000000000000e+04 -4.240000000000000000e+03 9.930000000000000000e+02 1.770000000000000000e+03
7.688000000000000000e+03 1.588000000000000000e+03 1.722000000000000000e+04 -4.208000000000000000e+03 7.150000000000000000e+02 1.043000000000000000e+03
7.544000000000000000e+03 3.700000000000000000e+03 1.610800000000000000e+04 -4.208000000000000000e+03 5.500000000000000000e+01 5.140000000000000000e+02
7.180000000000000000e+03 9.376000000000000000e+03 1.484800000000000000e+04 -4.192000000000000000e+03 2.290000000000000000e+02 -4.640000000000000000e+02
8.324000000000000000e+03 1.080000000000000000e+03 1.242000000000000000e+04 -4.224000000000000000e+03 -2.540000000000000000e+02 -1.054000000000000000e+03
1.061200000000000000e+04 2.584000000000000000e+03 9.432000000000000000e+03 -4.240000000000000000e+03 -5.850000000000000000e+02 -5.010000000000000000e+02
6.028000000000000000e+03 2.404000000000000000e+03 5.976000000000000000e+03 -4.208000000000000000e+03 -7.350000000000000000e+02 -8.990000000000000000e+02
1.088000000000000000e+04 2.596000000000000000e+03 2.244000000000000000e+03 -4.208000000000000000e+03 -9.340000000000000000e+02 -1.095000000000000000e+03
1.097200000000000000e+04 2.568000000000000000e+03 -1.880000000000000000e+02 -4.208000000000000000e+03 -9.180000000000000000e+02 -1.460000000000000000e+03
1.070000000000000000e+04 2.052000000000000000e+03 8.200000000000000000e+02 -4.208000000000000000e+03 -9.480000000000000000e+02 -1.799000000000000000e+03
1.122400000000000000e+04 1.780000000000000000e+03 9.480000000000000000e+03 -4.256000000000000000e+03 -1.281000000000000000e+03 -1.923000000000000000e+03
1.129200000000000000e+04 1.336000000000000000e+03 7.788000000000000000e+03 -4.208000000000000000e+03 -1.526000000000000000e+03 -1.067000000000000000e+03
1.068400000000000000e+04 9.840000000000000000e+02 1.526400000000000000e+04 -4.224000000000000000e+03 -1.645000000000000000e+03 -1.817000000000000000e+03
9.124000000000000000e+03 1.000000000000000000e+03 1.305600000000000000e+04 -4.224000000000000000e+03 -1.513000000000000000e+03 -1.855000000000000000e+03
8.012000000000000000e+03 9.200000000000000000e+02 1.560400000000000000e+04 -4.208000000000000000e+03 -1.208000000000000000e+03 -1.315000000000000000e+03
6.348000000000000000e+03 5.760000000000000000e+02 1.583200000000000000e+04 -4.208000000000000000e+03 -1.204000000000000000e+03 -1.203000000000000000e+03
4.852000000000000000e+03 1.000000000000000000e+02 1.568800000000000000e+04 -4.240000000000000000e+03 -1.138000000000000000e+03 -1.385000000000000000e+03
2.660000000000000000e+03 8.200000000000000000e+02 1.282400000000000000e+04 -4.224000000000000000e+03 -9.480000000000000000e+02 -1.236000000000000000e+03
1.680000000000000000e+03 2.112000000000000000e+03 9.468000000000000000e+03 -4.176000000000000000e+03 -9.940000000000000000e+02 -1.367000000000000000e+03
-2.268000000000000000e+03 2.872000000000000000e+03 1.128400000000000000e+04 -4.208000000000000000e+03 -7.000000000000000000e+02 -1.566000000000000000e+03
-1.030800000000000000e+04 4.904000000000000000e+03 1.109200000000000000e+04 -4.208000000000000000e+03 -7.000000000000000000e+02 -1.793000000000000000e+03
9.080000000000000000e+02 3.432000000000000000e+03 1.125200000000000000e+04 -4.208000000000000000e+03 -8.600000000000000000e+02 -1.878000000000000000e+03
