1.757200000000000000e+04 9.840000000000000000e+02 -1.675200000000000000e+04 -4.144000000000000000e+03 -4.079000000000000000e+03 3.276700000000000000e+04
1.868800000000000000e+04 -3.360000000000000000e+02 3.568000000000000000e+03 -4.160000000000000000e+03 -3.374000000000000000e+03 2.814000000000000000e+03
3.113600000000000000e+04 2.692000000000000000e+03 -1.128000000000000000e+03 -4.144000000000000000e+03 -2.019000000000000000e+03 -2.360000000000000000e+02
6.740000000000000000e+03 1.428000000000000000e+03 6.584000000000000000e+03 -4.176000000000000000e+03 -2.960000000000000000e+02 -1.075000000000000000e+03
1.638000000000000000e+04 1.728000000000000000e+03 1.218400000000000000e+04 -4.160000000000000000e+03 -2.860000000000000000e+02 -1.124000000000000000e+03
3.664000000000000000e+03 1.416000000000000000e+03 1.791600000000000000e+04 -4.112000000000000000e+03 -1.480000000000000000e+02 -9.610000000000000000e+02
-3.084000000000000000e+03 1.476000000000000000e+03 2.361600000000000000e+04 -4.176000000000000000e+03 -4.900000000000000000e+01 -1.421000000000000000e+03
-6.488000000000000000e+03 1.232000000000000000e+03 1.429200000000000000e+04 -4.144000000000000000e+03 -1.690000000000000000e+02 -7.060000000000000000e+02
-1.156800000000000000e+04 1.960000000000000000e+02 1.499200000000000000e+04 -4.128000000000000000e+03 -2.000000000000000000e+00 -8.620000000000000000e+02
-2.568000000000000000e+03 1.432000000000000000e+03 1.430800000000000000e+04 -4.192000000000000000e+03 -1.530000000000000000e+02 -6.750000000000000000e+02
-1.804000000000000000e+03 1.016000000000000000e+03 1.369600000000000000e+04 -4.160000000000000000e+03 -2.130000000000000000e+02 -5.840000000000000000e+02
-1.172000000000000000e+03 1.536000000000000000e+03 1.350400000000000000e+04 -4.160000000000000000e+03 -2.570000000000000000e+02 -6.740000000000000000e+02
-2.680000000000000000e+02 2.800000000000000000e+03 1.360400000000000000e+04 -4.160000000000000000e+03 -2.370000000000000000e+02 -5.530000000000000000e+02
-8.880000000000000000e+02 3.784000000000000000e+03 1.428400000000000000e+04 -4.160000000000000000e+03 -2.230000000000000000e+02 -4.780000000000000000e+02
-4.000000000000000000e+02 3.700000000000000000e+03 1.451600000000000000e+04 -4.144000000000000000e+03 -2.480000000000000000e+02 -4.950000000000000000e+02
-2.280000000000000000e+02 2.156000000000000000e+03 1.460000000000000000e+04 -4.144000000000000000e+03 -2.410000000000000000e+02 -5.540000000000000000e+02
-2.880000000000000000e+02 1.584000000000000000e+03 1.459200000000000000e+04 -4.128000000000000000e+03 -2.090000000000000000e+02 -5.520000000000000000e+02
-5.440000000000000000e+02 1.400000000000000000e+03 1.456400000000000000e+04 -4.128000000000000000e+03 -2.340000000000000000e+02 -6.300000000000000000e+02
-6.960000000000000000e+02 1.596000000000000000e+03 1.462000000000000000e+04 -4.144000000000000000e+03 -2.420000000000000000e+02 -6.340000000000000000e+02
-3.880000000000000000e+02 1.672000000000000000e+03 1.459600000000000000e+04 -4.160000000000000000e+03 -2.310000000000000000e+02 -6.380000000000000000e+02
-5.200000000000000000e+01 1.712000000000000000e+03 1.449200000000000000e+04 -4.160000000000000000e+03 -2.410000000000000000e+02 -6.880000000000000000e+02
6.000000000000000000e+01 1.704000000000000000e+03 1.450000000000000000e+04 -4.128000000000000000e+03 -2.080000000000000000e+02 -7.120000000000000000e+02
-2.000000000000000000e+02 1.816000000000000000e+03 1.457600000000000000e+04 -4.144000000000000000e+03 -2.110000000000000000e+02 -7.500000000000000000e+02
-2.960000000000000000e+02 2.208000000000000000e+03 1.456000000000000000e+04 -4.160000000000000000e+03 -2.420000000000000000e+02 -7.730000000000000000e+02
-5.280000000000000000e+02 2.372000000000000000e+03 1.457200000000000000e+04 -4.128000000000000000e+03 -2.500000000000000000e+02 -7.950000000000000000e+02
4.000000000000000000e+00 2.396000000000000000e+03 1.432800000000000000e+04 -4.128000000000000000e+03 -1.820000000000000000e+02 -8.550000000000000000e+02
1.400000000000000000e+02 2.368000000000000000e+03 1.431200000000000000e+04 -4.128000000000000000e+03 -2.190000000000000000e+02 -8.010000000000000000e+02
4.800000000000000000e+01 2.180000000000000000e+03 1.465600000000000000e+04 -4.112000000000000000e+03 -1.850000000000000000e+02 -5.450000000000000000e+02
1.240000000000000000e+02 1.816000000000000000e+03 1.469200000000000000e+04 -4.112000000000000000e+03 -2.850000000000000000e+02 -1.490000000000000000e+02
9.200000000000000000e+01 1.820000000000000000e+03 1.436000000000000000e+04 -4.160000000000000000e+03 -1.810000000000000000e+02 4.220000000000000000e+02
1.680000000000000000e+02 1.868000000000000000e+03 1.438000000000000000e+04 -4.160000000000000000e+03 -2.990000000000000000e+02 8.210000000000000000e+02
5.480000000000000000e+02 1.772000000000000000e+03 1.426000000000000000e+04 -4.160000000000000000e+03 -2.480000000000000000e+02 9.620000000000000000e+02
4.040000000000000000e+02 1.888000000000000000e+03 1.450400000000000000e+04 -4.144000000000000000e+03 -3.180000000000000000e+02 1.110000000000000000e+03
1.120000000000000000e+03 2.140000000000000000e+03 1.451200000000000000e+04 -4.160000000000000000e+03 -3.600000000000000000e+02 1.223000000000000000e+03
8.680000000000000000e+02 1.968000000000000000e+03 1.439600000000000000e+04 -4.160000000000000000e+03 -3.910000000000000000e+02 1.176000000000000000e+03
1.140000000000000000e+03 1.992000000000000000e+03 1.417600000000000000e+04 -4.112000000000000000e+03 -2.620000000000000000e+02 1.087000000000000000e+03
1.520000000000000000e+03 2.184000000000000000e+03 1.456400000000000000e+04 -4.160000000000000000e+03 -2.690000000000000000e+02 1.158000000000000000e+03
1.536000000000000000e+03 2.144000000000000000e+03 1.392400000000000000e+04 -4.144000000000000000e+03 -3.960000000000000000e+02 9.740000000000000000e+02
7.720000000000000000e+02 1.940000000000000000e+03 1.431200000000000000e+04 -4.128000000000000000e+03 -3.310000000000000000e+02 6.600000000000000000e+02
6.720000000000000000e+02 2.344000000000000000e+03 1.478000000000000000e+04 -4.144000000000000000e+03 -2.630000000000000000e+02 4.700000000000000000e+02
1.760000000000000000e+02 2.176000000000000000e+03 1.462400000000000000e+04 -4.128000000000000000e+03 -2.260000000000000000e+02 3.350000000000000000e+02
-5.200000000000000000e+01 1.692000000000000000e+03 1.458000000000000000e+04 -4.144000000000000000e+03 -2.260000000000000000e+02 3.350000000000000000e+02
5.880000000000000000e+02 1.676000000000000000e+03 1.450800000000000000e+04 -4.128000000000000000e+03 -2.230000000000000000e+02 3.520000000000000000e+02
5.320000000000000000e+02 1.604000000000000000e+03 1.440400000000000000e+04 -4.128000000000000000e+03 -3.080000000000000000e+02 3.260000000000000000e+02
-2.960000000000000000e+02 1.644000000000000000e+03 1.440800000000000000e+04 -4.128000000000000000e+03 -2.010000000000000000e+02 4.210000000000000000e+02
-3.800000000000000000e+02 2.096000000000000000e+03 1.460400000000000000e+04 -4.144000000000000000e+03 -3.280000000000000000e+02 3.950000000000000000e+02
-2.960000000000000000e+02 2.812000000000000000e+03 1.443600000000000000e+04 -4.144000000000000000e+03 -2.580000000000000000e+02 3.870000000000000000e+02
8.000000000000000000e+00 2.576000000000000000e+03 1.435600000000000000e+04 -4.144000000000000000e+03 -2.040000000000000000e+02 2.830000000000000000e+02
2.680000000000000000e+02 1.968000000000000000e+03 1.443200000000000000e+04 -4.160000000000000000e+03 -2.800000000000000000e+02 3.110000000000000000e+02
1.200000000000000000e+01 2.072000000000000000e+03 1.462800000000000000e+04 -4.144000000000000000e+03 -2.250000000000000000e+02 4.740000000000000000e+02
2.560000000000000000e+02 1.760000000000000000e+03 1.456800000000000000e+04 -4.144000000000000000e+03 -2.320000000000000000e+02 9.000000000000000000e+00
1.880000000000000000e+02 1.772000000000000000e+03 1.429600000000000000e+04 -4.160000000000000000e+03 -1.020000000000000000e+02 5.730000000000000000e+02
-8.000000000000000000e+00 1.720000000000000000e+03 1.452800000000000000e+04 -4.144000000000000000e+03 -1.325000000000000000e+03 -6.420000000000000000e+02
-3.120000000000000000e+02 2.012000000000000000e+03 1.457200000000000000e+04 -4.160000000000000000e+03 2.694000000000000000e+03 6.510000000000000000e+02
-1.320000000000000000e+02 2.484000000000000000e+03 1.435200000000000000e+04 -4.128000000000000000e+03 -3.320000000000000000e+02 5.540000000000000000e+02
2.840000000000000000e+02 2.500000000000000000e+03 1.713200000000000000e+04 -4.144000000000000000e+03 4.200000000000000000e+01 3.660000000000000000e+02
4.800000000000000000e+01 5.320000000000000000e+03 2.198000000000000000e+04 -4.128000000000000000e+03 -1.440000000000000000e+02 5.600000000000000000e+02
-3.008000000000000000e+03 2.828000000000000000e+03 2.058800000000000000e+04 -4.128000000000000000e+03 -7.000000000000000000e+01 6.970000000000000000e+02
-4.104000000000000000e+03 6.240000000000000000e+02 1.832400000000000000e+04 -4.160000000000000000e+03 5.200000000000000000e+01 8.250000000000000000e+02
-6.288000000000000000e+03 3.156000000000000000e+03 2.080800000000000000e+04 -4.128000000000000000e+03 7.200000000000000000e+01 1.636000000000000000e+03
8.480000000000000000e+02 3.416000000000000000e+03 2.226800000000000000e+04 -4.144000000000000000e+03 7.400000000000000000e+01 1.163000000000000000e+03
5.240000000000000000e+02 3.476000000000000000e+03 2.190000000000000000e+04 -4.128000000000000000e+03 -1.050000000000000000e+02 8.940000000000000000e+02
-1.480000000000000000e+02 3.616000000000000000e+03 2.062800000000000000e+04 -4.112000000000000000e+03 -2.090000000000000000e+02 1.197000000000000000e+03
9.040000000000000000e+02 3.384000000000000000e+03 1.897200000000000000e+04 -4.144000000000000000e+03 -2.910000000000000000e+02 1.453000000000000000e+03
1.168000000000000000e+03 2.728000000000000000e+03 1.545600000000000000e+04 -4.160000000000000000e+03 -2.650000000000000000e+02 1.582000000000000000e+03
3.480000000000000000e+02 2.176000000000000000e+03 1.223200000000000000e+04 -4.144000000000000000e+03 -2.760000000000000000e+02 6.037000000000000000e+03
5.320000000000000000e+02 2.020000000000000000e+03 7.028000000000000000e+03 -4.144000000000000000e+03 -3.250000000000000000e+02 -8.700000000000000000e+02
7.600000000000000000e+01 1.292000000000000000e+03 2.900000000000000000e+03 -4.160000000000000000e+03 -6.200000000000000000e+02 5.450000000000000000e+02
4.120000000000000000e+02 6.960000000000000000e+02 1.908000000000000000e+03 -4.128000000000000000e+03 8.300000000000000000e+01 1.020000000000000000e+03
6.880000000000000000e+02 6.560000000000000000e+02 1.052000000000000000e+03 -4.144000000000000000e+03 1.310000000000000000e+02 2.998000000000000000e+03
4.160000000000000000e+02 4.760000000000000000e+02 -3.116000000000000000e+03 -4.128000000000000000e+03 -6.700000000000000000e+01 2.620000000000000000e+02
7.720000000000000000e+02 7.240000000000000000e+02 7.676000000000000000e+03 -4.144000000000000000e+03 1.900000000000000000e+01 1.276000000000000000e+03
1.100000000000000000e+03 -1.684000000000000000e+03 7.728000000000000000e+03 -4.112000000000000000e+03 -2.860000000000000000e+02 1.522000000000000000e+03
-1.815600000000000000e+04 4.560000000000000000e+02 1.302400000000000000e+04 -4.128000000000000000e+03 -3.600000000000000000e+02 5.230000000000000000e+02
-2.384000000000000000e+03 1.928000000000000000e+03 8.068000000000000000e+03 -4.160000000000000000e+03 -3.380000000000000000e+02 -3.900000000000000000e+01
-1.640000000000000000e+02 7.280000000000000000e+02 1.210400000000000000e+04 -4.160000000000000000e+03 -1.500000000000000000e+02 -8.000000000000000000e+01
2.600000000000000000e+02 2.404000000000000000e+03 8.800000000000000000e+03 -4.144000000000000000e+03 -3.330000000000000000e+02 -1.900000000000000000e+01
-3.560000000000000000e+02 2.076000000000000000e+03 6.056000000000000000e+03 -4.128000000000000000e+03 -2.830000000000000000e+02 2.580000000000000000e+02
