-2.912000000000000000e+03 2.588000000000000000e+03 1.792400000000000000e+04 -4.624000000000000000e+03 4.820000000000000000e+02 -3.020000000000000000e+02
-2.656000000000000000e+03 2.960000000000000000e+03 1.809600000000000000e+04 -4.624000000000000000e+03 4.770000000000000000e+02 -6.559000000000000000e+03
3.276700000000000000e+04 -2.828000000000000000e+04 -3.276800000000000000e+04 -4.640000000000000000e+03 -9.568000000000000000e+03 -5.590000000000000000e+02
-1.424800000000000000e+04 1.379200000000000000e+04 1.676000000000000000e+04 -4.624000000000000000e+03 4.900000000000000000e+02 -5.726000000000000000e+03
-9.264000000000000000e+03 3.276700000000000000e+04 3.276700000000000000e+04 -4.608000000000000000e+03 -3.514000000000000000e+03 -5.160000000000000000e+02
-2.828000000000000000e+03 -2.444000000000000000e+03 4.680000000000000000e+03 -4.608000000000000000e+03 3.960000000000000000e+02 -1.080000000000000000e+02
-2.656000000000000000e+03 1.472000000000000000e+03 9.004000000000000000e+03 -4.624000000000000000e+03 6.440000000000000000e+02 -8.570000000000000000e+02
-2.804000000000000000e+03 2.652000000000000000e+03 1.902800000000000000e+04 -4.608000000000000000e+03 -1.350000000000000000e+02 -9.290000000000000000e+02
-1.828000000000000000e+03 2.708000000000000000e+03 1.683600000000000000e+04 -4.608000000000000000e+03 1.300000000000000000e+01 -8.570000000000000000e+02
-1.044000000000000000e+03 1.592000000000000000e+03 1.256800000000000000e+04 -4.608000000000000000e+03 -1.390000000000000000e+02 -9.570000000000000000e+02
-1.656000000000000000e+03 1.688000000000000000e+03 1.372000000000000000e+04 -4.640000000000000000e+03 -5.530000000000000000e+02 -1.250000000000000000e+03
-1.964000000000000000e+03 2.504000000000000000e+03 1.596000000000000000e+04 -4.640000000000000000e+03 -5.410000000000000000e+02 -1.090000000000000000e+03
-1.740000000000000000e+03 2.840000000000000000e+03 1.599600000000000000e+04 -4.624000000000000000e+03 -1.360000000000000000e+02 -1.028000000000000000e+03
-1.428000000000000000e+03 2.880000000000000000e+03 1.480400000000000000e+04 -4.608000000000000000e+03 6.900000000000000000e+01 -9.110000000000000000e+02
-8.440000000000000000e+02 2.368000000000000000e+03 1.305600000000000000e+04 -4.592000000000000000e+03 4.300000000000000000e+01 -7.040000000000000000e+02
-4.400000000000000000e+02 2.208000000000000000e+03 1.359200000000000000e+04 -4.608000000000000000e+03 -2.850000000000000000e+02 -6.830000000000000000e+02
-6.800000000000000000e+02 2.316000000000000000e+03 1.510000000000000000e+04 -4.624000000000000000e+03 -3.850000000000000000e+02 -5.630000000000000000e+02
-9.400000000000000000e+02 2.168000000000000000e+03 1.563200000000000000e+04 -4.608000000000000000e+03 -2.590000000000000000e+02 -4.860000000000000000e+02
-1.028000000000000000e+03 1.824000000000000000e+03 1.472400000000000000e+04 -4.624000000000000000e+03 -1.300000000000000000e+02 -3.290000000000000000e+02
-8.520000000000000000e+02 1.756000000000000000e+03 1.391200000000000000e+04 -4.656000000000000000e+03 -1.300000000000000000e+02 -1.860000000000000000e+02
-4.320000000000000000e+02 1.760000000000000000e+03 1.386800000000000000e+04 -4.608000000000000000e+03 -2.080000000000000000e+02 -6.600000000000000000e+01
-1.640000000000000000e+02 2.036000000000000000e+03 1.450800000000000000e+04 -4.624000000000000000e+03 -3.150000000000000000e+02 4.000000000000000000e+01
-3.920000000000000000e+02 2.440000000000000000e+03 1.494800000000000000e+04 -4.608000000000000000e+03 -2.870000000000000000e+02 1.410000000000000000e+02
-7.800000000000000000e+02 2.340000000000000000e+03 1.464800000000000000e+04 -4.624000000000000000e+03 -2.100000000000000000e+02 2.580000000000000000e+02
-7.640000000000000000e+02 2.224000000000000000e+03 1.412400000000000000e+04 -4.624000000000000000e+03 -2.200000000000000000e+02 3.570000000000000000e+02
-6.160000000000000000e+02 2.016000000000000000e+03 1.419600000000000000e+04 -4.640000000000000000e+03 -2.960000000000000000e+02 4.540000000000000000e+02
-4.080000000000000000e+02 2.072000000000000000e+03 1.466400000000000000e+04 -4.608000000000000000e+03 -3.320000000000000000e+02 4.890000000000000000e+02
-5.040000000000000000e+02 2.064000000000000000e+03 1.480000000000000000e+04 -4.624000000000000000e+03 -3.000000000000000000e+02 5.600000000000000000e+02
-7.880000000000000000e+02 1.904000000000000000e+03 1.446800000000000000e+04 -4.624000000000000000e+03 -2.520000000000000000e+02 5.690000000000000000e+02
-1.132000000000000000e+03 1.832000000000000000e+03 1.442000000000000000e+04 -4.608000000000000000e+03 -2.870000000000000000e+02 5.620000000000000000e+02
-1.188000000000000000e+03 2.108000000000000000e+03 1.424400000000000000e+04 -4.592000000000000000e+03 -3.190000000000000000e+02 4.990000000000000000e+02
-9.640000000000000000e+02 2.276000000000000000e+03 1.469200000000000000e+04 -4.608000000000000000e+03 -3.190000000000000000e+02 4.420000000000000000e+02
-7.880000000000000000e+02 2.308000000000000000e+03 1.463600000000000000e+04 -4.624000000000000000e+03 -2.890000000000000000e+02 3.800000000000000000e+02
-1.092000000000000000e+03 1.972000000000000000e+03 1.451200000000000000e+04 -4.624000000000000000e+03 -2.780000000000000000e+02 2.700000000000000000e+02
-1.152000000000000000e+03 1.956000000000000000e+03 1.437200000000000000e+04 -4.624000000000000000e+03 -2.870000000000000000e+02 1.990000000000000000e+02
-1.396000000000000000e+03 1.840000000000000000e+03 1.450000000000000000e+04 -4.640000000000000000e+03 -2.890000000000000000e+02 9.000000000000000000e+01
-1.296000000000000000e+03 1.892000000000000000e+03 1.460000000000000000e+04 -4.624000000000000000e+03 -2.780000000000000000e+02 0.000000000000000000e+00
-1.072000000000000000e+03 2.084000000000000000e+03 1.459200000000000000e+04 -4.640000000000000000e+03 -2.690000000000000000e+02 -5.500000000000000000e+01
-8.680000000000000000e+02 2.208000000000000000e+03 1.455200000000000000e+04 -4.592000000000000000e+03 -2.710000000000000000e+02 -8.500000000000000000e+01
-9.400000000000000000e+02 2.144000000000000000e+03 1.426000000000000000e+04 -4.624000000000000000e+03 -2.790000000000000000e+02 -1.270000000000000000e+02
-1.084000000000000000e+03 2.068000000000000000e+03 1.450800000000000000e+04 -4.624000000000000000e+03 -2.790000000000000000e+02 -1.700000000000000000e+02
-1.060000000000000000e+03 2.092000000000000000e+03 1.439600000000000000e+04 -4.624000000000000000e+03 -2.810000000000000000e+02 -1.740000000000000000e+02
-9.160000000000000000e+02 1.992000000000000000e+03 1.450800000000000000e+04 -4.592000000000000000e+03 -2.630000000000000000e+02 -1.760000000000000000e+02
-7.480000000000000000e+02 2.080000000000000000e+03 1.439200000000000000e+04 -4.576000000000000000e+03 -2.780000000000000000e+02 -1.540000000000000000e+02
-6.840000000000000000e+02 2.128000000000000000e+03 1.441200000000000000e+04 -4.624000000000000000e+03 -2.450000000000000000e+02 -1.170000000000000000e+02
-6.160000000000000000e+02 2.120000000000000000e+03 1.440400000000000000e+04 -4.608000000000000000e+03 -2.720000000000000000e+02 -6.500000000000000000e+01
-7.640000000000000000e+02 2.256000000000000000e+03 1.449600000000000000e+04 -4.624000000000000000e+03 -2.670000000000000000e+02 -1.200000000000000000e+01
-8.400000000000000000e+02 2.132000000000000000e+03 1.447600000000000000e+04 -4.624000000000000000e+03 -2.700000000000000000e+02 4.700000000000000000e+01
-6.680000000000000000e+02 2.160000000000000000e+03 1.444400000000000000e+04 -4.624000000000000000e+03 -2.670000000000000000e+02 7.400000000000000000e+01
-6.920000000000000000e+02 1.980000000000000000e+03 1.452000000000000000e+04 -4.624000000000000000e+03 -2.930000000000000000e+02 1.650000000000000000e+02
-5.200000000000000000e+02 2.144000000000000000e+03 1.455600000000000000e+04 -4.608000000000000000e+03 -2.840000000000000000e+02 1.840000000000000000e+02
-7.240000000000000000e+02 2.020000000000000000e+03 1.452800000000000000e+04 -4.608000000000000000e+03 -2.700000000000000000e+02 2.300000000000000000e+02
-7.440000000000000000e+02 2.124000000000000000e+03 1.444400000000000000e+04 -4.624000000000000000e+03 -3.020000000000000000e+02 2.650000000000000000e+02
-7.520000000000000000e+02 2.052000000000000000e+03 1.442000000000000000e+04 -4.624000000000000000e+03 -2.890000000000000000e+02 2.590000000000000000e+02
-7.280000000000000000e+02 2.104000000000000000e+03 1.444400000000000000e+04 -4.608000000000000000e+03 -2.970000000000000000e+02 2.750000000000000000e+02
-7.040000000000000000e+02 2.152000000000000000e+03 1.434400000000000000e+04 -4.640000000000000000e+03 -2.820000000000000000e+02 2.720000000000000000e+02
-7.800000000000000000e+02 2.076000000000000000e+03 1.450400000000000000e+04 -4.608000000000000000e+03 -2.820000000000000000e+02 3.000000000000000000e+02
-8.920000000000000000e+02 2.032000000000000000e+03 1.440000000000000000e+04 -4.592000000000000000e+03 -2.870000000000000000e+02 2.750000000000000000e+02
-8.760000000000000000e+02 2.072000000000000000e+03 1.468000000000000000e+04 -4.624000000000000000e+03 -2.800000000000000000e+02 2.840000000000000000e+02
-9.000000000000000000e+02 2.132000000000000000e+03 1.452400000000000000e+04 -4.608000000000000000e+03 -2.990000000000000000e+02 2.850000000000000000e+02
-8.800000000000000000e+02 2.104000000000000000e+03 1.448400000000000000e+04 -4.640000000000000000e+03 -2.830000000000000000e+02 2.730000000000000000e+02
-7.760000000000000000e+02 2.136000000000000000e+03 1.452800000000000000e+04 -4.608000000000000000e+03 -2.960000000000000000e+02 2.460000000000000000e+02
-8.760000000000000000e+02 2.148000000000000000e+03 1.461600000000000000e+04 -4.624000000000000000e+03 -2.890000000000000000e+02 2.380000000000000000e+02
-9.640000000000000000e+02 2.100000000000000000e+03 1.451200000000000000e+04 -4.624000000000000000e+03 -2.910000000000000000e+02 1.890000000000000000e+02
-9.000000000000000000e+02 2.016000000000000000e+03 1.451600000000000000e+04 -4.608000000000000000e+03 -2.900000000000000000e+02 1.640000000000000000e+02
-8.880000000000000000e+02 2.020000000000000000e+03 1.452000000000000000e+04 -4.608000000000000000e+03 -2.810000000000000000e+02 1.530000000000000000e+02
-9.000000000000000000e+02 2.120000000000000000e+03 1.443200000000000000e+04 -4.608000000000000000e+03 -2.570000000000000000e+02 1.290000000000000000e+02
-8.360000000000000000e+02 2.064000000000000000e+03 1.458400000000000000e+04 -4.624000000000000000e+03 -2.850000000000000000e+02 1.160000000000000000e+02
-9.160000000000000000e+02 2.072000000000000000e+03 1.456800000000000000e+04 -4.624000000000000000e+03 -2.750000000000000000e+02 1.050000000000000000e+02
-8.840000000000000000e+02 2.024000000000000000e+03 1.450400000000000000e+04 -4.624000000000000000e+03 -2.830000000000000000e+02 8.100000000000000000e+01
-9.480000000000000000e+02 2.124000000000000000e+03 1.456400000000000000e+04 -4.640000000000000000e+03 -2.760000000000000000e+02 -6.500000000000000000e+01
-1.664000000000000000e+03 1.868000000000000000e+03 1.440800000000000000e+04 -4.592000000000000000e+03 -3.180000000000000000e+02 -1.190000000000000000e+02
-1.480000000000000000e+03 2.204000000000000000e+03 1.496800000000000000e+04 -4.640000000000000000e+03 -1.700000000000000000e+02 2.400000000000000000e+01
4.240000000000000000e+02 1.532000000000000000e+03 1.283600000000000000e+04 -4.608000000000000000e+03 1.550000000000000000e+02 5.580000000000000000e+02
-7.560000000000000000e+02 1.492000000000000000e+03 1.458400000000000000e+04 -4.608000000000000000e+03 5.520000000000000000e+02 4.747000000000000000e+03
-5.916000000000000000e+03 3.760000000000000000e+03 2.270000000000000000e+04 -4.608000000000000000e+03 1.471000000000000000e+03 -7.850000000000000000e+02
7.920000000000000000e+03 -4.800000000000000000e+03 8.320000000000000000e+03 -4.624000000000000000e+03 1.095000000000000000e+03 1.371000000000000000e+03
2.440000000000000000e+03 2.500000000000000000e+03 1.788800000000000000e+04 -4.608000000000000000e+03 -4.740000000000000000e+02 2.760000000000000000e+02
-1.780000000000000000e+03 2.936000000000000000e+03 2.073200000000000000e+04 -4.608000000000000000e+03 9.700000000000000000e+01 5.750000000000000000e+02
-2.608000000000000000e+03 2.916000000000000000e+03 2.127600000000000000e+04 -4.624000000000000000e+03 -3.870000000000000000e+02 1.418000000000000000e+03
-1.200000000000000000e+03 3.176000000000000000e+03 2.153200000000000000e+04 -4.624000000000000000e+03 -4.270000000000000000e+02 1.334000000000000000e+03
-1.412000000000000000e+03 2.732000000000000000e+03 1.952800000000000000e+04 -4.592000000000000000e+03 -2.410000000000000000e+02 6.680000000000000000e+02
-1.016000000000000000e+03 2.456000000000000000e+03 1.835600000000000000e+04 -4.624000000000000000e+03 -4.300000000000000000e+01 1.622000000000000000e+03
-1.104000000000000000e+03 1.636000000000000000e+03 1.567200000000000000e+04 -4.592000000000000000e+03 -1.300000000000000000e+02 6.680000000000000000e+02
