3.276700000000000000e+04 -4.520000000000000000e+02 1.560400000000000000e+04 -4.144000000000000000e+03 2.330000000000000000e+02 8.330000000000000000e+02
4.428000000000000000e+03 -1.600000000000000000e+03 -2.170000000000000000e+04 -4.160000000000000000e+03 -6.200000000000000000e+01 9.620000000000000000e+02
-2.496000000000000000e+03 8.276000000000000000e+03 4.608000000000000000e+03 -4.144000000000000000e+03 -1.400000000000000000e+02 8.650000000000000000e+02
1.976400000000000000e+04 -7.448000000000000000e+03 1.766800000000000000e+04 -4.160000000000000000e+03 -2.060000000000000000e+02 7.200000000000000000e+02
-1.240000000000000000e+02 -6.080000000000000000e+02 1.716000000000000000e+04 -4.128000000000000000e+03 -5.380000000000000000e+02 4.370000000000000000e+02
-1.620000000000000000e+03 3.296000000000000000e+03 1.434000000000000000e+04 -4.144000000000000000e+03 -3.970000000000000000e+02 2.690000000000000000e+02
-1.500000000000000000e+03 2.060000000000000000e+03 1.194800000000000000e+04 -4.160000000000000000e+03 -2.660000000000000000e+02 3.500000000000000000e+01
-2.224000000000000000e+03 1.560000000000000000e+03 1.365200000000000000e+04 -4.128000000000000000e+03 -3.230000000000000000e+02 -3.600000000000000000e+01
-1.780000000000000000e+03 2.404000000000000000e+03 1.536000000000000000e+04 -4.128000000000000000e+03 -3.030000000000000000e+02 -9.700000000000000000e+01
-1.556000000000000000e+03 2.860000000000000000e+03 1.501200000000000000e+04 -4.144000000000000000e+03 -4.520000000000000000e+02 -1.110000000000000000e+02
-1.508000000000000000e+03 2.212000000000000000e+03 1.446400000000000000e+04 -4.144000000000000000e+03 -3.330000000000000000e+02 -1.540000000000000000e+02
-2.756000000000000000e+03 2.132000000000000000e+03 1.401600000000000000e+04 -4.144000000000000000e+03 -3.200000000000000000e+02 -1.930000000000000000e+02
-2.512000000000000000e+03 1.332000000000000000e+03 1.432800000000000000e+04 -4.128000000000000000e+03 -2.860000000000000000e+02 -2.480000000000000000e+02
-2.404000000000000000e+03 1.740000000000000000e+03 1.470800000000000000e+04 -4.176000000000000000e+03 -3.320000000000000000e+02 -1.160000000000000000e+02
-2.064000000000000000e+03 1.876000000000000000e+03 1.449600000000000000e+04 -4.144000000000000000e+03 -3.180000000000000000e+02 4.100000000000000000e+01
-1.808000000000000000e+03 1.872000000000000000e+03 1.417600000000000000e+04 -4.176000000000000000e+03 -3.120000000000000000e+02 2.490000000000000000e+02
-1.948000000000000000e+03 1.988000000000000000e+03 1.402400000000000000e+04 -4.160000000000000000e+03 -2.670000000000000000e+02 5.360000000000000000e+02
-1.964000000000000000e+03 1.944000000000000000e+03 1.424000000000000000e+04 -4.128000000000000000e+03 -2.790000000000000000e+02 7.310000000000000000e+02
-2.024000000000000000e+03 2.096000000000000000e+03 1.425200000000000000e+04 -4.160000000000000000e+03 -3.100000000000000000e+02 8.300000000000000000e+02
-1.840000000000000000e+03 2.036000000000000000e+03 1.461200000000000000e+04 -4.144000000000000000e+03 -2.740000000000000000e+02 8.980000000000000000e+02
-1.656000000000000000e+03 1.936000000000000000e+03 1.428000000000000000e+04 -4.144000000000000000e+03 -3.010000000000000000e+02 9.440000000000000000e+02
-1.244000000000000000e+03 1.808000000000000000e+03 1.422000000000000000e+04 -4.144000000000000000e+03 -3.260000000000000000e+02 9.260000000000000000e+02
-1.340000000000000000e+03 1.636000000000000000e+03 1.437200000000000000e+04 -4.112000000000000000e+03 -3.290000000000000000e+02 9.280000000000000000e+02
-1.284000000000000000e+03 1.560000000000000000e+03 1.429200000000000000e+04 -4.144000000000000000e+03 -3.070000000000000000e+02 9.220000000000000000e+02
-1.852000000000000000e+03 2.068000000000000000e+03 1.441200000000000000e+04 -4.160000000000000000e+03 -3.330000000000000000e+02 9.700000000000000000e+02
-1.928000000000000000e+03 2.188000000000000000e+03 1.418000000000000000e+04 -4.128000000000000000e+03 -3.190000000000000000e+02 1.008000000000000000e+03
-1.668000000000000000e+03 2.248000000000000000e+03 1.408800000000000000e+04 -4.160000000000000000e+03 -3.380000000000000000e+02 1.048000000000000000e+03
-1.916000000000000000e+03 1.944000000000000000e+03 1.432400000000000000e+04 -4.160000000000000000e+03 -2.140000000000000000e+02 3.515000000000000000e+03
-2.060000000000000000e+03 1.852000000000000000e+03 1.434800000000000000e+04 -4.144000000000000000e+03 2.080000000000000000e+02 -6.340000000000000000e+02
-1.844000000000000000e+03 1.608000000000000000e+03 1.435200000000000000e+04 -4.176000000000000000e+03 8.810000000000000000e+02 1.436000000000000000e+03
-2.124000000000000000e+03 1.648000000000000000e+03 1.407200000000000000e+04 -4.112000000000000000e+03 9.230000000000000000e+02 1.053000000000000000e+03
-2.312000000000000000e+03 1.984000000000000000e+03 1.400400000000000000e+04 -4.160000000000000000e+03 -1.168000000000000000e+03 6.230000000000000000e+02
-2.028000000000000000e+03 2.328000000000000000e+03 1.674400000000000000e+04 -4.128000000000000000e+03 -4.070000000000000000e+02 1.529000000000000000e+03
-2.212000000000000000e+03 2.034800000000000000e+04 2.532400000000000000e+04 -4.144000000000000000e+03 -7.050000000000000000e+02 1.571000000000000000e+03
1.070800000000000000e+04 4.724000000000000000e+03 2.404000000000000000e+04 -4.144000000000000000e+03 -6.680000000000000000e+02 1.251000000000000000e+03
-4.972000000000000000e+03 2.096000000000000000e+03 2.514000000000000000e+04 -4.128000000000000000e+03 -4.670000000000000000e+02 1.747000000000000000e+03
-5.716000000000000000e+03 4.000000000000000000e+03 2.212400000000000000e+04 -4.112000000000000000e+03 -3.590000000000000000e+02 1.541000000000000000e+03
-5.660000000000000000e+03 3.076000000000000000e+03 2.006400000000000000e+04 -4.112000000000000000e+03 -3.640000000000000000e+02 1.164000000000000000e+03
-4.576000000000000000e+03 2.160000000000000000e+03 2.036800000000000000e+04 -4.160000000000000000e+03 -4.620000000000000000e+02 1.342000000000000000e+03
-3.056000000000000000e+03 2.192000000000000000e+03 1.937200000000000000e+04 -4.128000000000000000e+03 -3.760000000000000000e+02 1.675000000000000000e+03
-3.312000000000000000e+03 2.112000000000000000e+03 1.579200000000000000e+04 -4.176000000000000000e+03 -2.220000000000000000e+02 1.804000000000000000e+03
-3.628000000000000000e+03 1.812000000000000000e+03 1.147200000000000000e+04 -4.128000000000000000e+03 -1.670000000000000000e+02 9.578000000000000000e+03
-3.200000000000000000e+03 1.332000000000000000e+03 5.304000000000000000e+03 -4.160000000000000000e+03 -2.870000000000000000e+02 -3.509000000000000000e+03
-2.720000000000000000e+03 4.680000000000000000e+02 1.304000000000000000e+03 -4.144000000000000000e+03 -7.750000000000000000e+02 8.840000000000000000e+02
-1.596000000000000000e+03 5.000000000000000000e+02 5.920000000000000000e+02 -4.144000000000000000e+03 2.420000000000000000e+02 1.655000000000000000e+03
-4.160000000000000000e+02 6.640000000000000000e+02 2.920000000000000000e+02 -4.160000000000000000e+03 -1.390000000000000000e+02 7.090000000000000000e+02
9.600000000000000000e+01 9.760000000000000000e+02 1.200000000000000000e+03 -4.176000000000000000e+03 -2.410000000000000000e+02 6.270000000000000000e+02
4.640000000000000000e+02 -2.680000000000000000e+03 5.268000000000000000e+03 -4.160000000000000000e+03 1.100000000000000000e+01 4.790000000000000000e+02
-1.907200000000000000e+04 2.208000000000000000e+03 1.598400000000000000e+04 -4.160000000000000000e+03 -6.020000000000000000e+02 3.280000000000000000e+02
-6.160000000000000000e+03 2.132000000000000000e+03 1.721200000000000000e+04 -4.128000000000000000e+03 -5.320000000000000000e+02 2.730000000000000000e+02
-1.700000000000000000e+03 2.144000000000000000e+03 1.606000000000000000e+04 -4.128000000000000000e+03 -2.060000000000000000e+02 -1.400000000000000000e+01
-3.888000000000000000e+03 2.556000000000000000e+03 1.289200000000000000e+04 -4.144000000000000000e+03 6.900000000000000000e+01 1.010000000000000000e+02
-3.500000000000000000e+03 2.896000000000000000e+03 6.596000000000000000e+03 -4.128000000000000000e+03 -2.060000000000000000e+02 -4.630000000000000000e+02
-2.180000000000000000e+03 1.256000000000000000e+03 3.316000000000000000e+03 -4.144000000000000000e+03 -1.050000000000000000e+02 -9.020000000000000000e+02
-1.848000000000000000e+03 3.240000000000000000e+02 6.240000000000000000e+03 -4.144000000000000000e+03 -1.100000000000000000e+01 -7.200000000000000000e+02
-1.768000000000000000e+03 5.960000000000000000e+02 9.008000000000000000e+03 -4.160000000000000000e+03 -1.390000000000000000e+02 -6.700000000000000000e+02
-2.364000000000000000e+03 1.452000000000000000e+03 9.348000000000000000e+03 -4.128000000000000000e+03 9.000000000000000000e+00 -4.640000000000000000e+02
-2.852000000000000000e+03 1.056000000000000000e+03 1.156000000000000000e+04 -4.144000000000000000e+03 -5.900000000000000000e+01 -5.930000000000000000e+02
-2.876000000000000000e+03 1.580000000000000000e+03 1.273200000000000000e+04 -4.144000000000000000e+03 2.040000000000000000e+02 -9.360000000000000000e+02
-3.580000000000000000e+03 1.656000000000000000e+03 1.414800000000000000e+04 -4.144000000000000000e+03 5.100000000000000000e+02 -1.295000000000000000e+03
-3.704000000000000000e+03 1.332000000000000000e+03 1.673600000000000000e+04 -4.144000000000000000e+03 5.290000000000000000e+02 -1.876000000000000000e+03
-4.260000000000000000e+03 1.772000000000000000e+03 1.515200000000000000e+04 -4.160000000000000000e+03 4.160000000000000000e+02 -2.629000000000000000e+03
-5.016000000000000000e+03 1.548000000000000000e+03 1.587600000000000000e+04 -4.144000000000000000e+03 2.860000000000000000e+02 2.163000000000000000e+03
-4.752000000000000000e+03 2.212000000000000000e+03 1.846400000000000000e+04 -4.160000000000000000e+03 6.900000000000000000e+02 1.457000000000000000e+03
-4.920000000000000000e+03 2.892000000000000000e+03 1.754400000000000000e+04 -4.160000000000000000e+03 -1.218000000000000000e+03 1.532000000000000000e+03
-6.060000000000000000e+03 3.068000000000000000e+03 1.836800000000000000e+04 -4.128000000000000000e+03 1.398000000000000000e+03 7.960000000000000000e+02
-5.704000000000000000e+03 3.600000000000000000e+03 2.798400000000000000e+04 -4.144000000000000000e+03 -8.770000000000000000e+02 3.096000000000000000e+03
-5.904000000000000000e+03 3.492000000000000000e+03 7.372000000000000000e+03 -4.128000000000000000e+03 -5.636000000000000000e+03 9.260000000000000000e+02
-6.820000000000000000e+03 -1.187600000000000000e+04 -2.541600000000000000e+04 -4.160000000000000000e+03 2.335000000000000000e+03 9.910000000000000000e+02
2.220000000000000000e+03 -6.972000000000000000e+03 5.208000000000000000e+03 -4.128000000000000000e+03 -1.315000000000000000e+03 1.134000000000000000e+03
-2.712000000000000000e+03 -7.684000000000000000e+03 3.276700000000000000e+04 -4.160000000000000000e+03 -8.440000000000000000e+02 6.830000000000000000e+02
1.388000000000000000e+03 1.482800000000000000e+04 -6.560000000000000000e+02 -4.160000000000000000e+03 4.450000000000000000e+02 4.410000000000000000e+02
1.419200000000000000e+04 1.368000000000000000e+03 1.610400000000000000e+04 -4.144000000000000000e+03 -1.160000000000000000e+02 3.960000000000000000e+02
2.192000000000000000e+03 -2.624000000000000000e+03 2.532400000000000000e+04 -4.160000000000000000e+03 -4.960000000000000000e+02 1.310000000000000000e+02
-7.824000000000000000e+03 2.964000000000000000e+03 1.418000000000000000e+04 -4.128000000000000000e+03 -5.490000000000000000e+02 -2.000000000000000000e+01
-6.248000000000000000e+03 1.472000000000000000e+03 1.004800000000000000e+04 -4.160000000000000000e+03 -4.220000000000000000e+02 -1.190000000000000000e+02
-3.536000000000000000e+03 1.388000000000000000e+03 1.230800000000000000e+04 -4.192000000000000000e+03 -2.570000000000000000e+02 3.800000000000000000e+01
-4.384000000000000000e+03 7.440000000000000000e+02 1.417200000000000000e+04 -4.176000000000000000e+03 -2.990000000000000000e+02 -5.900000000000000000e+01
