8.720000000000000000e+03 1.636000000000000000e+03 1.321600000000000000e+04 -4.208000000000000000e+03 -3.470000000000000000e+02 -7.740000000000000000e+02
8.388000000000000000e+03 1.528000000000000000e+03 1.344400000000000000e+04 -4.240000000000000000e+03 -4.140000000000000000e+02 -5.670000000000000000e+02
8.120000000000000000e+03 1.636000000000000000e+03 1.335200000000000000e+04 -4.240000000000000000e+03 -4.260000000000000000e+02 -3.180000000000000000e+02
7.296000000000000000e+03 1.816000000000000000e+03 1.336800000000000000e+04 -4.208000000000000000e+03 -3.620000000000000000e+02 2.150000000000000000e+02
7.520000000000000000e+03 2.012000000000000000e+03 1.335200000000000000e+04 -4.224000000000000000e+03 -3.650000000000000000e+02 7.860000000000000000e+02
7.836000000000000000e+03 1.900000000000000000e+03 1.339200000000000000e+04 -4.224000000000000000e+03 -3.790000000000000000e+02 1.296000000000000000e+03
7.464000000000000000e+03 1.864000000000000000e+03 1.355200000000000000e+04 -4.192000000000000000e+03 -3.390000000000000000e+02 1.550000000000000000e+03
6.884000000000000000e+03 1.788000000000000000e+03 1.354800000000000000e+04 -4.192000000000000000e+03 -2.860000000000000000e+02 1.564000000000000000e+03
6.712000000000000000e+03 1.700000000000000000e+03 1.358000000000000000e+04 -4.208000000000000000e+03 -2.050000000000000000e+02 8.550000000000000000e+02
6.732000000000000000e+03 1.780000000000000000e+03 1.357200000000000000e+04 -4.224000000000000000e+03 -1.640000000000000000e+02 4.450000000000000000e+02
6.852000000000000000e+03 1.976000000000000000e+03 1.477600000000000000e+04 -4.208000000000000000e+03 -1.550000000000000000e+02 -1.415000000000000000e+03
6.728000000000000000e+03 1.904000000000000000e+03 1.429200000000000000e+04 -4.208000000000000000e+03 -1.210000000000000000e+02 4.150000000000000000e+02
6.456000000000000000e+03 1.912000000000000000e+03 1.360800000000000000e+04 -4.208000000000000000e+03 1.790000000000000000e+02 -3.920000000000000000e+02
6.296000000000000000e+03 1.880000000000000000e+03 1.322400000000000000e+04 -4.208000000000000000e+03 -3.150000000000000000e+02 9.200000000000000000e+01
6.232000000000000000e+03 1.812000000000000000e+03 1.325200000000000000e+04 -4.176000000000000000e+03 -8.010000000000000000e+02 4.840000000000000000e+02
6.296000000000000000e+03 1.736000000000000000e+03 1.318800000000000000e+04 -4.192000000000000000e+03 -2.250000000000000000e+02 5.180000000000000000e+02
6.064000000000000000e+03 1.400000000000000000e+03 1.320000000000000000e+04 -4.240000000000000000e+03 -4.280000000000000000e+02 8.240000000000000000e+02
5.956000000000000000e+03 2.000000000000000000e+03 1.304400000000000000e+04 -4.208000000000000000e+03 -7.750000000000000000e+02 1.136000000000000000e+03
1.376000000000000000e+03 1.960000000000000000e+03 1.308000000000000000e+04 -4.208000000000000000e+03 -1.027000000000000000e+03 1.514000000000000000e+03
4.108000000000000000e+03 2.028000000000000000e+03 1.333200000000000000e+04 -4.224000000000000000e+03 -1.013000000000000000e+03 1.749000000000000000e+03
6.076000000000000000e+03 2.076000000000000000e+03 1.338400000000000000e+04 -4.192000000000000000e+03 -9.160000000000000000e+02 1.944000000000000000e+03
6.860000000000000000e+03 2.160000000000000000e+03 1.363200000000000000e+04 -4.208000000000000000e+03 -8.080000000000000000e+02 2.102000000000000000e+03
6.876000000000000000e+03 1.860000000000000000e+03 1.402000000000000000e+04 -4.240000000000000000e+03 -7.500000000000000000e+02 2.094000000000000000e+03
6.628000000000000000e+03 1.592000000000000000e+03 1.886000000000000000e+04 -4.224000000000000000e+03 -6.980000000000000000e+02 2.252000000000000000e+03
6.852000000000000000e+03 1.484000000000000000e+03 1.687200000000000000e+04 -4.192000000000000000e+03 -5.980000000000000000e+02 2.426000000000000000e+03
7.472000000000000000e+03 1.652000000000000000e+03 2.919600000000000000e+04 -4.192000000000000000e+03 -3.980000000000000000e+02 2.544000000000000000e+03
7.320000000000000000e+03 1.740000000000000000e+03 1.972400000000000000e+04 -4.224000000000000000e+03 -2.410000000000000000e+02 5.260000000000000000e+03
6.788000000000000000e+03 1.964000000000000000e+03 1.998400000000000000e+04 -4.192000000000000000e+03 -1.410000000000000000e+02 2.185000000000000000e+03
6.504000000000000000e+03 1.724000000000000000e+03 1.968000000000000000e+04 -4.192000000000000000e+03 -7.500000000000000000e+01 1.344000000000000000e+03
6.012000000000000000e+03 5.728000000000000000e+03 1.874800000000000000e+04 -4.224000000000000000e+03 9.600000000000000000e+01 2.076000000000000000e+03
4.112000000000000000e+03 5.084000000000000000e+03 1.788000000000000000e+04 -4.224000000000000000e+03 1.184000000000000000e+03 2.168000000000000000e+03
6.476000000000000000e+03 3.348000000000000000e+03 1.648800000000000000e+04 -4.224000000000000000e+03 1.170000000000000000e+02 2.221000000000000000e+03
1.499600000000000000e+04 2.160000000000000000e+03 1.402800000000000000e+04 -4.224000000000000000e+03 -1.280000000000000000e+02 2.061000000000000000e+03
2.348000000000000000e+03 2.740000000000000000e+03 1.159600000000000000e+04 -4.192000000000000000e+03 -2.910000000000000000e+02 1.673000000000000000e+03
8.804000000000000000e+03 2.672000000000000000e+03 7.756000000000000000e+03 -4.224000000000000000e+03 -1.860000000000000000e+02 1.334000000000000000e+03
9.496000000000000000e+03 2.284000000000000000e+03 4.464000000000000000e+03 -4.176000000000000000e+03 -5.000000000000000000e+00 1.020000000000000000e+03
9.236000000000000000e+03 2.592000000000000000e+03 1.976000000000000000e+03 -4.224000000000000000e+03 1.110000000000000000e+02 5.290000000000000000e+02
8.084000000000000000e+03 1.732000000000000000e+03 1.272000000000000000e+03 -4.208000000000000000e+03 1.640000000000000000e+02 1.700000000000000000e+02
7.896000000000000000e+03 1.508000000000000000e+03 1.668000000000000000e+03 -4.192000000000000000e+03 -5.200000000000000000e+01 -9.100000000000000000e+01
8.068000000000000000e+03 1.248000000000000000e+03 3.904000000000000000e+03 -4.176000000000000000e+03 -1.120000000000000000e+02 -4.230000000000000000e+02
7.624000000000000000e+03 7.080000000000000000e+02 1.016800000000000000e+04 -4.176000000000000000e+03 -3.250000000000000000e+02 -6.740000000000000000e+02
6.256000000000000000e+03 3.200000000000000000e+02 1.762000000000000000e+04 -4.192000000000000000e+03 -2.720000000000000000e+02 -9.010000000000000000e+02
4.600000000000000000e+03 1.960000000000000000e+02 1.753600000000000000e+04 -4.224000000000000000e+03 -3.000000000000000000e+02 -1.225000000000000000e+03
2.920000000000000000e+03 1.120000000000000000e+02 1.573200000000000000e+04 -4.256000000000000000e+03 4.000000000000000000e+00 -1.550000000000000000e+03
2.280000000000000000e+03 2.800000000000000000e+02 1.218000000000000000e+04 -4.240000000000000000e+03 6.500000000000000000e+01 -1.760000000000000000e+03
2.160000000000000000e+03 4.480000000000000000e+02 1.057600000000000000e+04 -4.224000000000000000e+03 1.600000000000000000e+01 -1.968000000000000000e+03
2.596000000000000000e+03 4.424000000000000000e+03 1.053200000000000000e+04 -4.240000000000000000e+03 -4.700000000000000000e+01 -1.852000000000000000e+03
4.384000000000000000e+03 2.812000000000000000e+03 1.268800000000000000e+04 -4.224000000000000000e+03 2.010000000000000000e+02 -1.612000000000000000e+03
6.760000000000000000e+02 3.192000000000000000e+03 1.505200000000000000e+04 -4.208000000000000000e+03 1.160000000000000000e+02 -1.404000000000000000e+03
-4.376000000000000000e+03 2.704000000000000000e+03 1.374800000000000000e+04 -4.192000000000000000e+03 6.800000000000000000e+01 -1.107000000000000000e+03
9.040000000000000000e+03 1.720000000000000000e+03 1.244000000000000000e+04 -4.208000000000000000e+03 2.000000000000000000e+02 -7.590000000000000000e+02
1.006000000000000000e+04 1.188000000000000000e+03 1.008400000000000000e+04 -4.192000000000000000e+03 1.900000000000000000e+02 -4.090000000000000000e+02
6.512000000000000000e+03 9.000000000000000000e+02 7.668000000000000000e+03 -4.192000000000000000e+03 1.720000000000000000e+02 -1.830000000000000000e+02
2.488000000000000000e+03 1.244000000000000000e+03 7.252000000000000000e+03 -4.224000000000000000e+03 2.000000000000000000e+00 -9.600000000000000000e+01
1.728000000000000000e+03 1.876000000000000000e+03 9.780000000000000000e+03 -4.256000000000000000e+03 1.100000000000000000e+01 2.418000000000000000e+03
3.612000000000000000e+03 2.080000000000000000e+03 1.177600000000000000e+04 -4.224000000000000000e+03 -6.000000000000000000e+01 8.750000000000000000e+02
4.912000000000000000e+03 1.816000000000000000e+03 1.042000000000000000e+04 -4.224000000000000000e+03 -2.240000000000000000e+02 3.670000000000000000e+02
4.168000000000000000e+03 1.564000000000000000e+03 1.141600000000000000e+04 -4.208000000000000000e+03 -3.410000000000000000e+02 3.005000000000000000e+03
2.976000000000000000e+03 9.840000000000000000e+02 1.324000000000000000e+04 -4.224000000000000000e+03 -7.594000000000000000e+03 3.357000000000000000e+03
2.320000000000000000e+03 6.920000000000000000e+02 1.303600000000000000e+04 -4.192000000000000000e+03 3.040000000000000000e+02 5.610000000000000000e+02
1.764000000000000000e+03 1.224000000000000000e+03 1.418000000000000000e+04 -4.224000000000000000e+03 -5.400000000000000000e+02 -1.340000000000000000e+02
1.340000000000000000e+03 1.468000000000000000e+03 1.588800000000000000e+04 -4.192000000000000000e+03 -4.469000000000000000e+03 -1.580000000000000000e+02
