2.644000000000000000e+03 2.764000000000000000e+03 1.410400000000000000e+04 -4.192000000000000000e+03 -2.180000000000000000e+02 6.890000000000000000e+02
3.176000000000000000e+03 2.296000000000000000e+03 1.450400000000000000e+04 -4.192000000000000000e+03 -2.220000000000000000e+02 5.610000000000000000e+02
3.072000000000000000e+03 2.076000000000000000e+03 1.451600000000000000e+04 -4.176000000000000000e+03 -2.520000000000000000e+02 4.340000000000000000e+02
3.460000000000000000e+03 2.304000000000000000e+03 1.420400000000000000e+04 -4.176000000000000000e+03 -2.390000000000000000e+02 3.440000000000000000e+02
3.412000000000000000e+03 2.416000000000000000e+03 1.427600000000000000e+04 -4.192000000000000000e+03 -2.700000000000000000e+02 2.570000000000000000e+02
3.836000000000000000e+03 2.396000000000000000e+03 1.451600000000000000e+04 -4.208000000000000000e+03 -2.360000000000000000e+02 1.900000000000000000e+02
3.648000000000000000e+03 2.268000000000000000e+03 1.476400000000000000e+04 -4.176000000000000000e+03 -2.480000000000000000e+02 2.190000000000000000e+02
2.520000000000000000e+03 2.080000000000000000e+03 1.462800000000000000e+04 -4.192000000000000000e+03 -2.610000000000000000e+02 1.930000000000000000e+02
2.344000000000000000e+03 2.036000000000000000e+03 1.442000000000000000e+04 -4.176000000000000000e+03 -2.670000000000000000e+02 -1.900000000000000000e+01
2.604000000000000000e+03 2.044000000000000000e+03 1.425600000000000000e+04 -4.192000000000000000e+03 -2.590000000000000000e+02 -1.380000000000000000e+02
2.268000000000000000e+03 2.212000000000000000e+03 1.447600000000000000e+04 -4.176000000000000000e+03 -2.820000000000000000e+02 -1.780000000000000000e+02
1.460000000000000000e+03 2.188000000000000000e+03 1.446800000000000000e+04 -4.192000000000000000e+03 -2.840000000000000000e+02 -2.900000000000000000e+02
9.600000000000000000e+02 2.116000000000000000e+03 1.448000000000000000e+04 -4.176000000000000000e+03 -3.060000000000000000e+02 -2.090000000000000000e+02
4.840000000000000000e+02 2.388000000000000000e+03 1.449200000000000000e+04 -4.176000000000000000e+03 -3.060000000000000000e+02 -1.000000000000000000e+02
1.120000000000000000e+03 2.436000000000000000e+03 1.459600000000000000e+04 -4.192000000000000000e+03 -2.980000000000000000e+02 2.048000000000000000e+03
1.728000000000000000e+03 2.392000000000000000e+03 1.446400000000000000e+04 -4.208000000000000000e+03 -1.220000000000000000e+02 1.400000000000000000e+01
1.428000000000000000e+03 2.364000000000000000e+03 1.452400000000000000e+04 -4.192000000000000000e+03 6.010000000000000000e+02 -2.070000000000000000e+02
1.316000000000000000e+03 2.272000000000000000e+03 1.453200000000000000e+04 -4.176000000000000000e+03 1.407000000000000000e+03 -5.200000000000000000e+01
1.336000000000000000e+03 2.200000000000000000e+03 1.444000000000000000e+04 -4.176000000000000000e+03 -1.315000000000000000e+03 -4.300000000000000000e+01
1.152000000000000000e+03 2.204000000000000000e+03 1.456000000000000000e+04 -4.144000000000000000e+03 -8.510000000000000000e+02 -1.140000000000000000e+02
1.156000000000000000e+03 2.248000000000000000e+03 1.448800000000000000e+04 -4.208000000000000000e+03 -9.210000000000000000e+02 6.580000000000000000e+02
1.028000000000000000e+03 2.396000000000000000e+03 1.464000000000000000e+04 -4.192000000000000000e+03 -9.070000000000000000e+02 5.440000000000000000e+02
1.096000000000000000e+03 2.372000000000000000e+03 1.453200000000000000e+04 -4.192000000000000000e+03 -9.800000000000000000e+02 6.790000000000000000e+02
1.172000000000000000e+03 2.368000000000000000e+03 1.452400000000000000e+04 -4.192000000000000000e+03 -8.320000000000000000e+02 7.190000000000000000e+02
1.360000000000000000e+03 2.312000000000000000e+03 1.434400000000000000e+04 -4.192000000000000000e+03 -1.007000000000000000e+03 1.008000000000000000e+03
1.024000000000000000e+03 2.348000000000000000e+03 1.546400000000000000e+04 -4.192000000000000000e+03 -9.180000000000000000e+02 1.089000000000000000e+03
9.400000000000000000e+02 2.336000000000000000e+03 9.008000000000000000e+03 -4.224000000000000000e+03 -8.720000000000000000e+02 1.145000000000000000e+03
1.268000000000000000e+03 2.120000000000000000e+03 2.514400000000000000e+04 -4.144000000000000000e+03 -6.720000000000000000e+02 1.335000000000000000e+03
1.256000000000000000e+03 2.428000000000000000e+03 2.026800000000000000e+04 -4.192000000000000000e+03 -5.600000000000000000e+02 1.676000000000000000e+03
1.020000000000000000e+03 2.816000000000000000e+03 2.153200000000000000e+04 -4.208000000000000000e+03 -3.840000000000000000e+02 4.424000000000000000e+03
1.876000000000000000e+03 -3.672000000000000000e+03 2.156400000000000000e+04 -4.160000000000000000e+03 -1.400000000000000000e+02 1.133000000000000000e+03
7.640000000000000000e+02 -3.012000000000000000e+03 1.996800000000000000e+04 -4.192000000000000000e+03 1.090000000000000000e+02 1.774000000000000000e+03
1.800000000000000000e+03 2.944000000000000000e+03 1.988800000000000000e+04 -4.192000000000000000e+03 4.180000000000000000e+02 1.196000000000000000e+03
3.980000000000000000e+03 3.024000000000000000e+03 1.861200000000000000e+04 -4.176000000000000000e+03 2.980000000000000000e+02 2.022000000000000000e+03
4.340000000000000000e+03 2.948000000000000000e+03 1.595200000000000000e+04 -4.160000000000000000e+03 8.010000000000000000e+02 3.643000000000000000e+03
3.368000000000000000e+03 2.904000000000000000e+03 1.266800000000000000e+04 -4.208000000000000000e+03 -7.940000000000000000e+02 1.067000000000000000e+03
2.388000000000000000e+03 3.068000000000000000e+03 9.372000000000000000e+03 -4.176000000000000000e+03 -4.060000000000000000e+02 -1.971000000000000000e+03
2.776000000000000000e+03 2.716000000000000000e+03 6.112000000000000000e+03 -4.192000000000000000e+03 7.700000000000000000e+01 1.100000000000000000e+02
3.180000000000000000e+03 2.140000000000000000e+03 2.720000000000000000e+03 -4.224000000000000000e+03 1.150000000000000000e+02 6.370000000000000000e+02
2.800000000000000000e+03 1.492000000000000000e+03 1.060000000000000000e+03 -4.192000000000000000e+03 -3.080000000000000000e+02 1.600000000000000000e+01
2.532000000000000000e+03 8.480000000000000000e+02 1.852000000000000000e+03 -4.176000000000000000e+03 -2.920000000000000000e+02 1.510000000000000000e+03
2.036000000000000000e+03 6.640000000000000000e+02 1.860000000000000000e+03 -4.176000000000000000e+03 -2.730000000000000000e+02 -5.080000000000000000e+02
1.772000000000000000e+03 3.120000000000000000e+02 1.220800000000000000e+04 -4.192000000000000000e+03 -3.360000000000000000e+02 -1.130000000000000000e+03
1.548000000000000000e+03 1.680000000000000000e+02 1.775600000000000000e+04 -4.192000000000000000e+03 -3.460000000000000000e+02 -1.123000000000000000e+03
1.052000000000000000e+03 -6.000000000000000000e+01 1.572400000000000000e+04 -4.176000000000000000e+03 -8.290000000000000000e+02 -1.385000000000000000e+03
9.280000000000000000e+02 8.760000000000000000e+02 1.608400000000000000e+04 -4.176000000000000000e+03 -8.500000000000000000e+02 -3.325000000000000000e+03
1.868000000000000000e+03 1.724000000000000000e+03 1.097200000000000000e+04 -4.160000000000000000e+03 -5.050000000000000000e+02 -9.220000000000000000e+02
1.680000000000000000e+02 2.592000000000000000e+03 1.267600000000000000e+04 -4.224000000000000000e+03 -6.640000000000000000e+02 -3.096000000000000000e+03
-1.549600000000000000e+04 3.300000000000000000e+03 1.530000000000000000e+04 -4.160000000000000000e+03 -1.022000000000000000e+03 -1.492000000000000000e+03
1.784000000000000000e+03 2.944000000000000000e+03 1.626400000000000000e+04 -4.208000000000000000e+03 -6.590000000000000000e+02 -2.005000000000000000e+03
1.029600000000000000e+04 1.768000000000000000e+03 1.388400000000000000e+04 -4.192000000000000000e+03 -6.230000000000000000e+02 -1.108000000000000000e+03
3.140000000000000000e+03 2.636000000000000000e+03 1.202000000000000000e+04 -4.208000000000000000e+03 -5.300000000000000000e+02 -1.702000000000000000e+03
-2.060000000000000000e+03 2.988000000000000000e+03 1.014800000000000000e+04 -4.192000000000000000e+03 -5.140000000000000000e+02 -1.661000000000000000e+03
3.480000000000000000e+02 2.836000000000000000e+03 9.644000000000000000e+03 -4.192000000000000000e+03 -3.370000000000000000e+02 -1.626000000000000000e+03
1.788000000000000000e+03 2.080000000000000000e+03 7.324000000000000000e+03 -4.192000000000000000e+03 -7.900000000000000000e+01 -1.446000000000000000e+03
8.120000000000000000e+02 2.208000000000000000e+03 7.668000000000000000e+03 -4.224000000000000000e+03 -1.230000000000000000e+02 -1.221000000000000000e+03
4.920000000000000000e+02 1.900000000000000000e+03 1.255600000000000000e+04 -4.208000000000000000e+03 6.000000000000000000e+01 -6.200000000000000000e+02
4.000000000000000000e+01 2.720000000000000000e+03 1.083200000000000000e+04 -4.176000000000000000e+03 2.830000000000000000e+02 -5.230000000000000000e+02
-6.000000000000000000e+01 1.112000000000000000e+03 1.075600000000000000e+04 -4.160000000000000000e+03 1.890000000000000000e+02 -1.086700000000000000e+04
-1.284000000000000000e+03 9.000000000000000000e+02 1.382400000000000000e+04 -4.192000000000000000e+03 2.170000000000000000e+02 -4.450000000000000000e+02
-1.284000000000000000e+03 2.180000000000000000e+03 1.502400000000000000e+04 -4.192000000000000000e+03 -3.440000000000000000e+02 -2.430000000000000000e+03
-6.320000000000000000e+02 1.708000000000000000e+03 1.622400000000000000e+04 -4.192000000000000000e+03 1.723700000000000000e+04 3.329000000000000000e+03
3.520000000000000000e+02 1.296000000000000000e+03 1.510800000000000000e+04 -4.208000000000000000e+03 -6.470000000000000000e+02 -1.712000000000000000e+03
-3.200000000000000000e+01 1.820000000000000000e+03 1.631200000000000000e+04 -4.192000000000000000e+03 1.034000000000000000e+03 -8.260000000000000000e+02
3.040000000000000000e+02 1.624000000000000000e+03 1.604400000000000000e+04 -4.192000000000000000e+03 9.280000000000000000e+02 -8.000000000000000000e+00
7.720000000000000000e+02 1.784000000000000000e+03 1.694000000000000000e+04 -4.192000000000000000e+03 5.170000000000000000e+02 -3.100000000000000000e+02
