2.840000000000000000e+02 2.116000000000000000e+03 1.437200000000000000e+04 -4.640000000000000000e+03 -2.430000000000000000e+02 4.320000000000000000e+02
2.400000000000000000e+01 1.453200000000000000e+04 1.455200000000000000e+04 -4.656000000000000000e+03 -2.830000000000000000e+02 3.680000000000000000e+02
-1.920000000000000000e+02 2.432000000000000000e+03 1.446000000000000000e+04 -4.656000000000000000e+03 -2.830000000000000000e+02 2.090000000000000000e+02
-2.760000000000000000e+02 2.280000000000000000e+03 1.451600000000000000e+04 -4.640000000000000000e+03 -2.770000000000000000e+02 2.340000000000000000e+02
-1.000000000000000000e+02 2.164000000000000000e+03 1.435200000000000000e+04 -4.656000000000000000e+03 -3.040000000000000000e+02 2.390000000000000000e+02
8.000000000000000000e+01 2.236000000000000000e+03 1.440400000000000000e+04 -4.672000000000000000e+03 -2.840000000000000000e+02 1.560000000000000000e+02
-4.800000000000000000e+01 2.308000000000000000e+03 1.448800000000000000e+04 -4.624000000000000000e+03 -2.570000000000000000e+02 1.760000000000000000e+02
-6.600000000000000000e+02 2.144000000000000000e+03 1.452400000000000000e+04 -4.656000000000000000e+03 -2.940000000000000000e+02 1.220000000000000000e+02
-8.560000000000000000e+02 2.072000000000000000e+03 1.429600000000000000e+04 -4.640000000000000000e+03 -2.770000000000000000e+02 6.300000000000000000e+01
-7.720000000000000000e+02 2.092000000000000000e+03 1.444800000000000000e+04 -4.656000000000000000e+03 -2.920000000000000000e+02 -8.000000000000000000e+01
-1.100000000000000000e+03 2.112000000000000000e+03 1.434400000000000000e+04 -4.640000000000000000e+03 -2.950000000000000000e+02 -2.310000000000000000e+02
-1.680000000000000000e+03 2.092000000000000000e+03 1.432800000000000000e+04 -4.640000000000000000e+03 -2.910000000000000000e+02 -1.480000000000000000e+02
-2.272000000000000000e+03 2.180000000000000000e+03 1.430400000000000000e+04 -4.656000000000000000e+03 -3.080000000000000000e+02 2.100000000000000000e+02
-1.748000000000000000e+03 2.544000000000000000e+03 1.435200000000000000e+04 -4.640000000000000000e+03 -3.070000000000000000e+02 6.900000000000000000e+02
-1.424000000000000000e+03 2.428000000000000000e+03 1.432000000000000000e+04 -4.640000000000000000e+03 -2.780000000000000000e+02 1.640000000000000000e+03
-1.168000000000000000e+03 2.436000000000000000e+03 1.437600000000000000e+04 -4.656000000000000000e+03 -3.350000000000000000e+02 3.283000000000000000e+03
-1.104000000000000000e+03 2.348000000000000000e+03 1.452400000000000000e+04 -4.640000000000000000e+03 -1.490000000000000000e+02 -3.670000000000000000e+02
-1.204000000000000000e+03 2.300000000000000000e+03 1.455600000000000000e+04 -4.624000000000000000e+03 4.280000000000000000e+02 2.340000000000000000e+02
-1.612000000000000000e+03 2.260000000000000000e+03 1.451600000000000000e+04 -4.640000000000000000e+03 -7.910000000000000000e+02 2.170000000000000000e+02
-1.464000000000000000e+03 2.116000000000000000e+03 1.443600000000000000e+04 -4.656000000000000000e+03 1.829000000000000000e+03 2.580000000000000000e+02
-1.256000000000000000e+03 2.176000000000000000e+03 1.434400000000000000e+04 -4.656000000000000000e+03 -1.468000000000000000e+03 4.800000000000000000e+02
-1.404000000000000000e+03 2.056000000000000000e+03 1.443600000000000000e+04 -4.608000000000000000e+03 -8.780000000000000000e+02 9.100000000000000000e+02
-1.436000000000000000e+03 2.140000000000000000e+03 1.421200000000000000e+04 -4.656000000000000000e+03 -9.710000000000000000e+02 1.307000000000000000e+03
-1.472000000000000000e+03 2.236000000000000000e+03 1.430400000000000000e+04 -4.640000000000000000e+03 -9.160000000000000000e+02 1.612000000000000000e+03
-1.436000000000000000e+03 2.208000000000000000e+03 1.990800000000000000e+04 -4.656000000000000000e+03 -9.450000000000000000e+02 1.880000000000000000e+03
-1.628000000000000000e+03 2.340000000000000000e+03 2.696800000000000000e+04 -4.672000000000000000e+03 -7.900000000000000000e+02 1.913000000000000000e+03
-1.556000000000000000e+03 2.268000000000000000e+03 2.150800000000000000e+04 -4.656000000000000000e+03 -8.180000000000000000e+02 1.872000000000000000e+03
-1.400000000000000000e+03 2.316000000000000000e+03 2.174400000000000000e+04 -4.640000000000000000e+03 -6.140000000000000000e+02 1.796000000000000000e+03
-1.060000000000000000e+03 2.252000000000000000e+03 2.027200000000000000e+04 -4.640000000000000000e+03 -6.800000000000000000e+02 1.772000000000000000e+03
-4.240000000000000000e+02 1.712000000000000000e+03 2.020000000000000000e+04 -4.672000000000000000e+03 -6.650000000000000000e+02 4.135000000000000000e+03
-3.280000000000000000e+02 1.588000000000000000e+03 2.002000000000000000e+04 -4.672000000000000000e+03 -5.610000000000000000e+02 4.075000000000000000e+03
-3.112000000000000000e+03 5.860000000000000000e+03 1.982800000000000000e+04 -4.624000000000000000e+03 -4.620000000000000000e+02 -2.380000000000000000e+02
-5.376000000000000000e+03 1.261200000000000000e+04 1.809600000000000000e+04 -4.640000000000000000e+03 -3.720000000000000000e+02 1.899000000000000000e+03
-3.456000000000000000e+03 1.616000000000000000e+03 1.614400000000000000e+04 -4.688000000000000000e+03 -1.950000000000000000e+02 2.609000000000000000e+03
-3.180000000000000000e+03 3.972000000000000000e+03 1.272800000000000000e+04 -4.656000000000000000e+03 -4.900000000000000000e+01 2.210000000000000000e+03
-1.732000000000000000e+03 2.900000000000000000e+03 8.588000000000000000e+03 -4.656000000000000000e+03 1.120000000000000000e+02 2.270000000000000000e+03
-1.224000000000000000e+03 2.384000000000000000e+03 4.100000000000000000e+03 -4.640000000000000000e+03 -8.000000000000000000e+01 5.211000000000000000e+03
-4.200000000000000000e+02 2.380000000000000000e+03 1.432000000000000000e+03 -4.656000000000000000e+03 -4.880000000000000000e+02 -1.941000000000000000e+03
1.480000000000000000e+02 2.504000000000000000e+03 4.200000000000000000e+02 -4.640000000000000000e+03 -5.830000000000000000e+02 -3.330000000000000000e+02
-1.320000000000000000e+02 2.128000000000000000e+03 -1.624000000000000000e+03 -4.672000000000000000e+03 -3.500000000000000000e+02 6.870000000000000000e+02
-4.640000000000000000e+02 2.048000000000000000e+03 1.126400000000000000e+04 -4.656000000000000000e+03 8.000000000000000000e+01 6.790000000000000000e+02
-7.120000000000000000e+02 1.648000000000000000e+03 1.463200000000000000e+04 -4.672000000000000000e+03 1.170000000000000000e+02 5.990000000000000000e+02
-4.840000000000000000e+02 1.416000000000000000e+03 2.138000000000000000e+04 -4.640000000000000000e+03 2.240000000000000000e+02 3.300000000000000000e+02
-3.520000000000000000e+02 8.560000000000000000e+02 1.970800000000000000e+04 -4.656000000000000000e+03 -2.110000000000000000e+02 -9.700000000000000000e+01
-3.720000000000000000e+02 3.000000000000000000e+02 1.325200000000000000e+04 -4.656000000000000000e+03 -3.120000000000000000e+02 -2.300000000000000000e+01
-1.120000000000000000e+02 2.400000000000000000e+01 8.908000000000000000e+03 -4.672000000000000000e+03 -2.810000000000000000e+02 -1.480000000000000000e+02
1.204000000000000000e+03 9.080000000000000000e+02 6.236000000000000000e+03 -4.624000000000000000e+03 -3.620000000000000000e+02 -1.033000000000000000e+03
-1.667200000000000000e+04 2.788000000000000000e+03 9.884000000000000000e+03 -4.656000000000000000e+03 -1.720000000000000000e+02 -9.760000000000000000e+02
-4.064000000000000000e+03 3.196000000000000000e+03 1.810800000000000000e+04 -4.640000000000000000e+03 -2.380000000000000000e+02 -1.534000000000000000e+03
-6.520000000000000000e+02 4.100000000000000000e+03 1.482000000000000000e+04 -4.656000000000000000e+03 -3.340000000000000000e+02 -2.214000000000000000e+03
-6.400000000000000000e+01 3.252000000000000000e+03 1.158800000000000000e+04 -4.656000000000000000e+03 -2.510000000000000000e+02 -2.771000000000000000e+03
1.108000000000000000e+03 2.024000000000000000e+03 8.576000000000000000e+03 -4.656000000000000000e+03 -3.650000000000000000e+02 -3.442000000000000000e+03
1.920000000000000000e+02 1.604000000000000000e+03 5.132000000000000000e+03 -4.640000000000000000e+03 -4.790000000000000000e+02 -3.284000000000000000e+03
-5.160000000000000000e+03 9.400000000000000000e+02 4.420000000000000000e+03 -4.640000000000000000e+03 -1.230000000000000000e+02 -3.991000000000000000e+03
-7.756000000000000000e+03 1.060000000000000000e+03 6.860000000000000000e+03 -4.656000000000000000e+03 -1.050000000000000000e+02 -3.024000000000000000e+03
-6.848000000000000000e+03 2.660000000000000000e+03 8.048000000000000000e+03 -4.640000000000000000e+03 5.900000000000000000e+01 1.129000000000000000e+04
-2.720000000000000000e+03 2.788000000000000000e+03 1.062400000000000000e+04 -4.672000000000000000e+03 2.880000000000000000e+02 5.695000000000000000e+03
-1.096000000000000000e+03 2.740000000000000000e+03 1.382800000000000000e+04 -4.656000000000000000e+03 2.280000000000000000e+02 -7.170000000000000000e+02
-2.548000000000000000e+03 1.884000000000000000e+03 1.571600000000000000e+04 -4.656000000000000000e+03 3.700000000000000000e+02 2.400000000000000000e+01
-2.956000000000000000e+03 8.880000000000000000e+02 1.637600000000000000e+04 -4.640000000000000000e+03 -2.566000000000000000e+03 4.906000000000000000e+03
-2.488000000000000000e+03 8.360000000000000000e+02 1.799200000000000000e+04 -4.640000000000000000e+03 5.184000000000000000e+03 -3.000000000000000000e+01
-2.460000000000000000e+03 1.680000000000000000e+03 1.699200000000000000e+04 -4.672000000000000000e+03 1.059000000000000000e+03 -2.470000000000000000e+02
-2.460000000000000000e+03 1.420000000000000000e+03 1.672800000000000000e+04 -4.640000000000000000e+03 3.335000000000000000e+03 -4.640000000000000000e+02
-2.792000000000000000e+03 1.424000000000000000e+03 1.891600000000000000e+04 -4.640000000000000000e+03 -6.960000000000000000e+02 -3.080000000000000000e+02
-2.764000000000000000e+03 2.104000000000000000e+03 1.812000000000000000e+04 -4.656000000000000000e+03 1.970000000000000000e+02 -9.000000000000000000e+00
-3.428000000000000000e+03 1.936000000000000000e+03 -1.569600000000000000e+04 -4.640000000000000000e+03 -1.087000000000000000e+03 -5.300000000000000000e+01
-3.716000000000000000e+03 1.676000000000000000e+03 -5.256000000000000000e+03 -4.656000000000000000e+03 -4.880000000000000000e+02 -1.185000000000000000e+03
