4.616000000000000000e+03 3.424000000000000000e+03 1.507600000000000000e+04 -4.160000000000000000e+03 -2.860000000000000000e+02 3.200000000000000000e+01
4.248000000000000000e+03 -2.830000000000000000e+02 1.458800000000000000e+04 -4.160000000000000000e+03 -2.920000000000000000e+02 1.300000000000000000e+01
1.600000000000000000e+02 2.876000000000000000e+03 1.401600000000000000e+04 -4.176000000000000000e+03 -3.050000000000000000e+02 2.300000000000000000e+01
3.624000000000000000e+03 2.292000000000000000e+03 1.405600000000000000e+04 -4.128000000000000000e+03 -2.930000000000000000e+02 1.800000000000000000e+01
3.980000000000000000e+03 1.360000000000000000e+03 1.445600000000000000e+04 -4.144000000000000000e+03 -2.920000000000000000e+02 5.300000000000000000e+01
3.968000000000000000e+03 1.316000000000000000e+03 1.440400000000000000e+04 -4.160000000000000000e+03 -2.840000000000000000e+02 5.500000000000000000e+01
3.488000000000000000e+03 1.360000000000000000e+03 1.445200000000000000e+04 -4.160000000000000000e+03 -2.970000000000000000e+02 1.190000000000000000e+02
3.268000000000000000e+03 1.684000000000000000e+03 1.424400000000000000e+04 -4.160000000000000000e+03 -2.590000000000000000e+02 2.110000000000000000e+02
3.352000000000000000e+03 2.560000000000000000e+03 1.411200000000000000e+04 -4.192000000000000000e+03 -2.910000000000000000e+02 2.630000000000000000e+02
3.476000000000000000e+03 3.164000000000000000e+03 1.429600000000000000e+04 -4.192000000000000000e+03 -3.230000000000000000e+02 3.360000000000000000e+02
3.548000000000000000e+03 2.828000000000000000e+03 1.422000000000000000e+04 -4.192000000000000000e+03 -3.170000000000000000e+02 3.700000000000000000e+02
3.260000000000000000e+03 2.152000000000000000e+03 1.430800000000000000e+04 -4.176000000000000000e+03 -2.990000000000000000e+02 2.690000000000000000e+02
3.496000000000000000e+03 1.756000000000000000e+03 1.420000000000000000e+04 -4.144000000000000000e+03 -3.160000000000000000e+02 8.300000000000000000e+01
3.680000000000000000e+03 1.524000000000000000e+03 1.423600000000000000e+04 -4.192000000000000000e+03 -3.000000000000000000e+02 -1.960000000000000000e+02
3.464000000000000000e+03 1.724000000000000000e+03 1.430800000000000000e+04 -4.160000000000000000e+03 -2.890000000000000000e+02 -2.200000000000000000e+02
3.696000000000000000e+03 2.084000000000000000e+03 1.407200000000000000e+04 -4.176000000000000000e+03 -2.940000000000000000e+02 -1.210000000000000000e+02
3.560000000000000000e+03 2.480000000000000000e+03 1.412000000000000000e+04 -4.160000000000000000e+03 -3.100000000000000000e+02 1.290000000000000000e+02
3.664000000000000000e+03 2.560000000000000000e+03 1.416400000000000000e+04 -4.176000000000000000e+03 -3.010000000000000000e+02 3.240000000000000000e+02
3.748000000000000000e+03 2.464000000000000000e+03 1.436400000000000000e+04 -4.160000000000000000e+03 -3.100000000000000000e+02 3.730000000000000000e+02
3.764000000000000000e+03 2.104000000000000000e+03 1.431200000000000000e+04 -4.176000000000000000e+03 -2.980000000000000000e+02 1.460000000000000000e+02
3.812000000000000000e+03 1.908000000000000000e+03 1.426800000000000000e+04 -4.176000000000000000e+03 -2.820000000000000000e+02 -7.000000000000000000e+00
3.648000000000000000e+03 1.864000000000000000e+03 1.421600000000000000e+04 -4.160000000000000000e+03 -2.660000000000000000e+02 1.900000000000000000e+01
3.492000000000000000e+03 2.080000000000000000e+03 1.441200000000000000e+04 -4.160000000000000000e+03 -2.620000000000000000e+02 4.800000000000000000e+01
3.352000000000000000e+03 2.212000000000000000e+03 1.417200000000000000e+04 -4.160000000000000000e+03 -1.990000000000000000e+02 1.380000000000000000e+02
3.084000000000000000e+03 2.492000000000000000e+03 1.406400000000000000e+04 -4.176000000000000000e+03 -2.750000000000000000e+02 -7.500000000000000000e+01
3.300000000000000000e+03 2.336000000000000000e+03 1.397600000000000000e+04 -4.128000000000000000e+03 -1.700000000000000000e+02 -1.855000000000000000e+03
3.848000000000000000e+03 1.956000000000000000e+03 1.420400000000000000e+04 -4.208000000000000000e+03 3.750000000000000000e+02 1.253000000000000000e+03
3.888000000000000000e+03 1.836000000000000000e+03 1.429200000000000000e+04 -4.176000000000000000e+03 1.703000000000000000e+03 -1.640000000000000000e+03
4.028000000000000000e+03 1.968000000000000000e+03 1.416000000000000000e+04 -4.160000000000000000e+03 1.753000000000000000e+03 -8.880000000000000000e+02
3.984000000000000000e+03 2.228000000000000000e+03 1.404800000000000000e+04 -4.128000000000000000e+03 9.200000000000000000e+01 -4.710000000000000000e+02
3.472000000000000000e+03 2.196000000000000000e+03 1.415200000000000000e+04 -4.176000000000000000e+03 -8.360000000000000000e+02 -8.700000000000000000e+01
3.252000000000000000e+03 2.296000000000000000e+03 1.408000000000000000e+04 -4.144000000000000000e+03 -6.020000000000000000e+02 2.530000000000000000e+02
3.756000000000000000e+03 2.196000000000000000e+03 1.422800000000000000e+04 -4.160000000000000000e+03 -4.550000000000000000e+02 5.800000000000000000e+02
3.836000000000000000e+03 2.104000000000000000e+03 2.274000000000000000e+04 -4.160000000000000000e+03 -4.050000000000000000e+02 8.060000000000000000e+02
3.644000000000000000e+03 2.076000000000000000e+03 3.276700000000000000e+04 -4.160000000000000000e+03 -4.190000000000000000e+02 7.910000000000000000e+02
3.720000000000000000e+03 2.116000000000000000e+03 2.886400000000000000e+04 -4.192000000000000000e+03 -4.220000000000000000e+02 8.030000000000000000e+02
2.760000000000000000e+03 1.844000000000000000e+03 2.242400000000000000e+04 -4.160000000000000000e+03 -4.820000000000000000e+02 8.110000000000000000e+02
2.116000000000000000e+03 2.730400000000000000e+04 2.056400000000000000e+04 -4.144000000000000000e+03 -4.900000000000000000e+02 8.380000000000000000e+02
-7.116000000000000000e+03 2.640000000000000000e+03 1.994000000000000000e+04 -4.160000000000000000e+03 -4.020000000000000000e+02 6.590000000000000000e+02
8.480000000000000000e+02 4.380000000000000000e+03 1.955600000000000000e+04 -4.176000000000000000e+03 -3.000000000000000000e+02 1.047000000000000000e+03
8.832000000000000000e+03 3.524000000000000000e+03 1.809600000000000000e+04 -4.160000000000000000e+03 -2.320000000000000000e+02 5.880000000000000000e+03
6.996000000000000000e+03 2.464000000000000000e+03 1.715600000000000000e+04 -4.192000000000000000e+03 -2.000000000000000000e+01 1.150000000000000000e+02
6.716000000000000000e+03 2.360000000000000000e+03 1.404400000000000000e+04 -4.160000000000000000e+03 7.920000000000000000e+02 -1.287000000000000000e+03
7.008000000000000000e+03 1.984000000000000000e+03 9.624000000000000000e+03 -4.144000000000000000e+03 -4.540000000000000000e+02 4.190000000000000000e+02
6.948000000000000000e+03 2.008000000000000000e+03 5.228000000000000000e+03 -4.160000000000000000e+03 -6.620000000000000000e+02 2.983000000000000000e+03
6.340000000000000000e+03 1.588000000000000000e+03 2.400000000000000000e+03 -4.160000000000000000e+03 -1.680000000000000000e+02 2.913000000000000000e+03
4.924000000000000000e+03 1.188000000000000000e+03 8.960000000000000000e+02 -4.192000000000000000e+03 -5.390000000000000000e+02 1.322000000000000000e+03
3.852000000000000000e+03 6.000000000000000000e+02 2.240000000000000000e+03 -4.160000000000000000e+03 -2.500000000000000000e+02 9.220000000000000000e+02
2.572000000000000000e+03 5.640000000000000000e+02 1.452000000000000000e+03 -4.192000000000000000e+03 -2.030000000000000000e+02 -3.250000000000000000e+02
2.056000000000000000e+03 5.200000000000000000e+02 9.080000000000000000e+03 -4.128000000000000000e+03 -1.120000000000000000e+02 9.170000000000000000e+02
1.748000000000000000e+03 3.040000000000000000e+02 8.404000000000000000e+03 -4.160000000000000000e+03 -2.290000000000000000e+02 4.510000000000000000e+02
2.636000000000000000e+03 1.564000000000000000e+03 1.728800000000000000e+04 -4.160000000000000000e+03 -2.870000000000000000e+02 1.090000000000000000e+02
2.528000000000000000e+03 -3.480000000000000000e+02 1.377200000000000000e+04 -4.192000000000000000e+03 -1.920000000000000000e+02 -1.310000000000000000e+02
-1.215600000000000000e+04 2.076000000000000000e+03 1.062800000000000000e+04 -4.144000000000000000e+03 -2.530000000000000000e+02 -6.210000000000000000e+02
9.584000000000000000e+03 2.948000000000000000e+03 1.282000000000000000e+04 -4.160000000000000000e+03 -2.810000000000000000e+02 -8.220000000000000000e+02
1.042400000000000000e+04 2.068000000000000000e+03 1.354400000000000000e+04 -4.128000000000000000e+03 -2.750000000000000000e+02 -1.068000000000000000e+03
9.008000000000000000e+03 9.920000000000000000e+02 1.336000000000000000e+04 -4.176000000000000000e+03 -2.050000000000000000e+02 -1.382000000000000000e+03
5.840000000000000000e+02 1.488000000000000000e+03 1.276000000000000000e+04 -4.160000000000000000e+03 -3.200000000000000000e+01 -1.658000000000000000e+03
-3.040000000000000000e+03 2.048000000000000000e+03 1.148000000000000000e+04 -4.208000000000000000e+03 -1.100000000000000000e+01 -2.009000000000000000e+03
5.732000000000000000e+03 2.096000000000000000e+03 1.193200000000000000e+04 -4.144000000000000000e+03 -2.420000000000000000e+02 -2.173000000000000000e+03
6.884000000000000000e+03 2.052000000000000000e+03 1.065600000000000000e+04 -4.160000000000000000e+03 -1.630000000000000000e+02 -2.433000000000000000e+03
3.932000000000000000e+03 1.860000000000000000e+03 9.648000000000000000e+03 -4.160000000000000000e+03 -1.680000000000000000e+02 -1.616000000000000000e+03
2.644000000000000000e+03 2.460000000000000000e+03 8.512000000000000000e+03 -4.176000000000000000e+03 -2.840000000000000000e+02 -2.028000000000000000e+03
2.892000000000000000e+03 1.976000000000000000e+03 7.760000000000000000e+03 -4.176000000000000000e+03 -4.570000000000000000e+02 -1.720000000000000000e+03
2.260000000000000000e+03 1.604000000000000000e+03 1.048000000000000000e+04 -4.160000000000000000e+03 -4.060000000000000000e+02 -1.372000000000000000e+03
1.332000000000000000e+03 1.564000000000000000e+03 1.096800000000000000e+04 -4.160000000000000000e+03 -3.990000000000000000e+02 -9.890000000000000000e+02
1.300000000000000000e+03 1.192000000000000000e+03 1.184000000000000000e+04 -4.112000000000000000e+03 -3.460000000000000000e+02 -6.700000000000000000e+02
1.320000000000000000e+03 1.724000000000000000e+03 1.370800000000000000e+04 -4.192000000000000000e+03 -2.180000000000000000e+02 -4.220000000000000000e+02
2.144000000000000000e+03 1.648000000000000000e+03 1.606000000000000000e+04 -4.160000000000000000e+03 -1.640000000000000000e+02 -3.170000000000000000e+02
1.968000000000000000e+03 1.948000000000000000e+03 1.712400000000000000e+04 -4.144000000000000000e+03 -1.740000000000000000e+02 -9.490000000000000000e+03
2.548000000000000000e+03 2.264000000000000000e+03 1.729600000000000000e+04 -4.160000000000000000e+03 -1.520000000000000000e+02 1.460000000000000000e+02
3.520000000000000000e+03 2.820000000000000000e+03 1.729600000000000000e+04 -4.192000000000000000e+03 -2.003000000000000000e+03 -4.240000000000000000e+02
4.220000000000000000e+03 2.612000000000000000e+03 1.720000000000000000e+04 -4.160000000000000000e+03 1.806000000000000000e+03 5.790000000000000000e+02
