5.052000000000000000e+03 1.880000000000000000e+03 1.405600000000000000e+04 -4.160000000000000000e+03 -2.540000000000000000e+02 5.140000000000000000e+02
5.084000000000000000e+03 1.924000000000000000e+03 1.393200000000000000e+04 -4.160000000000000000e+03 -2.360000000000000000e+02 4.230000000000000000e+02
4.880000000000000000e+03 2.196000000000000000e+03 1.397600000000000000e+04 -4.144000000000000000e+03 -2.570000000000000000e+02 3.260000000000000000e+02
4.504000000000000000e+03 2.212000000000000000e+03 1.400800000000000000e+04 -4.160000000000000000e+03 -2.930000000000000000e+02 2.360000000000000000e+02
4.564000000000000000e+03 2.348000000000000000e+03 1.405200000000000000e+04 -4.176000000000000000e+03 -2.790000000000000000e+02 2.130000000000000000e+02
4.748000000000000000e+03 2.396000000000000000e+03 1.405600000000000000e+04 -4.192000000000000000e+03 -2.890000000000000000e+02 1.920000000000000000e+02
4.660000000000000000e+03 2.276000000000000000e+03 1.411600000000000000e+04 -4.160000000000000000e+03 -2.830000000000000000e+02 1.590000000000000000e+02
4.640000000000000000e+03 1.976000000000000000e+03 1.410000000000000000e+04 -4.176000000000000000e+03 -2.790000000000000000e+02 1.100000000000000000e+02
4.424000000000000000e+03 2.084000000000000000e+03 1.411200000000000000e+04 -4.160000000000000000e+03 -2.940000000000000000e+02 1.220000000000000000e+02
4.412000000000000000e+03 1.964000000000000000e+03 1.404400000000000000e+04 -4.176000000000000000e+03 -3.080000000000000000e+02 1.390000000000000000e+02
4.228000000000000000e+03 2.120000000000000000e+03 1.413200000000000000e+04 -4.160000000000000000e+03 -3.200000000000000000e+02 1.420000000000000000e+02
4.208000000000000000e+03 2.236000000000000000e+03 1.416800000000000000e+04 -4.160000000000000000e+03 -3.230000000000000000e+02 5.200000000000000000e+01
4.344000000000000000e+03 2.300000000000000000e+03 1.400800000000000000e+04 -4.176000000000000000e+03 -2.870000000000000000e+02 -1.720000000000000000e+02
4.108000000000000000e+03 2.336000000000000000e+03 1.420400000000000000e+04 -4.128000000000000000e+03 -2.940000000000000000e+02 -2.730000000000000000e+02
4.348000000000000000e+03 2.184000000000000000e+03 1.409200000000000000e+04 -4.144000000000000000e+03 -2.960000000000000000e+02 -1.720000000000000000e+02
4.304000000000000000e+03 2.128000000000000000e+03 1.413600000000000000e+04 -4.160000000000000000e+03 -2.800000000000000000e+02 -9.200000000000000000e+01
4.400000000000000000e+03 1.992000000000000000e+03 1.397600000000000000e+04 -4.176000000000000000e+03 -2.740000000000000000e+02 6.900000000000000000e+01
4.300000000000000000e+03 2.216000000000000000e+03 1.406400000000000000e+04 -4.128000000000000000e+03 -2.820000000000000000e+02 2.630000000000000000e+02
4.300000000000000000e+03 2.280000000000000000e+03 1.401600000000000000e+04 -4.160000000000000000e+03 -2.720000000000000000e+02 3.920000000000000000e+02
4.368000000000000000e+03 2.228000000000000000e+03 1.430800000000000000e+04 -4.160000000000000000e+03 -2.850000000000000000e+02 4.430000000000000000e+02
4.272000000000000000e+03 2.172000000000000000e+03 1.405200000000000000e+04 -4.160000000000000000e+03 -2.660000000000000000e+02 3.570000000000000000e+02
4.348000000000000000e+03 2.160000000000000000e+03 1.394400000000000000e+04 -4.160000000000000000e+03 -2.870000000000000000e+02 1.250000000000000000e+02
4.264000000000000000e+03 1.988000000000000000e+03 1.406400000000000000e+04 -4.144000000000000000e+03 -1.980000000000000000e+02 -3.214000000000000000e+03
4.036000000000000000e+03 2.032000000000000000e+03 1.384400000000000000e+04 -4.144000000000000000e+03 2.760000000000000000e+02 -2.300000000000000000e+01
4.388000000000000000e+03 2.040000000000000000e+03 1.391600000000000000e+04 -4.160000000000000000e+03 4.560000000000000000e+02 3.630000000000000000e+02
4.516000000000000000e+03 2.308000000000000000e+03 1.401600000000000000e+04 -4.144000000000000000e+03 -4.030000000000000000e+03 -2.820000000000000000e+02
4.832000000000000000e+03 2.168000000000000000e+03 1.397200000000000000e+04 -4.160000000000000000e+03 -4.000000000000000000e+01 3.270000000000000000e+02
4.856000000000000000e+03 2.268000000000000000e+03 1.402400000000000000e+04 -4.144000000000000000e+03 -7.040000000000000000e+02 5.390000000000000000e+02
4.720000000000000000e+03 2.208000000000000000e+03 1.417200000000000000e+04 -4.192000000000000000e+03 -6.690000000000000000e+02 7.790000000000000000e+02
4.716000000000000000e+03 1.936000000000000000e+03 1.852400000000000000e+04 -4.160000000000000000e+03 -6.120000000000000000e+02 1.077000000000000000e+03
4.428000000000000000e+03 1.972000000000000000e+03 2.712400000000000000e+04 -4.128000000000000000e+03 -4.940000000000000000e+02 1.393000000000000000e+03
4.024000000000000000e+03 1.792000000000000000e+03 2.302400000000000000e+04 -4.224000000000000000e+03 -3.490000000000000000e+02 1.740000000000000000e+03
3.736000000000000000e+03 3.792000000000000000e+03 2.240400000000000000e+04 -4.128000000000000000e+03 -3.260000000000000000e+02 2.077000000000000000e+03
2.564000000000000000e+03 5.112000000000000000e+03 2.162000000000000000e+04 -4.192000000000000000e+03 -2.180000000000000000e+02 2.197000000000000000e+03
6.128000000000000000e+03 3.324000000000000000e+03 2.056400000000000000e+04 -4.160000000000000000e+03 -3.480000000000000000e+02 2.109000000000000000e+03
9.272000000000000000e+03 4.152000000000000000e+03 1.871600000000000000e+04 -4.176000000000000000e+03 -4.910000000000000000e+02 1.686000000000000000e+03
8.036000000000000000e+03 3.636000000000000000e+03 1.824800000000000000e+04 -4.144000000000000000e+03 -4.130000000000000000e+02 2.191000000000000000e+03
8.136000000000000000e+03 3.308000000000000000e+03 1.722400000000000000e+04 -4.176000000000000000e+03 -2.930000000000000000e+02 8.843000000000000000e+03
8.132000000000000000e+03 2.404000000000000000e+03 1.587200000000000000e+04 -4.176000000000000000e+03 -1.230000000000000000e+02 -3.824000000000000000e+03
7.136000000000000000e+03 2.256000000000000000e+03 1.329200000000000000e+04 -4.176000000000000000e+03 -2.296000000000000000e+03 2.618000000000000000e+03
7.092000000000000000e+03 2.168000000000000000e+03 7.144000000000000000e+03 -4.176000000000000000e+03 3.320000000000000000e+02 2.403000000000000000e+03
6.772000000000000000e+03 2.172000000000000000e+03 1.884000000000000000e+03 -4.176000000000000000e+03 -3.820000000000000000e+02 3.488000000000000000e+03
5.900000000000000000e+03 2.112000000000000000e+03 -1.116000000000000000e+03 -4.176000000000000000e+03 -3.470000000000000000e+02 5.093000000000000000e+03
5.020000000000000000e+03 1.500000000000000000e+03 -2.148000000000000000e+03 -4.160000000000000000e+03 8.700000000000000000e+01 -7.100000000000000000e+02
3.296000000000000000e+03 7.800000000000000000e+02 1.410000000000000000e+04 -4.176000000000000000e+03 -3.900000000000000000e+01 2.089000000000000000e+03
1.988000000000000000e+03 -2.000000000000000000e+01 4.236000000000000000e+03 -4.160000000000000000e+03 -2.340000000000000000e+02 9.290000000000000000e+02
1.832000000000000000e+03 3.360000000000000000e+02 1.256800000000000000e+04 -4.160000000000000000e+03 -1.940000000000000000e+02 7.800000000000000000e+02
1.772000000000000000e+03 -5.820000000000000000e+03 1.380400000000000000e+04 -4.128000000000000000e+03 -2.900000000000000000e+02 7.630000000000000000e+02
-2.458400000000000000e+04 2.064000000000000000e+03 1.190000000000000000e+04 -4.192000000000000000e+03 -5.120000000000000000e+02 5.580000000000000000e+02
1.301600000000000000e+04 9.000000000000000000e+02 1.257200000000000000e+04 -4.160000000000000000e+03 -4.170000000000000000e+02 -1.210000000000000000e+02
1.000000000000000000e+04 1.524000000000000000e+03 1.261200000000000000e+04 -4.160000000000000000e+03 -5.650000000000000000e+02 -3.810000000000000000e+02
1.011600000000000000e+04 9.000000000000000000e+02 1.258000000000000000e+04 -4.160000000000000000e+03 -8.100000000000000000e+02 -6.000000000000000000e+02
4.880000000000000000e+03 1.244000000000000000e+03 1.015600000000000000e+04 -4.176000000000000000e+03 -5.120000000000000000e+02 -7.780000000000000000e+02
-4.580000000000000000e+03 1.724000000000000000e+03 1.047200000000000000e+04 -4.160000000000000000e+03 -7.460000000000000000e+02 -9.780000000000000000e+02
1.700000000000000000e+03 2.268000000000000000e+03 1.175200000000000000e+04 -4.176000000000000000e+03 -6.130000000000000000e+02 -1.099000000000000000e+03
3.688000000000000000e+03 2.048000000000000000e+03 1.114800000000000000e+04 -4.192000000000000000e+03 -4.370000000000000000e+02 -1.525000000000000000e+03
4.080000000000000000e+03 1.936000000000000000e+03 9.608000000000000000e+03 -4.144000000000000000e+03 -4.060000000000000000e+02 -1.582000000000000000e+03
3.164000000000000000e+03 2.040000000000000000e+03 9.792000000000000000e+03 -4.176000000000000000e+03 -4.760000000000000000e+02 -1.688000000000000000e+03
2.184000000000000000e+03 1.684000000000000000e+03 1.027600000000000000e+04 -4.160000000000000000e+03 -3.920000000000000000e+02 -1.450000000000000000e+03
1.496000000000000000e+03 1.124000000000000000e+03 9.184000000000000000e+03 -4.160000000000000000e+03 -4.750000000000000000e+02 -1.217000000000000000e+03
8.160000000000000000e+02 1.340000000000000000e+03 1.145600000000000000e+04 -4.160000000000000000e+03 -6.390000000000000000e+02 -1.257000000000000000e+03
8.600000000000000000e+02 1.336000000000000000e+03 1.437200000000000000e+04 -4.176000000000000000e+03 -2.900000000000000000e+02 -1.138000000000000000e+03
1.364000000000000000e+03 9.040000000000000000e+02 1.608400000000000000e+04 -4.144000000000000000e+03 -3.480000000000000000e+02 -8.980000000000000000e+02
1.268000000000000000e+03 1.248000000000000000e+03 1.667200000000000000e+04 -4.192000000000000000e+03 -2.600000000000000000e+02 -6.020000000000000000e+02
2.560000000000000000e+03 1.768000000000000000e+03 1.922000000000000000e+04 -4.192000000000000000e+03 -2.430000000000000000e+02 7.800000000000000000e+01
2.436000000000000000e+03 2.240000000000000000e+03 1.746000000000000000e+04 -4.208000000000000000e+03 -1.080000000000000000e+02 -9.018000000000000000e+03
2.644000000000000000e+03 2.460000000000000000e+03 1.639600000000000000e+04 -4.128000000000000000e+03 -4.390000000000000000e+03 3.291000000000000000e+03
3.228000000000000000e+03 2.904000000000000000e+03 1.769600000000000000e+04 -4.176000000000000000e+03 1.708000000000000000e+04 2.360000000000000000e+03
3.744000000000000000e+03 2.288000000000000000e+03 1.704000000000000000e+04 -4.192000000000000000e+03 5.880000000000000000e+02 1.975000000000000000e+03
3.652000000000000000e+03 2.184000000000000000e+03 1.560000000000000000e+04 -4.144000000000000000e+03 1.451000000000000000e+03 4.840000000000000000e+02
3.428000000000000000e+03 2.516000000000000000e+03 1.600400000000000000e+04 -4.176000000000000000e+03 -3.821000000000000000e+03 3.230000000000000000e+02
3.652000000000000000e+03 2.476000000000000000e+03 -3.276800000000000000e+04 -4.160000000000000000e+03 -2.660000000000000000e+02 9.160000000000000000e+02
4.268000000000000000e+03 2.212000000000000000e+03 -3.276800000000000000e+04 -4.144000000000000000e+03 1.070000000000000000e+03 1.690000000000000000e+02
4.472000000000000000e+03 2.600000000000000000e+03 -3.672000000000000000e+03 -4.144000000000000000e+03 -7.970000000000000000e+02 7.590000000000000000e+02
