-6.672000000000000000e+03 3.196000000000000000e+03 1.261200000000000000e+04 -4.640000000000000000e+03 -3.190000000000000000e+02 1.240000000000000000e+02
-7.004000000000000000e+03 2.988000000000000000e+03 1.295200000000000000e+04 -4.656000000000000000e+03 -2.840000000000000000e+02 2.420000000000000000e+02
-6.904000000000000000e+03 2.876000000000000000e+03 1.271600000000000000e+04 -4.640000000000000000e+03 -3.040000000000000000e+02 2.190000000000000000e+02
-8.336000000000000000e+03 1.988000000000000000e+03 1.252800000000000000e+04 -4.656000000000000000e+03 -2.750000000000000000e+02 1.040000000000000000e+02
-6.404000000000000000e+03 2.408000000000000000e+03 1.256800000000000000e+04 -4.656000000000000000e+03 -2.730000000000000000e+02 6.100000000000000000e+01
-6.208000000000000000e+03 2.484000000000000000e+03 1.257600000000000000e+04 -4.640000000000000000e+03 -2.750000000000000000e+02 1.120000000000000000e+02
-7.060000000000000000e+03 2.568000000000000000e+03 1.255600000000000000e+04 -4.640000000000000000e+03 -3.130000000000000000e+02 1.510000000000000000e+02
-6.564000000000000000e+03 2.756000000000000000e+03 1.261600000000000000e+04 -4.672000000000000000e+03 -2.670000000000000000e+02 1.750000000000000000e+02
-6.248000000000000000e+03 2.712000000000000000e+03 1.258400000000000000e+04 -4.656000000000000000e+03 -2.890000000000000000e+02 2.460000000000000000e+02
-6.828000000000000000e+03 2.420000000000000000e+03 1.273200000000000000e+04 -4.640000000000000000e+03 -2.860000000000000000e+02 1.940000000000000000e+02
-7.304000000000000000e+03 2.200000000000000000e+03 1.270000000000000000e+04 -4.672000000000000000e+03 -2.790000000000000000e+02 4.600000000000000000e+01
-6.828000000000000000e+03 2.280000000000000000e+03 1.262400000000000000e+04 -4.656000000000000000e+03 -2.520000000000000000e+02 -1.650000000000000000e+02
-6.832000000000000000e+03 2.512000000000000000e+03 1.280800000000000000e+04 -4.672000000000000000e+03 -3.130000000000000000e+02 -3.100000000000000000e+01
-6.912000000000000000e+03 2.568000000000000000e+03 1.250800000000000000e+04 -4.656000000000000000e+03 -2.840000000000000000e+02 7.440000000000000000e+02
-6.776000000000000000e+03 2.528000000000000000e+03 1.274800000000000000e+04 -4.656000000000000000e+03 -2.870000000000000000e+02 1.438000000000000000e+03
-6.564000000000000000e+03 2.476000000000000000e+03 1.272800000000000000e+04 -4.656000000000000000e+03 -2.740000000000000000e+02 -1.680000000000000000e+02
-6.700000000000000000e+03 2.268000000000000000e+03 1.267200000000000000e+04 -4.640000000000000000e+03 -3.300000000000000000e+02 2.871000000000000000e+03
-6.788000000000000000e+03 2.376000000000000000e+03 1.271200000000000000e+04 -4.656000000000000000e+03 -2.070000000000000000e+02 9.530000000000000000e+02
-6.608000000000000000e+03 2.428000000000000000e+03 1.270400000000000000e+04 -4.640000000000000000e+03 2.250000000000000000e+02 1.104000000000000000e+03
-6.576000000000000000e+03 2.624000000000000000e+03 1.274400000000000000e+04 -4.624000000000000000e+03 -1.854000000000000000e+03 8.880000000000000000e+02
-6.896000000000000000e+03 2.596000000000000000e+03 1.267600000000000000e+04 -4.656000000000000000e+03 -3.340000000000000000e+02 8.560000000000000000e+02
-6.796000000000000000e+03 2.436000000000000000e+03 1.268000000000000000e+04 -4.624000000000000000e+03 -1.900000000000000000e+01 1.018000000000000000e+03
-6.688000000000000000e+03 2.388000000000000000e+03 1.268800000000000000e+04 -4.672000000000000000e+03 1.910000000000000000e+02 1.447000000000000000e+03
-6.680000000000000000e+03 2.400000000000000000e+03 1.307200000000000000e+04 -4.656000000000000000e+03 -1.980000000000000000e+02 1.766000000000000000e+03
-6.808000000000000000e+03 2.500000000000000000e+03 1.297200000000000000e+04 -4.624000000000000000e+03 -2.070000000000000000e+02 2.002000000000000000e+03
-6.676000000000000000e+03 2.468000000000000000e+03 1.248000000000000000e+04 -4.624000000000000000e+03 -3.410000000000000000e+02 2.274000000000000000e+03
-6.612000000000000000e+03 2.460000000000000000e+03 1.696400000000000000e+04 -4.672000000000000000e+03 -4.970000000000000000e+02 2.308000000000000000e+03
-6.892000000000000000e+03 2.548000000000000000e+03 2.639600000000000000e+04 -4.656000000000000000e+03 -7.550000000000000000e+02 2.502000000000000000e+03
-7.020000000000000000e+03 2.460000000000000000e+03 2.091600000000000000e+04 -4.640000000000000000e+03 -9.540000000000000000e+02 2.417000000000000000e+03
-7.016000000000000000e+03 2.524000000000000000e+03 1.744000000000000000e+04 -4.688000000000000000e+03 -9.350000000000000000e+02 6.699000000000000000e+03
-5.940000000000000000e+03 2.556000000000000000e+03 1.642000000000000000e+04 -4.672000000000000000e+03 -7.160000000000000000e+02 2.283000000000000000e+03
-5.316000000000000000e+03 2.440000000000000000e+03 1.918400000000000000e+04 -4.672000000000000000e+03 -4.980000000000000000e+02 -2.514000000000000000e+03
-6.444000000000000000e+03 2.568000000000000000e+03 1.933200000000000000e+04 -4.640000000000000000e+03 -3.340000000000000000e+02 1.885000000000000000e+03
-2.035600000000000000e+04 1.314000000000000000e+04 1.854800000000000000e+04 -4.688000000000000000e+03 -3.510000000000000000e+02 2.441000000000000000e+03
-1.602800000000000000e+04 4.172000000000000000e+03 1.632800000000000000e+04 -4.656000000000000000e+03 2.800000000000000000e+01 1.822000000000000000e+03
-9.868000000000000000e+03 4.800000000000000000e+01 1.247200000000000000e+04 -4.672000000000000000e+03 5.130000000000000000e+02 1.785000000000000000e+03
-8.984000000000000000e+03 1.940000000000000000e+03 6.536000000000000000e+03 -4.672000000000000000e+03 5.110000000000000000e+02 2.409000000000000000e+03
-6.576000000000000000e+03 2.972000000000000000e+03 1.848000000000000000e+03 -4.656000000000000000e+03 -1.350000000000000000e+02 8.310000000000000000e+02
-8.672000000000000000e+03 3.632000000000000000e+03 -1.600000000000000000e+01 -4.672000000000000000e+03 -5.700000000000000000e+02 7.140000000000000000e+02
-9.368000000000000000e+03 3.728000000000000000e+03 1.240000000000000000e+02 -4.656000000000000000e+03 -4.430000000000000000e+02 5.280000000000000000e+02
-9.220000000000000000e+03 3.360000000000000000e+03 -2.956000000000000000e+03 -4.656000000000000000e+03 -5.400000000000000000e+01 1.340000000000000000e+02
-7.920000000000000000e+03 3.236000000000000000e+03 -6.504000000000000000e+03 -4.656000000000000000e+03 3.910000000000000000e+02 3.800000000000000000e+01
-5.544000000000000000e+03 2.352000000000000000e+03 1.170800000000000000e+04 -4.624000000000000000e+03 9.000000000000000000e+00 -1.320000000000000000e+02
-3.088000000000000000e+03 1.156000000000000000e+03 2.280800000000000000e+04 -4.656000000000000000e+03 -3.000000000000000000e+01 -6.320000000000000000e+02
-1.076000000000000000e+03 2.800000000000000000e+02 2.133600000000000000e+04 -4.624000000000000000e+03 -2.490000000000000000e+02 -7.490000000000000000e+02
-8.160000000000000000e+02 -1.800000000000000000e+02 1.247600000000000000e+04 -4.672000000000000000e+03 -2.220000000000000000e+02 -2.085000000000000000e+03
-9.000000000000000000e+02 -1.520000000000000000e+02 5.476000000000000000e+03 -4.672000000000000000e+03 -2.110000000000000000e+02 -1.004000000000000000e+03
-1.844000000000000000e+03 -4.160000000000000000e+02 5.048000000000000000e+03 -4.624000000000000000e+03 5.900000000000000000e+01 -1.497000000000000000e+03
-1.527200000000000000e+04 -2.980000000000000000e+03 7.908000000000000000e+03 -4.656000000000000000e+03 1.760000000000000000e+02 -2.325000000000000000e+03
-8.324000000000000000e+03 2.760000000000000000e+03 1.221600000000000000e+04 -4.656000000000000000e+03 2.700000000000000000e+01 -1.677000000000000000e+03
-7.248000000000000000e+03 3.908000000000000000e+03 1.110000000000000000e+04 -4.624000000000000000e+03 1.310000000000000000e+02 -1.140000000000000000e+03
-7.924000000000000000e+03 3.656000000000000000e+03 9.200000000000000000e+03 -4.640000000000000000e+03 1.130000000000000000e+02 -3.150000000000000000e+02
-5.792000000000000000e+03 1.640000000000000000e+03 6.804000000000000000e+03 -4.688000000000000000e+03 -2.300000000000000000e+01 -7.340000000000000000e+02
-3.740000000000000000e+03 1.224000000000000000e+03 4.936000000000000000e+03 -4.672000000000000000e+03 7.000000000000000000e+00 -1.155000000000000000e+03
-7.808000000000000000e+03 2.272000000000000000e+03 4.392000000000000000e+03 -4.656000000000000000e+03 -1.620000000000000000e+02 -8.700000000000000000e+02
-1.080400000000000000e+04 2.376000000000000000e+03 6.420000000000000000e+03 -4.672000000000000000e+03 -7.600000000000000000e+01 -9.860000000000000000e+02
-1.029200000000000000e+04 3.468000000000000000e+03 7.876000000000000000e+03 -4.672000000000000000e+03 -3.080000000000000000e+02 -1.440000000000000000e+03
-8.928000000000000000e+03 2.492000000000000000e+03 1.030000000000000000e+04 -4.656000000000000000e+03 -1.850000000000000000e+02 -6.868000000000000000e+03
-7.220000000000000000e+03 1.896000000000000000e+03 9.684000000000000000e+03 -4.688000000000000000e+03 -6.000000000000000000e+00 5.657000000000000000e+03
-5.552000000000000000e+03 1.604000000000000000e+03 1.179200000000000000e+04 -4.656000000000000000e+03 1.070000000000000000e+02 2.581000000000000000e+03
-4.696000000000000000e+03 1.260000000000000000e+03 1.305600000000000000e+04 -4.672000000000000000e+03 -1.170000000000000000e+02 1.238000000000000000e+03
-4.620000000000000000e+03 6.560000000000000000e+02 1.412000000000000000e+04 -4.640000000000000000e+03 -7.752000000000000000e+03 1.510000000000000000e+03
-6.420000000000000000e+03 1.304000000000000000e+03 1.530800000000000000e+04 -4.640000000000000000e+03 3.510000000000000000e+02 1.210000000000000000e+03
-7.324000000000000000e+03 1.500000000000000000e+03 1.502400000000000000e+04 -4.656000000000000000e+03 1.239000000000000000e+03 1.397000000000000000e+03
-7.736000000000000000e+03 2.280000000000000000e+03 1.605200000000000000e+04 -4.656000000000000000e+03 -4.670000000000000000e+02 1.418000000000000000e+03
-6.208000000000000000e+03 2.036000000000000000e+03 1.511600000000000000e+04 -4.656000000000000000e+03 -4.080000000000000000e+02 1.533000000000000000e+03
