2.768000000000000000e+03 2.332000000000000000e+03 1.431600000000000000e+04 -4.128000000000000000e+03 -2.830000000000000000e+02 1.650000000000000000e+02
3.060000000000000000e+03 2.600000000000000000e+03 1.438800000000000000e+04 -4.192000000000000000e+03 -2.960000000000000000e+02 2.080000000000000000e+02
2.904000000000000000e+03 2.452000000000000000e+03 1.432800000000000000e+04 -4.176000000000000000e+03 -2.720000000000000000e+02 2.220000000000000000e+02
2.908000000000000000e+03 2.180000000000000000e+03 1.410400000000000000e+04 -4.144000000000000000e+03 -2.540000000000000000e+02 2.470000000000000000e+02
2.896000000000000000e+03 1.808000000000000000e+03 1.426000000000000000e+04 -4.160000000000000000e+03 -2.450000000000000000e+02 2.120000000000000000e+02
2.960000000000000000e+03 1.728000000000000000e+03 1.412800000000000000e+04 -4.144000000000000000e+03 -2.550000000000000000e+02 2.270000000000000000e+02
3.164000000000000000e+03 1.832000000000000000e+03 1.409600000000000000e+04 -4.128000000000000000e+03 -2.680000000000000000e+02 2.140000000000000000e+02
3.292000000000000000e+03 2.332000000000000000e+03 1.411200000000000000e+04 -4.176000000000000000e+03 -2.920000000000000000e+02 1.780000000000000000e+02
3.576000000000000000e+03 2.360000000000000000e+03 1.426400000000000000e+04 -4.160000000000000000e+03 -2.700000000000000000e+02 1.810000000000000000e+02
3.680000000000000000e+03 2.416000000000000000e+03 1.433600000000000000e+04 -4.128000000000000000e+03 -2.800000000000000000e+02 1.960000000000000000e+02
3.528000000000000000e+03 2.224000000000000000e+03 1.430800000000000000e+04 -4.176000000000000000e+03 -2.840000000000000000e+02 2.140000000000000000e+02
3.468000000000000000e+03 1.956000000000000000e+03 1.428000000000000000e+04 -4.160000000000000000e+03 -2.680000000000000000e+02 2.340000000000000000e+02
3.500000000000000000e+03 1.844000000000000000e+03 1.433600000000000000e+04 -4.176000000000000000e+03 -2.640000000000000000e+02 1.250000000000000000e+02
3.260000000000000000e+03 1.820000000000000000e+03 1.432400000000000000e+04 -4.128000000000000000e+03 -2.750000000000000000e+02 4.500000000000000000e+01
3.532000000000000000e+03 2.020000000000000000e+03 1.423200000000000000e+04 -4.160000000000000000e+03 -2.640000000000000000e+02 -3.300000000000000000e+01
3.300000000000000000e+03 2.264000000000000000e+03 1.426800000000000000e+04 -4.144000000000000000e+03 -2.940000000000000000e+02 -1.400000000000000000e+01
3.284000000000000000e+03 2.384000000000000000e+03 1.422800000000000000e+04 -4.160000000000000000e+03 -2.870000000000000000e+02 7.900000000000000000e+01
3.384000000000000000e+03 2.212000000000000000e+03 1.427200000000000000e+04 -4.160000000000000000e+03 -3.020000000000000000e+02 1.490000000000000000e+02
3.420000000000000000e+03 2.072000000000000000e+03 1.423600000000000000e+04 -4.176000000000000000e+03 -2.540000000000000000e+02 1.840000000000000000e+02
3.364000000000000000e+03 1.904000000000000000e+03 1.424000000000000000e+04 -4.160000000000000000e+03 -2.080000000000000000e+02 3.300000000000000000e+02
3.188000000000000000e+03 2.064000000000000000e+03 1.420400000000000000e+04 -4.176000000000000000e+03 -1.350000000000000000e+02 -2.735000000000000000e+03
3.232000000000000000e+03 2.128000000000000000e+03 1.438400000000000000e+04 -4.160000000000000000e+03 -3.200000000000000000e+01 -3.902000000000000000e+03
3.216000000000000000e+03 2.164000000000000000e+03 1.434800000000000000e+04 -4.160000000000000000e+03 6.100000000000000000e+01 -7.710000000000000000e+02
3.460000000000000000e+03 2.076000000000000000e+03 1.424400000000000000e+04 -4.160000000000000000e+03 -1.750000000000000000e+02 -6.850000000000000000e+02
3.500000000000000000e+03 2.216000000000000000e+03 1.410400000000000000e+04 -4.160000000000000000e+03 -4.406000000000000000e+03 -5.950000000000000000e+02
3.260000000000000000e+03 2.104000000000000000e+03 1.423200000000000000e+04 -4.176000000000000000e+03 7.530000000000000000e+02 -1.400000000000000000e+02
3.160000000000000000e+03 2.060000000000000000e+03 1.418800000000000000e+04 -4.176000000000000000e+03 -1.500000000000000000e+02 2.270000000000000000e+02
3.208000000000000000e+03 2.060000000000000000e+03 1.410000000000000000e+04 -4.144000000000000000e+03 -3.630000000000000000e+02 5.030000000000000000e+02
3.244000000000000000e+03 2.168000000000000000e+03 1.495200000000000000e+04 -4.176000000000000000e+03 -3.280000000000000000e+02 9.240000000000000000e+02
3.504000000000000000e+03 2.224000000000000000e+03 1.289200000000000000e+04 -4.160000000000000000e+03 -5.050000000000000000e+02 1.217000000000000000e+03
3.532000000000000000e+03 2.500000000000000000e+03 1.044400000000000000e+04 -4.176000000000000000e+03 -4.200000000000000000e+02 1.509000000000000000e+03
3.480000000000000000e+03 2.624000000000000000e+03 2.055600000000000000e+04 -4.160000000000000000e+03 -3.280000000000000000e+02 1.851000000000000000e+03
3.484000000000000000e+03 1.940000000000000000e+03 2.042800000000000000e+04 -4.160000000000000000e+03 -2.650000000000000000e+02 2.064000000000000000e+03
2.208000000000000000e+03 -1.073600000000000000e+04 1.933200000000000000e+04 -4.160000000000000000e+03 -3.120000000000000000e+02 2.162000000000000000e+03
7.260000000000000000e+03 1.692000000000000000e+03 2.025200000000000000e+04 -4.144000000000000000e+03 -4.100000000000000000e+02 2.104000000000000000e+03
1.222400000000000000e+04 2.988000000000000000e+03 1.910000000000000000e+04 -4.192000000000000000e+03 -6.140000000000000000e+02 2.037000000000000000e+03
4.272000000000000000e+03 2.720000000000000000e+03 1.840000000000000000e+04 -4.160000000000000000e+03 -5.970000000000000000e+02 8.860000000000000000e+03
4.556000000000000000e+03 3.116000000000000000e+03 1.778000000000000000e+04 -4.192000000000000000e+03 -4.050000000000000000e+02 1.356000000000000000e+03
5.320000000000000000e+03 2.548000000000000000e+03 1.777200000000000000e+04 -4.160000000000000000e+03 -4.590000000000000000e+02 6.970000000000000000e+02
6.000000000000000000e+03 2.328000000000000000e+03 1.622000000000000000e+04 -4.160000000000000000e+03 2.840000000000000000e+02 2.868000000000000000e+03
6.152000000000000000e+03 2.096000000000000000e+03 1.334000000000000000e+04 -4.176000000000000000e+03 -6.250000000000000000e+02 2.999000000000000000e+03
6.056000000000000000e+03 2.168000000000000000e+03 9.504000000000000000e+03 -4.176000000000000000e+03 -3.500000000000000000e+01 4.954000000000000000e+03
5.844000000000000000e+03 2.304000000000000000e+03 3.104000000000000000e+03 -4.160000000000000000e+03 -1.740000000000000000e+02 1.444000000000000000e+03
5.492000000000000000e+03 1.936000000000000000e+03 5.400000000000000000e+02 -4.128000000000000000e+03 2.800000000000000000e+01 1.488000000000000000e+03
4.956000000000000000e+03 1.752000000000000000e+03 8.320000000000000000e+02 -4.160000000000000000e+03 6.690000000000000000e+02 1.719000000000000000e+03
4.212000000000000000e+03 8.440000000000000000e+02 -3.248000000000000000e+03 -4.192000000000000000e+03 3.760000000000000000e+02 1.623000000000000000e+03
3.424000000000000000e+03 4.440000000000000000e+02 7.648000000000000000e+03 -4.144000000000000000e+03 -2.700000000000000000e+01 8.290000000000000000e+02
2.064000000000000000e+03 1.720000000000000000e+02 1.070000000000000000e+04 -4.160000000000000000e+03 1.300000000000000000e+01 7.320000000000000000e+02
1.532000000000000000e+03 9.080000000000000000e+02 1.482400000000000000e+04 -4.160000000000000000e+03 3.100000000000000000e+01 3.680000000000000000e+02
2.332000000000000000e+03 -2.160000000000000000e+02 1.458400000000000000e+04 -4.160000000000000000e+03 -7.600000000000000000e+01 -4.000000000000000000e+00
2.100000000000000000e+03 4.320000000000000000e+02 1.907600000000000000e+04 -4.160000000000000000e+03 -1.740000000000000000e+02 -3.990000000000000000e+02
-1.427600000000000000e+04 1.984000000000000000e+03 1.556400000000000000e+04 -4.144000000000000000e+03 -3.310000000000000000e+02 -7.850000000000000000e+02
1.047600000000000000e+04 2.864000000000000000e+03 1.315200000000000000e+04 -4.192000000000000000e+03 -3.410000000000000000e+02 -6.220000000000000000e+02
1.177200000000000000e+04 5.796000000000000000e+03 1.184400000000000000e+04 -4.160000000000000000e+03 -1.720000000000000000e+02 -8.710000000000000000e+02
8.592000000000000000e+03 3.000000000000000000e+03 1.294400000000000000e+04 -4.192000000000000000e+03 -5.580000000000000000e+02 -1.105000000000000000e+03
-9.484000000000000000e+03 2.100000000000000000e+03 1.340400000000000000e+04 -4.160000000000000000e+03 -5.680000000000000000e+02 -1.247000000000000000e+03
-1.380000000000000000e+03 1.600000000000000000e+03 1.408800000000000000e+04 -4.128000000000000000e+03 -1.200000000000000000e+02 -1.566000000000000000e+03
6.784000000000000000e+03 1.940000000000000000e+03 1.192400000000000000e+04 -4.192000000000000000e+03 -4.400000000000000000e+01 -1.952000000000000000e+03
3.632000000000000000e+03 2.052000000000000000e+03 1.179200000000000000e+04 -4.176000000000000000e+03 -8.000000000000000000e+00 -2.091000000000000000e+03
2.056000000000000000e+03 2.336000000000000000e+03 1.174800000000000000e+04 -4.176000000000000000e+03 1.310000000000000000e+02 -2.143000000000000000e+03
-7.880000000000000000e+02 1.552000000000000000e+03 1.173600000000000000e+04 -4.160000000000000000e+03 3.200000000000000000e+01 -1.899000000000000000e+03
1.072000000000000000e+03 1.920000000000000000e+03 8.276000000000000000e+03 -4.160000000000000000e+03 -9.300000000000000000e+01 -1.539000000000000000e+03
-1.600000000000000000e+02 2.292000000000000000e+03 6.296000000000000000e+03 -4.160000000000000000e+03 -1.980000000000000000e+02 -1.317000000000000000e+03
-3.320000000000000000e+02 2.116000000000000000e+03 9.188000000000000000e+03 -4.144000000000000000e+03 -2.160000000000000000e+02 -1.107000000000000000e+03
3.760000000000000000e+02 1.304000000000000000e+03 9.464000000000000000e+03 -4.176000000000000000e+03 -2.120000000000000000e+02 -8.950000000000000000e+02
1.740000000000000000e+03 6.200000000000000000e+02 1.118800000000000000e+04 -4.160000000000000000e+03 -1.200000000000000000e+02 -6.200000000000000000e+02
9.080000000000000000e+02 1.184000000000000000e+03 1.449600000000000000e+04 -4.160000000000000000e+03 -3.310000000000000000e+02 -3.860000000000000000e+02
8.320000000000000000e+02 1.208000000000000000e+03 1.497200000000000000e+04 -4.176000000000000000e+03 -3.200000000000000000e+02 -8.477000000000000000e+03
8.160000000000000000e+02 1.716000000000000000e+03 1.736400000000000000e+04 -4.176000000000000000e+03 -4.100000000000000000e+02 -3.159000000000000000e+03
6.400000000000000000e+02 2.652000000000000000e+03 1.669600000000000000e+04 -4.128000000000000000e+03 -5.390000000000000000e+02 9.450000000000000000e+02
1.228000000000000000e+03 2.532000000000000000e+03 1.693200000000000000e+04 -4.144000000000000000e+03 1.372000000000000000e+03 3.683000000000000000e+03
