-2.912000000000000000e+03 2.196000000000000000e+03 1.412800000000000000e+04 -4.640000000000000000e+03 -2.790000000000000000e+02 1.200000000000000000e+02
-2.044000000000000000e+03 2.448000000000000000e+03 1.420400000000000000e+04 -4.592000000000000000e+03 -2.800000000000000000e+02 3.500000000000000000e+02
-2.160000000000000000e+03 2.500000000000000000e+03 1.401200000000000000e+04 -4.640000000000000000e+03 -2.480000000000000000e+02 4.590000000000000000e+02
-2.680000000000000000e+03 2.204000000000000000e+03 1.397200000000000000e+04 -4.656000000000000000e+03 -2.960000000000000000e+02 3.670000000000000000e+02
-3.824000000000000000e+03 2.592000000000000000e+03 1.399200000000000000e+04 -4.672000000000000000e+03 -3.030000000000000000e+02 4.090000000000000000e+02
-4.212000000000000000e+03 2.652000000000000000e+03 1.392000000000000000e+04 -4.656000000000000000e+03 -2.910000000000000000e+02 3.070000000000000000e+02
-3.744000000000000000e+03 2.920000000000000000e+03 1.417600000000000000e+04 -4.656000000000000000e+03 -2.730000000000000000e+02 1.920000000000000000e+02
-2.660000000000000000e+03 2.412000000000000000e+03 1.393600000000000000e+04 -4.672000000000000000e+03 -3.110000000000000000e+02 1.390000000000000000e+02
-2.916000000000000000e+03 2.184000000000000000e+03 1.393600000000000000e+04 -4.656000000000000000e+03 -3.080000000000000000e+02 2.050000000000000000e+02
-3.356000000000000000e+03 2.064000000000000000e+03 1.400000000000000000e+04 -4.608000000000000000e+03 -2.700000000000000000e+02 1.460000000000000000e+02
-4.304000000000000000e+03 1.920000000000000000e+03 1.397200000000000000e+04 -4.672000000000000000e+03 -2.690000000000000000e+02 4.100000000000000000e+01
-3.512000000000000000e+03 1.996000000000000000e+03 1.396400000000000000e+04 -4.656000000000000000e+03 -3.020000000000000000e+02 1.670000000000000000e+02
-2.940000000000000000e+03 2.176000000000000000e+03 1.399200000000000000e+04 -4.672000000000000000e+03 -3.450000000000000000e+02 4.140000000000000000e+02
-3.288000000000000000e+03 2.340000000000000000e+03 1.404400000000000000e+04 -4.656000000000000000e+03 -3.010000000000000000e+02 6.570000000000000000e+02
-3.740000000000000000e+03 2.208000000000000000e+03 1.392800000000000000e+04 -4.656000000000000000e+03 -3.010000000000000000e+02 7.120000000000000000e+02
-3.740000000000000000e+03 2.192000000000000000e+03 1.405200000000000000e+04 -4.640000000000000000e+03 -3.300000000000000000e+02 9.600000000000000000e+02
-3.048000000000000000e+03 2.252000000000000000e+03 1.408400000000000000e+04 -4.656000000000000000e+03 -3.590000000000000000e+02 -2.765000000000000000e+03
-2.944000000000000000e+03 2.368000000000000000e+03 1.397200000000000000e+04 -4.672000000000000000e+03 -8.400000000000000000e+01 2.890000000000000000e+02
-3.296000000000000000e+03 2.024000000000000000e+03 1.398000000000000000e+04 -4.656000000000000000e+03 8.750000000000000000e+02 -2.860000000000000000e+02
-3.368000000000000000e+03 2.064000000000000000e+03 1.402400000000000000e+04 -4.608000000000000000e+03 8.360000000000000000e+02 4.570000000000000000e+02
-3.340000000000000000e+03 2.268000000000000000e+03 1.398400000000000000e+04 -4.656000000000000000e+03 -5.710000000000000000e+02 3.260000000000000000e+02
-3.776000000000000000e+03 2.200000000000000000e+03 1.394800000000000000e+04 -4.624000000000000000e+03 -5.840000000000000000e+02 -6.350000000000000000e+02
-3.696000000000000000e+03 2.148000000000000000e+03 1.376400000000000000e+04 -4.688000000000000000e+03 -8.200000000000000000e+02 -9.230000000000000000e+02
-3.332000000000000000e+03 2.212000000000000000e+03 1.395600000000000000e+04 -4.656000000000000000e+03 -9.810000000000000000e+02 -9.890000000000000000e+02
-3.116000000000000000e+03 2.308000000000000000e+03 1.488800000000000000e+04 -4.656000000000000000e+03 -9.180000000000000000e+02 -7.550000000000000000e+02
-3.712000000000000000e+03 2.308000000000000000e+03 2.920800000000000000e+04 -4.672000000000000000e+03 -9.560000000000000000e+02 -7.700000000000000000e+02
-3.348000000000000000e+03 2.216000000000000000e+03 1.663600000000000000e+04 -4.672000000000000000e+03 -9.420000000000000000e+02 -9.570000000000000000e+02
-3.208000000000000000e+03 2.224000000000000000e+03 1.846800000000000000e+04 -4.640000000000000000e+03 -1.057000000000000000e+03 -8.840000000000000000e+02
-2.956000000000000000e+03 2.132000000000000000e+03 1.975200000000000000e+04 -4.624000000000000000e+03 -1.111000000000000000e+03 -4.850000000000000000e+02
-3.156000000000000000e+03 2.240000000000000000e+03 1.906400000000000000e+04 -4.656000000000000000e+03 -9.940000000000000000e+02 -6.500000000000000000e+02
-3.568000000000000000e+03 2.088000000000000000e+03 1.837200000000000000e+04 -4.624000000000000000e+03 -7.410000000000000000e+02 5.681000000000000000e+03
-2.824000000000000000e+03 1.776000000000000000e+03 1.920400000000000000e+04 -4.656000000000000000e+03 -5.610000000000000000e+02 -4.254000000000000000e+03
-2.093200000000000000e+04 -2.676000000000000000e+03 1.788800000000000000e+04 -4.656000000000000000e+03 -4.490000000000000000e+02 -2.830000000000000000e+03
-4.656000000000000000e+03 1.432000000000000000e+03 1.605200000000000000e+04 -4.640000000000000000e+03 -1.700000000000000000e+02 -7.230000000000000000e+02
-5.460000000000000000e+03 2.352000000000000000e+03 1.292400000000000000e+04 -4.640000000000000000e+03 -8.000000000000000000e+01 -4.420000000000000000e+02
-4.408000000000000000e+03 2.944000000000000000e+03 7.904000000000000000e+03 -4.624000000000000000e+03 -1.039000000000000000e+03 -2.340000000000000000e+02
-3.476000000000000000e+03 3.116000000000000000e+03 3.680000000000000000e+03 -4.624000000000000000e+03 8.000000000000000000e+01 -1.130000000000000000e+02
-4.180000000000000000e+03 2.516000000000000000e+03 1.080000000000000000e+03 -4.640000000000000000e+03 -3.480000000000000000e+02 -2.210000000000000000e+02
-4.148000000000000000e+03 2.604000000000000000e+03 8.640000000000000000e+02 -4.672000000000000000e+03 -5.730000000000000000e+02 -3.220000000000000000e+02
-3.692000000000000000e+03 2.020000000000000000e+03 -3.484000000000000000e+03 -4.656000000000000000e+03 -3.380000000000000000e+02 -7.370000000000000000e+02
-2.944000000000000000e+03 2.076000000000000000e+03 5.572000000000000000e+03 -4.656000000000000000e+03 -4.000000000000000000e+00 -1.083000000000000000e+03
-1.980000000000000000e+03 1.740000000000000000e+03 9.292000000000000000e+03 -4.672000000000000000e+03 3.000000000000000000e+02 -1.376000000000000000e+03
-1.000000000000000000e+03 8.680000000000000000e+02 1.757200000000000000e+04 -4.624000000000000000e+03 2.590000000000000000e+02 -1.287000000000000000e+03
-1.480000000000000000e+02 4.080000000000000000e+02 2.130400000000000000e+04 -4.608000000000000000e+03 2.170000000000000000e+02 -1.725000000000000000e+03
1.200000000000000000e+02 -4.000000000000000000e+00 1.745600000000000000e+04 -4.656000000000000000e+03 -7.000000000000000000e+01 -2.436000000000000000e+03
5.600000000000000000e+01 -1.280000000000000000e+02 1.004800000000000000e+04 -4.656000000000000000e+03 -1.410000000000000000e+02 -2.608000000000000000e+03
-1.552000000000000000e+03 -6.840000000000000000e+02 7.576000000000000000e+03 -4.640000000000000000e+03 -3.400000000000000000e+01 -2.081000000000000000e+03
-1.583600000000000000e+04 1.400000000000000000e+02 9.404000000000000000e+03 -4.640000000000000000e+03 -4.000000000000000000e+00 -1.983000000000000000e+03
3.440000000000000000e+02 9.520000000000000000e+02 1.226000000000000000e+04 -4.608000000000000000e+03 -1.540000000000000000e+02 -1.729000000000000000e+03
2.680000000000000000e+02 2.764000000000000000e+03 1.485600000000000000e+04 -4.672000000000000000e+03 -8.300000000000000000e+01 -1.661000000000000000e+03
-9.680000000000000000e+02 3.388000000000000000e+03 1.287200000000000000e+04 -4.672000000000000000e+03 2.300000000000000000e+01 -1.745000000000000000e+03
2.840000000000000000e+02 2.456000000000000000e+03 9.496000000000000000e+03 -4.624000000000000000e+03 -2.730000000000000000e+02 -1.425000000000000000e+03
1.284000000000000000e+03 1.348000000000000000e+03 7.968000000000000000e+03 -4.656000000000000000e+03 -2.150000000000000000e+02 -1.240000000000000000e+03
1.340000000000000000e+03 8.920000000000000000e+02 9.060000000000000000e+03 -4.624000000000000000e+03 -3.700000000000000000e+02 -1.227000000000000000e+03
-1.880000000000000000e+02 1.160000000000000000e+03 9.044000000000000000e+03 -4.624000000000000000e+03 -4.010000000000000000e+02 -1.233000000000000000e+03
-8.440000000000000000e+02 1.968000000000000000e+03 1.011600000000000000e+04 -4.640000000000000000e+03 -3.350000000000000000e+02 -1.115000000000000000e+03
-4.120000000000000000e+03 2.656000000000000000e+03 1.164400000000000000e+04 -4.640000000000000000e+03 -2.220000000000000000e+02 -9.390000000000000000e+02
-5.972000000000000000e+03 2.512000000000000000e+03 1.276800000000000000e+04 -4.672000000000000000e+03 -8.100000000000000000e+01 -5.540000000000000000e+03
-6.128000000000000000e+03 1.808000000000000000e+03 1.456000000000000000e+04 -4.656000000000000000e+03 -8.800000000000000000e+01 -3.757000000000000000e+03
-3.608000000000000000e+03 1.492000000000000000e+03 1.520000000000000000e+04 -4.640000000000000000e+03 -2.000000000000000000e+01 -4.183000000000000000e+03
-1.604000000000000000e+03 1.484000000000000000e+03 1.694000000000000000e+04 -4.640000000000000000e+03 7.111000000000000000e+03 -1.764000000000000000e+03
-1.188000000000000000e+03 1.432000000000000000e+03 1.803200000000000000e+04 -4.672000000000000000e+03 7.310000000000000000e+02 1.627000000000000000e+03
-1.128000000000000000e+03 1.572000000000000000e+03 1.878400000000000000e+04 -4.672000000000000000e+03 6.424000000000000000e+03 1.947000000000000000e+03
-1.080000000000000000e+03 1.732000000000000000e+03 1.768000000000000000e+04 -4.672000000000000000e+03 -3.457000000000000000e+03 1.506000000000000000e+03
-3.520000000000000000e+02 2.232000000000000000e+03 1.738400000000000000e+04 -4.640000000000000000e+03 -1.494000000000000000e+03 1.133000000000000000e+03
-1.920000000000000000e+02 2.556000000000000000e+03 1.589200000000000000e+04 -4.656000000000000000e+03 8.690000000000000000e+02 9.570000000000000000e+02
2.400000000000000000e+01 2.168000000000000000e+03 3.276700000000000000e+04 -4.624000000000000000e+03 -4.030000000000000000e+02 1.104000000000000000e+03
-3.040000000000000000e+02 2.364000000000000000e+03 2.585200000000000000e+04 -4.624000000000000000e+03 -6.010000000000000000e+02 9.260000000000000000e+02
