6.160000000000000000e+03 2.464000000000000000e+03 1.354000000000000000e+04 -4.224000000000000000e+03 -3.550000000000000000e+02 4.100000000000000000e+01
7.096000000000000000e+03 1.292000000000000000e+03 1.357600000000000000e+04 -4.208000000000000000e+03 -3.010000000000000000e+02 -1.900000000000000000e+01
6.440000000000000000e+03 1.380000000000000000e+03 1.353600000000000000e+04 -4.192000000000000000e+03 -3.350000000000000000e+02 9.200000000000000000e+01
5.196000000000000000e+03 2.044000000000000000e+03 1.354800000000000000e+04 -4.208000000000000000e+03 -3.540000000000000000e+02 -1.995000000000000000e+03
5.012000000000000000e+03 2.416000000000000000e+03 1.379600000000000000e+04 -4.192000000000000000e+03 -3.300000000000000000e+02 1.543000000000000000e+03
5.616000000000000000e+03 2.192000000000000000e+03 1.376800000000000000e+04 -4.208000000000000000e+03 -2.430000000000000000e+02 3.500000000000000000e+02
5.948000000000000000e+03 2.352000000000000000e+03 1.382000000000000000e+04 -4.192000000000000000e+03 6.200000000000000000e+01 -3.360000000000000000e+02
5.724000000000000000e+03 2.140000000000000000e+03 1.402800000000000000e+04 -4.208000000000000000e+03 -1.977000000000000000e+03 -3.950000000000000000e+02
5.812000000000000000e+03 1.996000000000000000e+03 1.395600000000000000e+04 -4.224000000000000000e+03 2.946000000000000000e+03 -4.900000000000000000e+01
5.908000000000000000e+03 1.816000000000000000e+03 1.392000000000000000e+04 -4.208000000000000000e+03 -9.630000000000000000e+02 2.030000000000000000e+02
6.308000000000000000e+03 1.852000000000000000e+03 1.378000000000000000e+04 -4.224000000000000000e+03 -2.110000000000000000e+02 5.210000000000000000e+02
6.300000000000000000e+03 2.396000000000000000e+03 1.358000000000000000e+04 -4.272000000000000000e+03 -3.250000000000000000e+02 7.330000000000000000e+02
5.600000000000000000e+03 2.248000000000000000e+03 1.389600000000000000e+04 -4.208000000000000000e+03 -5.420000000000000000e+02 1.000000000000000000e+03
5.952000000000000000e+03 2.236000000000000000e+03 1.384800000000000000e+04 -4.256000000000000000e+03 -2.920000000000000000e+02 1.163000000000000000e+03
5.548000000000000000e+03 2.128000000000000000e+03 1.383200000000000000e+04 -4.192000000000000000e+03 -4.140000000000000000e+02 1.296000000000000000e+03
5.696000000000000000e+03 2.028000000000000000e+03 1.363200000000000000e+04 -4.224000000000000000e+03 -3.570000000000000000e+02 1.457000000000000000e+03
5.572000000000000000e+03 1.864000000000000000e+03 1.386000000000000000e+04 -4.208000000000000000e+03 -4.070000000000000000e+02 1.444000000000000000e+03
5.276000000000000000e+03 2.080000000000000000e+03 1.601600000000000000e+04 -4.208000000000000000e+03 -4.890000000000000000e+02 1.240000000000000000e+03
5.228000000000000000e+03 2.196000000000000000e+03 2.083600000000000000e+04 -4.208000000000000000e+03 -6.490000000000000000e+02 1.484000000000000000e+03
5.256000000000000000e+03 2.364000000000000000e+03 2.278000000000000000e+04 -4.208000000000000000e+03 -7.120000000000000000e+02 7.722000000000000000e+03
5.252000000000000000e+03 2.296000000000000000e+03 2.035600000000000000e+04 -4.224000000000000000e+03 -6.280000000000000000e+02 -2.290000000000000000e+02
5.352000000000000000e+03 2.296000000000000000e+03 2.117200000000000000e+04 -4.240000000000000000e+03 -5.100000000000000000e+02 2.011000000000000000e+03
5.568000000000000000e+03 2.252000000000000000e+03 1.916400000000000000e+04 -4.256000000000000000e+03 -4.280000000000000000e+02 9.080000000000000000e+02
5.312000000000000000e+03 1.908000000000000000e+03 1.752800000000000000e+04 -4.208000000000000000e+03 4.380000000000000000e+02 2.100000000000000000e+03
5.456000000000000000e+03 1.968000000000000000e+03 1.782800000000000000e+04 -4.208000000000000000e+03 -1.650000000000000000e+02 3.210000000000000000e+03
5.228000000000000000e+03 2.140000000000000000e+03 1.766800000000000000e+04 -4.208000000000000000e+03 -2.920000000000000000e+02 1.819000000000000000e+03
5.380000000000000000e+03 2.108000000000000000e+03 1.654800000000000000e+04 -4.208000000000000000e+03 -8.260000000000000000e+02 8.800000000000000000e+02
5.824000000000000000e+03 8.032000000000000000e+03 1.387200000000000000e+04 -4.208000000000000000e+03 -7.620000000000000000e+02 6.160000000000000000e+02
1.536000000000000000e+03 3.520000000000000000e+02 1.082400000000000000e+04 -4.208000000000000000e+03 -2.550000000000000000e+02 7.410000000000000000e+02
1.421600000000000000e+04 3.404000000000000000e+03 6.248000000000000000e+03 -4.224000000000000000e+03 -1.280000000000000000e+02 4.480000000000000000e+02
8.964000000000000000e+03 3.484000000000000000e+03 3.088000000000000000e+03 -4.224000000000000000e+03 -1.800000000000000000e+01 2.820000000000000000e+02
7.936000000000000000e+03 3.348000000000000000e+03 1.184000000000000000e+03 -4.240000000000000000e+03 -3.700000000000000000e+02 -1.700000000000000000e+01
7.140000000000000000e+03 2.820000000000000000e+03 1.708000000000000000e+03 -4.208000000000000000e+03 -5.030000000000000000e+02 -4.740000000000000000e+02
7.924000000000000000e+03 2.520000000000000000e+03 6.424000000000000000e+03 -4.224000000000000000e+03 -4.190000000000000000e+02 -5.710000000000000000e+02
7.572000000000000000e+03 2.704000000000000000e+03 1.188400000000000000e+04 -4.192000000000000000e+03 -3.850000000000000000e+02 -4.310000000000000000e+02
7.700000000000000000e+03 2.528000000000000000e+03 1.131200000000000000e+04 -4.192000000000000000e+03 -1.790000000000000000e+02 -7.990000000000000000e+02
7.312000000000000000e+03 2.028000000000000000e+03 1.696000000000000000e+04 -4.224000000000000000e+03 -6.600000000000000000e+01 -7.400000000000000000e+02
6.752000000000000000e+03 1.608000000000000000e+03 1.243200000000000000e+04 -4.208000000000000000e+03 -9.200000000000000000e+01 -6.660000000000000000e+02
6.344000000000000000e+03 8.360000000000000000e+02 9.252000000000000000e+03 -4.208000000000000000e+03 1.720000000000000000e+02 -9.110000000000000000e+02
5.512000000000000000e+03 4.320000000000000000e+02 1.054000000000000000e+04 -4.240000000000000000e+03 1.830000000000000000e+02 -9.380000000000000000e+02
3.556000000000000000e+03 1.000000000000000000e+02 1.557600000000000000e+04 -4.224000000000000000e+03 -4.300000000000000000e+01 -1.059000000000000000e+03
1.836000000000000000e+03 5.760000000000000000e+02 1.628000000000000000e+04 -4.208000000000000000e+03 8.800000000000000000e+01 -1.077000000000000000e+03
1.280000000000000000e+03 1.144000000000000000e+03 1.452400000000000000e+04 -4.224000000000000000e+03 9.700000000000000000e+01 -1.004000000000000000e+03
2.740000000000000000e+03 2.292000000000000000e+03 1.150400000000000000e+04 -4.192000000000000000e+03 -2.900000000000000000e+01 -1.019000000000000000e+03
-3.448000000000000000e+03 1.360000000000000000e+03 9.224000000000000000e+03 -4.224000000000000000e+03 -1.370000000000000000e+02 -1.246000000000000000e+03
-6.976000000000000000e+03 2.836000000000000000e+03 8.156000000000000000e+03 -4.240000000000000000e+03 -4.370000000000000000e+02 -1.421000000000000000e+03
1.510400000000000000e+04 1.772000000000000000e+03 8.252000000000000000e+03 -4.224000000000000000e+03 -2.290000000000000000e+02 -1.384000000000000000e+03
1.265600000000000000e+04 9.480000000000000000e+02 7.968000000000000000e+03 -4.192000000000000000e+03 -3.440000000000000000e+02 8.985000000000000000e+03
9.916000000000000000e+03 1.104000000000000000e+03 8.300000000000000000e+03 -4.192000000000000000e+03 -4.790000000000000000e+02 3.350000000000000000e+03
2.864000000000000000e+03 2.664000000000000000e+03 1.101600000000000000e+04 -4.208000000000000000e+03 -5.020000000000000000e+02 3.420000000000000000e+02
-1.240000000000000000e+03 2.920000000000000000e+03 1.263200000000000000e+04 -4.208000000000000000e+03 -5.430000000000000000e+02 4.082000000000000000e+03
3.364000000000000000e+03 2.324000000000000000e+03 1.211200000000000000e+04 -4.224000000000000000e+03 1.797000000000000000e+03 4.362000000000000000e+03
7.268000000000000000e+03 1.716000000000000000e+03 1.349200000000000000e+04 -4.192000000000000000e+03 2.168000000000000000e+03 1.947000000000000000e+03
6.164000000000000000e+03 1.396000000000000000e+03 1.579200000000000000e+04 -4.208000000000000000e+03 -3.014000000000000000e+03 1.880000000000000000e+03
3.204000000000000000e+03 1.276000000000000000e+03 1.737600000000000000e+04 -4.176000000000000000e+03 -1.426000000000000000e+03 1.728000000000000000e+03
4.880000000000000000e+02 1.460000000000000000e+03 1.669200000000000000e+04 -4.224000000000000000e+03 7.850000000000000000e+02 1.724000000000000000e+03
-7.920000000000000000e+02 1.072000000000000000e+03 1.676400000000000000e+04 -4.224000000000000000e+03 -3.780000000000000000e+02 1.493000000000000000e+03
-1.380000000000000000e+03 9.560000000000000000e+02 1.830400000000000000e+04 -4.208000000000000000e+03 -1.940000000000000000e+02 1.279000000000000000e+03
7.640000000000000000e+02 1.420000000000000000e+03 1.712800000000000000e+04 -4.192000000000000000e+03 -4.570000000000000000e+02 1.138000000000000000e+03
