-1.202800000000000000e+04 1.092000000000000000e+03 -9.960000000000000000e+02 -4.672000000000000000e+03 -2.240000000000000000e+02 8.200000000000000000e+01
-1.514800000000000000e+04 8.440000000000000000e+02 5.280000000000000000e+02 -4.640000000000000000e+03 -3.120000000000000000e+02 5.310000000000000000e+02
-1.704800000000000000e+04 6.400000000000000000e+02 8.400000000000000000e+01 -4.656000000000000000e+03 -3.380000000000000000e+02 9.210000000000000000e+02
-1.639200000000000000e+04 5.720000000000000000e+02 4.280000000000000000e+02 -4.656000000000000000e+03 -3.440000000000000000e+02 1.128000000000000000e+03
-1.566000000000000000e+04 3.200000000000000000e+02 9.800000000000000000e+02 -4.640000000000000000e+03 -3.150000000000000000e+02 1.272000000000000000e+03
9.800000000000000000e+01 -9.790000000000000000e+02 1.148000000000000000e+03 -4.656000000000000000e+03 -3.580000000000000000e+02 1.003000000000000000e+03
-1.551600000000000000e+04 6.840000000000000000e+02 1.264000000000000000e+03 -4.640000000000000000e+03 -3.750000000000000000e+02 6.170000000000000000e+02
-1.545200000000000000e+04 7.280000000000000000e+02 1.180000000000000000e+03 -4.656000000000000000e+03 -3.330000000000000000e+02 5.550000000000000000e+02
-1.530400000000000000e+04 8.760000000000000000e+02 8.720000000000000000e+02 -4.656000000000000000e+03 -2.740000000000000000e+02 3.360000000000000000e+02
-1.538400000000000000e+04 8.120000000000000000e+02 8.640000000000000000e+02 -4.672000000000000000e+03 -3.240000000000000000e+02 3.500000000000000000e+01
-1.547600000000000000e+04 6.240000000000000000e+02 5.480000000000000000e+02 -4.656000000000000000e+03 -3.520000000000000000e+02 1.000000000000000000e+00
-1.559600000000000000e+04 5.360000000000000000e+02 -1.840000000000000000e+02 -4.656000000000000000e+03 -2.920000000000000000e+02 8.100000000000000000e+01
-1.571200000000000000e+04 5.320000000000000000e+02 2.160000000000000000e+02 -4.688000000000000000e+03 -3.340000000000000000e+02 1.780000000000000000e+02
-1.573600000000000000e+04 3.960000000000000000e+02 2.280000000000000000e+02 -4.656000000000000000e+03 -3.200000000000000000e+02 1.710000000000000000e+02
-1.584000000000000000e+04 4.920000000000000000e+02 -1.600000000000000000e+02 -4.656000000000000000e+03 -3.250000000000000000e+02 6.700000000000000000e+01
-1.573200000000000000e+04 4.920000000000000000e+02 2.080000000000000000e+02 -4.624000000000000000e+03 -3.610000000000000000e+02 5.000000000000000000e+00
-1.586400000000000000e+04 5.840000000000000000e+02 4.760000000000000000e+02 -4.640000000000000000e+03 -3.090000000000000000e+02 5.000000000000000000e+00
-1.565600000000000000e+04 6.560000000000000000e+02 5.520000000000000000e+02 -4.656000000000000000e+03 -2.840000000000000000e+02 7.200000000000000000e+01
-1.580400000000000000e+04 6.480000000000000000e+02 4.360000000000000000e+02 -4.640000000000000000e+03 -2.650000000000000000e+02 -6.100000000000000000e+01
-1.566800000000000000e+04 5.800000000000000000e+02 6.800000000000000000e+01 -4.656000000000000000e+03 -2.950000000000000000e+02 -2.310000000000000000e+02
-1.570800000000000000e+04 4.920000000000000000e+02 2.000000000000000000e+02 -4.624000000000000000e+03 -2.580000000000000000e+02 -3.960000000000000000e+02
-1.565200000000000000e+04 3.080000000000000000e+02 2.960000000000000000e+02 -4.640000000000000000e+03 -2.450000000000000000e+02 -4.340000000000000000e+02
-1.571600000000000000e+04 3.600000000000000000e+02 5.000000000000000000e+02 -4.624000000000000000e+03 -2.800000000000000000e+02 -4.370000000000000000e+02
-1.569600000000000000e+04 5.640000000000000000e+02 3.480000000000000000e+02 -4.640000000000000000e+03 -3.070000000000000000e+02 -1.740000000000000000e+02
-1.568400000000000000e+04 5.440000000000000000e+02 1.960000000000000000e+02 -4.672000000000000000e+03 -1.580000000000000000e+02 -5.458000000000000000e+03
-1.567600000000000000e+04 4.680000000000000000e+02 1.680000000000000000e+02 -4.672000000000000000e+03 -1.230000000000000000e+02 1.661000000000000000e+03
-1.569600000000000000e+04 5.200000000000000000e+02 4.240000000000000000e+02 -4.656000000000000000e+03 -5.000000000000000000e+00 -2.900000000000000000e+01
-1.570000000000000000e+04 4.680000000000000000e+02 3.400000000000000000e+02 -4.688000000000000000e+03 2.567000000000000000e+03 5.170000000000000000e+02
-1.579200000000000000e+04 4.840000000000000000e+02 2.920000000000000000e+02 -4.640000000000000000e+03 -4.540000000000000000e+02 1.100000000000000000e+03
-1.555200000000000000e+04 5.680000000000000000e+02 2.840000000000000000e+02 -4.656000000000000000e+03 -5.340000000000000000e+02 1.599000000000000000e+03
-1.526400000000000000e+04 6.920000000000000000e+02 2.804000000000000000e+03 -4.640000000000000000e+03 -3.580000000000000000e+02 1.736000000000000000e+03
-1.540800000000000000e+04 1.444000000000000000e+03 -6.400000000000000000e+03 -4.624000000000000000e+03 -3.240000000000000000e+02 1.428000000000000000e+03
-2.856000000000000000e+04 9.024000000000000000e+03 1.772000000000000000e+03 -4.640000000000000000e+03 -4.850000000000000000e+02 1.567000000000000000e+03
1.600000000000000000e+01 -9.360000000000000000e+02 8.240000000000000000e+02 -4.656000000000000000e+03 -5.200000000000000000e+02 1.960000000000000000e+03
-2.209600000000000000e+04 -9.840000000000000000e+02 1.572000000000000000e+03 -4.656000000000000000e+03 -5.040000000000000000e+02 1.876000000000000000e+03
-2.019200000000000000e+04 2.696000000000000000e+03 1.636000000000000000e+03 -4.640000000000000000e+03 -4.820000000000000000e+02 2.315000000000000000e+03
-2.018000000000000000e+04 8.200000000000000000e+02 1.160000000000000000e+03 -4.640000000000000000e+03 -5.320000000000000000e+02 2.311000000000000000e+03
-2.142400000000000000e+04 1.296000000000000000e+03 8.560000000000000000e+02 -4.688000000000000000e+03 -4.330000000000000000e+02 1.739000000000000000e+03
-2.066800000000000000e+04 1.020000000000000000e+03 8.440000000000000000e+02 -4.656000000000000000e+03 -3.650000000000000000e+02 3.696000000000000000e+03
-1.939200000000000000e+04 6.960000000000000000e+02 7.520000000000000000e+02 -4.656000000000000000e+03 -4.090000000000000000e+02 -2.704000000000000000e+03
-1.719200000000000000e+04 5.560000000000000000e+02 -5.280000000000000000e+02 -4.640000000000000000e+03 -1.241000000000000000e+03 2.030000000000000000e+03
-1.205200000000000000e+04 3.000000000000000000e+02 -1.080000000000000000e+03 -4.640000000000000000e+03 7.330000000000000000e+02 2.322000000000000000e+03
-5.620000000000000000e+03 -3.200000000000000000e+01 -4.400000000000000000e+02 -4.640000000000000000e+03 1.100000000000000000e+02 3.347000000000000000e+03
-2.852000000000000000e+03 1.560000000000000000e+02 8.040000000000000000e+02 -4.656000000000000000e+03 -6.280000000000000000e+02 2.335000000000000000e+03
-2.472000000000000000e+03 2.880000000000000000e+02 -3.496000000000000000e+03 -4.688000000000000000e+03 -4.790000000000000000e+02 1.998000000000000000e+03
-3.176000000000000000e+03 1.480000000000000000e+02 -1.694800000000000000e+04 -4.624000000000000000e+03 -3.650000000000000000e+02 3.036000000000000000e+03
2.960000000000000000e+02 2.052000000000000000e+03 1.408000000000000000e+03 -4.688000000000000000e+03 -2.890000000000000000e+02 8.870000000000000000e+02
-1.494400000000000000e+04 -1.544000000000000000e+03 3.812000000000000000e+03 -4.640000000000000000e+03 3.590000000000000000e+02 1.477000000000000000e+03
-1.784000000000000000e+04 -1.380000000000000000e+03 3.172000000000000000e+03 -4.624000000000000000e+03 -1.670000000000000000e+02 1.546000000000000000e+03
-1.988800000000000000e+04 8.160000000000000000e+02 7.480000000000000000e+02 -4.624000000000000000e+03 -2.320000000000000000e+02 9.010000000000000000e+02
-1.534800000000000000e+04 9.080000000000000000e+02 -1.736000000000000000e+03 -4.672000000000000000e+03 -1.170000000000000000e+02 1.665000000000000000e+03
-1.226000000000000000e+04 8.440000000000000000e+02 -5.548000000000000000e+03 -4.656000000000000000e+03 -9.300000000000000000e+01 1.172000000000000000e+03
-1.008800000000000000e+04 4.560000000000000000e+02 -4.196000000000000000e+03 -4.640000000000000000e+03 -3.300000000000000000e+01 8.020000000000000000e+02
-9.180000000000000000e+03 -1.752000000000000000e+03 -3.996000000000000000e+03 -4.608000000000000000e+03 -2.460000000000000000e+02 3.420000000000000000e+02
-9.096000000000000000e+03 -1.280000000000000000e+02 -2.420000000000000000e+03 -4.640000000000000000e+03 -3.720000000000000000e+02 -5.300000000000000000e+01
-5.576000000000000000e+03 -1.200000000000000000e+01 -1.464000000000000000e+03 -4.656000000000000000e+03 -2.510000000000000000e+02 -5.020000000000000000e+02
-9.124000000000000000e+03 -5.520000000000000000e+02 -2.488000000000000000e+03 -4.640000000000000000e+03 -2.090000000000000000e+02 -1.009000000000000000e+03
-1.142400000000000000e+04 -3.600000000000000000e+02 -2.040000000000000000e+03 -4.672000000000000000e+03 -2.540000000000000000e+02 -1.444000000000000000e+03
-1.155600000000000000e+04 -8.800000000000000000e+01 -2.424000000000000000e+03 -4.656000000000000000e+03 -3.170000000000000000e+02 -1.755000000000000000e+03
-1.646400000000000000e+04 -1.560000000000000000e+02 -2.532000000000000000e+03 -4.672000000000000000e+03 -4.140000000000000000e+02 -3.490000000000000000e+03
-1.782000000000000000e+04 3.200000000000000000e+01 -3.260000000000000000e+03 -4.640000000000000000e+03 -4.420000000000000000e+02 3.422000000000000000e+03
-1.744400000000000000e+04 6.800000000000000000e+01 -3.288000000000000000e+03 -4.640000000000000000e+03 -1.943000000000000000e+03 4.044000000000000000e+03
-1.808800000000000000e+04 -8.000000000000000000e+01 -3.276000000000000000e+03 -4.656000000000000000e+03 -1.773000000000000000e+03 1.123000000000000000e+03
-1.804400000000000000e+04 3.640000000000000000e+02 -2.904000000000000000e+03 -4.656000000000000000e+03 -3.095000000000000000e+03 -2.910000000000000000e+02
-1.812800000000000000e+04 2.840000000000000000e+02 -2.624000000000000000e+03 -4.608000000000000000e+03 -1.623000000000000000e+03 1.202000000000000000e+03
-1.877600000000000000e+04 4.000000000000000000e+02 2.370000000000000000e+04 -4.688000000000000000e+03 6.400000000000000000e+02 5.540000000000000000e+02
-1.892000000000000000e+04 2.120000000000000000e+02 -5.880000000000000000e+03 -4.624000000000000000e+03 -4.800000000000000000e+01 7.120000000000000000e+02
-3.820000000000000000e+03 -7.576000000000000000e+03 3.840000000000000000e+03 -4.656000000000000000e+03 2.570000000000000000e+02 8.340000000000000000e+02
2.301600000000000000e+04 1.604800000000000000e+04 -7.516000000000000000e+03 -4.672000000000000000e+03 1.300000000000000000e+01 3.700000000000000000e+02
2.636000000000000000e+03 9.432000000000000000e+03 2.412000000000000000e+03 -4.624000000000000000e+03 -2.300000000000000000e+02 4.630000000000000000e+02
1.418400000000000000e+04 -5.556000000000000000e+03 -2.260000000000000000e+03 -4.656000000000000000e+03 -6.900000000000000000e+01 -1.050000000000000000e+02
-3.276800000000000000e+04 1.792000000000000000e+03 -4.780000000000000000e+03 -4.656000000000000000e+03 2.460000000000000000e+02 -2.110000000000000000e+02
-8.180000000000000000e+03 -9.120000000000000000e+02 -7.240000000000000000e+03 -4.624000000000000000e+03 1.020000000000000000e+02 -3.950000000000000000e+02
-6.756000000000000000e+03 7.520000000000000000e+02 -8.236000000000000000e+03 -4.672000000000000000e+03 8.000000000000000000e+00 -4.800000000000000000e+02
-1.573600000000000000e+04 -2.160000000000000000e+02 -6.856000000000000000e+03 -4.672000000000000000e+03 1.260000000000000000e+02 -6.220000000000000000e+02
-1.914800000000000000e+04 -1.072000000000000000e+03 -7.168000000000000000e+03 -4.640000000000000000e+03 2.510000000000000000e+02 -8.650000000000000000e+02
