1.844000000000000000e+03 2.088000000000000000e+03 1.462800000000000000e+04 -4.624000000000000000e+03 -2.400000000000000000e+02 -4.160000000000000000e+02
1.788000000000000000e+03 2.084000000000000000e+03 1.586400000000000000e+04 -4.640000000000000000e+03 -2.260000000000000000e+02 -2.010000000000000000e+02
1.464000000000000000e+03 2.152000000000000000e+03 1.538400000000000000e+04 -4.640000000000000000e+03 -3.520000000000000000e+02 3.700000000000000000e+01
1.364000000000000000e+03 2.232000000000000000e+03 1.383600000000000000e+04 -4.656000000000000000e+03 -3.910000000000000000e+02 2.640000000000000000e+02
1.460000000000000000e+03 2.448000000000000000e+03 1.329200000000000000e+04 -4.624000000000000000e+03 -4.680000000000000000e+02 4.760000000000000000e+02
1.708000000000000000e+03 2.388000000000000000e+03 1.454400000000000000e+04 -4.656000000000000000e+03 -3.420000000000000000e+02 8.060000000000000000e+02
1.556000000000000000e+03 2.276000000000000000e+03 1.504400000000000000e+04 -4.640000000000000000e+03 -3.460000000000000000e+02 6.270000000000000000e+02
1.316000000000000000e+03 2.192000000000000000e+03 1.436400000000000000e+04 -4.640000000000000000e+03 -3.160000000000000000e+02 -2.400000000000000000e+02
1.632000000000000000e+03 2.220000000000000000e+03 1.393600000000000000e+04 -4.624000000000000000e+03 -3.470000000000000000e+02 -7.270000000000000000e+02
2.212000000000000000e+03 2.016000000000000000e+03 1.424000000000000000e+04 -4.656000000000000000e+03 -2.940000000000000000e+02 -1.219000000000000000e+03
2.048000000000000000e+03 2.496000000000000000e+03 1.425200000000000000e+04 -4.640000000000000000e+03 -2.370000000000000000e+02 -1.588000000000000000e+03
1.568000000000000000e+03 2.516000000000000000e+03 1.526000000000000000e+04 -4.624000000000000000e+03 -2.710000000000000000e+02 -3.410000000000000000e+03
1.324000000000000000e+03 2.436000000000000000e+03 1.539600000000000000e+04 -4.624000000000000000e+03 -2.350000000000000000e+02 -3.375000000000000000e+03
1.336000000000000000e+03 2.380000000000000000e+03 1.412400000000000000e+04 -4.640000000000000000e+03 -3.100000000000000000e+02 -3.820000000000000000e+02
1.432000000000000000e+03 1.920000000000000000e+03 1.360400000000000000e+04 -4.624000000000000000e+03 -3.610000000000000000e+02 -4.600000000000000000e+02
2.480000000000000000e+03 1.564000000000000000e+03 1.429200000000000000e+04 -4.624000000000000000e+03 -2.840000000000000000e+02 -8.390000000000000000e+02
2.380000000000000000e+03 2.172000000000000000e+03 1.473200000000000000e+04 -4.640000000000000000e+03 -3.050000000000000000e+02 -1.660000000000000000e+02
7.680000000000000000e+02 1.632000000000000000e+03 1.467600000000000000e+04 -4.624000000000000000e+03 -3.030000000000000000e+02 -1.490000000000000000e+02
7.240000000000000000e+02 2.508000000000000000e+03 1.456800000000000000e+04 -4.608000000000000000e+03 -5.700000000000000000e+02 2.520000000000000000e+02
1.564000000000000000e+03 3.140000000000000000e+03 1.446800000000000000e+04 -4.640000000000000000e+03 4.790000000000000000e+02 4.530000000000000000e+02
2.256000000000000000e+03 2.588000000000000000e+03 1.421600000000000000e+04 -4.624000000000000000e+03 -8.160000000000000000e+02 7.030000000000000000e+02
2.516000000000000000e+03 2.064000000000000000e+03 1.426400000000000000e+04 -4.656000000000000000e+03 -6.100000000000000000e+01 6.050000000000000000e+02
1.588000000000000000e+03 1.676000000000000000e+03 1.459200000000000000e+04 -4.624000000000000000e+03 -2.900000000000000000e+02 8.630000000000000000e+02
2.072000000000000000e+03 2.128000000000000000e+03 1.422400000000000000e+04 -4.608000000000000000e+03 -5.400000000000000000e+02 8.500000000000000000e+02
2.160000000000000000e+03 2.088000000000000000e+03 1.441200000000000000e+04 -4.624000000000000000e+03 -5.640000000000000000e+02 8.520000000000000000e+02
2.016000000000000000e+03 2.120000000000000000e+03 1.421200000000000000e+04 -4.624000000000000000e+03 -6.990000000000000000e+02 1.020000000000000000e+03
1.752000000000000000e+03 1.952000000000000000e+03 1.443200000000000000e+04 -4.656000000000000000e+03 -4.860000000000000000e+02 4.077000000000000000e+03
2.684000000000000000e+03 2.236000000000000000e+03 1.486800000000000000e+04 -4.624000000000000000e+03 -4.670000000000000000e+02 4.800000000000000000e+01
2.468000000000000000e+03 2.360000000000000000e+03 1.461200000000000000e+04 -4.592000000000000000e+03 -3.560000000000000000e+02 -1.790000000000000000e+03
2.144000000000000000e+03 2.224000000000000000e+03 1.463600000000000000e+04 -4.640000000000000000e+03 -3.140000000000000000e+02 8.810000000000000000e+02
2.824000000000000000e+03 2.080000000000000000e+03 1.367600000000000000e+04 -4.624000000000000000e+03 -1.920000000000000000e+02 1.211000000000000000e+03
2.728000000000000000e+03 1.960000000000000000e+03 1.533200000000000000e+04 -4.608000000000000000e+03 -2.500000000000000000e+01 1.352000000000000000e+03
2.972000000000000000e+03 1.952000000000000000e+03 1.581600000000000000e+04 -4.624000000000000000e+03 2.400000000000000000e+01 2.305000000000000000e+03
3.012000000000000000e+03 2.100000000000000000e+03 1.840000000000000000e+04 -4.624000000000000000e+03 1.100000000000000000e+02 1.474000000000000000e+03
4.320000000000000000e+02 2.048000000000000000e+03 1.738000000000000000e+04 -4.640000000000000000e+03 1.700000000000000000e+02 6.040000000000000000e+02
1.040000000000000000e+03 2.172000000000000000e+03 1.996800000000000000e+04 -4.624000000000000000e+03 7.630000000000000000e+02 -1.482000000000000000e+03
1.420000000000000000e+03 2.096000000000000000e+03 1.926800000000000000e+04 -4.624000000000000000e+03 -7.000000000000000000e+00 -5.600000000000000000e+01
2.736000000000000000e+03 1.684000000000000000e+03 1.940000000000000000e+04 -4.624000000000000000e+03 3.610000000000000000e+02 -6.990000000000000000e+02
3.032000000000000000e+03 2.188000000000000000e+03 1.863600000000000000e+04 -4.656000000000000000e+03 1.080000000000000000e+02 -1.130000000000000000e+02
5.880000000000000000e+03 8.916000000000000000e+03 1.721600000000000000e+04 -4.624000000000000000e+03 -3.090000000000000000e+02 -6.130000000000000000e+02
8.248000000000000000e+03 -1.216800000000000000e+04 1.454000000000000000e+04 -4.624000000000000000e+03 -4.590000000000000000e+02 -7.480000000000000000e+02
7.276000000000000000e+03 4.540000000000000000e+03 1.118400000000000000e+04 -4.624000000000000000e+03 -1.830000000000000000e+02 -1.336000000000000000e+03
5.164000000000000000e+03 3.396000000000000000e+03 7.284000000000000000e+03 -4.672000000000000000e+03 -1.450000000000000000e+02 -1.644000000000000000e+03
5.924000000000000000e+03 2.476000000000000000e+03 5.092000000000000000e+03 -4.640000000000000000e+03 -2.220000000000000000e+02 -2.149000000000000000e+03
5.468000000000000000e+03 3.036000000000000000e+03 3.204000000000000000e+03 -4.624000000000000000e+03 -4.770000000000000000e+02 -1.717000000000000000e+03
5.036000000000000000e+03 2.404000000000000000e+03 2.316000000000000000e+03 -4.640000000000000000e+03 -6.360000000000000000e+02 -2.697000000000000000e+03
5.168000000000000000e+03 1.800000000000000000e+03 2.900000000000000000e+03 -4.640000000000000000e+03 -6.780000000000000000e+02 -6.810000000000000000e+02
4.644000000000000000e+03 1.416000000000000000e+03 6.304000000000000000e+03 -4.640000000000000000e+03 -6.400000000000000000e+02 -2.249000000000000000e+03
3.292000000000000000e+03 9.600000000000000000e+02 1.059200000000000000e+04 -4.624000000000000000e+03 -6.510000000000000000e+02 -2.580000000000000000e+03
2.068000000000000000e+03 5.120000000000000000e+02 1.489200000000000000e+04 -4.608000000000000000e+03 -6.650000000000000000e+02 -1.295000000000000000e+03
1.340000000000000000e+03 5.200000000000000000e+02 1.841200000000000000e+04 -4.640000000000000000e+03 -5.230000000000000000e+02 -2.758000000000000000e+03
1.524000000000000000e+03 3.440000000000000000e+02 1.855600000000000000e+04 -4.624000000000000000e+03 -5.370000000000000000e+02 -1.094000000000000000e+03
1.192000000000000000e+03 2.000000000000000000e+02 1.330800000000000000e+04 -4.624000000000000000e+03 -5.970000000000000000e+02 -1.929000000000000000e+03
2.496000000000000000e+03 2.920000000000000000e+02 9.592000000000000000e+03 -4.640000000000000000e+03 -6.670000000000000000e+02 -7.346000000000000000e+03
