5.976000000000000000e+03 1.588000000000000000e+03 1.494400000000000000e+04 -4.208000000000000000e+03 -2.210000000000000000e+02 8.330000000000000000e+02
5.428000000000000000e+03 1.644000000000000000e+03 1.430800000000000000e+04 -4.208000000000000000e+03 -1.980000000000000000e+02 5.940000000000000000e+02
4.864000000000000000e+03 1.896000000000000000e+03 1.418800000000000000e+04 -4.176000000000000000e+03 -1.950000000000000000e+02 2.610000000000000000e+02
4.380000000000000000e+03 1.880000000000000000e+03 1.414400000000000000e+04 -4.176000000000000000e+03 -2.320000000000000000e+02 9.900000000000000000e+01
2.768000000000000000e+03 2.480000000000000000e+03 1.422000000000000000e+04 -4.192000000000000000e+03 -2.410000000000000000e+02 4.300000000000000000e+01
7.640000000000000000e+02 2.588000000000000000e+03 1.423200000000000000e+04 -4.192000000000000000e+03 -2.700000000000000000e+02 -6.900000000000000000e+01
2.816000000000000000e+03 2.704000000000000000e+03 1.444000000000000000e+04 -4.192000000000000000e+03 -2.960000000000000000e+02 -2.520000000000000000e+02
3.184000000000000000e+03 2.488000000000000000e+03 1.432800000000000000e+04 -4.192000000000000000e+03 -2.710000000000000000e+02 -2.550000000000000000e+02
3.132000000000000000e+03 1.928000000000000000e+03 1.444800000000000000e+04 -4.192000000000000000e+03 -3.080000000000000000e+02 -5.200000000000000000e+01
3.156000000000000000e+03 1.796000000000000000e+03 1.456400000000000000e+04 -4.208000000000000000e+03 -3.090000000000000000e+02 1.710000000000000000e+02
3.036000000000000000e+03 1.828000000000000000e+03 1.466000000000000000e+04 -4.192000000000000000e+03 -2.980000000000000000e+02 3.990000000000000000e+02
3.008000000000000000e+03 1.820000000000000000e+03 1.454000000000000000e+04 -4.176000000000000000e+03 -3.050000000000000000e+02 5.580000000000000000e+02
2.992000000000000000e+03 1.956000000000000000e+03 1.435200000000000000e+04 -4.208000000000000000e+03 -2.830000000000000000e+02 5.150000000000000000e+02
2.468000000000000000e+03 2.356000000000000000e+03 1.445200000000000000e+04 -4.176000000000000000e+03 -2.600000000000000000e+02 3.280000000000000000e+02
1.376000000000000000e+03 2.432000000000000000e+03 1.454000000000000000e+04 -4.176000000000000000e+03 -2.510000000000000000e+02 3.080000000000000000e+02
1.400000000000000000e+03 2.548000000000000000e+03 1.451600000000000000e+04 -4.160000000000000000e+03 -2.680000000000000000e+02 4.480000000000000000e+02
1.896000000000000000e+03 2.316000000000000000e+03 1.452800000000000000e+04 -4.160000000000000000e+03 -2.310000000000000000e+02 6.690000000000000000e+02
1.860000000000000000e+03 2.192000000000000000e+03 1.449200000000000000e+04 -4.176000000000000000e+03 -2.110000000000000000e+02 -9.610000000000000000e+02
1.352000000000000000e+03 2.104000000000000000e+03 1.452000000000000000e+04 -4.192000000000000000e+03 5.300000000000000000e+01 1.693000000000000000e+03
1.328000000000000000e+03 2.208000000000000000e+03 1.442800000000000000e+04 -4.176000000000000000e+03 6.050000000000000000e+02 -2.170000000000000000e+02
1.592000000000000000e+03 2.224000000000000000e+03 1.446400000000000000e+04 -4.192000000000000000e+03 4.850000000000000000e+02 4.110000000000000000e+02
1.644000000000000000e+03 2.312000000000000000e+03 1.436800000000000000e+04 -4.192000000000000000e+03 4.326000000000000000e+03 7.450000000000000000e+02
1.660000000000000000e+03 2.304000000000000000e+03 1.441200000000000000e+04 -4.208000000000000000e+03 -1.930000000000000000e+02 7.660000000000000000e+02
1.756000000000000000e+03 2.172000000000000000e+03 1.439200000000000000e+04 -4.160000000000000000e+03 -8.910000000000000000e+02 1.003000000000000000e+03
2.260000000000000000e+03 2.164000000000000000e+03 1.444800000000000000e+04 -4.176000000000000000e+03 -1.050000000000000000e+03 1.315000000000000000e+03
2.560000000000000000e+03 2.176000000000000000e+03 1.440800000000000000e+04 -4.176000000000000000e+03 -9.350000000000000000e+02 1.415000000000000000e+03
2.364000000000000000e+03 2.116000000000000000e+03 1.451600000000000000e+04 -4.176000000000000000e+03 -7.960000000000000000e+02 1.722000000000000000e+03
2.368000000000000000e+03 2.072000000000000000e+03 1.429600000000000000e+04 -4.160000000000000000e+03 -8.180000000000000000e+02 2.068000000000000000e+03
2.072000000000000000e+03 2.132000000000000000e+03 1.520800000000000000e+04 -4.192000000000000000e+03 -6.550000000000000000e+02 2.114000000000000000e+03
1.580000000000000000e+03 2.144000000000000000e+03 2.652400000000000000e+04 -4.160000000000000000e+03 -4.690000000000000000e+02 1.984000000000000000e+03
1.744000000000000000e+03 2.116000000000000000e+03 3.276700000000000000e+04 -4.176000000000000000e+03 -4.140000000000000000e+02 2.109000000000000000e+03
2.088000000000000000e+03 2.888000000000000000e+03 2.360000000000000000e+04 -4.208000000000000000e+03 -2.990000000000000000e+02 1.741000000000000000e+03
2.160000000000000000e+03 4.736000000000000000e+03 2.282400000000000000e+04 -4.176000000000000000e+03 -1.290000000000000000e+02 1.025900000000000000e+04
2.232000000000000000e+03 -2.332000000000000000e+03 2.160800000000000000e+04 -4.176000000000000000e+03 -1.100000000000000000e+01 -1.851000000000000000e+03
-1.247600000000000000e+04 3.820000000000000000e+03 2.016400000000000000e+04 -4.208000000000000000e+03 3.500000000000000000e+01 1.698000000000000000e+03
-1.834400000000000000e+04 3.024000000000000000e+03 1.874800000000000000e+04 -4.176000000000000000e+03 9.160000000000000000e+02 2.646000000000000000e+03
2.784000000000000000e+03 2.456000000000000000e+03 1.816000000000000000e+04 -4.176000000000000000e+03 4.900000000000000000e+02 4.297000000000000000e+03
3.232000000000000000e+03 2.360000000000000000e+03 1.539200000000000000e+04 -4.192000000000000000e+03 -1.220000000000000000e+02 1.662000000000000000e+03
3.752000000000000000e+03 1.832000000000000000e+03 1.269600000000000000e+04 -4.192000000000000000e+03 -1.610000000000000000e+02 -4.470000000000000000e+02
2.556000000000000000e+03 2.144000000000000000e+03 9.192000000000000000e+03 -4.160000000000000000e+03 2.210000000000000000e+02 1.437000000000000000e+03
2.532000000000000000e+03 1.932000000000000000e+03 5.192000000000000000e+03 -4.160000000000000000e+03 1.700000000000000000e+02 1.183000000000000000e+03
2.356000000000000000e+03 1.404000000000000000e+03 2.048000000000000000e+03 -4.176000000000000000e+03 5.500000000000000000e+01 1.250000000000000000e+03
2.852000000000000000e+03 1.248000000000000000e+03 5.560000000000000000e+02 -4.208000000000000000e+03 7.400000000000000000e+01 4.920000000000000000e+02
2.632000000000000000e+03 6.560000000000000000e+02 -2.200000000000000000e+02 -4.208000000000000000e+03 1.930000000000000000e+02 -7.900000000000000000e+01
2.304000000000000000e+03 1.680000000000000000e+02 8.076000000000000000e+03 -4.192000000000000000e+03 1.100000000000000000e+01 -5.410000000000000000e+02
1.476000000000000000e+03 -1.200000000000000000e+01 8.796000000000000000e+03 -4.192000000000000000e+03 -1.820000000000000000e+02 -8.060000000000000000e+02
9.760000000000000000e+02 -2.520000000000000000e+02 1.507600000000000000e+04 -4.208000000000000000e+03 -3.290000000000000000e+02 -1.163000000000000000e+03
1.332000000000000000e+03 2.320000000000000000e+02 1.605600000000000000e+04 -4.176000000000000000e+03 -5.340000000000000000e+02 -1.379000000000000000e+03
1.972000000000000000e+03 3.356000000000000000e+03 1.127200000000000000e+04 -4.208000000000000000e+03 -5.590000000000000000e+02 -1.580000000000000000e+03
-1.865600000000000000e+04 2.196000000000000000e+03 1.228000000000000000e+04 -4.192000000000000000e+03 -6.040000000000000000e+02 -1.717000000000000000e+03
-1.320000000000000000e+03 2.168000000000000000e+03 1.365200000000000000e+04 -4.176000000000000000e+03 -6.070000000000000000e+02 -1.817000000000000000e+03
1.083600000000000000e+04 8.960000000000000000e+02 1.310400000000000000e+04 -4.160000000000000000e+03 -6.800000000000000000e+02 -2.028000000000000000e+03
7.792000000000000000e+03 2.264000000000000000e+03 1.408400000000000000e+04 -4.192000000000000000e+03 -5.830000000000000000e+02 -2.549000000000000000e+03
-4.396000000000000000e+03 2.024000000000000000e+03 1.539600000000000000e+04 -4.160000000000000000e+03 -8.040000000000000000e+02 -2.532000000000000000e+03
-4.248000000000000000e+03 2.308000000000000000e+03 1.642800000000000000e+04 -4.224000000000000000e+03 -6.720000000000000000e+02 -2.177000000000000000e+03
1.776000000000000000e+03 1.928000000000000000e+03 1.384400000000000000e+04 -4.192000000000000000e+03 -7.460000000000000000e+02 -1.876000000000000000e+03
3.684000000000000000e+03 2.256000000000000000e+03 1.148800000000000000e+04 -4.192000000000000000e+03 -6.040000000000000000e+02 -1.639000000000000000e+03
1.144000000000000000e+03 2.628000000000000000e+03 8.184000000000000000e+03 -4.160000000000000000e+03 -5.410000000000000000e+02 -1.264000000000000000e+03
2.040000000000000000e+02 2.200000000000000000e+03 8.132000000000000000e+03 -4.208000000000000000e+03 -4.800000000000000000e+02 -1.014000000000000000e+03
-1.520000000000000000e+03 2.104000000000000000e+03 8.524000000000000000e+03 -4.192000000000000000e+03 -3.950000000000000000e+02 -6.500000000000000000e+02
-1.788000000000000000e+03 1.760000000000000000e+03 9.600000000000000000e+03 -4.192000000000000000e+03 -1.200000000000000000e+02 -4.120000000000000000e+02
-1.988000000000000000e+03 1.744000000000000000e+03 1.142800000000000000e+04 -4.192000000000000000e+03 -1.170000000000000000e+02 2.501000000000000000e+03
-2.292000000000000000e+03 1.468000000000000000e+03 1.285200000000000000e+04 -4.176000000000000000e+03 1.200000000000000000e+01 -2.926200000000000000e+04
-1.784000000000000000e+03 1.676000000000000000e+03 1.302000000000000000e+04 -4.208000000000000000e+03 -4.000000000000000000e+00 1.503000000000000000e+03
-9.120000000000000000e+02 2.032000000000000000e+03 1.444400000000000000e+04 -4.160000000000000000e+03 6.689000000000000000e+03 -1.151000000000000000e+03
-7.200000000000000000e+02 1.868000000000000000e+03 1.536400000000000000e+04 -4.160000000000000000e+03 8.351000000000000000e+03 4.095000000000000000e+03
-6.360000000000000000e+02 1.688000000000000000e+03 1.574000000000000000e+04 -4.208000000000000000e+03 1.291000000000000000e+03 -3.360000000000000000e+02
