-1.360000000000000000e+02 2.684000000000000000e+03 1.444000000000000000e+04 -4.640000000000000000e+03 -2.560000000000000000e+02 -3.710000000000000000e+02
-3.120000000000000000e+02 1.988000000000000000e+03 1.449200000000000000e+04 -4.672000000000000000e+03 -2.970000000000000000e+02 -7.040000000000000000e+02
-4.200000000000000000e+02 1.764000000000000000e+03 1.436400000000000000e+04 -4.656000000000000000e+03 -2.900000000000000000e+02 -6.370000000000000000e+02
-8.160000000000000000e+02 1.616000000000000000e+03 1.453200000000000000e+04 -4.688000000000000000e+03 -2.250000000000000000e+02 -4.630000000000000000e+02
-1.104000000000000000e+03 1.604000000000000000e+03 1.449200000000000000e+04 -4.640000000000000000e+03 -1.940000000000000000e+02 -3.890000000000000000e+02
-2.040000000000000000e+03 1.896000000000000000e+03 1.445600000000000000e+04 -4.640000000000000000e+03 -2.370000000000000000e+02 -1.740000000000000000e+02
-3.124000000000000000e+03 1.960000000000000000e+03 1.453200000000000000e+04 -4.640000000000000000e+03 -2.260000000000000000e+02 1.700000000000000000e+01
-2.180000000000000000e+03 2.112000000000000000e+03 1.458800000000000000e+04 -4.672000000000000000e+03 -2.570000000000000000e+02 -2.100000000000000000e+01
-1.244000000000000000e+03 2.208000000000000000e+03 1.452800000000000000e+04 -4.656000000000000000e+03 -3.080000000000000000e+02 4.100000000000000000e+01
-1.692000000000000000e+03 2.048000000000000000e+03 1.434800000000000000e+04 -4.672000000000000000e+03 -3.090000000000000000e+02 2.690000000000000000e+02
-2.200000000000000000e+03 1.776000000000000000e+03 1.436400000000000000e+04 -4.688000000000000000e+03 -2.340000000000000000e+02 5.890000000000000000e+02
-1.376000000000000000e+03 1.768000000000000000e+03 1.451600000000000000e+04 -4.640000000000000000e+03 -2.470000000000000000e+02 6.640000000000000000e+02
-8.600000000000000000e+02 1.884000000000000000e+03 1.440000000000000000e+04 -4.640000000000000000e+03 -2.760000000000000000e+02 7.390000000000000000e+02
-8.240000000000000000e+02 2.012000000000000000e+03 1.451200000000000000e+04 -4.656000000000000000e+03 -3.090000000000000000e+02 7.020000000000000000e+02
-8.240000000000000000e+02 2.072000000000000000e+03 1.459200000000000000e+04 -4.640000000000000000e+03 -3.050000000000000000e+02 5.940000000000000000e+02
-3.880000000000000000e+02 2.088000000000000000e+03 1.456000000000000000e+04 -4.624000000000000000e+03 -3.090000000000000000e+02 3.660000000000000000e+02
-8.200000000000000000e+02 2.004000000000000000e+03 1.444800000000000000e+04 -4.624000000000000000e+03 -3.170000000000000000e+02 2.390000000000000000e+02
-1.020000000000000000e+03 1.960000000000000000e+03 1.451200000000000000e+04 -4.640000000000000000e+03 -3.030000000000000000e+02 2.800000000000000000e+01
-6.200000000000000000e+02 1.984000000000000000e+03 1.448800000000000000e+04 -4.672000000000000000e+03 -2.420000000000000000e+02 -7.400000000000000000e+01
-3.640000000000000000e+02 1.920000000000000000e+03 1.459600000000000000e+04 -4.656000000000000000e+03 -5.600000000000000000e+01 -1.720000000000000000e+03
-5.480000000000000000e+02 2.100000000000000000e+03 1.447200000000000000e+04 -4.656000000000000000e+03 4.710000000000000000e+02 3.410000000000000000e+02
-9.880000000000000000e+02 1.992000000000000000e+03 1.455600000000000000e+04 -4.640000000000000000e+03 2.709000000000000000e+03 1.819000000000000000e+03
-9.640000000000000000e+02 2.108000000000000000e+03 1.441200000000000000e+04 -4.656000000000000000e+03 -3.100000000000000000e+02 -5.030000000000000000e+02
-1.028000000000000000e+03 2.008000000000000000e+03 1.448000000000000000e+04 -4.656000000000000000e+03 8.000000000000000000e+01 -7.000000000000000000e+00
-1.512000000000000000e+03 1.900000000000000000e+03 1.410800000000000000e+04 -4.656000000000000000e+03 9.900000000000000000e+01 -6.460000000000000000e+02
-1.592000000000000000e+03 1.980000000000000000e+03 1.436800000000000000e+04 -4.656000000000000000e+03 -5.170000000000000000e+02 -7.540000000000000000e+02
-1.288000000000000000e+03 1.908000000000000000e+03 2.443200000000000000e+04 -4.672000000000000000e+03 -4.410000000000000000e+02 4.300000000000000000e+02
-1.712000000000000000e+03 1.708000000000000000e+03 1.607200000000000000e+04 -4.640000000000000000e+03 -3.400000000000000000e+01 8.010000000000000000e+02
-9.040000000000000000e+02 1.660000000000000000e+03 1.899600000000000000e+04 -4.656000000000000000e+03 -2.590000000000000000e+02 8.950000000000000000e+02
4.960000000000000000e+02 1.804400000000000000e+04 1.975600000000000000e+04 -4.656000000000000000e+03 -2.140000000000000000e+02 1.288000000000000000e+03
1.336000000000000000e+03 -7.520000000000000000e+02 1.974000000000000000e+04 -4.656000000000000000e+03 -1.540000000000000000e+02 1.515000000000000000e+03
6.064000000000000000e+03 3.372000000000000000e+03 2.019200000000000000e+04 -4.656000000000000000e+03 -4.310000000000000000e+02 1.671000000000000000e+03
1.880000000000000000e+02 3.316000000000000000e+03 1.950400000000000000e+04 -4.656000000000000000e+03 -4.060000000000000000e+02 1.825000000000000000e+03
-7.760000000000000000e+02 2.632000000000000000e+03 2.075200000000000000e+04 -4.624000000000000000e+03 -3.490000000000000000e+02 1.879000000000000000e+03
-1.960000000000000000e+02 2.612000000000000000e+03 1.924800000000000000e+04 -4.688000000000000000e+03 -3.500000000000000000e+02 9.341000000000000000e+03
1.112000000000000000e+03 2.820000000000000000e+03 1.697200000000000000e+04 -4.640000000000000000e+03 -3.580000000000000000e+02 -2.040000000000000000e+02
-2.240000000000000000e+02 2.596000000000000000e+03 1.355600000000000000e+04 -4.672000000000000000e+03 -7.550000000000000000e+02 -4.528000000000000000e+03
6.440000000000000000e+02 2.680000000000000000e+03 7.868000000000000000e+03 -4.656000000000000000e+03 9.200000000000000000e+01 1.759000000000000000e+03
9.640000000000000000e+02 2.548000000000000000e+03 3.932000000000000000e+03 -4.640000000000000000e+03 6.290000000000000000e+02 1.837000000000000000e+03
1.052000000000000000e+03 1.928000000000000000e+03 2.184000000000000000e+03 -4.656000000000000000e+03 5.860000000000000000e+02 1.369000000000000000e+03
2.560000000000000000e+02 1.108000000000000000e+03 1.348000000000000000e+03 -4.640000000000000000e+03 -3.250000000000000000e+02 8.410000000000000000e+02
3.400000000000000000e+02 6.400000000000000000e+02 -2.224000000000000000e+03 -4.656000000000000000e+03 -3.870000000000000000e+02 1.082000000000000000e+03
5.400000000000000000e+02 4.640000000000000000e+02 -9.800000000000000000e+02 -4.656000000000000000e+03 -4.410000000000000000e+02 -3.410000000000000000e+02
1.012000000000000000e+03 1.280000000000000000e+02 9.060000000000000000e+03 -4.624000000000000000e+03 -2.020000000000000000e+02 9.730000000000000000e+02
-5.568000000000000000e+03 -1.392000000000000000e+03 1.531200000000000000e+04 -4.656000000000000000e+03 -1.290000000000000000e+02 -1.740000000000000000e+02
-1.338800000000000000e+04 -2.368000000000000000e+03 1.893600000000000000e+04 -4.656000000000000000e+03 -7.000000000000000000e+00 -8.730000000000000000e+02
-1.396000000000000000e+03 4.320000000000000000e+02 1.470000000000000000e+04 -4.656000000000000000e+03 -8.150000000000000000e+02 -3.080000000000000000e+02
1.248000000000000000e+03 3.440000000000000000e+03 9.104000000000000000e+03 -4.656000000000000000e+03 -4.790000000000000000e+02 -9.650000000000000000e+02
2.800000000000000000e+02 3.076000000000000000e+03 5.844000000000000000e+03 -4.672000000000000000e+03 -8.170000000000000000e+02 -1.128000000000000000e+03
-1.152000000000000000e+03 2.316000000000000000e+03 6.724000000000000000e+03 -4.672000000000000000e+03 -7.800000000000000000e+02 -1.501000000000000000e+03
-1.248000000000000000e+03 1.296000000000000000e+03 9.176000000000000000e+03 -4.656000000000000000e+03 -8.260000000000000000e+02 -2.658000000000000000e+03
1.160000000000000000e+02 1.372000000000000000e+03 1.240000000000000000e+04 -4.640000000000000000e+03 -7.330000000000000000e+02 -2.880000000000000000e+03
2.600000000000000000e+02 1.816000000000000000e+03 1.259200000000000000e+04 -4.656000000000000000e+03 -5.630000000000000000e+02 -2.990000000000000000e+03
-9.280000000000000000e+02 1.828000000000000000e+03 1.332800000000000000e+04 -4.688000000000000000e+03 -5.520000000000000000e+02 -2.799000000000000000e+03
-2.128000000000000000e+03 4.156000000000000000e+03 1.330800000000000000e+04 -4.672000000000000000e+03 -7.800000000000000000e+01 -2.467000000000000000e+03
-1.628000000000000000e+03 2.848000000000000000e+03 1.475600000000000000e+04 -4.656000000000000000e+03 -2.530000000000000000e+02 6.654000000000000000e+03
-5.760000000000000000e+02 2.368000000000000000e+03 1.508000000000000000e+04 -4.688000000000000000e+03 1.786000000000000000e+03 -2.314000000000000000e+03
-5.560000000000000000e+02 1.684000000000000000e+03 1.805600000000000000e+04 -4.672000000000000000e+03 1.443000000000000000e+03 -1.271000000000000000e+03
-1.064000000000000000e+03 2.036000000000000000e+03 1.733600000000000000e+04 -4.672000000000000000e+03 -2.449000000000000000e+03 6.450000000000000000e+02
-1.668000000000000000e+03 1.304000000000000000e+03 1.802000000000000000e+04 -4.656000000000000000e+03 4.371000000000000000e+03 5.460000000000000000e+02
-2.344000000000000000e+03 2.048000000000000000e+03 1.984000000000000000e+04 -4.656000000000000000e+03 -2.200000000000000000e+01 6.160000000000000000e+02
-2.920000000000000000e+03 1.572000000000000000e+03 6.268000000000000000e+03 -4.672000000000000000e+03 -1.162000000000000000e+03 6.940000000000000000e+02
-1.792000000000000000e+03 1.820000000000000000e+03 8.220000000000000000e+03 -4.656000000000000000e+03 -5.520000000000000000e+02 8.430000000000000000e+02
-2.544000000000000000e+03 2.340000000000000000e+03 1.982400000000000000e+04 -4.640000000000000000e+03 -6.000000000000000000e+00 8.340000000000000000e+02
8.800000000000000000e+01 1.212000000000000000e+03 1.212400000000000000e+04 -4.656000000000000000e+03 -5.110000000000000000e+02 8.080000000000000000e+02
-1.879200000000000000e+04 -6.416000000000000000e+03 4.148000000000000000e+03 -4.672000000000000000e+03 -5.650000000000000000e+02 8.190000000000000000e+02
-8.220000000000000000e+03 4.120000000000000000e+03 2.014000000000000000e+04 -4.672000000000000000e+03 -2.650000000000000000e+02 8.320000000000000000e+02
-4.932000000000000000e+03 5.424000000000000000e+03 2.139200000000000000e+04 -4.672000000000000000e+03 -1.770000000000000000e+02 7.930000000000000000e+02
-4.808000000000000000e+03 2.592000000000000000e+03 1.174800000000000000e+04 -4.656000000000000000e+03 -3.140000000000000000e+02 7.000000000000000000e+02
-4.396000000000000000e+03 3.800000000000000000e+03 1.243200000000000000e+04 -4.640000000000000000e+03 -3.490000000000000000e+02 3.030000000000000000e+02
-1.440000000000000000e+02 5.136000000000000000e+03 1.568000000000000000e+04 -4.688000000000000000e+03 -2.860000000000000000e+02 2.130000000000000000e+02
4.280000000000000000e+02 2.372000000000000000e+03 1.570800000000000000e+04 -4.688000000000000000e+03 -3.500000000000000000e+01 -2.360000000000000000e+02
-1.496000000000000000e+03 1.268000000000000000e+03 1.389200000000000000e+04 -4.672000000000000000e+03 -6.010000000000000000e+02 -1.350000000000000000e+02
-1.256000000000000000e+03 1.896000000000000000e+03 1.366800000000000000e+04 -4.688000000000000000e+03 -5.390000000000000000e+02 -3.670000000000000000e+02
