-2.008000000000000000e+03 2.524000000000000000e+03 1.424000000000000000e+04 -4.656000000000000000e+03 -3.480000000000000000e+02 2.011000000000000000e+03
-9.720000000000000000e+02 2.196000000000000000e+03 1.446000000000000000e+04 -4.656000000000000000e+03 -3.790000000000000000e+02 -4.630000000000000000e+02
-3.160000000000000000e+02 1.700000000000000000e+03 1.431600000000000000e+04 -4.624000000000000000e+03 -6.040000000000000000e+02 -5.670000000000000000e+02
5.720000000000000000e+02 2.256000000000000000e+03 1.433200000000000000e+04 -4.656000000000000000e+03 5.100000000000000000e+01 -2.010000000000000000e+02
-4.000000000000000000e+01 2.160000000000000000e+03 1.454800000000000000e+04 -4.672000000000000000e+03 -3.430000000000000000e+02 1.790000000000000000e+02
-5.920000000000000000e+02 2.168000000000000000e+03 1.440000000000000000e+04 -4.656000000000000000e+03 -1.410000000000000000e+02 8.010000000000000000e+02
-4.840000000000000000e+02 2.492000000000000000e+03 1.439200000000000000e+04 -4.640000000000000000e+03 -1.890000000000000000e+02 8.680000000000000000e+02
-4.000000000000000000e+01 2.148000000000000000e+03 1.405200000000000000e+04 -4.640000000000000000e+03 -3.080000000000000000e+02 -9.400000000000000000e+01
-2.520000000000000000e+02 1.852000000000000000e+03 1.437600000000000000e+04 -4.688000000000000000e+03 -3.340000000000000000e+02 -7.650000000000000000e+02
-6.520000000000000000e+02 1.768000000000000000e+03 1.386400000000000000e+04 -4.640000000000000000e+03 -2.490000000000000000e+02 -2.220000000000000000e+02
-1.396000000000000000e+03 2.176000000000000000e+03 1.450800000000000000e+04 -4.640000000000000000e+03 -1.670000000000000000e+02 4.610000000000000000e+02
-3.788000000000000000e+03 1.156000000000000000e+03 1.421200000000000000e+04 -4.672000000000000000e+03 -2.550000000000000000e+02 9.700000000000000000e+01
-3.580000000000000000e+03 1.960000000000000000e+03 1.372800000000000000e+04 -4.688000000000000000e+03 -3.570000000000000000e+02 -2.410000000000000000e+02
2.496000000000000000e+03 2.796000000000000000e+03 1.506000000000000000e+04 -4.640000000000000000e+03 -2.930000000000000000e+02 6.800000000000000000e+01
3.440000000000000000e+02 2.448000000000000000e+03 1.415200000000000000e+04 -4.640000000000000000e+03 -2.350000000000000000e+02 3.420000000000000000e+02
-6.280000000000000000e+02 1.768000000000000000e+03 1.462400000000000000e+04 -4.624000000000000000e+03 -2.900000000000000000e+02 -1.700000000000000000e+01
2.280000000000000000e+02 1.960000000000000000e+03 1.426800000000000000e+04 -4.672000000000000000e+03 -3.890000000000000000e+02 -8.300000000000000000e+01
-1.952000000000000000e+03 2.000000000000000000e+03 1.485200000000000000e+04 -4.624000000000000000e+03 -2.910000000000000000e+02 4.450000000000000000e+02
-3.824000000000000000e+03 1.924000000000000000e+03 1.438400000000000000e+04 -4.640000000000000000e+03 -1.060000000000000000e+02 -1.895000000000000000e+03
-1.052000000000000000e+03 2.380000000000000000e+03 1.447600000000000000e+04 -4.672000000000000000e+03 3.370000000000000000e+02 -6.560000000000000000e+02
-6.600000000000000000e+02 2.028000000000000000e+03 1.445600000000000000e+04 -4.656000000000000000e+03 -1.870000000000000000e+02 -4.790000000000000000e+02
-1.464000000000000000e+03 1.880000000000000000e+03 1.443600000000000000e+04 -4.672000000000000000e+03 2.943000000000000000e+03 1.100000000000000000e+02
-2.360000000000000000e+03 1.764000000000000000e+03 1.444400000000000000e+04 -4.672000000000000000e+03 -9.560000000000000000e+02 8.800000000000000000e+01
-1.476000000000000000e+03 1.940000000000000000e+03 1.425200000000000000e+04 -4.640000000000000000e+03 -8.270000000000000000e+02 4.330000000000000000e+02
-6.800000000000000000e+02 2.044000000000000000e+03 1.424800000000000000e+04 -4.624000000000000000e+03 -7.900000000000000000e+02 7.220000000000000000e+02
-1.288000000000000000e+03 1.984000000000000000e+03 3.276700000000000000e+04 -4.624000000000000000e+03 -8.020000000000000000e+02 7.020000000000000000e+02
-2.316000000000000000e+03 1.976000000000000000e+03 3.276700000000000000e+04 -4.672000000000000000e+03 -8.930000000000000000e+02 9.250000000000000000e+02
-7.000000000000000000e+02 1.988000000000000000e+03 2.372400000000000000e+04 -4.672000000000000000e+03 -1.048000000000000000e+03 1.182000000000000000e+03
-4.120000000000000000e+02 1.608000000000000000e+03 2.078000000000000000e+04 -4.672000000000000000e+03 -1.244000000000000000e+03 1.410000000000000000e+03
-4.580000000000000000e+03 1.438000000000000000e+04 2.097200000000000000e+04 -4.656000000000000000e+03 -1.245000000000000000e+03 1.569000000000000000e+03
-6.696000000000000000e+03 1.289200000000000000e+04 2.090800000000000000e+04 -4.640000000000000000e+03 -1.169000000000000000e+03 1.648000000000000000e+03
-3.076000000000000000e+03 2.772000000000000000e+03 2.126800000000000000e+04 -4.640000000000000000e+03 -1.108000000000000000e+03 1.853000000000000000e+03
-2.368000000000000000e+03 3.884000000000000000e+03 2.158400000000000000e+04 -4.640000000000000000e+03 -7.960000000000000000e+02 1.768000000000000000e+03
-3.116000000000000000e+03 3.264000000000000000e+03 1.918800000000000000e+04 -4.640000000000000000e+03 -5.370000000000000000e+02 2.658000000000000000e+03
-1.752000000000000000e+03 3.316000000000000000e+03 1.605600000000000000e+04 -4.608000000000000000e+03 -3.220000000000000000e+02 5.154000000000000000e+03
-9.760000000000000000e+02 3.400000000000000000e+03 1.129600000000000000e+04 -4.656000000000000000e+03 -1.260000000000000000e+02 9.950000000000000000e+02
-1.352000000000000000e+03 3.428000000000000000e+03 6.604000000000000000e+03 -4.624000000000000000e+03 1.320000000000000000e+02 1.322000000000000000e+03
-1.564000000000000000e+03 2.712000000000000000e+03 2.900000000000000000e+03 -4.656000000000000000e+03 5.890000000000000000e+02 1.037000000000000000e+03
-8.240000000000000000e+02 1.896000000000000000e+03 1.812000000000000000e+03 -4.656000000000000000e+03 1.550000000000000000e+02 2.224000000000000000e+03
-3.040000000000000000e+02 8.360000000000000000e+02 2.104000000000000000e+03 -4.640000000000000000e+03 -3.290000000000000000e+02 2.419000000000000000e+03
4.680000000000000000e+02 5.480000000000000000e+02 2.520000000000000000e+03 -4.688000000000000000e+03 -6.870000000000000000e+02 2.400000000000000000e+03
6.800000000000000000e+02 7.200000000000000000e+01 1.114400000000000000e+04 -4.656000000000000000e+03 -5.020000000000000000e+02 1.470000000000000000e+03
8.160000000000000000e+02 -1.416000000000000000e+03 4.220000000000000000e+03 -4.640000000000000000e+03 -2.090000000000000000e+02 1.849000000000000000e+03
6.920000000000000000e+02 -2.600000000000000000e+02 1.958400000000000000e+04 -4.672000000000000000e+03 1.760000000000000000e+02 8.880000000000000000e+02
-2.012000000000000000e+03 9.320000000000000000e+02 2.120800000000000000e+04 -4.688000000000000000e+03 3.200000000000000000e+01 1.640000000000000000e+02
-2.482400000000000000e+04 -1.720000000000000000e+02 1.689600000000000000e+04 -4.640000000000000000e+03 -7.500000000000000000e+01 1.480000000000000000e+02
3.360000000000000000e+02 9.680000000000000000e+02 9.544000000000000000e+03 -4.672000000000000000e+03 -3.790000000000000000e+02 4.000000000000000000e+01
1.144000000000000000e+03 3.100000000000000000e+03 7.592000000000000000e+03 -4.656000000000000000e+03 -1.500000000000000000e+01 -4.000000000000000000e+00
2.036000000000000000e+03 3.204000000000000000e+03 1.068400000000000000e+04 -4.656000000000000000e+03 -1.950000000000000000e+02 6.890000000000000000e+02
1.872000000000000000e+03 2.632000000000000000e+03 1.432400000000000000e+04 -4.672000000000000000e+03 2.100000000000000000e+01 -8.930000000000000000e+02
-7.600000000000000000e+02 1.168000000000000000e+03 1.236000000000000000e+04 -4.656000000000000000e+03 -1.640000000000000000e+02 -1.710000000000000000e+02
-5.732000000000000000e+03 1.640000000000000000e+02 1.054800000000000000e+04 -4.656000000000000000e+03 -1.870000000000000000e+02 -9.270000000000000000e+02
-6.764000000000000000e+03 7.840000000000000000e+02 6.048000000000000000e+03 -4.640000000000000000e+03 -2.280000000000000000e+02 -1.740000000000000000e+03
-4.096000000000000000e+03 2.236000000000000000e+03 4.060000000000000000e+03 -4.672000000000000000e+03 -7.000000000000000000e+01 -2.446000000000000000e+03
-2.380000000000000000e+03 2.136000000000000000e+03 6.144000000000000000e+03 -4.672000000000000000e+03 -5.060000000000000000e+02 -2.941000000000000000e+03
-1.880000000000000000e+03 2.192000000000000000e+03 7.952000000000000000e+03 -4.656000000000000000e+03 -1.810000000000000000e+02 -2.229000000000000000e+03
-1.896000000000000000e+03 -1.884000000000000000e+03 1.070800000000000000e+04 -4.672000000000000000e+03 2.400000000000000000e+01 -2.635000000000000000e+03
-2.956000000000000000e+03 4.280000000000000000e+02 1.143200000000000000e+04 -4.656000000000000000e+03 1.590000000000000000e+02 -2.658000000000000000e+03
-2.512000000000000000e+03 8.560000000000000000e+02 1.482400000000000000e+04 -4.640000000000000000e+03 1.310000000000000000e+02 -3.805000000000000000e+03
-2.052000000000000000e+03 9.120000000000000000e+02 1.867200000000000000e+04 -4.656000000000000000e+03 -1.600000000000000000e+01 4.519000000000000000e+03
-2.604000000000000000e+03 1.052000000000000000e+03 1.814000000000000000e+04 -4.640000000000000000e+03 7.182000000000000000e+03 4.969000000000000000e+03
-2.176000000000000000e+03 9.680000000000000000e+02 1.900000000000000000e+04 -4.640000000000000000e+03 8.010000000000000000e+02 2.256000000000000000e+03
-2.616000000000000000e+03 1.564000000000000000e+03 2.047600000000000000e+04 -4.672000000000000000e+03 -1.628000000000000000e+03 2.564000000000000000e+03
-3.192000000000000000e+03 2.360000000000000000e+03 1.976400000000000000e+04 -4.640000000000000000e+03 -3.366000000000000000e+03 1.818000000000000000e+03
-3.168000000000000000e+03 1.716000000000000000e+03 1.896000000000000000e+04 -4.656000000000000000e+03 -1.223000000000000000e+03 -1.453000000000000000e+03
-3.572000000000000000e+03 1.712000000000000000e+03 2.072800000000000000e+04 -4.656000000000000000e+03 1.291000000000000000e+03 -1.458000000000000000e+03
-4.308000000000000000e+03 2.336000000000000000e+03 -1.218000000000000000e+04 -4.640000000000000000e+03 -9.760000000000000000e+02 -8.340000000000000000e+02
-4.708000000000000000e+03 2.348000000000000000e+03 -2.223600000000000000e+04 -4.640000000000000000e+03 -9.350000000000000000e+02 -2.490000000000000000e+02
-3.704000000000000000e+03 2.740000000000000000e+03 3.276700000000000000e+04 -4.656000000000000000e+03 -2.250000000000000000e+02 1.880000000000000000e+02
3.336000000000000000e+03 -3.208000000000000000e+03 1.763200000000000000e+04 -4.640000000000000000e+03 -7.200000000000000000e+01 1.730000000000000000e+02
1.290400000000000000e+04 -6.440000000000000000e+03 -2.556000000000000000e+03 -4.656000000000000000e+03 -1.810000000000000000e+02 -6.010000000000000000e+02
4.028000000000000000e+03 -1.828000000000000000e+03 1.022800000000000000e+04 -4.640000000000000000e+03 -5.330000000000000000e+02 -8.470000000000000000e+02
-4.128000000000000000e+03 1.779600000000000000e+04 1.863600000000000000e+04 -4.640000000000000000e+03 -2.450000000000000000e+02 -3.250000000000000000e+02
