-8.000000000000000000e+00 2.968000000000000000e+03 1.479600000000000000e+04 -4.208000000000000000e+03 -2.520000000000000000e+02 -7.450000000000000000e+02
-4.800000000000000000e+03 1.600000000000000000e+03 -1.743000000000000000e+03 -4.224000000000000000e+03 -1.630000000000000000e+02 -6.430000000000000000e+02
-7.492000000000000000e+03 2.436000000000000000e+03 1.332000000000000000e+04 -4.208000000000000000e+03 -5.100000000000000000e+01 -1.017000000000000000e+03
-4.164000000000000000e+03 1.792000000000000000e+03 1.472400000000000000e+04 -4.208000000000000000e+03 -5.600000000000000000e+01 -8.230000000000000000e+02
2.400000000000000000e+02 -2.000000000000000000e+00 1.496800000000000000e+04 -4.208000000000000000e+03 -2.430000000000000000e+02 -1.750000000000000000e+02
-2.564000000000000000e+03 1.336000000000000000e+03 1.436800000000000000e+04 -4.208000000000000000e+03 -9.900000000000000000e+01 2.630000000000000000e+02
-2.316000000000000000e+03 1.536000000000000000e+03 1.369600000000000000e+04 -4.208000000000000000e+03 -1.570000000000000000e+02 1.750000000000000000e+02
-2.228000000000000000e+03 1.580000000000000000e+03 1.401200000000000000e+04 -4.208000000000000000e+03 -2.660000000000000000e+02 6.000000000000000000e+01
-2.088000000000000000e+03 1.488000000000000000e+03 1.434800000000000000e+04 -4.256000000000000000e+03 -3.740000000000000000e+02 5.800000000000000000e+01
-3.212000000000000000e+03 1.424000000000000000e+03 1.436000000000000000e+04 -4.240000000000000000e+03 -2.890000000000000000e+02 -1.010000000000000000e+02
-2.812000000000000000e+03 1.480000000000000000e+03 1.430800000000000000e+04 -4.208000000000000000e+03 -2.850000000000000000e+02 -3.170000000000000000e+02
-1.412000000000000000e+03 1.900000000000000000e+03 1.420400000000000000e+04 -4.224000000000000000e+03 -2.700000000000000000e+02 -4.530000000000000000e+02
-1.360000000000000000e+03 1.788000000000000000e+03 1.426000000000000000e+04 -4.224000000000000000e+03 -2.330000000000000000e+02 -3.850000000000000000e+02
-2.072000000000000000e+03 1.628000000000000000e+03 1.422400000000000000e+04 -4.240000000000000000e+03 -2.080000000000000000e+02 -1.680000000000000000e+02
-2.612000000000000000e+03 1.564000000000000000e+03 1.433600000000000000e+04 -4.208000000000000000e+03 -1.650000000000000000e+02 1.300000000000000000e+01
-2.264000000000000000e+03 1.688000000000000000e+03 1.432000000000000000e+04 -4.208000000000000000e+03 -1.930000000000000000e+02 1.050000000000000000e+02
-2.380000000000000000e+03 1.588000000000000000e+03 1.431600000000000000e+04 -4.240000000000000000e+03 -2.320000000000000000e+02 2.630000000000000000e+02
-2.708000000000000000e+03 1.344000000000000000e+03 1.438000000000000000e+04 -4.224000000000000000e+03 -2.730000000000000000e+02 4.370000000000000000e+02
-2.440000000000000000e+03 1.440000000000000000e+03 1.435600000000000000e+04 -4.192000000000000000e+03 -2.640000000000000000e+02 4.910000000000000000e+02
-2.124000000000000000e+03 1.780000000000000000e+03 1.423600000000000000e+04 -4.224000000000000000e+03 -3.080000000000000000e+02 4.400000000000000000e+02
-1.908000000000000000e+03 1.788000000000000000e+03 1.420000000000000000e+04 -4.224000000000000000e+03 -3.070000000000000000e+02 4.420000000000000000e+02
-1.608000000000000000e+03 1.888000000000000000e+03 1.433200000000000000e+04 -4.224000000000000000e+03 -3.190000000000000000e+02 5.370000000000000000e+02
-1.868000000000000000e+03 1.700000000000000000e+03 1.440400000000000000e+04 -4.208000000000000000e+03 -3.160000000000000000e+02 4.050000000000000000e+02
-1.920000000000000000e+03 1.788000000000000000e+03 1.438000000000000000e+04 -4.240000000000000000e+03 -3.090000000000000000e+02 -2.600000000000000000e+01
-1.708000000000000000e+03 1.744000000000000000e+03 1.427200000000000000e+04 -4.208000000000000000e+03 -3.100000000000000000e+02 -4.000000000000000000e+02
-1.908000000000000000e+03 1.560000000000000000e+03 1.429600000000000000e+04 -4.240000000000000000e+03 -3.370000000000000000e+02 -2.450000000000000000e+02
-2.072000000000000000e+03 1.512000000000000000e+03 1.438400000000000000e+04 -4.224000000000000000e+03 -2.440000000000000000e+02 -1.520000000000000000e+02
-2.216000000000000000e+03 1.620000000000000000e+03 1.416000000000000000e+04 -4.224000000000000000e+03 -1.010000000000000000e+02 -8.430000000000000000e+02
-1.928000000000000000e+03 1.700000000000000000e+03 1.428000000000000000e+04 -4.224000000000000000e+03 -7.400000000000000000e+01 -5.290000000000000000e+02
-2.200000000000000000e+03 1.704000000000000000e+03 1.420400000000000000e+04 -4.240000000000000000e+03 1.110000000000000000e+02 1.561000000000000000e+03
-2.604000000000000000e+03 1.728000000000000000e+03 1.438000000000000000e+04 -4.240000000000000000e+03 7.320000000000000000e+02 -6.140000000000000000e+02
-3.116000000000000000e+03 1.660000000000000000e+03 1.439600000000000000e+04 -4.224000000000000000e+03 -1.211000000000000000e+03 -1.830000000000000000e+02
-2.196000000000000000e+03 1.672000000000000000e+03 1.250800000000000000e+04 -4.224000000000000000e+03 -1.175000000000000000e+03 -2.010000000000000000e+02
-1.684000000000000000e+03 1.820000000000000000e+03 1.703200000000000000e+04 -4.208000000000000000e+03 1.100000000000000000e+01 1.070000000000000000e+02
-2.264000000000000000e+03 1.200000000000000000e+03 1.016000000000000000e+04 -4.208000000000000000e+03 4.500000000000000000e+01 5.680000000000000000e+02
-3.200000000000000000e+02 -8.400000000000000000e+01 1.492400000000000000e+04 -4.208000000000000000e+03 -4.020000000000000000e+02 8.310000000000000000e+02
9.040000000000000000e+02 3.380000000000000000e+03 2.107200000000000000e+04 -4.208000000000000000e+03 -2.380000000000000000e+02 1.201000000000000000e+03
4.444000000000000000e+03 3.996000000000000000e+03 2.226800000000000000e+04 -4.240000000000000000e+03 -3.750000000000000000e+02 1.502000000000000000e+03
-7.080000000000000000e+02 1.992000000000000000e+03 2.152000000000000000e+04 -4.224000000000000000e+03 -4.890000000000000000e+02 1.713000000000000000e+03
-9.360000000000000000e+02 3.352000000000000000e+03 2.087600000000000000e+04 -4.192000000000000000e+03 -5.670000000000000000e+02 1.763000000000000000e+03
-2.008000000000000000e+03 3.292000000000000000e+03 1.818400000000000000e+04 -4.208000000000000000e+03 -7.260000000000000000e+02 1.892000000000000000e+03
-1.972000000000000000e+03 3.232000000000000000e+03 1.576800000000000000e+04 -4.240000000000000000e+03 -7.640000000000000000e+02 2.338000000000000000e+03
-1.672000000000000000e+03 2.864000000000000000e+03 1.211200000000000000e+04 -4.208000000000000000e+03 -7.000000000000000000e+02 2.896000000000000000e+03
-1.384000000000000000e+03 2.340000000000000000e+03 6.968000000000000000e+03 -4.240000000000000000e+03 -5.940000000000000000e+02 2.615000000000000000e+03
-1.356000000000000000e+03 2.212000000000000000e+03 2.604000000000000000e+03 -4.224000000000000000e+03 -5.620000000000000000e+02 1.981000000000000000e+03
-1.168000000000000000e+03 1.476000000000000000e+03 1.520000000000000000e+02 -4.208000000000000000e+03 -3.710000000000000000e+02 8.930000000000000000e+02
-6.040000000000000000e+02 7.240000000000000000e+02 -1.804000000000000000e+03 -4.240000000000000000e+03 1.870000000000000000e+02 1.930000000000000000e+03
-2.960000000000000000e+02 1.200000000000000000e+02 -6.000000000000000000e+02 -4.208000000000000000e+03 2.810000000000000000e+02 1.598000000000000000e+03
-1.360000000000000000e+02 -1.400000000000000000e+02 4.816000000000000000e+03 -4.240000000000000000e+03 -1.340000000000000000e+02 1.320000000000000000e+03
3.800000000000000000e+02 -3.120000000000000000e+02 1.479600000000000000e+04 -4.208000000000000000e+03 -6.580000000000000000e+02 1.071000000000000000e+03
8.000000000000000000e+00 -2.520000000000000000e+02 2.120400000000000000e+04 -4.208000000000000000e+03 -7.820000000000000000e+02 9.070000000000000000e+02
-3.588000000000000000e+03 -5.600000000000000000e+02 2.094800000000000000e+04 -4.224000000000000000e+03 -6.830000000000000000e+02 6.030000000000000000e+02
-5.664000000000000000e+03 1.508000000000000000e+03 1.495200000000000000e+04 -4.208000000000000000e+03 -5.410000000000000000e+02 5.250000000000000000e+02
-3.340000000000000000e+03 2.592000000000000000e+03 9.416000000000000000e+03 -4.224000000000000000e+03 -6.020000000000000000e+02 2.130000000000000000e+02
-1.108000000000000000e+03 2.872000000000000000e+03 9.128000000000000000e+03 -4.224000000000000000e+03 -7.760000000000000000e+02 1.590000000000000000e+02
-1.420000000000000000e+03 1.900000000000000000e+03 9.592000000000000000e+03 -4.224000000000000000e+03 -5.060000000000000000e+02 -1.580000000000000000e+02
-1.732000000000000000e+03 1.064000000000000000e+03 8.508000000000000000e+03 -4.208000000000000000e+03 -3.480000000000000000e+02 -4.690000000000000000e+02
-2.184000000000000000e+03 7.920000000000000000e+02 6.536000000000000000e+03 -4.176000000000000000e+03 -3.760000000000000000e+02 -8.760000000000000000e+02
-2.292000000000000000e+03 8.280000000000000000e+02 9.328000000000000000e+03 -4.240000000000000000e+03 -1.100000000000000000e+02 -1.206000000000000000e+03
-2.104000000000000000e+03 7.360000000000000000e+02 9.440000000000000000e+03 -4.240000000000000000e+03 -1.420000000000000000e+02 -1.571000000000000000e+03
-2.052000000000000000e+03 5.520000000000000000e+02 1.072400000000000000e+04 -4.208000000000000000e+03 -1.900000000000000000e+02 -1.812000000000000000e+03
-2.800000000000000000e+03 9.280000000000000000e+02 1.392800000000000000e+04 -4.256000000000000000e+03 1.070000000000000000e+02 -1.833000000000000000e+03
-3.144000000000000000e+03 8.080000000000000000e+02 1.326000000000000000e+04 -4.224000000000000000e+03 7.000000000000000000e+00 -1.819000000000000000e+03
-3.520000000000000000e+03 1.116000000000000000e+03 1.404400000000000000e+04 -4.224000000000000000e+03 1.360000000000000000e+02 -1.951000000000000000e+03
-4.300000000000000000e+03 1.388000000000000000e+03 1.552000000000000000e+04 -4.176000000000000000e+03 2.960000000000000000e+02 -2.179000000000000000e+03
-4.012000000000000000e+03 1.512000000000000000e+03 1.505600000000000000e+04 -4.224000000000000000e+03 1.830000000000000000e+02 -2.316000000000000000e+03
-3.932000000000000000e+03 1.436000000000000000e+03 1.587200000000000000e+04 -4.224000000000000000e+03 3.080000000000000000e+02 -3.452000000000000000e+03
-4.032000000000000000e+03 1.748000000000000000e+03 1.633200000000000000e+04 -4.208000000000000000e+03 1.420000000000000000e+02 -6.059000000000000000e+03
-3.576000000000000000e+03 1.412000000000000000e+03 1.730000000000000000e+04 -4.208000000000000000e+03 -3.700000000000000000e+01 3.640000000000000000e+02
-2.900000000000000000e+03 1.780000000000000000e+03 1.834800000000000000e+04 -4.240000000000000000e+03 -4.900000000000000000e+01 6.721000000000000000e+03
-2.604000000000000000e+03 1.768000000000000000e+03 1.849600000000000000e+04 -4.192000000000000000e+03 -1.012200000000000000e+04 -8.300000000000000000e+02
-2.688000000000000000e+03 2.172000000000000000e+03 2.853200000000000000e+04 -4.192000000000000000e+03 -1.319000000000000000e+03 -4.280000000000000000e+02
-2.440000000000000000e+03 2.528000000000000000e+03 -3.276800000000000000e+04 -4.208000000000000000e+03 -4.336000000000000000e+03 -1.422000000000000000e+03
-2.440000000000000000e+03 2.720000000000000000e+03 1.248000000000000000e+03 -4.208000000000000000e+03 7.580000000000000000e+02 -2.508000000000000000e+03
-8.604000000000000000e+03 1.136000000000000000e+03 3.038400000000000000e+04 -4.240000000000000000e+03 -2.512000000000000000e+03 -2.536000000000000000e+03
-2.125600000000000000e+04 -1.994800000000000000e+04 1.124000000000000000e+04 -4.224000000000000000e+03 -1.010000000000000000e+02 -2.548000000000000000e+03
1.892000000000000000e+03 5.592000000000000000e+03 8.916000000000000000e+03 -4.208000000000000000e+03 7.300000000000000000e+01 -2.457000000000000000e+03
