-1.573600000000000000e+04 -2.160000000000000000e+02 -6.856000000000000000e+03 -4.672000000000000000e+03 1.260000000000000000e+02 -6.220000000000000000e+02
-1.914800000000000000e+04 -1.072000000000000000e+03 -7.168000000000000000e+03 -4.640000000000000000e+03 2.510000000000000000e+02 -8.650000000000000000e+02
-1.726000000000000000e+04 -4.560000000000000000e+02 -7.856000000000000000e+03 -4.672000000000000000e+03 2.150000000000000000e+02 -3.340000000000000000e+02
-1.456000000000000000e+04 2.800000000000000000e+02 -7.380000000000000000e+03 -4.656000000000000000e+03 1.040000000000000000e+02 2.210000000000000000e+02
-1.386000000000000000e+04 0.000000000000000000e+00 -6.600000000000000000e+03 -4.672000000000000000e+03 -1.300000000000000000e+02 7.460000000000000000e+02
-1.490400000000000000e+04 1.600000000000000000e+01 -6.812000000000000000e+03 -4.672000000000000000e+03 -1.610000000000000000e+02 9.020000000000000000e+02
-1.537200000000000000e+04 1.960000000000000000e+02 -7.204000000000000000e+03 -7.210000000000000000e+02 -2.640000000000000000e+02 7.750000000000000000e+02
-1.546400000000000000e+04 1.960000000000000000e+02 -7.044000000000000000e+03 -4.640000000000000000e+03 -3.930000000000000000e+02 5.030000000000000000e+02
-1.485600000000000000e+04 -1.320000000000000000e+02 1.900000000000000000e+01 -4.672000000000000000e+03 -4.000000000000000000e+02 2.010000000000000000e+02
-1.481600000000000000e+04 -2.560000000000000000e+02 -5.996000000000000000e+03 -4.640000000000000000e+03 -4.490000000000000000e+02 3.220000000000000000e+02
3.960000000000000000e+02 -4.640000000000000000e+03 -5.756000000000000000e+03 -4.640000000000000000e+03 -3.720000000000000000e+02 5.190000000000000000e+02
-1.523200000000000000e+04 -2.640000000000000000e+02 -6.096000000000000000e+03 -4.656000000000000000e+03 -4.040000000000000000e+02 5.500000000000000000e+02
-1.533200000000000000e+04 -2.040000000000000000e+02 -6.704000000000000000e+03 -4.640000000000000000e+03 -3.790000000000000000e+02 4.470000000000000000e+02
-1.540000000000000000e+04 -1.200000000000000000e+02 -6.628000000000000000e+03 -4.672000000000000000e+03 -3.280000000000000000e+02 3.780000000000000000e+02
-1.498000000000000000e+04 -2.120000000000000000e+02 -7.492000000000000000e+03 -4.624000000000000000e+03 -2.890000000000000000e+02 1.970000000000000000e+02
-1.522800000000000000e+04 -4.800000000000000000e+01 -6.960000000000000000e+03 -4.656000000000000000e+03 -2.960000000000000000e+02 -4.500000000000000000e+01
-1.487600000000000000e+04 -3.040000000000000000e+02 -6.828000000000000000e+03 -4.656000000000000000e+03 -2.690000000000000000e+02 -4.800000000000000000e+01
-1.514400000000000000e+04 -3.720000000000000000e+02 -6.868000000000000000e+03 -4.656000000000000000e+03 -2.540000000000000000e+02 -2.300000000000000000e+01
-1.522000000000000000e+04 -1.720000000000000000e+02 -6.888000000000000000e+03 -4.640000000000000000e+03 -3.080000000000000000e+02 -7.800000000000000000e+01
-1.502800000000000000e+04 -2.640000000000000000e+02 -7.256000000000000000e+03 -4.672000000000000000e+03 -3.180000000000000000e+02 -4.100000000000000000e+01
-1.498800000000000000e+04 -2.400000000000000000e+02 -7.000000000000000000e+03 -4.640000000000000000e+03 -2.730000000000000000e+02 -2.000000000000000000e+01
-1.509600000000000000e+04 -2.480000000000000000e+02 -7.296000000000000000e+03 -4.656000000000000000e+03 -2.920000000000000000e+02 -3.700000000000000000e+02
-1.499600000000000000e+04 -3.440000000000000000e+02 -7.060000000000000000e+03 -4.672000000000000000e+03 -2.880000000000000000e+02 -4.940000000000000000e+02
-1.499200000000000000e+04 -2.800000000000000000e+02 -6.748000000000000000e+03 -4.656000000000000000e+03 -2.420000000000000000e+02 -5.100000000000000000e+01
-1.514400000000000000e+04 -2.640000000000000000e+02 -6.868000000000000000e+03 -4.656000000000000000e+03 -2.530000000000000000e+02 4.350000000000000000e+02
-1.508800000000000000e+04 -1.600000000000000000e+02 -6.892000000000000000e+03 -4.608000000000000000e+03 -3.260000000000000000e+02 8.260000000000000000e+02
-1.508400000000000000e+04 -2.240000000000000000e+02 -6.616000000000000000e+03 -4.656000000000000000e+03 -4.990000000000000000e+02 -1.049000000000000000e+03
-1.508000000000000000e+04 -2.440000000000000000e+02 -6.972000000000000000e+03 -4.672000000000000000e+03 -7.650000000000000000e+02 1.440000000000000000e+02
-1.503600000000000000e+04 -1.000000000000000000e+02 -7.356000000000000000e+03 -4.640000000000000000e+03 -1.211000000000000000e+03 5.920000000000000000e+02
-1.504800000000000000e+04 -1.720000000000000000e+02 -6.632000000000000000e+03 -4.688000000000000000e+03 -3.780000000000000000e+02 5.650000000000000000e+02
-1.508800000000000000e+04 -3.520000000000000000e+02 -5.788000000000000000e+03 -4.704000000000000000e+03 -5.130000000000000000e+02 1.004000000000000000e+03
-1.513200000000000000e+04 -3.280000000000000000e+02 -6.516000000000000000e+03 -4.672000000000000000e+03 -4.230000000000000000e+02 1.367000000000000000e+03
-1.515600000000000000e+04 3.200000000000000000e+01 -7.944000000000000000e+03 -4.656000000000000000e+03 -3.810000000000000000e+02 1.270000000000000000e+03
-1.488000000000000000e+04 2.280000000000000000e+02 -1.635200000000000000e+04 -4.672000000000000000e+03 -6.150000000000000000e+02 1.008000000000000000e+03
-1.543200000000000000e+04 -1.080000000000000000e+02 -6.652000000000000000e+03 -4.672000000000000000e+03 -6.620000000000000000e+02 1.021000000000000000e+03
-2.259200000000000000e+04 9.240000000000000000e+03 -7.820000000000000000e+03 -4.656000000000000000e+03 -5.760000000000000000e+02 9.060000000000000000e+02
-2.845600000000000000e+04 -1.976000000000000000e+03 -9.080000000000000000e+03 -4.672000000000000000e+03 -6.700000000000000000e+02 9.480000000000000000e+02
-2.380000000000000000e+04 -8.800000000000000000e+01 -8.272000000000000000e+03 -4.640000000000000000e+03 -6.650000000000000000e+02 1.196000000000000000e+03
-2.238800000000000000e+04 3.280000000000000000e+02 -7.664000000000000000e+03 -4.656000000000000000e+03 -8.250000000000000000e+02 1.564000000000000000e+03
-2.094000000000000000e+04 -2.280000000000000000e+02 -7.484000000000000000e+03 -4.656000000000000000e+03 -8.490000000000000000e+02 1.560000000000000000e+03
-1.969600000000000000e+04 8.000000000000000000e+00 -7.684000000000000000e+03 -4.656000000000000000e+03 -6.640000000000000000e+02 2.291000000000000000e+03
-1.972000000000000000e+04 -3.120000000000000000e+02 -7.444000000000000000e+03 -4.656000000000000000e+03 -6.800000000000000000e+02 -7.520000000000000000e+02
-1.904000000000000000e+04 -5.600000000000000000e+02 -6.084000000000000000e+03 -4.672000000000000000e+03 -1.779000000000000000e+03 2.364000000000000000e+03
-1.665600000000000000e+04 -3.520000000000000000e+02 -4.224000000000000000e+03 -4.656000000000000000e+03 6.610000000000000000e+02 1.329000000000000000e+03
-1.250000000000000000e+04 -3.800000000000000000e+02 -1.920000000000000000e+03 -4.656000000000000000e+03 1.030000000000000000e+02 1.325000000000000000e+03
-7.864000000000000000e+03 7.200000000000000000e+01 -8.840000000000000000e+02 -4.672000000000000000e+03 -3.180000000000000000e+02 5.460000000000000000e+02
-3.932000000000000000e+03 7.120000000000000000e+02 -1.732000000000000000e+03 -4.672000000000000000e+03 -4.520000000000000000e+02 3.620000000000000000e+02
-4.024000000000000000e+03 3.800000000000000000e+02 -1.935600000000000000e+04 -4.640000000000000000e+03 -4.660000000000000000e+02 4.530000000000000000e+02
-6.460000000000000000e+03 2.160000000000000000e+02 -7.208000000000000000e+03 -4.656000000000000000e+03 -2.860000000000000000e+02 -2.060000000000000000e+02
-5.992000000000000000e+03 -4.916000000000000000e+03 -4.652000000000000000e+03 -4.656000000000000000e+03 -9.500000000000000000e+01 -3.480000000000000000e+02
-1.039600000000000000e+04 -5.440000000000000000e+02 -6.740000000000000000e+03 -4.640000000000000000e+03 -2.090000000000000000e+02 -5.070000000000000000e+02
-1.467600000000000000e+04 -9.200000000000000000e+01 -6.836000000000000000e+03 -4.704000000000000000e+03 -3.180000000000000000e+02 -7.600000000000000000e+02
-1.639200000000000000e+04 -2.680000000000000000e+02 -6.532000000000000000e+03 -4.656000000000000000e+03 -3.630000000000000000e+02 -1.236000000000000000e+03
-1.666800000000000000e+04 -1.680000000000000000e+02 -6.124000000000000000e+03 -4.656000000000000000e+03 -2.710000000000000000e+02 -1.418000000000000000e+03
-1.426800000000000000e+04 2.800000000000000000e+01 -4.696000000000000000e+03 -4.656000000000000000e+03 -1.640000000000000000e+02 -1.582000000000000000e+03
-1.039600000000000000e+04 1.720000000000000000e+02 -6.108000000000000000e+03 -4.672000000000000000e+03 -1.490000000000000000e+02 -1.702000000000000000e+03
-8.920000000000000000e+03 -2.400000000000000000e+01 -6.376000000000000000e+03 -4.624000000000000000e+03 -1.970000000000000000e+02 -1.763000000000000000e+03
-6.716000000000000000e+03 -4.280000000000000000e+02 -6.088000000000000000e+03 -4.672000000000000000e+03 -2.080000000000000000e+02 -1.715000000000000000e+03
-7.984000000000000000e+03 -5.080000000000000000e+02 -6.260000000000000000e+03 -4.656000000000000000e+03 -2.870000000000000000e+02 -1.684000000000000000e+03
-9.760000000000000000e+03 -1.600000000000000000e+01 -6.180000000000000000e+03 -4.672000000000000000e+03 -3.370000000000000000e+02 -1.807000000000000000e+03
-1.280400000000000000e+04 1.760000000000000000e+02 -6.784000000000000000e+03 -4.672000000000000000e+03 -3.810000000000000000e+02 -1.889000000000000000e+03
-1.441600000000000000e+04 1.680000000000000000e+02 -7.552000000000000000e+03 -4.656000000000000000e+03 -4.370000000000000000e+02 -2.089000000000000000e+03
-1.356400000000000000e+04 1.600000000000000000e+01 -7.480000000000000000e+03 -4.688000000000000000e+03 -4.560000000000000000e+02 -1.434000000000000000e+03
-1.751200000000000000e+04 -3.040000000000000000e+02 -7.208000000000000000e+03 -4.656000000000000000e+03 -7.190000000000000000e+02 4.145000000000000000e+03
-1.608000000000000000e+04 -2.760000000000000000e+02 -7.236000000000000000e+03 -4.672000000000000000e+03 -2.297000000000000000e+03 2.730000000000000000e+02
-1.570400000000000000e+04 1.560000000000000000e+02 -7.928000000000000000e+03 -4.656000000000000000e+03 -5.810000000000000000e+02 5.767000000000000000e+03
-1.641600000000000000e+04 -3.600000000000000000e+01 -7.940000000000000000e+03 -4.656000000000000000e+03 8.470000000000000000e+03 3.430000000000000000e+02
-1.800800000000000000e+04 -2.600000000000000000e+02 -8.348000000000000000e+03 -4.688000000000000000e+03 3.000000000000000000e+00 1.670000000000000000e+02
-1.768400000000000000e+04 2.520000000000000000e+02 -1.325200000000000000e+04 -4.656000000000000000e+03 -2.390000000000000000e+02 -2.740000000000000000e+02
-1.982400000000000000e+04 2.440000000000000000e+02 2.301200000000000000e+04 -4.656000000000000000e+03 1.047000000000000000e+03 -1.404000000000000000e+03
-2.480400000000000000e+04 -6.640000000000000000e+02 -8.360000000000000000e+03 -4.672000000000000000e+03 2.450000000000000000e+02 -2.412000000000000000e+03
-3.276800000000000000e+04 1.926800000000000000e+04 1.902400000000000000e+04 -4.640000000000000000e+03 -5.700000000000000000e+01 -2.425000000000000000e+03
1.364000000000000000e+03 3.800000000000000000e+02 6.992000000000000000e+03 -4.656000000000000000e+03 4.200000000000000000e+01 -2.518000000000000000e+03
-3.276800000000000000e+04 3.048000000000000000e+03 -4.416000000000000000e+03 -4.672000000000000000e+03 1.300000000000000000e+01 -1.904000000000000000e+03
-3.276800000000000000e+04 5.944000000000000000e+03 -1.030400000000000000e+04 -4.672000000000000000e+03 5.700000000000000000e+01 -2.229000000000000000e+03
