1.160000000000000000e+03 1.976000000000000000e+03 1.457200000000000000e+04 -4.624000000000000000e+03 -3.310000000000000000e+02 3.400000000000000000e+02
1.068000000000000000e+03 1.752000000000000000e+03 1.447200000000000000e+04 -4.640000000000000000e+03 -3.570000000000000000e+02 3.940000000000000000e+02
9.040000000000000000e+02 1.852000000000000000e+03 1.454800000000000000e+04 -4.640000000000000000e+03 -3.200000000000000000e+02 1.610000000000000000e+02
8.560000000000000000e+02 2.024000000000000000e+03 1.450000000000000000e+04 -4.640000000000000000e+03 -2.670000000000000000e+02 1.100000000000000000e+01
6.360000000000000000e+02 2.244000000000000000e+03 1.456000000000000000e+04 -4.656000000000000000e+03 -2.880000000000000000e+02 -5.300000000000000000e+01
5.240000000000000000e+02 2.352000000000000000e+03 1.453200000000000000e+04 -4.624000000000000000e+03 -2.530000000000000000e+02 -2.870000000000000000e+02
2.560000000000000000e+02 2.388000000000000000e+03 1.446000000000000000e+04 -4.608000000000000000e+03 -2.540000000000000000e+02 -6.500000000000000000e+01
-8.000000000000000000e+01 2.568000000000000000e+03 1.452000000000000000e+04 -4.640000000000000000e+03 -2.990000000000000000e+02 7.530000000000000000e+02
-1.164000000000000000e+03 2.672000000000000000e+03 1.459200000000000000e+04 -4.624000000000000000e+03 -2.550000000000000000e+02 2.247000000000000000e+03
-5.200000000000000000e+01 2.648000000000000000e+03 1.452400000000000000e+04 -4.624000000000000000e+03 -2.060000000000000000e+02 2.768000000000000000e+03
-2.440000000000000000e+02 2.188000000000000000e+03 1.430000000000000000e+04 -4.640000000000000000e+03 -1.880000000000000000e+02 -2.676000000000000000e+03
-7.760000000000000000e+02 1.988000000000000000e+03 1.453200000000000000e+04 -4.624000000000000000e+03 -2.480000000000000000e+02 2.288000000000000000e+03
-8.040000000000000000e+02 2.076000000000000000e+03 1.443200000000000000e+04 -4.624000000000000000e+03 -3.470000000000000000e+02 6.880000000000000000e+02
-4.440000000000000000e+02 2.224000000000000000e+03 1.460000000000000000e+04 -4.640000000000000000e+03 -3.760000000000000000e+02 1.043000000000000000e+03
-9.280000000000000000e+02 2.448000000000000000e+03 1.473200000000000000e+04 -4.640000000000000000e+03 -8.000000000000000000e+01 2.335000000000000000e+03
-8.280000000000000000e+02 2.464000000000000000e+03 1.449600000000000000e+04 -4.592000000000000000e+03 9.470000000000000000e+02 1.122000000000000000e+03
-2.880000000000000000e+02 2.568000000000000000e+03 1.438800000000000000e+04 -4.656000000000000000e+03 -8.460000000000000000e+02 9.520000000000000000e+02
1.840000000000000000e+02 2.492000000000000000e+03 1.441600000000000000e+04 -4.656000000000000000e+03 -7.652000000000000000e+03 1.332000000000000000e+03
1.200000000000000000e+02 2.340000000000000000e+03 1.463600000000000000e+04 -4.608000000000000000e+03 -8.840000000000000000e+02 2.043000000000000000e+03
3.000000000000000000e+02 2.144000000000000000e+03 1.440000000000000000e+04 -4.624000000000000000e+03 1.480000000000000000e+02 1.734000000000000000e+03
4.000000000000000000e+01 2.124000000000000000e+03 1.438000000000000000e+04 -4.656000000000000000e+03 -1.850000000000000000e+02 1.632000000000000000e+03
8.000000000000000000e+01 2.320000000000000000e+03 1.495200000000000000e+04 -4.640000000000000000e+03 -2.830000000000000000e+02 2.137000000000000000e+03
9.200000000000000000e+01 2.388000000000000000e+03 1.442800000000000000e+04 -4.640000000000000000e+03 -3.920000000000000000e+02 1.958000000000000000e+03
1.880000000000000000e+02 2.416000000000000000e+03 1.426400000000000000e+04 -4.608000000000000000e+03 -4.770000000000000000e+02 2.035000000000000000e+03
-2.600000000000000000e+02 2.292000000000000000e+03 1.456400000000000000e+04 -4.656000000000000000e+03 -6.570000000000000000e+02 2.255000000000000000e+03
-6.480000000000000000e+02 2.240000000000000000e+03 1.471600000000000000e+04 -4.672000000000000000e+03 -8.280000000000000000e+02 6.197000000000000000e+03
8.000000000000000000e+01 2.352000000000000000e+03 2.431600000000000000e+04 -4.624000000000000000e+03 -8.860000000000000000e+02 -1.308000000000000000e+03
-4.480000000000000000e+02 2.568000000000000000e+03 2.276000000000000000e+04 -4.656000000000000000e+03 -7.570000000000000000e+02 1.147000000000000000e+03
-1.440000000000000000e+02 2.536000000000000000e+03 1.786000000000000000e+04 -4.624000000000000000e+03 -5.750000000000000000e+02 1.644000000000000000e+03
2.840000000000000000e+02 2.264000000000000000e+03 2.079200000000000000e+04 -4.624000000000000000e+03 -4.260000000000000000e+02 1.855000000000000000e+03
1.864000000000000000e+03 2.364000000000000000e+03 2.100800000000000000e+04 -4.640000000000000000e+03 -2.610000000000000000e+02 1.713000000000000000e+03
1.988000000000000000e+03 7.960000000000000000e+02 2.147600000000000000e+04 -4.624000000000000000e+03 5.330000000000000000e+02 1.574000000000000000e+03
-8.920000000000000000e+02 1.356000000000000000e+03 2.095600000000000000e+04 -4.624000000000000000e+03 3.000000000000000000e+01 2.236000000000000000e+03
-1.168800000000000000e+04 4.932000000000000000e+03 2.053600000000000000e+04 -4.656000000000000000e+03 8.740000000000000000e+02 -1.700000000000000000e+02
-1.443600000000000000e+04 1.341600000000000000e+04 1.789200000000000000e+04 -4.624000000000000000e+03 4.430000000000000000e+02 1.750000000000000000e+02
2.124000000000000000e+03 5.144000000000000000e+03 1.346400000000000000e+04 -4.624000000000000000e+03 1.300000000000000000e+01 4.950000000000000000e+02
-1.224000000000000000e+03 4.500000000000000000e+03 8.156000000000000000e+03 -4.608000000000000000e+03 2.800000000000000000e+01 -5.380000000000000000e+02
-6.520000000000000000e+02 4.432000000000000000e+03 4.528000000000000000e+03 -4.656000000000000000e+03 1.250000000000000000e+02 -3.810000000000000000e+02
-1.292000000000000000e+03 4.240000000000000000e+03 1.744000000000000000e+03 -4.640000000000000000e+03 4.480000000000000000e+02 -5.680000000000000000e+02
-4.560000000000000000e+02 4.164000000000000000e+03 6.880000000000000000e+02 -4.624000000000000000e+03 3.890000000000000000e+02 -8.450000000000000000e+02
-2.320000000000000000e+02 4.156000000000000000e+03 1.668000000000000000e+03 -4.624000000000000000e+03 5.000000000000000000e+00 -1.262000000000000000e+03
-3.040000000000000000e+02 3.420000000000000000e+03 3.044000000000000000e+03 -4.640000000000000000e+03 -2.500000000000000000e+02 -4.470000000000000000e+02
-5.960000000000000000e+02 2.380000000000000000e+03 9.744000000000000000e+03 -4.640000000000000000e+03 -3.640000000000000000e+02 -1.564000000000000000e+03
-5.160000000000000000e+02 1.096000000000000000e+03 1.221600000000000000e+04 -4.624000000000000000e+03 -5.240000000000000000e+02 -9.510000000000000000e+02
-2.800000000000000000e+02 5.680000000000000000e+02 2.040800000000000000e+04 -4.624000000000000000e+03 -3.580000000000000000e+02 -1.197000000000000000e+03
1.160000000000000000e+02 6.400000000000000000e+01 1.765600000000000000e+04 -4.640000000000000000e+03 -1.600000000000000000e+02 -1.310000000000000000e+03
8.000000000000000000e+01 -4.560000000000000000e+02 1.288800000000000000e+04 -4.656000000000000000e+03 -2.800000000000000000e+02 -1.947000000000000000e+03
-8.000000000000000000e+01 -2.160000000000000000e+02 1.011600000000000000e+04 -4.624000000000000000e+03 -6.200000000000000000e+02 -2.427000000000000000e+03
-4.372000000000000000e+03 -2.480000000000000000e+02 9.292000000000000000e+03 -4.656000000000000000e+03 -5.360000000000000000e+02 -2.914000000000000000e+03
-1.345200000000000000e+04 9.760000000000000000e+02 1.185600000000000000e+04 -4.640000000000000000e+03 -5.450000000000000000e+02 -3.156000000000000000e+03
-6.480000000000000000e+02 1.328000000000000000e+03 1.415200000000000000e+04 -4.624000000000000000e+03 -4.000000000000000000e+02 1.683300000000000000e+04
-2.600000000000000000e+02 3.060000000000000000e+03 1.121200000000000000e+04 -4.640000000000000000e+03 -5.480000000000000000e+02 -2.769000000000000000e+03
1.188000000000000000e+03 3.272000000000000000e+03 8.692000000000000000e+03 -4.624000000000000000e+03 -4.000000000000000000e+02 7.880000000000000000e+02
1.520000000000000000e+02 2.848000000000000000e+03 6.060000000000000000e+03 -4.640000000000000000e+03 -5.010000000000000000e+02 6.270000000000000000e+02
-1.208000000000000000e+03 2.920000000000000000e+03 4.496000000000000000e+03 -4.656000000000000000e+03 -6.910000000000000000e+02 -9.770000000000000000e+02
-3.896000000000000000e+03 2.452000000000000000e+03 6.780000000000000000e+03 -4.640000000000000000e+03 -9.780000000000000000e+02 -8.950000000000000000e+02
-5.484000000000000000e+03 4.164000000000000000e+03 1.219200000000000000e+04 -4.640000000000000000e+03 -4.860000000000000000e+03 -8.970000000000000000e+02
-4.420000000000000000e+03 4.504000000000000000e+03 1.369200000000000000e+04 -4.624000000000000000e+03 -1.594000000000000000e+03 -7.120000000000000000e+02
-2.632000000000000000e+03 2.740000000000000000e+03 1.455200000000000000e+04 -4.640000000000000000e+03 1.270000000000000000e+03 -6.390000000000000000e+02
-2.096000000000000000e+03 1.960000000000000000e+03 1.515600000000000000e+04 -4.624000000000000000e+03 -1.266000000000000000e+03 -8.690000000000000000e+02
